chromosome_name	start_position	end_position	ensembl_gene_id	external_gene_name
HG991_PATCH	66119285	66465398	ENSG00000261657	SLC25A26
13	23551994	23552136	ENSG00000223116	AL157931.1
13	23708313	23708703	ENSG00000233440	HMGA1P6
13	23726725	23726825	ENSG00000207157	RNY3P4
13	23743974	23744736	ENSG00000229483	LINC00362
13	23791571	23791673	ENSG00000252952	RNU6-58P
13	23817659	23821323	ENSG00000235205	TATDN2P3
13	93708910	93710179	ENSG00000232849	LINC00363
13	23841645	23843289	ENSG00000236803	SDAD1P4
13	23947562	23948200	ENSG00000232163	RPLP1P13
13	94021100	94021213	ENSG00000252365	SNORD22
13	23993110	24002818	ENSG00000229558	SACS-AS1
13	94047230	94048108	ENSG00000235784	HNRNPA1P29
13	94470677	94488397	ENSG00000224394	GPC6-AS2
13	94677724	94677852	ENSG00000212559	RNA5SP35
13	24040710	24061603	ENSG00000232977	LINC00327
13	94806447	94840245	ENSG00000236520	GPC6-AS1
13	24072935	24077013	ENSG00000227893	LINC00352
13	95117554	95117644	ENSG00000212057	AL139318.1
13	95303651	95303783	ENSG00000222129	RNA5SP36
13	24340073	24340243	ENSG00000232102	MTCO3P2
13	95351479	95351756	ENSG00000242037	RN7SL585P
13	95351948	95355116	ENSG00000238230	LINC00391
13	95364970	95368500	ENSG00000227640	SOX21-AS1
13	24463028	24471402	ENSG00000205861	C1QTNF9B-AS1
13	95409705	95411526	ENSG00000235768	BRD7P5
13	95412807	95413269	ENSG00000237924	RPL21P112
13	95612295	95613573	ENSG00000260962	LINC00557
13	95671489	95671590	ENSG00000252335	RNU6-62P
13	95862598	95862702	ENSG00000238463	snoU13
13	95963084	95963209	ENSG00000223298	RNY3P8
13	24513696	24520921	ENSG00000196593	ANKRD20A19P
13	95988360	95988455	ENSG00000200211	RNY4P27
13	96046303	96046708	ENSG00000271492	MEMO1P5
13	96131698	96186164	ENSG00000223392	CLDN10-AS1
13	24553949	24609166	ENSG00000228741	RP11-309I15.1
13	96300987	96329179	ENSG00000247400	DNAJC3-AS1
13	24696204	24697953	ENSG00000225674	IPO7P2
13	96344792	96346226	ENSG00000229622	MTND5P2
13	24736555	24736643	ENSG00000252695	MIR2276
13	24826887	24828577	ENSG00000227213	SPATA13-AS1
13	96346237	96346749	ENSG00000227714	MTND6P18
13	24889863	24895736	ENSG00000240868	C1QTNF9-AS1
13	96346823	96347959	ENSG00000232373	MTCYBP3
13	24902349	24903210	ENSG00000234627	NUS1P3
13	96366931	96367032	ENSG00000251901	snR65
13	24905588	24911259	ENSG00000261498	LINC00566
13	96461564	96461861	ENSG00000226977	HMGN1P24
13	24974841	24975167	ENSG00000233545	CYCSP33
13	96821799	96822099	ENSG00000242614	RN7SL164P
13	97225913	97226753	ENSG00000233273	AMMECR1LP1
13	24982295	25171814	ENSG00000205822	TPTE2P6
13	97536096	97542067	ENSG00000235137	HSP90AB6P
13	97593535	97636426	ENSG00000243300	LINC00359
13	25129366	25129451	ENSG00000266216	AL359538.2
13	25140981	25144866	ENSG00000244615	PSPC1P2
13	97599891	97601181	ENSG00000234267	TULP3P1
13	25141011	25171814	ENSG00000243008	RP11-556N21.1
13	97600272	97601838	ENSG00000272329	RP11-65L19.4
13	25183217	25183313	ENSG00000211508	AL359538.1
13	97601503	97601787	ENSG00000222472	RN7SKP7
13	25277694	25277803	ENSG00000207474	RNY1P7
13	97618195	97618268	ENSG00000252154	SNORD112
13	25278476	25278926	ENSG00000225404	RPL26P34
13	97709633	97709734	ENSG00000238522	snoU13
13	97824723	97831876	ENSG00000233124	LINC00456
13	25316815	25320322	ENSG00000231417	IRX1P1
13	98015226	98015355	ENSG00000202290	RNA5SP37
13	98127996	98128713	ENSG00000271625	PSMA6P4
13	25324795	25326309	ENSG00000226695	ANKRD20A10P
13	98327265	98330217	ENSG00000226134	RP11-120E13.1
13	98538063	98538166	ENSG00000238407	snoU13
13	98553907	98554542	ENSG00000233291	RPL7AP61
13	98591610	98605793	ENSG00000270725	RP11-383H17.4
13	25498815	25542625	ENSG00000253771	TPTE2P1
13	98639204	98639470	ENSG00000232217	FTLP8
13	98856089	98856446	ENSG00000222969	RN7SKP8
13	98860778	98860854	ENSG00000263399	MIR3170
13	98885904	98886954	ENSG00000269189	RP11-573N10.1
13	98981909	98985490	ENSG00000269599	RP11-261P24.2
13	25517713	25518636	ENSG00000251299	SLC25A15P3
13	99087659	99088094	ENSG00000231194	FARP1-AS1
13	99205497	99206034	ENSG00000271437	RP11-295B17.6
13	25562715	25563063	ENSG00000232858	RPL34P27
13	99229498	99231084	ENSG00000224418	STK24-AS1
13	25715794	25716046	ENSG00000256305	AL359757.1
13	99262546	99263130	ENSG00000217686	NUS1P4
13	25746966	25754217	ENSG00000234056	AMER2-AS1
13	99281940	99282243	ENSG00000233549	CYCSP35
13	25755579	25763898	ENSG00000238169	LINC01053
13	99293068	99293493	ENSG00000233662	CALM2P4
13	25767245	25784433	ENSG00000225105	LINC01076
13	99324234	99324529	ENSG00000243366	RN7SL60P
13	25780187	25780644	ENSG00000235315	RPL23AP69
13	99484338	99486883	ENSG00000229918	DOCK9-AS1
HG706_PATCH	75610476	75660403	ENSG00000261530	BTC
13	25820669	25820753	ENSG00000221324	AL590787.1
13	25874262	25875576	ENSG00000260509	RP11-271M24.2
13	99601973	99602701	ENSG00000231981	RPL7L1P12
13	25939937	25940293	ENSG00000234152	TCEB2P1
13	26027137	26027428	ENSG00000265546	RN7SL289P
HG706_PATCH	75418301	75455198	ENSG00000260666	AC142293.3
13	99677488	99677599	ENSG00000207298	RNU6-83P
13	26091257	26091363	ENSG00000199767	RNU6-78P
13	99740073	99740879	ENSG00000260992	DOCK9-AS2
13	26437388	26437805	ENSG00000180803	RP11-467D10.2
13	99825847	99826744	ENSG00000230871	RPS6P23
13	26518632	26518891	ENSG00000242381	RN7SL741P
HG185_PATCH	39868578	39872221	ENSG00000260334	GAST
13	26524842	26524959	ENSG00000223158	RNY1P3
13	26626414	26627523	ENSG00000231983	LINC00415
13	99842833	99843245	ENSG00000234005	GAPDHP22
13	99848631	99852964	ENSG00000228889	UBAC2-AS1
13	26688547	26728313	ENSG00000233963	ATP8A2P3
13	99857962	99858260	ENSG00000201793	RN7SKP9
13	99867626	99868012	ENSG00000218502	H2AFZP3
13	100008385	100008482	ENSG00000207719	MIR623
13	26691686	26693102	ENSG00000234706	PRUNEP1
13	100024427	100024940	ENSG00000228808	HMGB3P4
13	26803469	26803781	ENSG00000271559	RP11-380N8.6
13	100060035	100061316	ENSG00000238241	CCR12P
13	26808350	26811266	ENSG00000227882	PRKRIRP6
13	100105650	100105723	ENSG00000266207	AL583784.1
13	100151981	100153306	ENSG00000203441	LINC00449
13	27151023	27151812	ENSG00000234031	RPS3AP44
13	100188573	100188650	ENSG00000212197	RNY3P6
13	100229366	100232622	ENSG00000234168	LINC01039
13	27180681	27215501	ENSG00000237001	WASF3-AS1
13	100234960	100235434	ENSG00000234239	CFL1P8
13	27479499	27479998	ENSG00000230256	FGFR1OP2P1
13	27551680	27551926	ENSG00000223782	RPS21P8
13	100295313	100295403	ENSG00000263615	MIR4306
13	27591688	27592046	ENSG00000218198	RPS20P32
13	100342335	100343225	ENSG00000227659	CLYBL-AS2
13	27736992	27743272	ENSG00000232162	USP12-AS1
13	100378501	100379745	ENSG00000234303	CLYBL-AS1
13	27746396	27757135	ENSG00000230641	USP12-AS2
13	27810419	27810948	ENSG00000234772	LINC00412
13	100436111	100436237	ENSG00000201245	SNORA25
13	100436308	100436411	ENSG00000238305	snoU13
13	27829201	27829272	ENSG00000207500	SNORD102
13	100647153	100650163	ENSG00000260738	LINC00554
13	27829538	27829663	ENSG00000207051	SNORA27
13	27894150	27894296	ENSG00000221756	AL159977.1
13	100680023	100680428	ENSG00000225999	NDUFA12P1
13	27917785	27917883	ENSG00000252247	RNU6-70P
13	27947485	27948503	ENSG00000229609	LINC01079
13	100714550	100715855	ENSG00000236554	ASNSP3
13	27976613	27976724	ENSG00000201242	RNY1P1
13	28008286	28008752	ENSG00000203602	AL137059.1
13	28062275	28062369	ENSG00000252499	RNU6-63P
13	100802735	100803346	ENSG00000228501	RPL15P18
13	28270530	28271341	ENSG00000226703	NPM1P4
HG185_PATCH	39873994	39890896	ENSG00000261125	HAP1
13	100850441	100850723	ENSG00000270632	RP11-340C20.3
13	28402900	28403006	ENSG00000207330	RNU6-73P
13	101116694	101133411	ENSG00000234650	PCCA-AS1
13	28407581	28495541	ENSG00000247381	PDX1-AS1
13	28527663	28529507	ENSG00000260704	LINC00543
13	28563435	28563721	ENSG00000242360	RN7SL272P
13	101187995	101232371	ENSG00000224356	RP11-151A6.4
13	28641724	28642471	ENSG00000271026	KATNBL1P1
13	28681568	28682014	ENSG00000235115	CHCHD2P8
13	101192089	101192528	ENSG00000234354	RPS26P47
13	28710980	28712330	ENSG00000261485	PAN3-AS1
13	101276129	101276683	ENSG00000237082	COX5BP6
13	28788650	28790034	ENSG00000232587	EEF1A1P3
13	28806638	28806744	ENSG00000200840	RNU6-82P
13	101360579	101711638	ENSG00000233009	NALCN-AS1
13	29172970	29174189	ENSG00000235472	EIF4A1P7
13	29277839	29277944	ENSG00000202237	RNU6-53P
13	101408805	101409313	ENSG00000214051	ARF4P3
13	29296523	29298158	ENSG00000233588	CYP51A1P2
13	101593116	101596618	ENSG00000229599	LINC00411
13	29352695	29353074	ENSG00000236339	POM121L13P
13	102369198	102369728	ENSG00000272349	RP11-397O8.7
13	29796699	29796778	ENSG00000221670	AL596092.1
13	102431234	102431398	ENSG00000201155	RNU1-24P
13	29813516	29824691	ENSG00000236758	MTUS2-AS2
13	102454228	102454838	ENSG00000215399	HMGB3P7
13	102619992	102620096	ENSG00000265164	MIR2681
13	29880915	29881922	ENSG00000223460	GAPDHP69
13	102654475	102655660	ENSG00000229975	LIPT1P1
13	29913703	29914006	ENSG00000270680	RP11-351N4.4
13	102669303	102669419	ENSG00000201690	RNY1P2
13	30050652	30064242	ENSG00000179141	MTUS2-AS1
13	102698284	102698354	ENSG00000264482	MIR4705
13	102915396	102915552	ENSG00000236860	RPL39P29
13	30440096	30440306	ENSG00000236258	TIMM8BP1
13	30446750	30462542	ENSG00000224329	LINC00297
13	102944677	103046869	ENSG00000243319	FGF14-IT1
13	30492784	30500788	ENSG00000224405	LINC00572
13	103019889	103026016	ENSG00000234445	FGF14-AS1
13	30510042	30524625	ENSG00000122043	LINC00544
13	103046980	103048053	ENSG00000272143	FGF14-AS2
13	30596158	30597937	ENSG00000266505	RP11-629E24.2
13	103053821	103054807	ENSG00000270581	RP11-811P12.3
13	103241722	103242163	ENSG00000261057	LINC00555
13	30677315	30683012	ENSG00000224511	LINC00365
13	103331776	103332308	ENSG00000269942	RP11-29B2.5
13	30726023	30733758	ENSG00000232117	LINC00384
13	103374152	103374255	ENSG00000238869	snoU13
13	103395340	103397574	ENSG00000231633	LINC00283
13	30728203	30728723	ENSG00000232643	LINC00385
13	103472343	103472419	ENSG00000222301	RNY5P8
13	30780753	30780836	ENSG00000266816	AL356750.1
13	30855902	30856006	ENSG00000252928	RNU6-64P
13	103532449	103548383	ENSG00000250878	METTL21EP
13	30870284	30870872	ENSG00000215049	PRDX2P1
13	103541208	103542184	ENSG00000272542	RP11-255P5.2
13	30890497	30894040	ENSG00000236463	LINC00427
13	104077550	104080035	ENSG00000234551	RP11-123H22.1
13	104096970	104097318	ENSG00000230474	ATP6V1G1P7
13	105466678	105467420	ENSG00000225823	RPL7P45
13	106111404	106158030	ENSG00000232307	DAOA-AS1
13	30914407	30951282	ENSG00000238121	LINC00426
13	106356629	106416789	ENSG00000226620	LINC00343
13	30993656	30996374	ENSG00000225039	LINC01058
HG185_PATCH	39910856	39943183	ENSG00000261577	JUP
13	106549872	106549992	ENSG00000252550	SNORA25
13	31002084	31002656	ENSG00000236444	UBE2L5P
13	106780720	106780837	ENSG00000222643	AL603632.1
13	106807721	106807839	ENSG00000222682	RNA5SP38
13	31113734	31117598	ENSG00000213411	RBM22P2
13	107028911	107030565	ENSG00000233532	LINC00460
13	31115780	31117034	ENSG00000232489	MFAP1P1
13	107078121	107078470	ENSG00000174418	RPL35P9
13	31127807	31128830	ENSG00000224117	PTPN2P2
13	107270158	107283707	ENSG00000272274	LINC00551
13	107306264	107324511	ENSG00000230156	LINC00443
13	31377343	31384782	ENSG00000237879	LINC00398
13	107315785	107316195	ENSG00000227590	ATP5G1P5
13	107516164	107516634	ENSG00000174408	PPIAP24
13	31456070	31507983	ENSG00000224743	TEX26-AS1
13	107594562	107594907	ENSG00000196777	AL162574.1
13	107627286	107627374	ENSG00000239050	AL354741.1
13	107773381	107773471	ENSG00000221316	AL445204.1
13	107973243	107973311	ENSG00000201847	SNORD31
13	108183519	108183596	ENSG00000221650	MIR1267
13	108288379	108288464	ENSG00000221473	AL138710.1
13	108440690	108487799	ENSG00000227248	FAM155A-IT1
13	108953560	108953679	ENSG00000223177	RNA5SP39
13	109132574	109134165	ENSG00000232087	HCFC2P1
13	109753609	109754267	ENSG00000229938	MYO16-AS2
13	31456688	31457532	ENSG00000236094	LINC00545
13	109816250	109853831	ENSG00000236242	MYO16-AS1
13	31547426	31551760	ENSG00000238185	RP11-252M21.6
13	109934321	109940081	ENSG00000223617	LINC00370
21	19986749	20022678	ENSG00000230233	AF240627.2
13	31569299	31570275	ENSG00000230403	LINC01066
13	109962483	109964121	ENSG00000236053	LINC01067
HG185_PATCH	39958199	39968855	ENSG00000261163	LEPREL4
21	20058408	20058482	ENSG00000265841	MIR548X
13	31651391	31689836	ENSG00000231894	WDR95P
13	110053043	110053988	ENSG00000229792	LINC00399
21	20076689	20076772	ENSG00000221041	AP001537.1
13	110380629	110382354	ENSG00000234854	LINC00676
21	20230097	20230594	ENSG00000198618	PPIAP22
13	31885426	31887058	ENSG00000229427	ANKRD26P4
13	110407168	110407615	ENSG00000255813	AL162497.1
13	110567443	110567767	ENSG00000201161	RN7SKP10
13	110705632	110707299	ENSG00000231428	LINC00396
21	20290252	20308177	ENSG00000232193	AL157359.4
13	32420978	32527609	ENSG00000229715	EEF1DP3
21	20325582	20339376	ENSG00000226204	AL157359.3
13	110750200	110750498	ENSG00000265885	RN7SL783P
13	111066552	111066653	ENSG00000238629	snoU13
21	20418629	20420003	ENSG00000235965	AP000431.1
13	111108743	111115634	ENSG00000224821	COL4A2-AS2
13	32559822	32565134	ENSG00000235822	LINC01073
21	20502841	20506741	ENSG00000229289	AP000431.2
13	32599451	32605776	ENSG00000237637	FRY-AS1
13	111154922	111160526	ENSG00000232814	COL4A2-AS1
21	20616860	20618709	ENSG00000226818	SLC6A6P1
13	32872291	32872849	ENSG00000230633	RP11-37E23.5
13	111291555	111292340	ENSG00000255831	AL139385.1
21	20673930	20676056	ENSG00000231620	AP000855.4
13	32958797	32960245	ENSG00000215515	IFIT1P1
13	111415021	111415480	ENSG00000225239	RPL21P107
21	20717465	20717629	ENSG00000212609	RNU1-139P
13	111462023	111465431	ENSG00000259831	LINC00567
13	32994527	32994653	ENSG00000212293	SNORA16
21	20966155	20966422	ENSG00000230198	RPL37P4
13	32999495	33007091	ENSG00000270008	RP11-298P3.4
13	111547406	111551519	ENSG00000229152	ANKRD10-IT1
21	20993009	20993859	ENSG00000271486	AP000403.3
21	21112023	21112464	ENSG00000229336	AP000568.2
13	33051411	33052978	ENSG00000229800	ATP8A2P2
13	111589106	111592131	ENSG00000227105	PARP1P1
21	21131673	21132442	ENSG00000215353	C1QBPP
21	21265593	21272069	ENSG00000233480	AP000946.2
13	111635654	111642911	ENSG00000225760	LINC00431
21	21629065	21631133	ENSG00000233236	AP001171.1
13	111748185	111755444	ENSG00000225870	LINC00368
21	21728060	21728164	ENSG00000251851	RNU6-772P
21	21728965	21729208	ENSG00000252963	RN7SKP147
13	111766159	111768025	ENSG00000235875	ARHGEF7-AS2
13	33337576	33337690	ENSG00000207325	RNY1P4
21	21760646	21761157	ENSG00000233676	FDPSP6
13	33451569	33485788	ENSG00000226968	LINC00423
13	111774999	111796611	ENSG00000233644	ARHGEF7-IT1
21	21797261	21798518	ENSG00000234439	KRT18P2
13	111796652	111797080	ENSG00000227352	ARHGEF7-AS1
13	33528195	33528539	ENSG00000227604	TOMM22P3
21	21802755	21803074	ENSG00000233206	RPS3AP1
13	33615489	33615580	ENSG00000221677	AL161898.1
13	112248356	112294426	ENSG00000215881	RP11-65D24.1
13	33732724	33738546	ENSG00000230300	STARD13-IT1
HG185_PATCH	39968962	39979465	ENSG00000261258	FKBP10
13	112554299	112555490	ENSG00000226903	LINC00354
21	22114908	22175534	ENSG00000224924	LINC00320
13	112563079	112563148	ENSG00000264989	AL136302.1
13	112706392	112706452	ENSG00000200072	SNORD44
13	112737863	112739785	ENSG00000260385	RP11-450H6.3
13	112760409	112761196	ENSG00000229520	LINC00404
21	22200445	22200940	ENSG00000215351	PPIAP1
13	112761433	112762329	ENSG00000224243	LINC00403
21	22595616	22599150	ENSG00000226771	AP001136.2
13	112851664	112855314	ENSG00000260102	LINC01070
21	22770068	22770146	ENSG00000221210	AP001137.1
21	22939084	22987758	ENSG00000234730	AF241725.4
13	112967781	112976072	ENSG00000260343	LINC01043
21	23006773	23007049	ENSG00000198434	AF241725.1
13	112976881	112985539	ENSG00000223626	LINC01044
21	23027359	23058649	ENSG00000237527	AF241725.6
13	113372159	113372228	ENSG00000264726	AL162711.1
13	113399763	113409007	ENSG00000232684	ATP11A-AS1
21	23095613	23109639	ENSG00000238265	LINC00317
13	113539551	113539994	ENSG00000234603	AL356740.1
13	33845516	33855471	ENSG00000236581	STARD13-AS
13	113619149	113620445	ENSG00000267868	RP11-120K24.3
15	20169919	20170354	ENSG00000188403	IGHV1OR15-9
13	113621798	113623138	ENSG00000235280	MCF2L-AS1
13	113663092	113663738	ENSG00000269356	RP11-120K24.4
21	23119293	23169735	ENSG00000233997	AP000475.2
13	113663985	113664633	ENSG00000269376	RP11-120K24.5
13	113782469	113783194	ENSG00000231882	F10-AS1
13	113784730	113786368	ENSG00000230371	KARSP2
15	20192909	20193370	ENSG00000259490	IGHV3OR15-7
13	113819316	113819497	ENSG00000269125	RP11-98F14.11
21	23305635	23348000	ENSG00000227075	AP000472.3
13	113930931	113932049	ENSG00000232662	LDHBP1
15	20209093	20209115	ENSG00000270961	IGHD5OR15-5A
13	114005988	114016183	ENSG00000225083	GRTP1-AS1
21	23381263	23470778	ENSG00000233215	AP000472.2
13	114123216	114130450	ENSG00000233613	DCUN1D2-AS
15	20210050	20210068	ENSG00000271317	IGHD4OR15-4A
13	114133230	114133393	ENSG00000202347	RNU1-16P
13	114451484	114454062	ENSG00000227208	LINC00552
15	20211158	20211188	ENSG00000270783	IGHD3OR15-3A
13	114518603	114542321	ENSG00000233695	GAS6-AS1
15	20213655	20213685	ENSG00000271197	IGHD2OR15-2A
13	114567141	114569806	ENSG00000272695	GAS6-AS2
21	23470936	23488847	ENSG00000184856	LINC00308
13	33907816	33909414	ENSG00000227911	RP11-141M1.1
13	114580581	114582349	ENSG00000237699	RP11-199F6.4
15	20216406	20216422	ENSG00000271336	IGHD1OR15-1A
13	33911020	33911109	ENSG00000264288	AL138999.1
18	21852889	21853170	ENSG00000265259	RN7SL247P
HG185_PATCH	39981433	39992515	ENSG00000260753	NT5C3B
21	23507018	23508403	ENSG00000234340	AP000705.8
13	33929343	34250905	ENSG00000230490	RP11-141M1.3
18	21901650	21901699	ENSG00000212051	MIR320C2
13	114581673	114586624	ENSG00000226921	LINC00454
18	21944751	21947948	ENSG00000264365	RP11-621L6.2
18	21982117	21982678	ENSG00000273321	RP11-621L6.3
13	34185104	34185659	ENSG00000234535	RP11-37L2.1
13	34231573	34234065	ENSG00000232986	RP11-179A7.2
18	22009469	22009573	ENSG00000199636	Y_RNA
18	22015328	22019602	ENSG00000265094	RP11-178F10.1
13	34403676	34403786	ENSG00000252397	RNU5A-4P
13	34486129	34486218	ENSG00000263663	AL161891.1
13	34656566	34657447	ENSG00000227254	VDAC1P12
13	114586640	114626485	ENSG00000229373	LINC00452
13	34674848	34674975	ENSG00000199196	SNORA25
15	20737094	20747114	ENSG00000215405	GOLGA6L6
13	34922180	35188307	ENSG00000271850	RP11-16D22.2
13	35009587	35214822	ENSG00000225179	LINC00457
21	23526270	23526619	ENSG00000231136	AP000705.6
13	114629487	114631817	ENSG00000260910	LINC00565
13	35120066	35245319	ENSG00000271901	RP11-266E6.3
21	23577511	23577651	ENSG00000202339	RNU4-45P
13	114873044	114874295	ENSG00000232487	RASA3-IT1
21	23582258	23793139	ENSG00000226043	AP000705.7
13	35148341	35148803	ENSG00000231910	GAMTP2
13	115009980	115010036	ENSG00000264539	MIR548AR
13	35499971	35502213	ENSG00000261728	RP11-307O13.1
21	23808610	23810669	ENSG00000223488	MAPK6PS2
13	115039303	115039383	ENSG00000265450	MIR4502
13	35759431	35760816	ENSG00000232795	SCAND3P1
13	115072121	115072541	ENSG00000226158	CLCP2
13	35825207	35825966	ENSG00000234835	PHBP13
13	115095034	115099423	ENSG00000229723	LINC01054
15	21004687	21005367	ENSG00000268343	AC012414.1
13	36068551	36068674	ENSG00000221519	AL390071.1
13	36271661	36273393	ENSG00000236036	LINC00445
13	36841305	36841411	ENSG00000207203	RNU6-71P
21	10862622	10863067	ENSG00000169861	IGHV1OR21-1
13	36929928	36930015	ENSG00000266047	AL139377.1
13	37064215	37064578	ENSG00000223383	HIST1H2APS6
13	37302739	37302829	ENSG00000222602	AL136160.1
13	37314178	37315000	ENSG00000235306	GAPDHP34
13	37316015	37316602	ENSG00000223543	TCEAL4P1
13	37363469	37369187	ENSG00000215486	ARL2BPP3
HG185_PATCH	39991937	40004636	ENSG00000261631	KLHL10
15	21040701	21071643	ENSG00000230031	POTEB2
13	37378335	37379439	ENSG00000271337	NDE1P2
13	37423503	37424183	ENSG00000236711	SMAD9-AS1
13	37496676	37497045	ENSG00000228825	LAMTOR3P1
13	37500575	37501356	ENSG00000232378	RPL29P28
13	37512537	37513631	ENSG00000226161	EIF4A1P5
13	37608814	37608929	ENSG00000221100	AL138706.1
13	37740489	37740795	ENSG00000202395	RN7SKP1
13	37794997	37795383	ENSG00000230283	RPS12P24
21	23872924	23892377	ENSG00000234034	AP000959.2
13	38055604	38058906	ENSG00000230390	LINC01048
21	24052992	24053286	ENSG00000263796	RN7SL609P
13	38428989	38429107	ENSG00000199276	RNA5SP26
21	24254903	24256321	ENSG00000225906	AP000949.1
13	38567222	38568857	ENSG00000228036	HSPD1P9
21	24437813	24503528	ENSG00000230972	AP001255.2
HG185_PATCH	40009797	40021683	ENSG00000259896	KLHL11
13	38624954	38717369	ENSG00000223685	LINC00571
21	24462350	24464153	ENSG00000219368	ZNF299P
13	39107480	39119436	ENSG00000236354	LINC00437
21	24473545	24475396	ENSG00000231058	MSANTD2P1
13	39150777	39153131	ENSG00000229437	LINC00366
21	24654058	24654231	ENSG00000223078	RNU2-55P
13	39191556	39192077	ENSG00000234701	PRDX3P3
21	24733426	24757182	ENSG00000228592	AP000459.4
13	39353561	39353653	ENSG00000252795	RNU6-56P
13	39364781	39364891	ENSG00000212049	AL590007.1
15	21215823	21215845	ENSG00000270824	IGHD5OR15-5B
13	39395935	39401707	ENSG00000225350	FREM2-AS1
13	39476524	39476787	ENSG00000225221	PLA2G12AP2
15	21216780	21216798	ENSG00000270451	IGHD4OR15-4B
13	39496864	39510336	ENSG00000235550	ANKRD26P2
21	24762579	24763317	ENSG00000223822	EEF1A1P1
15	21217888	21217918	ENSG00000271255	IGHD3OR15-3B
13	39743773	39744088	ENSG00000214823	NXT1P1
15	21220377	21220407	ENSG00000271305	IGHD2OR15-2B
13	40021252	40021353	ENSG00000238408	snoU13
13	40226715	40226806	ENSG00000216014	AL512505.1
13	40238171	40238272	ENSG00000264171	MIR4305
21	24779978	24781448	ENSG00000237569	TUBAP
13	40359552	40359647	ENSG00000200526	RNY4P14
13	40391878	40392186	ENSG00000224351	CDKN2AIPNLP3
15	49280673	49338760	ENSG00000138593	SECISBP2L
13	40430847	40431231	ENSG00000270444	AZU1P1
13	40431272	40431364	ENSG00000212553	SNORD116
15	21223129	21223145	ENSG00000270185	IGHD1OR15-1B
13	40755946	40763165	ENSG00000230710	LINC00332
13	40798762	40798999	ENSG00000271429	RPL17P51
13	40800964	40801069	ENSG00000207458	RNY3P9
15	22011370	22012050	ENSG00000268531	DKFZP547L112
13	40918094	40924440	ENSG00000230058	RP11-172E9.2
13	40981259	40981577	ENSG00000252812	RN7SKP2
13	41025131	41055143	ENSG00000215483	LINC00598
13	41192875	41195485	ENSG00000229456	RLIMP1
13	41301964	41302011	ENSG00000211491	MIR320D1
13	41384902	41384997	ENSG00000207652	MIR621
13	41396432	41495890	ENSG00000168852	TPTE2P5
15	22051853	22083227	ENSG00000233917	POTEB
21	10906201	11029719	ENSG00000166157	TPTE
HG185_PATCH	40023160	40075239	ENSG00000260245	ACLY
13	41437735	41438038	ENSG00000176268	CYCSP34
13	41482295	41495910	ENSG00000239827	SUGT1P3
13	41566915	41567467	ENSG00000229473	RGS17P1
13	41675155	41675236	ENSG00000264226	MIR3168
21	24804501	24804602	ENSG00000199698	Y_RNA
13	41696012	41696305	ENSG00000244264	RN7SL597P
21	24849960	24863043	ENSG00000227716	AP000459.7
13	41744836	41745284	ENSG00000215482	CALM2P3
21	25261114	25262857	ENSG00000231986	AP000474.1
13	41754117	41754223	ENSG00000238651	snoU13
13	41773968	41774943	ENSG00000225133	MORF4L1P4
21	25333220	25339588	ENSG00000235564	AP000477.2
13	41861877	41862456	ENSG00000231404	RAC1P3
21	25415572	25422601	ENSG00000226996	AP000477.3
18	22069339	22071044	ENSG00000264695	RP11-178F10.2
13	41928693	41928795	ENSG00000223280	RNU6-57P
21	25527484	25560655	ENSG00000224018	AP000470.2
18	22096847	22097970	ENSG00000266489	RP11-178F10.3
13	41958909	41959319	ENSG00000214222	TUBBP2
21	25676863	25693690	ENSG00000224832	AP000469.2
18	22102237	22102883	ENSG00000266181	RP11-178F10.4
13	42005425	42006446	ENSG00000205240	OR7E36P
21	25801054	25920256	ENSG00000237484	AP000476.1
18	22208146	22242162	ENSG00000265485	RP11-449D8.1
13	42013952	42015035	ENSG00000234655	OR7E155P
18	22253127	22254312	ENSG00000263553	RP11-449D8.2
18	22265736	22266315	ENSG00000266520	RAC1P1
13	42016906	42017786	ENSG00000215480	OR7E37P
18	22269878	22270125	ENSG00000266809	RP11-449D8.3
13	42019427	42019503	ENSG00000263907	AL354833.1
18	22305745	22509040	ENSG00000266573	RP11-449D8.5
13	42020193	42020261	ENSG00000263928	AL354833.2
13	42024148	42024235	ENSG00000264042	AL354833.3
13	42142422	42142531	ENSG00000264190	MIR5006
13	42381813	42382108	ENSG00000241406	RN7SL515P
13	42479254	42479360	ENSG00000206962	RNU6-74P
18	22513451	22567646	ENSG00000264345	RP11-958F21.1
13	42499734	42501485	ENSG00000229696	KARSP1
18	22596398	22597168	ENSG00000229248	WBP2P1
13	42577566	42577773	ENSG00000226093	RPS28P8
13	42617863	42618383	ENSG00000231530	RP11-187A9.3
18	22635564	22636724	ENSG00000265552	RP11-958F21.3
13	42643068	42645229	ENSG00000237263	MAPK6PS3
18	22882090	22882920	ENSG00000264434	CTD-2006O16.2
13	42747126	42747223	ENSG00000265679	AL139328.1
18	23398200	23398496	ENSG00000242216	RN7SL97P
13	42755601	42756057	ENSG00000270809	CHCHD2P11
18	23533180	23533432	ENSG00000264193	RP11-737G21.1
13	42830009	42830711	ENSG00000234213	FHP1
18	23678803	23679190	ENSG00000243925	RPS24P18
HG185_PATCH	40086887	40121903	ENSG00000260703	TTC25
13	42943374	42943793	ENSG00000233259	FABP3P2
18	23749724	23751313	ENSG00000188985	DHFRP1
13	43384502	43386698	ENSG00000271216	LINC01050
13	43416550	43417023	ENSG00000229546	LINC00428
18	23784833	23785868	ENSG00000266227	NPM1P2
13	43507994	43509028	ENSG00000238025	ZDHHC4P1
21	14741931	14745386	ENSG00000256715	AL050302.1
18	23835662	23836319	ENSG00000263829	FAM60BP
13	43732767	43733602	ENSG00000229928	LINC00400
13	43968661	43968961	ENSG00000232540	RPL36P19
18	23845973	23847373	ENSG00000266237	RP11-25D3.1
13	44032601	44033259	ENSG00000238189	ENOX1-AS2
18	23879079	23879219	ENSG00000252921	U3
13	44118054	44122192	ENSG00000233821	ENOX1-AS1
18	23928311	23928968	ENSG00000264911	RP11-107K17.2
13	44361727	44361988	ENSG00000270522	RP11-168P13.1
18	23946265	23946370	ENSG00000207160	RNU6-1289P
18	24002959	24006065	ENSG00000263862	RP11-107K17.1
21	14982498	15013906	ENSG00000166351	POTED
18	24166678	24166762	ENSG00000252846	AC090206.1
13	44482850	44604597	ENSG00000233725	LINC00284
18	24179372	24180302	ENSG00000263846	CIAPIN1P
HG185_PATCH	40122993	40131428	ENSG00000260283	CNP
21	15051621	15053459	ENSG00000269011	AL050303.1
18	24235706	24770662	ENSG00000260372	AQP4-AS1
13	44542560	44545335	ENSG00000179611	DGKZP1
18	13217497	13652754	ENSG00000168675	LDLRAD4
13	44680514	44711372	ENSG00000226519	LINC00390
13	44716682	44813010	ENSG00000227258	SMIM2-AS1
18	24267585	24283602	ENSG00000265369	U3
13	44720606	44732358	ENSG00000235285	SMIM2-IT1
18	24268075	24269632	ENSG00000263677	RP11-17A19.2
13	44808254	44817328	ENSG00000230731	RP11-478K15.6
18	24402777	24403943	ENSG00000263382	RP11-552O4.1
13	44974386	44980120	ENSG00000237361	LINC01071
18	24411484	24412396	ENSG00000266184	RP11-552O4.2
18	24532165	24532522	ENSG00000266549	RP11-526I8.2
13	45011343	45026963	ENSG00000225727	RP11-71C5.2
18	24805706	24827152	ENSG00000265374	RP11-57J16.1
HG185_PATCH	40132691	40173905	ENSG00000262684	DNAJC7
13	45168994	45170218	ENSG00000230793	SMARCE1P5
21	15481134	15583166	ENSG00000188992	LIPI
13	45202705	45202809	ENSG00000238932	snoU13
13	45225948	45275152	ENSG00000237585	LINC00407
13	45373639	45383766	ENSG00000235097	LINC00330
13	45556212	45657260	ENSG00000223732	RP11-321C24.1
13	45576285	45576580	ENSG00000265802	RN7SL49P
13	45634864	45635221	ENSG00000223341	RN7SKP3
13	45697228	45697549	ENSG00000271818	7SK
13	45711997	45712100	ENSG00000252055	RNU6-69P
13	45837825	45838050	ENSG00000270381	RP11-290D2.5
13	45874149	45874235	ENSG00000221163	AL138963.1
13	45910449	45910582	ENSG00000253051	SNORA31
13	45911615	45911744	ENSG00000199477	SNORA31
13	45914174	45915318	ENSG00000273149	RP11-290D2.6
21	15588451	15600693	ENSG00000185272	RBM11
15	22368478	22369561	ENSG00000182974	OR4M2
21	26212864	26430059	ENSG00000226983	AP000235.2
HG185_PATCH	40173272	40181893	ENSG00000260770	NKIRAS2
15	22382382	22383507	ENSG00000183706	OR4N4
13	45915480	45965872	ENSG00000170919	TPT1-AS1
21	26258990	26275070	ENSG00000227090	AP000402.3
21	26310745	26365129	ENSG00000230379	AP000146.2
15	22448382	22448819	ENSG00000270505	IGHV1OR15-1
15	22456895	22460351	ENSG00000269182	AC010760.1
15	22472918	22473353	ENSG00000259261	IGHV4OR15-8
21	26403318	26403842	ENSG00000237444	AP001342.1
21	26427848	26442219	ENSG00000244278	AP000235.3
21	15743436	15755805	ENSG00000155304	HSPA13
HG185_PATCH	40181828	40219330	ENSG00000260320	ZNF385C
13	45924458	45925485	ENSG00000228886	RP11-290D2.3
13	45964486	45965402	ENSG00000214455	RCN1P2
13	45992297	45994506	ENSG00000251015	SLC25A30-AS1
13	46010256	46010795	ENSG00000229303	PPIAP25
13	46125620	46125738	ENSG00000200709	RNA5SP27
15	22736246	22746002	ENSG00000197414	GOLGA6L1
13	46126998	46127271	ENSG00000232786	TIMM9P3
13	46245980	46246526	ENSG00000228869	COX4I1P2
13	46255225	46256554	ENSG00000235366	LINC01055
21	26467335	26475983	ENSG00000232512	7SK
13	46261683	46262604	ENSG00000237876	AKR1B1P4
HG185_PATCH	40257656	40268985	ENSG00000260178	DHX58
21	26499782	26507561	ENSG00000223870	AP000233.3
13	46626941	46687467	ENSG00000235903	CPB2-AS1
21	26541745	26706139	ENSG00000222042	AP000233.4
21	26574521	26574629	ENSG00000238627	RNA5SP489
13	46743594	46743883	ENSG00000240767	RN7SL288P
13	46809805	46809908	ENSG00000238483	snoU13
13	46824077	46824348	ENSG00000252854	RN7SKP5
13	46844212	46844752	ENSG00000251106	FAM206BP
13	46870580	46871979	ENSG00000261097	LINC00563
13	46948536	46948725	ENSG00000223336	RNU2-6P
13	46984589	46984692	ENSG00000252385	RNU6-68P
15	49398268	49447858	ENSG00000166200	COPS2
21	15857549	15955723	ENSG00000155307	SAMSN1
13	46917102	47012325	ENSG00000241353	PPP1R2P4
HG185_PATCH	40269360	40277610	ENSG00000259958	KAT2A
21	15964251	16031142	ENSG00000243440	AF165138.7
13	47029270	47060641	ENSG00000231817	RP11-189B4.6
13	47034744	47035256	ENSG00000227019	OR7E101P
13	47064997	47065397	ENSG00000205105	COX17P1
HG185_PATCH	40277683	40279604	ENSG00000260325	HSPB9
13	47079253	47079571	ENSG00000230243	FKBP1AP3
13	47426278	47430434	ENSG00000224517	HTR2A-AS1
13	47881217	47881436	ENSG00000234590	GNG5P5
13	48033078	48033369	ENSG00000244521	RN7SL700P
13	48337595	48338741	ENSG00000234145	NAP1L4P3
13	48340775	48341220	ENSG00000229423	RPL27AP8
HG185_PATCH	40281228	40311269	ENSG00000261378	RAB5C
13	48399465	48410091	ENSG00000228573	RP11-279N8.1
15	22833395	22873892	ENSG00000153575	TUBGCP5
13	48479464	48481492	ENSG00000234689	LINC00444
13	48504290	48506757	ENSG00000260388	LINC00562
13	48575525	48576688	ENSG00000227848	SUCLA2-AS1
HG185_PATCH	39874406	39874512	ENSG00000263172	5S_rRNA
13	48651273	48654127	ENSG00000229111	MED4-AS1
HG185_PATCH	39886381	39886657	ENSG00000262688	Metazoa_SRP
HG185_PATCH	39993316	39993580	ENSG00000266571	Metazoa_SRP
13	48708494	48708670	ENSG00000224510	POLR2KP2
HG185_PATCH	40004770	40007699	ENSG00000260752	RP11-156E6.1
13	48870649	48877797	ENSG00000231473	LINC00441
18	24916343	25175128	ENSG00000264151	RP11-739N10.1
13	48890999	48894611	ENSG00000238086	PPP1R26P1
13	48902220	48902700	ENSG00000177197	PCNPP5
13	49144775	49147453	ENSG00000233456	LINC01077
21	16333556	16437321	ENSG00000180530	NRIP1
13	49151110	49152224	ENSG00000233610	LINC00462
18	24923216	24926074	ENSG00000264790	RP11-26N15.2
13	49326225	49326292	ENSG00000222391	AL137118.1
13	49345264	49345965	ENSG00000225131	PSME2P2
18	24935370	24935728	ENSG00000244329	UBA52P9
13	49504256	49504348	ENSG00000265585	AL161421.1
13	49562051	49562153	ENSG00000201662	RNU6-60P
18	24977916	24981868	ENSG00000263611	RP11-612A1.1
13	49618215	49620930	ENSG00000223724	RAD17P2
18	24998848	25000399	ENSG00000265097	RBM22P1
13	49669527	49669628	ENSG00000199788	RNY3P2
13	49761615	49761806	ENSG00000235957	COX7CP1
18	25032478	25033621	ENSG00000263405	PA2G4P3
13	49784558	49786430	ENSG00000231665	OGFOD1P1
18	25534483	25543651	ENSG00000227279	AC015933.2
13	50063106	50063500	ENSG00000236577	SNRPGP14
15	41028082	41048049	ENSG00000137824	RMDN3
18	26231696	26233172	ENSG00000266296	ARIH2P1
13	50194450	50194784	ENSG00000176882	RP11-432M24.4
HG183_PATCH	62399863	62491136	ENSG00000261371	PECAM1
18	26365032	26369224	ENSG00000265994	RP11-510D21.1
13	50243040	50243254	ENSG00000203547	AL135901.1
18	26404616	26404790	ENSG00000271238	RP11-510D21.2
13	50463770	50463864	ENSG00000222148	RNY4P30
13	50464727	50467134	ENSG00000181358	CTAGE10P
18	26628584	26628683	ENSG00000251719	RNU6-408P
18	26675539	26675643	ENSG00000265730	AC090349.1
13	50482770	50482866	ENSG00000200064	RNY4P9
18	26776406	26776492	ENSG00000212085	AC105245.1
13	50526670	50526750	ENSG00000264526	AL136123.1
13	50570551	50570637	ENSG00000264864	MIR3613
18	26836782	26837025	ENSG00000266479	CTD-2515C13.1
15	62929371	62937490	ENSG00000259458	RP11-625H11.1
18	26858474	26941928	ENSG00000265980	CTD-2515C13.2
18	27063293	27063388	ENSG00000221731	AC091321.1
18	27098224	27128206	ENSG00000264587	RP11-784B15.1
18	28293241	28294252	ENSG00000266196	RP11-675P14.1
18	28534786	28560883	ENSG00000265670	RP11-25I11.1
18	28564072	28564181	ENSG00000251702	RNU6-857P
18	28638806	28639359	ENSG00000261521	RP11-408H20.1
13	50601269	50699856	ENSG00000231607	DLEU2
18	28652470	28652573	ENSG00000238376	snoU13
21	26711319	26711413	ENSG00000238660	AP001340.1
18	28681551	28742752	ENSG00000265888	RP11-408H20.2
21	26734135	26734745	ENSG00000213885	RPL13AP7
18	28711419	28712457	ENSG00000263698	RP11-408H20.3
21	26758133	26804013	ENSG00000185433	LINC00158
18	28923331	29006951	ENSG00000266729	RP11-534N16.1
21	26842421	26842513	ENSG00000238314	snoU13
21	26887785	26890650	ENSG00000229962	AP000221.1
13	50623109	50623197	ENSG00000208006	MIR16-1
18	28925325	28925430	ENSG00000207019	RNU6-167P
13	50673467	50674004	ENSG00000214359	RPL18P10
21	26934221	26947480	ENSG00000234883	MIR155HG
18	28962280	28962393	ENSG00000207240	Y_RNA
18	29076608	29077158	ENSG00000266521	RP11-650P15.1
13	50746225	50747317	ENSG00000232150	ST13P4
21	26955082	26955638	ENSG00000260583	LINC00515
18	29122109	29136874	ENSG00000264859	RP11-75N4.2
21	27015801	27016528	ENSG00000237731	RNGTTP1
13	50935546	50935899	ENSG00000223676	RPL34P26
21	27064492	27064866	ENSG00000227054	FDX1P2
HG183_PATCH	62526397	62546003	ENSG00000263304	MILR1
18	29249252	29249341	ENSG00000252379	RNU6-1002P
13	50937284	50937373	ENSG00000221198	AL138696.1
21	27135249	27135644	ENSG00000235514	AP000226.9
13	51095069	51101585	ENSG00000229323	RP11-175B12.2
18	29265618	29266786	ENSG00000259985	RP11-549B18.1
18	29298856	29299171	ENSG00000200472	RN7SKP44
15	41056218	41059906	ENSG00000137880	GCHFR
18	29304161	29306919	ENSG00000265158	LRRC37A7P
21	27306373	27315001	ENSG00000233783	AP001442.2
18	29306006	29306360	ENSG00000263772	RP11-549B18.3
13	51381992	51423190	ENSG00000237152	DLEU7-AS1
21	27315359	27315460	ENSG00000251972	RNU6-123P
18	29424351	29425141	ENSG00000263924	RP11-210K20.2
13	51387124	51387242	ENSG00000200711	RNA5SP28
21	27530409	27548142	ENSG00000224541	AP001439.2
18	29462583	29462865	ENSG00000270518	RP11-210K20.3
18	29464821	29465106	ENSG00000270879	RP11-210K20.4
21	27543189	27589700	ENSG00000273492	AP000230.1
18	29517496	29517602	ENSG00000222320	RNU6-1050P
13	51450822	51484848	ENSG00000233672	RNASEH2B-AS1
18	29522538	29524119	ENSG00000263823	RP11-326K13.4
21	27563026	27563132	ENSG00000206802	RNU6-926P
18	29542141	29543581	ENSG00000265273	PGDP1
21	27722099	27722953	ENSG00000229025	AP001595.1
18	29546923	29547508	ENSG00000266105	RP11-326K13.2
21	27750871	27844017	ENSG00000232692	AP001596.6
18	29598792	29691742	ENSG00000263917	RP11-53I6.2
18	29640868	29640952	ENSG00000265063	AC009831.1
18	29655848	29656235	ENSG00000214917	RP11-53I6.1
18	29671258	29672082	ENSG00000265008	RP11-53I6.3
18	29674467	29674569	ENSG00000238982	snoU13
HG183_PATCH	62555145	62574426	ENSG00000262917	POLG2
18	29702363	29704441	ENSG00000263393	RP11-53I6.4
18	29756013	29756131	ENSG00000199373	RNA5SP453
18	29775989	29776929	ENSG00000265279	RP11-53I6.5
18	29825909	29828995	ENSG00000263904	RP11-344B2.3
18	29843098	29843201	ENSG00000222395	Y_RNA
18	29867400	29870303	ENSG00000264982	RP11-344B2.2
18	29991471	29993167	ENSG00000215492	HNRNPA1P7
18	30091626	30094597	ENSG00000260389	WBP11P1
15	41060067	41099675	ENSG00000104129	DNAJC17
18	30106105	30106185	ENSG00000221621	AC009835.1
18	13663346	13726662	ENSG00000177150	FAM210A
18	30161491	30162791	ENSG00000263688	RP11-386P4.1
13	51568647	51654998	ENSG00000123201	GUCY1B2
21	17102344	17252377	ENSG00000155313	USP25
21	27765954	27941571	ENSG00000197934	AP001597.1
21	27832222	27832533	ENSG00000273115	KB-1466C5.1
21	28261695	28312061	ENSG00000223563	AP001601.2
21	28326280	28326362	ENSG00000266133	MIR4759
21	28515663	28516268	ENSG00000215326	GPX1P2
21	28731204	28820898	ENSG00000231236	AP001604.3
21	28733483	28768106	ENSG00000236332	AP001605.4
13	51601883	51601988	ENSG00000222920	RNA5SP29
13	51656984	51746524	ENSG00000226792	LINC00371
13	51735859	51736493	ENSG00000214878	RPL5P31
13	51770017	51770217	ENSG00000271242	SLMO2P2
HG183_PATCH	62576980	62585072	ENSG00000263077	DDX5
13	51922703	51922775	ENSG00000266072	MIR5693
13	51935701	51936371	ENSG00000269965	RP11-24B19.4
13	51936795	51937579	ENSG00000270101	RP11-24B19.3
18	44259081	44339220	ENSG00000101638	ST8SIA5
13	52026503	52126500	ENSG00000236778	INTS6-AS1
21	18811208	18821503	ENSG00000232560	C21orf37
HSCHR19LRC_COX2_CTG1	54785613	54785684	ENSG00000265146	MIR4752
HSCHR19LRC_COX2_CTG1	55043099	55043205	ENSG00000262931	U6
13	52028300	52035451	ENSG00000224892	RPS4XP16
13	52043886	52044181	ENSG00000243900	RN7SL320P
13	52070156	52070387	ENSG00000229906	SNRPGP11
13	52126725	52126803	ENSG00000266611	MIR4703
HG183_PATCH	62584096	62615309	ENSG00000263046	CEP95
13	52139548	52139645	ENSG00000252141	RNU6-65P
13	52160560	52160668	ENSG00000206920	RNY1P6
13	52168057	52168351	ENSG00000242893	RN7SL413P
13	52172552	52173596	ENSG00000224451	ATP5F1P1
13	52378433	52387356	ENSG00000231856	RP11-327P2.5
13	52482354	52484757	ENSG00000232872	CTAGE3P
13	52540878	52541285	ENSG00000236044	FABP5P2
HG183_PATCH	62385676	62386050	ENSG00000261138	AC016489.1
13	52741844	52865692	ENSG00000217576	RP11-248G5.8
HG183_PATCH	62467518	62467623	ENSG00000239823	Y_RNA
HG183_PATCH	62502429	62502530	ENSG00000265031	hsa-mir-1273e
HG183_PATCH	62539910	62540007	ENSG00000266804	AC234063.1
HG183_PATCH	62568883	62569149	ENSG00000261387	AC138744.2
HG183_PATCH	62578133	62578199	ENSG00000265387	MIR3064
21	18884700	18965897	ENSG00000154639	CXADR
HG183_PATCH	62578574	62578673	ENSG00000265492	MIR5047
HG183_PATCH	62608135	62608217	ENSG00000263516	AC009994.1
13	52741844	52768600	ENSG00000243406	MRPS31P5
18	13726659	13764557	ENSG00000101654	RNMT
HG998_1_PATCH	139098179	139137687	ENSG00000261074	QSOX2
18	44388353	44500123	ENSG00000078043	PIAS2
13	52793479	52908412	ENSG00000272281	TPTE2P2
15	49447853	49660066	ENSG00000156958	GALK2
HG998_1_PATCH	139173226	139198747	ENSG00000260220	WI2-2610K16.1
HG998_1_PATCH	139141817	139143051	ENSG00000266342	WI2-1959D15.1
21	18965971	18985265	ENSG00000154640	BTG3
21	28739333	28740266	ENSG00000233300	EIF4A1P1
15	41052795	41053072	ENSG00000271236	SUMO2P15
21	28792699	28793342	ENSG00000217026	RPL10P1
21	28864437	28864580	ENSG00000219592	NCSTNP1
21	29011012	29025810	ENSG00000234052	AP001607.1
15	41128006	41136585	ENSG00000261183	RP11-532F12.5
15	41062159	41064643	ENSG00000188277	C15orf62
20	44165625	44176065	ENSG00000249139	EPPIN-WFDC6
21	29094698	29123552	ENSG00000225298	LINC00113
15	41167511	41167608	ENSG00000264256	AC025166.1
HG186_PATCH	50712672	51421329	ENSG00000260587	DOCK3
15	41199009	41201540	ENSG00000251161	RP11-540O11.1
21	29327240	29357614	ENSG00000234083	AJ006995.3
15	41240934	41241067	ENSG00000259405	ISCA1P4
21	29385682	29395552	ENSG00000178457	LINC00314
15	41291472	41297063	ENSG00000259617	RP11-540O11.6
15	41303795	41305498	ENSG00000259463	RP11-540O11.7
21	29420733	29509930	ENSG00000232079	AL035610.1
15	41309005	41320091	ENSG00000259521	RP11-540O11.4
HG186_PATCH	51422478	51426828	ENSG00000259880	MANF
15	41401076	41401376	ENSG00000259547	CYCSP2
20	44179792	44207965	ENSG00000158901	WFDC8
15	63334831	63364114	ENSG00000140416	TPM1
15	41455360	41456572	ENSG00000157021	FAM92A1P1
15	41484165	41484463	ENSG00000240847	RN7SL497P
HG186_PATCH	51428699	51435339	ENSG00000259956	RBM15B
20	44236578	44259907	ENSG00000180205	WFDC9
21	19161284	19191703	ENSG00000154642	C21orf91
15	41576188	41601901	ENSG00000247556	OIP5-AS1
HG243_PATCH	145202919	145316830	ENSG00000260383	MROH1
18	30359002	30359249	ENSG00000243355	RP11-57G22.1
18	30413417	30518280	ENSG00000263765	RP11-746B8.1
18	30534039	30537962	ENSG00000263450	RP11-680N20.1
18	31132087	31158151	ENSG00000267642	RP11-258B16.1
18	31581662	31581763	ENSG00000199204	Y_RNA
18	31802929	31804725	ENSG00000267746	RP11-379L18.1
18	32153951	32154487	ENSG00000267585	RP11-115P21.1
18	32317759	32347627	ENSG00000268873	RP11-138H11.1
18	32399910	32399995	ENSG00000221409	AC068506.1
18	32860831	32870165	ENSG00000268573	RP11-158H5.7
18	32870246	32890730	ENSG00000257267	ZNF271
18	32963318	32963989	ENSG00000239683	RP11-322E11.1
18	33023833	33047052	ENSG00000267583	RP11-322E11.5
18	33175865	33177563	ENSG00000266965	RP11-712P20.2
18	33296334	33297942	ENSG00000267397	RP11-873E20.1
15	91073157	91188577	ENSG00000140577	CRTC3
18	33421723	33422581	ENSG00000267797	NRBF2P1
18	33484781	33484889	ENSG00000207797	MIR187
HG243_PATCH	145317005	145346273	ENSG00000261236	BOP1
18	33514051	33514105	ENSG00000265641	MIR3929
15	41099284	41106767	ENSG00000166140	ZFYVE19
18	33531766	33546081	ENSG00000267627	RP11-905K4.1
18	33759959	33767411	ENSG00000260552	RP11-49I11.1
18	33853537	33854562	ENSG00000267404	RP11-49I11.2
18	33858698	33859082	ENSG00000267456	RP11-49I11.3
20	54967427	54979518	ENSG00000101138	CSTF1
18	34222576	34222647	ENSG00000252078	SNORD112
18	34481909	34503777	ENSG00000267039	RP11-58G13.1
18	34814082	34816205	ENSG00000267651	RP11-95O2.1
21	19273580	19639690	ENSG00000154645	CHODL
HG186_PATCH	51433298	51537425	ENSG00000260623	VPRBP
18	34823739	34827179	ENSG00000267707	RP11-95O2.5
18	34853669	34856535	ENSG00000267202	RP11-797E24.3
18	35237098	35237178	ENSG00000266530	MIR4318
18	35252652	35253139	ENSG00000243516	RP11-19F9.1
18	36235173	36267962	ENSG00000268566	RP11-687D19.1
18	36596011	36596308	ENSG00000222704	RN7SKP182
18	36613971	36614074	ENSG00000253038	RNU6-706P
13	52908430	52916031	ENSG00000271564	RP13-444H2.1
HG243_PATCH	145321463	145323384	ENSG00000260428	SCXA
18	36786888	37380282	ENSG00000267374	LINC00669
13	52974139	52974234	ENSG00000199605	RNY4P24
13	53058296	53058815	ENSG00000235660	LINC00345
20	44258165	44259835	ENSG00000180305	WFDC10A
18	36914836	36915639	ENSG00000175886	RPL7AP66
13	53063128	53073440	ENSG00000244471	RP11-78J21.4
15	41635278	41636423	ENSG00000259396	RP11-16O9.2
18	37256685	37256743	ENSG00000266148	MIR5583-1
15	41740940	41741042	ENSG00000200407	RNU6-1169P
15	22892005	23006016	ENSG00000068793	CYFIP1
15	41849225	41849633	ENSG00000259838	TCEB1P2
18	37258484	37258586	ENSG00000212354	RNU6-1242P
18	37421138	37504804	ENSG00000267413	RP11-636O21.1
20	44277202	44298909	ENSG00000180083	WFDC11
13	53063128	53161222	ENSG00000198384	TPTE2P3
15	41901664	41904925	ENSG00000260926	RP11-380D11.2
18	37646250	37679197	ENSG00000261715	RP11-653G8.2
15	41983783	41983876	ENSG00000207766	MIR626
18	37723890	37724468	ENSG00000267664	RPL17P45
15	42010568	42010870	ENSG00000270702	RP11-107F6.4
18	38052785	38052846	ENSG00000238333	RNU7-145P
15	42062954	42064930	ENSG00000260814	RP11-107F6.3
15	42117297	42120134	ENSG00000250379	RP11-23P13.4
20	44313292	44333658	ENSG00000182931	WFDC10B
GL000231.1	21878	21950	ENSG00000265557	CT867977.1
18	39047395	39212149	ENSG00000267313	RP11-142I20.1
21	19641433	19858197	ENSG00000154646	TMPRSS15
15	42144111	42144227	ENSG00000200293	RNA5SP393
15	42158693	42158749	ENSG00000264850	MIR4310
15	78285747	78287631	ENSG00000259792	RP11-114H24.6
15	42184991	42190773	ENSG00000174171	RP11-23P13.6
20	44330655	44337456	ENSG00000168634	WFDC13
15	78330873	78330937	ENSG00000221476	MIR1827
15	78383514	78383639	ENSG00000199633	SNORA63
18	39369127	39369360	ENSG00000267652	RP11-188I24.1
15	42188137	42189031	ENSG00000272003	RP11-23P13.7
18	39399018	39399386	ENSG00000225253	AC011225.1
15	78433585	78435515	ENSG00000260988	RP11-285A1.1
15	42213615	42221081	ENSG00000259883	CTD-2382E5.4
20	44350990	44354469	ENSG00000149651	SPINT4
18	39669276	39669716	ENSG00000267088	RP11-115N12.1
15	42264961	42291292	ENSG00000246740	CTD-2382E5.1
15	78542844	78556498	ENSG00000259708	RP11-762H8.3
15	42298330	42302315	ENSG00000257797	CTD-2382E5.2
15	78573292	78574532	ENSG00000272418	RP11-762H8.4
15	78582869	78583563	ENSG00000259562	RP11-762H8.2
HG243_PATCH	145346494	145369625	ENSG00000261132	HSF1
15	78585628	78588391	ENSG00000259322	RP11-762H8.1
15	78674915	78675497	ENSG00000259413	RP11-5O23.1
15	78772399	78774162	ENSG00000259474	RP11-650L12.1
15	78881465	78883618	ENSG00000261762	RP11-650L12.2
18	39739247	40271387	ENSG00000267586	LINC00907
15	78918237	78920535	ENSG00000259555	RP11-335K5.2
HG186_PATCH	51579011	51701025	ENSG00000261443	RAD54L2
20	2639041	2644865	ENSG00000101365	IDH3B
13	53191693	53211581	ENSG00000250299	MRPS31P4
15	78952986	79027837	ENSG00000261303	RP11-160C18.2
18	44497455	44627658	ENSG00000167216	KATNAL2
20	44376583	44420571	ENSG00000124116	WFDC3
13	53384179	53384274	ENSG00000211579	MIR759
13	53394632	53395153	ENSG00000150276	PPIAP26
13	53720674	53725943	ENSG00000237092	LINC01065
13	53774116	53776547	ENSG00000225510	PCDH8P1
20	54987168	55034396	ENSG00000087589	CASS4
13	53832212	53832505	ENSG00000241613	RN7SL618P
13	53941980	53942091	ENSG00000220990	AL450423.1
15	78953389	78953918	ENSG00000213307	RPL18P11
13	54389554	54450254	ENSG00000261517	LINC00558
15	79044449	79045715	ENSG00000238166	RP11-160C18.4
13	54689924	54707001	ENSG00000234787	LINC00458
15	79155589	79156071	ENSG00000243711	RPL21P116
21	29488413	29600986	ENSG00000236532	AL035610.2
13	54690611	54690986	ENSG00000271652	RP11-168P6.2
15	79191182	79191278	ENSG00000252061	RNU6-415P
15	42491768	42491864	ENSG00000207712	MIR627
15	79271231	79278268	ENSG00000177699	RP11-16K12.1
13	55014839	55015450	ENSG00000136149	RPL13AP25
15	42500611	42519188	ENSG00000261002	RP11-546B15.1
21	22370633	22915650	ENSG00000154654	NCAM2
15	79406635	79406701	ENSG00000239022	AC069082.1
13	55380002	55380092	ENSG00000266699	AL512655.1
21	29811667	30047170	ENSG00000232855	AF131217.1
15	42605885	42606584	ENSG00000260571	RP11-546B15.2
13	55748589	55748683	ENSG00000264387	MIR5007
13	56573334	56574582	ENSG00000228611	HNF4GP1
13	56788507	56791076	ENSG00000228319	SPATA2P1
21	29911640	29912677	ENSG00000226935	LINC00161
13	57133758	57133859	ENSG00000238455	snoU13
15	79484049	79576287	ENSG00000259234	RP11-17L5.4
13	57459418	57459736	ENSG00000201665	RN7SKP6
13	57747587	57747766	ENSG00000271140	PRR20FP
21	30115530	30115613	ENSG00000251894	RNU6-872P
13	57778513	57778933	ENSG00000230009	MTCO2P3
21	30259602	30261594	ENSG00000215005	HSPD1P7
15	41107650	41120907	ENSG00000166143	PPP1R14D
13	57888873	57890043	ENSG00000234421	SLC25A5P4
21	30274101	30276019	ENSG00000215317	THUMPD1P1
21	30369934	30370354	ENSG00000176054	RPL23P2
15	79502130	79502213	ENSG00000207695	MIR184
15	42640301	42704515	ENSG00000258461	RP11-164J13.1
21	30396576	30397211	ENSG00000273254	RP1-100J12.1
15	79528674	79529548	ENSG00000259419	HNRNPCP3
13	57965305	57965652	ENSG00000225352	RPL31P53
21	30430394	30432416	ENSG00000231125	AF129075.5
13	58565484	58565598	ENSG00000202422	RNA5SP30
15	79631072	79631156	ENSG00000266543	AC027811.1
13	58785831	58807251	ENSG00000232954	LINC00374
21	30500022	30500509	ENSG00000232687	RPL12P9
15	79705700	79706228	ENSG00000261712	RP11-358L4.1
21	30511604	30511705	ENSG00000201984	Y_RNA
13	59101789	59101885	ENSG00000222733	RNY4P29
21	30552747	30552960	ENSG00000212479	U3
13	59102749	59105160	ENSG00000214335	CTAGE16P
15	79851598	79852646	ENSG00000259493	RP11-621H8.2
21	30554348	30560116	ENSG00000224649	AF124730.4
HG243_PATCH	145371194	145381813	ENSG00000261698	DGAT1
13	59325181	59326367	ENSG00000223717	DNAJA1P1
15	79960684	79961158	ENSG00000259208	RP11-621H8.1
13	59584466	59584738	ENSG00000214281	HMGN2P39
15	49619159	49913128	ENSG00000166262	FAM227B
13	59645596	59645937	ENSG00000232647	POLR3KP1
21	30565801	30660526	ENSG00000215533	LINC00189
15	80035653	80035810	ENSG00000260674	RP11-591L14.2
13	59836814	59837525	ENSG00000271190	RPP40P2
13	60054204	60054266	ENSG00000239003	RNU7-88P
15	80044031	80044391	ENSG00000213527	RP11-591L14.1
13	60586885	60618491	ENSG00000227528	DIAPH3-AS1
13	60608601	60608896	ENSG00000265745	RN7SL375P
13	60718832	60727639	ENSG00000223815	DIAPH3-AS2
18	13824154	13826861	ENSG00000176136	MC5R
20	60880488	60881381	ENSG00000226332	RP11-157P1.4
13	60761872	60761964	ENSG00000202151	RNY4P28
13	60788486	60789080	ENSG00000227336	LINC00434
20	60907543	60907613	ENSG00000265329	MIR4758
13	60848910	60850140	ENSG00000238213	TARDBPP2
13	61026838	61026919	ENSG00000212054	AL354764.1
20	60928051	60931536	ENSG00000228812	RP11-157P1.5
13	61187742	61187868	ENSG00000223076	RNA5SP31
13	61211022	61212231	ENSG00000236608	EIF4A1P6
9	34318405	34319653	ENSG00000229207	SERPINH1P1
13	61259333	61268662	ENSG00000225249	LINC00378
18	13882043	13915706	ENSG00000185231	MC2R
9	34389941	34390049	ENSG00000207032	Y_RNA
20	61004604	61006568	ENSG00000233017	RP5-908M14.5
9	34478620	34478903	ENSG00000251697	RN7SKP24
13	61363694	61363795	ENSG00000206854	RNY3P5
20	61052926	61053650	ENSG00000272050	RP13-379O24.3
9	34521525	34524239	ENSG00000230729	RP11-296L22.8
15	63413999	63434260	ENSG00000103642	LACTB
13	61390831	61390923	ENSG00000253018	RNY4P31
20	61088965	61091152	ENSG00000260542	RP13-379O24.2
13	61491176	61494141	ENSG00000227510	RP11-196P2.1
9	34546522	34546994	ENSG00000232983	RP11-296L22.7
13	61773932	61774014	ENSG00000266663	MIR3169
21	30594642	30595578	ENSG00000236056	GAPDHP14
13	62334417	62334509	ENSG00000212007	AL596329.1
13	62379283	62379809	ENSG00000234033	RAC1P8
20	61141550	61148733	ENSG00000174403	C20orf166-AS1
9	34568013	34582827	ENSG00000237159	CNTFR-AS1
21	30723955	30734215	ENSG00000248476	BACH1-IT1
13	62501223	62501405	ENSG00000270856	RP11-429G17.2
13	62578226	62603681	ENSG00000229578	LINC00358
15	91260558	91358859	ENSG00000197299	BLM
21	30731323	30731774	ENSG00000273017	AP000240.9
20	61151510	61151586	ENSG00000199017	MIR1-1
13	62798230	62824080	ENSG00000230142	LINC01075
9	34661900	34666026	ENSG00000261215	RP11-195F19.30
20	61162119	61162220	ENSG00000207764	MIR133A2
9	34665662	34681295	ENSG00000230074	RP11-195F19.9
20	61169878	61170591	ENSG00000226094	RPL7P3
13	62895438	62896531	ENSG00000227611	LINC01074
18	39850554	39850680	ENSG00000253040	RNA5SP454
18	41412124	41412230	ENSG00000202250	RNU6-443P
13	62897790	62902966	ENSG00000229307	LINC00459
20	61172797	61174714	ENSG00000264490	WI2-87327B8.1
18	41619436	41620105	ENSG00000267716	AC083760.1
21	26957968	26979829	ENSG00000154719	MRPL39
9	34832292	34838583	ENSG00000257198	FAM205B
13	62902121	62902517	ENSG00000232105	RPL32P28
18	41651548	41651666	ENSG00000202060	RNA5SP455
20	61265033	61266856	ENSG00000232121	RP13-30A9.1
18	41900765	41902222	ENSG00000267573	KRT8P5
20	61265124	61267214	ENSG00000229882	RP13-30A9.2
HG243_PATCH	145387965	145391184	ENSG00000261678	SCRT1
13	62980191	62981049	ENSG00000271465	SQSTM1P1
18	41903401	42111662	ENSG00000267337	CTC-782O7.1
13	63246418	63306492	ENSG00000228669	LINC00448
20	61294371	61298076	ENSG00000232803	RP11-93B14.5
18	42256892	42259682	ENSG00000267414	RP11-456K23.1
13	63757234	63801189	ENSG00000227564	LINC00376
9	34889061	34895775	ENSG00000187791	FAM205CP
18	42550047	42550131	ENSG00000265957	MIR4319
18	14057456	14132489	ENSG00000175322	ZNF519
13	64241814	64312151	ENSG00000231061	LINC00395
18	42710530	42761312	ENSG00000267101	RP11-846C15.2
20	61326376	61331832	ENSG00000237687	LINC00686
13	64316498	64316945	ENSG00000215430	OR7E156P
20	61363918	61366699	ENSG00000223669	RP11-93B14.4
13	64322132	64325213	ENSG00000237378	RP11-473M10.3
20	57570240	57582302	ENSG00000101160	CTSZ
20	61405480	61406764	ENSG00000228705	LINC00659
18	43003729	43063183	ENSG00000267097	RP11-309E23.2
9	34917172	34918293	ENSG00000178723	GLULP4
13	64357934	64358037	ENSG00000202478	RNU6-81P
20	61431979	61436939	ENSG00000229873	OGFR-AS1
HG243_PATCH	145407122	145410512	ENSG00000261587	TMEM249
20	55043647	55093943	ENSG00000022277	RTFDC1
13	64385147	64385741	ENSG00000213232	PPP1R2P10
9	34922181	34922918	ENSG00000215199	YWHAZP6
20	61476490	61477543	ENSG00000233838	DPH3P1
9	35010700	35011282	ENSG00000233148	SYF2P2
9	35049268	35049558	ENSG00000241568	RN7SL338P
13	64402973	64418258	ENSG00000219926	RP11-394A14.2
18	43063310	43109820	ENSG00000266988	RP11-749H17.1
20	61503602	61504428	ENSG00000236527	ARF4P2
9	35096375	35098138	ENSG00000234181	RP11-182N22.8
21	30742340	30743547	ENSG00000232118	BACH1-AS1
9	35147407	35149181	ENSG00000215198	RP11-182N22.7
13	64411166	64411589	ENSG00000215432	OR7E104P
21	30742944	30746029	ENSG00000228817	BACH1-IT2
18	43087167	43130148	ENSG00000267354	RP11-749H17.2
20	61640735	61716423	ENSG00000272259	RP11-305P22.9
13	64411428	64412164	ENSG00000272299	RP11-394A14.4
15	80050891	80051104	ENSG00000259229	RP11-38G5.3
18	43226118	43227895	ENSG00000266968	RP11-116O18.1
21	30761707	30761810	ENSG00000239171	snoU13
13	64549584	64550555	ENSG00000237849	NFYAP1
21	30868367	30872706	ENSG00000234293	BACH1-IT3
15	80109691	80109792	ENSG00000252995	RNU6-667P
18	43249332	43327180	ENSG00000267193	RP11-116O18.3
15	41136216	41150405	ENSG00000166145	SPINT1
13	64560504	64650144	ENSG00000227674	LINC00355
21	31029726	31030151	ENSG00000273464	RP11-313P22.1
15	80124808	80125896	ENSG00000259548	RP11-38G5.2
20	61665569	61668380	ENSG00000125514	LINC00029
15	80135889	80136646	ENSG00000261229	RP11-38G5.4
18	43368495	43368632	ENSG00000267558	RP11-618K16.4
13	65532229	65533528	ENSG00000214269	LGMNP1
18	43569619	43569911	ENSG00000222179	RN7SKP26
21	31120494	31136321	ENSG00000174680	GRIK1-AS1
15	80236840	80237920	ENSG00000259770	RP11-81A1.3
20	61669363	61685215	ENSG00000237119	LINC01056
18	43608272	43609795	ENSG00000267293	RP11-8H2.1
18	43656970	43657065	ENSG00000252034	Y_RNA
15	80276493	80278066	ENSG00000271364	RP11-81A1.8
13	65883987	65885085	ENSG00000214266	STARP1
18	43701581	43701687	ENSG00000251939	RNU6-1278P
20	61726845	61733671	ENSG00000231133	HAR1B
18	44302938	44303186	ENSG00000240983	RP11-742D12.1
15	80282247	80282948	ENSG00000180725	AC015871.1
9	35406752	35483026	ENSG00000179766	ATP8B5P
21	31462035	31470154	ENSG00000259981	AF096876.1
15	80434400	80434469	ENSG00000251881	SNORD112
18	44336450	44340307	ENSG00000270112	RP11-742D12.2
21	31581469	31584101	ENSG00000227342	LINC00307
13	66362064	66362896	ENSG00000236565	HNRNPA3P5
20	61733483	61735738	ENSG00000225978	HAR1A
15	80458265	80459322	ENSG00000259967	RP11-2E17.2
13	66438305	66438398	ENSG00000221685	AL354775.1
21	31635698	31636199	ENSG00000225267	RPL8P2
18	44383187	44383857	ENSG00000267167	RP11-687F6.1
15	80487826	80544555	ENSG00000259417	RP11-2E17.1
13	66440306	66452351	ENSG00000234767	LINC01052
20	61758847	61760811	ENSG00000260416	RP5-963E22.5
18	44432595	44433845	ENSG00000267587	RP11-687F6.4
13	66540462	66540561	ENSG00000263581	MIR548X2
20	61798149	61812255	ENSG00000231977	RP5-963E22.4
13	66792382	66792456	ENSG00000263561	MIR4704
18	44603732	44617651	ENSG00000266957	RP11-49K24.4
20	61809852	61809938	ENSG00000207598	MIR124-3
13	66843129	66844590	ENSG00000235737	TRIM60P19
18	44632317	44634433	ENSG00000267724	RP11-49K24.8
20	2673524	2740753	ENSG00000088881	EBF4
20	61870131	61870194	ENSG00000266463	MIR3196
15	80555410	80634147	ENSG00000259361	LINC00927
13	66878003	66897693	ENSG00000234527	PCDH9-AS1
20	61918160	61918218	ENSG00000266104	MIR4326
13	67204847	67204908	ENSG00000238500	RNU7-87P
20	61968691	61968801	ENSG00000222439	RNU6-994P
13	67399301	67489163	ENSG00000228842	PCDH9-AS2
20	61991340	62002529	ENSG00000203900	RP11-261N11.8
9	35449745	35450349	ENSG00000244213	ZFAND6P1
13	67551564	67559908	ENSG00000225263	PCDH9-AS3
9	35507561	35507870	ENSG00000235619	RPL36AP33
13	67565018	67576139	ENSG00000233840	PCDH9-AS4
9	35592783	35592948	ENSG00000227852	RP11-156G14.6
20	62079404	62080682	ENSG00000226390	RP11-358D14.2
13	67840977	67841838	ENSG00000214263	RPSAP53
9	35608091	35608156	ENSG00000263892	MIR4667
15	42719789	42719895	ENSG00000201077	RNU6-188P
20	62133640	62136464	ENSG00000230226	RP4-697K14.3
9	35642511	35643514	ENSG00000231393	RP11-331F9.3
13	67946519	67954108	ENSG00000230040	LINC00364
15	42824065	42825038	ENSG00000261684	RP11-265N6.1
20	57594309	57601709	ENSG00000101162	TUBB1
9	35646267	35647096	ENSG00000227933	RP11-331F9.4
13	68364539	68364926	ENSG00000271287	BCRP9
20	62258580	62260177	ENSG00000232442	CTD-3184A7.4
15	42859229	42862192	ENSG00000261822	RP11-265N6.2
9	35657748	35658015	ENSG00000269900	RMRP
13	68406008	68406959	ENSG00000227969	NPM1P22
15	49715293	49780972	ENSG00000140285	FGF7
13	68476487	68477374	ENSG00000231667	OR7E111P
15	42864125	42864631	ENSG00000260490	RP11-265N6.3
9	35671773	35672039	ENSG00000243136	RN7SL22P
20	62376042	62377311	ENSG00000229299	RP4-583P15.10
9	35756709	35757937	ENSG00000228843	RP11-112J3.15
13	68485219	68486080	ENSG00000226537	OR7E33P
15	42873354	42873686	ENSG00000260282	EIF4EBP2P2
18	14507338	14543584	ENSG00000183206	POTEC
15	80726136	80737493	ENSG00000258010	RP11-210M15.1
20	62439429	62447874	ENSG00000231208	RP4-583P15.11
9	35772160	35790429	ENSG00000227388	RP11-112J3.16
13	68863811	68865412	ENSG00000234765	ELL2P3
20	62540308	62540472	ENSG00000199805	RNU1-134P
15	43000890	43000990	ENSG00000239025	snoU13
20	62550834	62550950	ENSG00000216141	MIR941-2
9	35811473	35811547	ENSG00000263448	AL133410.1
15	43031316	43035400	ENSG00000246283	CTD-2036P10.3
15	80846950	80855285	ENSG00000259175	RP11-379K22.2
13	68875737	68877434	ENSG00000229910	HNRNPA1P18
20	62551085	62551201	ENSG00000216195	MIR941-3
9	35859059	35859980	ENSG00000236083	OR13E1P
20	44420576	44440066	ENSG00000101457	DNTTIP1
20	62551365	62551481	ENSG00000215946	MIR941-1
15	43093166	43094603	ENSG00000260799	KRT8P50
9	35874807	35875191	ENSG00000233659	NDUFA5P4
18	44542731	44544607	ENSG00000266996	TCEB3CL2
13	68905470	68905745	ENSG00000236433	RPL37P21
20	62572818	62572897	ENSG00000272045	MIR1914
15	43231508	43232556	ENSG00000254793	FDPSP4
21	27011584	27089874	ENSG00000154721	JAM2
9	35909480	35911683	ENSG00000235387	LINC00961
20	62573984	62574079	ENSG00000207554	MIR647
13	69208322	69208618	ENSG00000230405	RPS3AP52
15	43407897	43408691	ENSG00000205871	RPS3AP47
20	10342736	10342878	ENSG00000211588	AL023913.1
9	35930009	35937148	ENSG00000231518	RP11-327L3.3
20	10366427	10368454	ENSG00000230750	SDAD1P2
13	69228704	69229182	ENSG00000229824	RPL12P34
15	43423206	43423884	ENSG00000260928	SPCS2P1
HG243_PATCH	145409038	145416175	ENSG00000261042	SLC52A2
20	62665697	62671315	ENSG00000196421	LINC00176
9	35943207	35943931	ENSG00000225639	PGAM1P2
18	44663389	44663661	ENSG00000267800	RP11-49K24.5
20	57600522	57607437	ENSG00000124172	ATP5E
18	44548658	44550534	ENSG00000234298	TCEB3CL
13	69267938	69268213	ENSG00000243671	RN7SL761P
20	10593509	10594877	ENSG00000235036	RP5-1099D15.1
15	43476277	43477339	ENSG00000261687	RP11-473C18.3
18	44760813	44760919	ENSG00000201825	RNU6-1131P
13	69559190	69560196	ENSG00000232380	ZDHHC20P4
20	10625847	10627014	ENSG00000270408	JAG1
15	43539878	43539979	ENSG00000202211	Y_RNA
9	35971341	35972315	ENSG00000213866	YBX1P10
18	44812096	45120914	ENSG00000267761	CTD-2130O13.1
13	69675964	69676188	ENSG00000225501	SNRPFP3
15	43560102	43560586	ENSG00000261679	ATP5HP1
15	63418071	63450220	ENSG00000185088	RPS27L
20	62688156	62688437	ENSG00000237371	RP13-152O15.5
13	69796478	69866286	ENSG00000237534	LINC00383
20	10653576	10975572	ENSG00000270792	RP11-103J8.1
15	43594294	43594970	ENSG00000260406	RP11-402F9.3
9	35991333	35992282	ENSG00000179443	OR13C6P
20	62921540	62924351	ENSG00000232852	CICP4
13	69885465	69896233	ENSG00000235221	LINC00401
15	43683633	43683925	ENSG00000243871	RN7SL487P
18	44906867	44906936	ENSG00000266582	MIR4527
18	44554573	44556449	ENSG00000183791	TCEB3C
15	43894741	43894846	ENSG00000222398	RNU6-554P
13	69982348	69982867	ENSG00000224640	SRSF1P1
15	43905880	43905983	ENSG00000238535	snoU13
18	45027543	45084754	ENSG00000261307	RP11-157P23.2
9	36002993	36003660	ENSG00000273463	AL138834.1
20	10733738	10734614	ENSG00000224961	RP1-278O22.1
15	43929830	43929936	ENSG00000206991	RNU6-610P
20	62921738	62944485	ENSG00000149656	LINC00266-1
9	36013181	36014130	ENSG00000228307	OR2S1P
15	43941321	43941478	ENSG00000224677	PDIA3P2
13	70377072	70377173	ENSG00000207495	RNY3P10
18	45156483	45157219	ENSG00000267156	TPMTP1
20	10733926	10745934	ENSG00000234900	RP1-278O22.2
15	80872370	80872907	ENSG00000270919	RP11-379K22.3
13	70468233	70469217	ENSG00000232314	PSMC1P13
18	45229546	45230116	ENSG00000267187	RP11-767C4.1
9	36021689	36022110	ENSG00000236110	OR2AM1P
20	10855981	10889920	ENSG00000232900	RP4-697P8.3
15	80873444	80873580	ENSG00000266542	MIR5572
15	80956113	80956219	ENSG00000222139	RNU6-380P
18	45379604	45379828	ENSG00000267541	RP11-380M21.2
9	36267780	36267919	ENSG00000222760	RNU4-53P
15	80985557	80986048	ENSG00000271983	RP11-28H5.2
13	70681345	70713561	ENSG00000230223	ATXN8OS
20	10869230	10869736	ENSG00000217809	FAT1P1
18	45404666	45408815	ENSG00000269365	RP11-380M21.4
9	36303496	36304921	ENSG00000215283	HMGB3P24
15	81134319	81134414	ENSG00000208003	MIR549
18	44558943	44561988	ENSG00000206181	TCEB3B
20	10981952	10982411	ENSG00000270777	RP11-103J8.2
18	45696155	45696261	ENSG00000206944	RNU6-708P
13	71033596	71033702	ENSG00000202433	RNU6-54P
21	31728833	31729203	ENSG00000250973	KRTAP13-6P
9	36823536	36823596	ENSG00000266255	MIR4475
18	45918962	45919021	ENSG00000253033	RNU7-191P
13	71497796	71498587	ENSG00000226554	SOGA2P1
15	81188531	81241208	ENSG00000259546	RP11-351M8.2
21	31747612	31747696	ENSG00000265007	MIR4327
9	116237	118417	ENSG00000170122	FOXD4
9	36856552	36861372	ENSG00000258885	RP11-344B23.2
18	46001858	46001971	ENSG00000200872	RNA5SP456
20	11214818	11282173	ENSG00000230990	RP4-734C18.1
13	71589273	71742549	ENSG00000226846	LINC00348
18	46004932	46005599	ENSG00000266984	RP11-23B5.1
21	31808784	31809282	ENSG00000233640	KRTAP13-5P
9	36864251	36864305	ENSG00000264922	MIR4540
15	81283145	81285599	ENSG00000260619	RP11-775C24.3
18	46196971	46197039	ENSG00000266276	MIR4743
9	36893459	36893528	ENSG00000265368	MIR4476
13	71870342	71871367	ENSG00000225801	RABEPKP1
21	31882625	31882815	ENSG00000237841	KRTAP19-9P
15	43955852	43976537	ENSG00000249839	AC011330.5
15	81289758	81289814	ENSG00000265855	MIR4514
20	11326031	11326503	ENSG00000235544	RPS11P1
9	37002694	37008037	ENSG00000250850	RP11-297B17.3
18	46199946	46214790	ENSG00000267762	RP11-426J5.2
13	72249199	72249601	ENSG00000236534	H3F3BP1
21	31886931	31887117	ENSG00000235312	KRTAP19-10P
15	81409976	81410681	ENSG00000259461	ANP32BP3
9	37046832	37047234	ENSG00000125385	RP11-297B17.2
20	11589084	11589696	ENSG00000271397	RP5-1128N12.2
21	31898864	31899019	ENSG00000218125	AP000567.27
13	72278313	72278787	ENSG00000237816	RPL21P109
15	81595556	81601732	ENSG00000271725	RP11-761I4.4
21	31909597	31909700	ENSG00000236612	KRTAP19-11P
20	11601699	11602125	ENSG00000237256	PGAM3P
9	37073528	37075789	ENSG00000232920	RP11-465M18.1
21	31964786	31965076	ENSG00000256818	AP001069.1
9	37078810	37079773	ENSG00000260100	RP11-220I1.5
13	72420113	72420449	ENSG00000233460	RPL35AP31
20	11665792	11667971	ENSG00000261411	RP11-268G13.1
15	81616718	81654378	ENSG00000259343	RP11-761I4.3
20	11781111	11851363	ENSG00000228422	LINC00687
21	32114098	32114913	ENSG00000236400	KRTAP21-4P
13	72487842	72488316	ENSG00000232881	RPS10P21
21	32135000	32135200	ENSG00000238257	AP000244.11
20	11790813	11791095	ENSG00000256874	AL080274.1
21	32174560	32174745	ENSG00000233036	KRTAP8-2P
13	72552226	72552344	ENSG00000200037	RNA5SP32
20	11799469	11799739	ENSG00000222281	RN7SKP111
9	37079893	37090398	ENSG00000233137	RP11-220I1.1
21	32179250	32179437	ENSG00000227840	KRTAP8-3P
13	73028040	73028105	ENSG00000212377	SNORD37
20	11819003	11819222	ENSG00000271298	RP5-1012F16.2
15	63481668	63559981	ENSG00000166128	RAB8B
13	73034270	73034467	ENSG00000227952	RPL18AP17
21	32201357	32202078	ENSG00000184586	KRTAP7-1
20	11890052	11899325	ENSG00000236526	RP4-742J24.2
13	73034657	73034739	ENSG00000251715	SNORA68
21	32201362	32202051	ENSG00000256386	AP000244.1
20	12224543	12224944	ENSG00000235292	RP4-796I8.1
13	73160818	73160948	ENSG00000199282	SNORA9
20	12286261	12297133	ENSG00000230437	RP11-102J14.1
13	73277831	73278276	ENSG00000226617	RPL21P110
21	32432919	32435487	ENSG00000228941	UBE3AP2
9	94789780	94790106	ENSG00000237306	HSPE1P22
20	12360704	12361903	ENSG00000235698	PA2G4P2
13	73280155	73280261	ENSG00000206922	RNU6-80P
20	44441215	44445596	ENSG00000175063	UBE2C
9	94871140	94871271	ENSG00000232179	RP11-100G15.2
20	12845850	12933167	ENSG00000233048	RP5-1069C8.2
9	37112545	37115487	ENSG00000233242	RP11-220I1.2
13	73425226	73425307	ENSG00000220981	AL391384.1
21	32824779	32825536	ENSG00000237325	AP000563.2
9	94871295	94872377	ENSG00000228069	RP11-100G15.3
13	73455246	73455352	ENSG00000199381	RNU6-79P
9	37160134	37160234	ENSG00000200502	Y_RNA
21	32931558	32932800	ENSG00000237594	AP000251.3
13	73610539	73610986	ENSG00000232041	PSMD10P3
20	12915525	12916431	ENSG00000269931	RP5-1069C8.3
9	37205109	37205365	ENSG00000228292	RP11-220I1.4
21	32999440	33000913	ENSG00000230870	FBXW11P1
9	37296020	37296101	ENSG00000216070	AL158155.1
20	55066548	55100981	ENSG00000124091	GCNT7
20	12930986	12932275	ENSG00000234265	RP11-157E14.1
13	73674713	73675123	ENSG00000236972	FABP5P1
20	57608200	57617964	ENSG00000101166	SLMO2
9	37322256	37322368	ENSG00000206784	Y_RNA
9	94872450	94872796	ENSG00000238288	RP11-100G15.4
HG243_PATCH	145410334	145414279	ENSG00000261539	FBXL6
9	37383175	37384431	ENSG00000224648	RP11-397D12.4
20	13054315	13054960	ENSG00000271426	RP4-718P11.1
13	73687052	73687155	ENSG00000200267	RNU6-66P
9	37434174	37434583	ENSG00000236156	CHCHD4P3
13	73698849	73698947	ENSG00000265959	AL354720.1
20	13218448	13220321	ENSG00000226263	ISM1-AS1
9	37459392	37459706	ENSG00000264255	RN7SL463P
13	73765665	73765804	ENSG00000201253	RNU4-10P
15	43991686	44010382	ENSG00000166763	STRCP1
18	44633774	44676891	ENSG00000167220	HDHD2
13	73801284	73801397	ENSG00000206697	RNY1P8
20	13224711	13226016	ENSG00000225956	RP5-1077I2.3
9	37477146	37478314	ENSG00000187988	RP11-405L18.2
13	73981905	73982489	ENSG00000229708	MARK2P12
20	13373324	13374321	ENSG00000236811	GAPDHP2
20	13936410	13936503	ENSG00000221328	AL117333.1
13	73987610	74222390	ENSG00000224853	LINC00393
9	37490418	37490890	ENSG00000230188	RP11-405L18.4
20	13953962	13954070	ENSG00000212247	RNU6-278P
21	27088815	27107984	ENSG00000154723	ATP5J
20	13984154	13984345	ENSG00000230935	RPS3P1
13	74138381	74162207	ENSG00000228295	LINC00392
9	37509147	37510296	ENSG00000234160	RP11-613M10.6
20	14108046	14108982	ENSG00000234187	AIMP1P1
13	74805594	74834113	ENSG00000235532	LINC00402
20	14203687	14203976	ENSG00000239923	RN7SL864P
9	37636685	37637290	ENSG00000233111	RAB1C
13	74863237	74863351	ENSG00000206617	RNY1P5
20	14332966	14333071	ENSG00000199570	RNU6-228P
9	125677845	125693779	ENSG00000171448	ZBTB26
20	14527830	14528269	ENSG00000227563	RNF11B
13	74951300	74952088	ENSG00000232701	RPL21P108
9	37661744	37662046	ENSG00000201287	RN7SKP171
15	81702858	81711358	ENSG00000259372	CTD-2240J17.1
20	55092243	55101198	ENSG00000124103	FAM209A
20	14535030	14617170	ENSG00000227927	MACROD2-IT1
9	37836041	37836391	ENSG00000232454	RP11-3J10.7
13	74993310	75009296	ENSG00000226240	LINC00381
15	49913177	49937333	ENSG00000104047	DTWD1
15	81719789	82047558	ENSG00000259543	CTD-2034I4.1
9	94872857	94873150	ENSG00000240791	RP11-100G15.5
9	37878113	37879490	ENSG00000226055	PAICSP1
20	14738209	14738702	ENSG00000213950	RPS10P2
15	81846344	81989121	ENSG00000259594	CTD-2034I4.2
20	2774715	2781283	ENSG00000088882	CPXM1
9	37885680	37886387	ENSG00000213839	RP11-3J10.4
20	14864899	14910161	ENSG00000235914	MACROD2-AS1
15	81926228	81934531	ENSG00000259610	RP11-499F3.1
13	75117975	75139582	ENSG00000236678	LINC00347
9	37936704	37936765	ENSG00000251745	RNU7-124P
20	55108302	55111576	ENSG00000213714	FAM209B
20	14914489	14916009	ENSG00000237832	RP5-974N19.1
9	38147425	38147558	ENSG00000200026	U8
9	94873147	94874179	ENSG00000227321	MTND4P15
15	81952823	82163466	ENSG00000259692	RP11-499F3.2
9	38190404	38190504	ENSG00000238313	snoU13
20	15002199	15002305	ENSG00000199803	RNU6-1159P
9	38360424	38376427	ENSG00000223716	RP11-113O24.3
20	15003498	15003604	ENSG00000201180	RNU6-115P
15	43994561	43994668	ENSG00000201136	RNU6-353P
15	82245644	82288007	ENSG00000259445	RP11-276M12.1
20	15261410	15261519	ENSG00000222500	RNA5SP475
9	38452779	38454067	ENSG00000225254	RP11-403F21.1
15	44005342	44005445	ENSG00000238494	snoU13
20	15532802	15533530	ENSG00000225181	RP11-388K2.1
15	82302553	82302948	ENSG00000259622	RP11-597K23.1
20	15539025	15539113	ENSG00000212111	AL121584.1
9	38478468	38479347	ENSG00000215165	RP11-403F21.3
15	82336635	82336717	ENSG00000222521	AC026956.1
13	75402690	75404217	ENSG00000225944	RIOK3P1
20	15600139	15600464	ENSG00000224274	ENSAP1
15	82466565	82466726	ENSG00000212170	RNU1-77P
13	75683724	75683830	ENSG00000206812	RNU6-38P
9	38486856	38488335	ENSG00000229511	RP11-392E22.1
20	16204395	16205180	ENSG00000225622	PPIAP17
13	75710291	75711077	ENSG00000226665	SSR1P2
15	44019116	44039292	ENSG00000205771	CATSPER2P1
9	38504444	38505479	ENSG00000237487	VN1R48P
20	16390942	16391036	ENSG00000221448	AL118509.1
13	75783114	75783173	ENSG00000266534	AL162571.1
15	41164412	41166487	ENSG00000104140	RHOV
9	38526828	38527029	ENSG00000243085	RP11-392E22.3
20	16566978	16567338	ENSG00000226229	RPLP0P1
13	75812080	75814432	ENSG00000214249	CTAGE11P
20	16651286	16651387	ENSG00000200494	Y_RNA
9	38527094	38527909	ENSG00000176007	FAM220BP
13	75824616	75826148	ENSG00000223880	LINC01078
20	16664753	16665049	ENSG00000235208	RPL7AL3
15	82590891	82626963	ENSG00000259785	ADAMTS7P1
15	91411822	91426688	ENSG00000140564	FURIN
13	75949647	75951430	ENSG00000225203	TBC1D4-AS1
9	38540564	38542762	ENSG00000273036	RP11-392E22.12
20	16695489	16711593	ENSG00000228809	RP4-705D16.3
15	23004684	23034427	ENSG00000140157	NIPA2
9	38542311	38542566	ENSG00000259898	CYP4F33P
20	16838607	16844793	ENSG00000236985	RP5-1195D24.1
13	76123909	76381256	ENSG00000261553	RP11-29G8.3
9	38542386	38543212	ENSG00000272934	RP11-392E22.10
20	16963477	16963678	ENSG00000212165	U3
9	38542476	38568419	ENSG00000272904	RP11-392E22.11
20	17168155	17168261	ENSG00000251955	RNU6-27P
18	44661027	44702652	ENSG00000267228	IER3IP1
20	17168779	17168989	ENSG00000220540	RP1-298M8.1
9	38543101	38543443	ENSG00000250989	RP11-392E22.5
18	46352422	46361141	ENSG00000267764	RP11-484L8.1
20	17189705	17189865	ENSG00000238833	RNU1-131P
9	38566257	38568208	ENSG00000225345	SNX18P3
18	46489321	46490311	ENSG00000266905	RP11-1058N17.1
13	76178836	76210130	ENSG00000261105	RP11-173B14.5
20	17459730	17460076	ENSG00000232241	DYNLT3P1
HG243_PATCH	145428004	145448145	ENSG00000261694	ADCK5
18	46550073	46574844	ENSG00000264269	RP11-15F12.1
13	76205407	76206271	ENSG00000228444	RP11-173B14.4
20	17497488	17497952	ENSG00000232333	RPS27AP2
9	38620471	38624987	ENSG00000204860	FAM201A
13	76262692	76263333	ENSG00000230902	FAM204CP
18	46576057	46576138	ENSG00000263849	MIR4744
9	94894680	94900911	ENSG00000234537	RP11-100G15.7
20	17556851	17557155	ENSG00000202260	RN7SKP69
13	76452849	76455263	ENSG00000223458	RP11-332E3.2
18	46642671	46652849	ENSG00000265128	RP11-15F12.3
20	17579900	17580452	ENSG00000230495	RP11-462D18.2
13	76506531	76509268	ENSG00000261206	LINC00561
20	17823227	17823372	ENSG00000221220	AL035045.1
18	46732282	46735151	ENSG00000266696	RP11-30L3.2
21	27106881	27144771	ENSG00000154727	GABPA
20	17868007	17868804	ENSG00000233625	RP5-905G11.3
9	38643039	38643765	ENSG00000237557	RP13-198D9.3
13	76587159	76588637	ENSG00000224933	LINC01034
18	46958114	46973790	ENSG00000263895	RP11-110H1.9
20	17884406	17884505	ENSG00000212555	RNU6-192P
9	38680003	38680101	ENSG00000252725	RNU6-765P
13	76709067	76709360	ENSG00000243274	RN7SL571P
20	55204358	55214339	ENSG00000087510	TFAP2C
20	17943353	17943589	ENSG00000212232	SNORD17
13	77460456	77460535	ENSG00000264908	AC000403.1
18	46996173	46996593	ENSG00000264971	RP11-110H1.1
9	38804004	38851913	ENSG00000228467	RP11-402N8.1
13	77502200	77502970	ENSG00000118903	BTF3P11
20	17992599	17992928	ENSG00000218902	PTMAP3
18	47010906	47012519	ENSG00000263916	RP11-110H1.4
9	39016966	39039591	ENSG00000234680	VN2R3P
20	18040137	18051652	ENSG00000229262	RP4-726N1.2
13	77555310	77556051	ENSG00000233873	RPL7P44
18	47013709	47018248	ENSG00000265496	MIR1539
9	39154072	39155476	ENSG00000226625	RP11-290L7.2
18	47015615	47015678	ENSG00000202093	SNORD58C
20	18070760	18071359	ENSG00000227343	RPL15P1
20	57766075	57834168	ENSG00000124203	ZNF831
13	77559003	77562078	ENSG00000228002	DHX9P1
18	47017653	47017717	ENSG00000206602	SNORD58A
9	39159068	39160316	ENSG00000271454	RP11-290L7.5
20	44451853	44462384	ENSG00000101470	TNNC2
21	33025906	33031813	ENSG00000234509	AP000253.1
15	41186628	41196173	ENSG00000104142	VPS18
18	47018034	47018099	ENSG00000271982	SNORD58B
9	39173791	39174510	ENSG00000243695	RP11-290L7.3
21	33036619	33036795	ENSG00000238390	SNORA81
18	47021517	47023266	ENSG00000265182	SRP72P1
15	63568217	63601325	ENSG00000138613	APH1B
15	44026377	44026483	ENSG00000206589	RNU6-354P
21	33039041	33039560	ENSG00000273271	AP000254.8
9	39191097	39191355	ENSG00000264912	RN7SL640P
13	77649649	77672677	ENSG00000236051	MYCBP2-AS1
15	44085857	44085957	ENSG00000221792	MIR1282
9	39368376	39368790	ENSG00000223758	RP11-347J14.4
20	18076215	18076276	ENSG00000252597	RNU7-137P
18	47025760	47028230	ENSG00000264464	RP11-110H1.8
21	33078868	33079177	ENSG00000229046	HMGN1P2
20	18094111	18094223	ENSG00000207282	Y_RNA
15	44156091	44156203	ENSG00000200391	Y_RNA
20	18150549	18150633	ENSG00000251713	AL050321.1
9	39371062	39376913	ENSG00000215112	FAM74A5
18	47176720	47177530	ENSG00000267444	SMUG1P1
21	33108045	33108720	ENSG00000273091	AP000255.6
15	44168047	44168442	ENSG00000227973	PIN4P1
20	18200757	18201156	ENSG00000232943	RP4-717M23.2
21	33212653	33213170	ENSG00000234107	TPT1P1
9	39384503	39405302	ENSG00000224038	RP11-347J14.8
18	47266193	47268433	ENSG00000267674	RP11-813F20.2
15	44281259	44282382	ENSG00000185607	ACTBP7
13	77654646	77655325	ENSG00000229521	MYCBP2-AS2
20	18239200	18239495	ENSG00000266720	RN7SL14P
9	125703112	125867145	ENSG00000011454	RABGAP1
18	47340393	47377429	ENSG00000267322	SCARNA17
9	39395734	39397403	ENSG00000231140	RP11-347J14.7
20	18246334	18246523	ENSG00000252635	RNU2-56P
13	78173890	78180686	ENSG00000224347	SCEL-AS1
20	18275787	18276095	ENSG00000199719	RN7SKP74
15	44355709	44356511	ENSG00000224055	GAPDHP55
18	44681413	44702745	ENSG00000134049	IER3IP1
20	18294409	18295755	ENSG00000237259	RP4-568F9.3
18	47340503	47340646	ENSG00000251992	SCARNA17
15	44564040	44564218	ENSG00000203578	AC073940.1
13	78197507	78197607	ENSG00000206800	RNY3P7
9	39443804	39464526	ENSG00000198416	CTD-2173L22.4
18	47340731	47340813	ENSG00000252139	SCARNA18
20	18303196	18339944	ENSG00000230010	RP4-568F9.6
15	44571085	44571275	ENSG00000203411	AC090519.2
13	78233548	78233799	ENSG00000227922	SPTLC1P5
18	47397925	47398036	ENSG00000201668	Y_RNA
15	44575957	44576117	ENSG00000203576	AC090519.7
13	78272147	78272251	ENSG00000266325	MIR3665
18	47472636	47472759	ENSG00000200527	RNA5SP457
20	18309650	18309746	ENSG00000252403	RNY4P11
18	47496091	47497327	ENSG00000267196	RP11-813F20.4
13	78402357	78408085	ENSG00000225579	EDNRB-AS1
20	18359693	18362128	ENSG00000237282	LINC00851
18	47590165	47590810	ENSG00000267511	ADAD1P2
9	39485380	39485866	ENSG00000241536	RP11-381G8.1
20	18400804	18402098	ENSG00000236474	GCNT1P1
18	47625112	47625532	ENSG00000267591	RP11-689E3.2
9	39631025	39632395	ENSG00000268819	AL590812.1
18	47733370	47733648	ENSG00000240663	RN7SL310P
20	18414486	18414588	ENSG00000252422	RNA5SP476
18	47828560	47839965	ENSG00000267695	RP11-1030E3.1
20	18451259	18451335	ENSG00000265137	MIR3192
18	47845372	47845490	ENSG00000251997	RNA5SP458
9	39651897	39652392	ENSG00000230281	AL590812.3
18	47927311	47927418	ENSG00000221529	AC105227.1
9	94903580	94922396	ENSG00000225511	LINC00475
9	39654198	39655518	ENSG00000225995	ATP5A1P9
20	18465909	18466696	ENSG00000225419	RPL21P3
18	47984257	47985165	ENSG00000239780	RPLP0P11
20	57875482	57901047	ENSG00000124205	EDN3
15	41221538	41231237	ENSG00000128917	DLL4
9	39720399	39720657	ENSG00000266087	RN7SL462P
18	48195880	48196585	ENSG00000267713	RP11-10I6.2
9	39722430	39817308	ENSG00000225529	BX088645.3
20	18485277	18485710	ENSG00000214612	RPS19P1
13	78493824	79191463	ENSG00000234377	RNF219-AS1
20	18526352	18526428	ENSG00000264134	AL121893.1
9	39722432	39817308	ENSG00000249336	RP11-133G22.1
9	39860052	39860359	ENSG00000226368	BX088645.2
20	18548064	18550207	ENSG00000232388	LINC00493
9	39897660	39897987	ENSG00000236584	BX664726.3
20	2795614	2800930	ENSG00000198326	TMEM239
9	39900346	39906219	ENSG00000225597	FAM74A1
20	18572974	18573261	ENSG00000243702	RN7SL638P
9	39925026	39926970	ENSG00000228534	RP11-95H8.5
20	18591691	18591811	ENSG00000221806	RNU6ATAC34P
20	18623426	18624278	ENSG00000232136	DUXAP7
13	78513297	78519009	ENSG00000233379	RP11-318G21.4
9	40063116	40085739	ENSG00000234375	VN2R4P
13	78521628	78521907	ENSG00000243035	RN7SL810P
20	18655039	18679353	ENSG00000233993	RP11-379J5.5
13	78563507	78564781	ENSG00000236133	LINC01069
20	2795614	2798712	ENSG00000241690	TMEM239
20	18763068	18764334	ENSG00000233324	EEF1A1P34
13	78587018	78627730	ENSG00000229249	LINC00446
9	94907365	94907468	ENSG00000238996	snoU13
18	14728271	14852737	ENSG00000180777	ANKRD30B
15	82647360	82712277	ENSG00000225273	UBE2Q2P2
20	55743804	55841685	ENSG00000101144	BMP7
13	78849855	78851649	ENSG00000235625	RP11-203P2.2
9	40293025	40339528	ENSG00000185020	RP11-111G23.1
13	78859973	78860423	ENSG00000271386	SRGNP1
20	18768295	18774979	ENSG00000179935	LINC00652
18	44746293	44775554	ENSG00000215474	SKOR2
20	2795633	2796479	ENSG00000258713	C20orf141
13	78929362	78929463	ENSG00000200686	RNY3P3
13	78996958	78997327	ENSG00000229865	RPL31P54
HG243_PATCH	145448132	145464191	ENSG00000261230	CPSF1
20	18775173	18776711	ENSG00000273148	RP5-1068E13.7
13	79062317	79062648	ENSG00000224686	TCEB1P23
9	40371838	40394460	ENSG00000233628	VN2R5P
20	19106429	19106551	ENSG00000264669	AL136090.1
9	94912664	94919727	ENSG00000236717	RP11-100G15.10
15	82664459	82748784	ENSG00000237550	UBE2Q2P6
20	19193496	19194121	ENSG00000235996	RP11-97N19.2
13	79170264	79173754	ENSG00000271776	RP11-52L5.6
13	79239973	79240065	ENSG00000263868	AL139319.1
20	19222946	19265240	ENSG00000179447	RP5-1027G4.3
9	40479776	40481177	ENSG00000236247	RP11-292B8.2
9	125796806	125797975	ENSG00000188394	GPR21
15	82710856	82726435	ENSG00000259206	RP13-608F4.8
13	79335310	79335786	ENSG00000237109	RPL21P111
20	19321940	19322016	ENSG00000221748	AL049647.1
9	40491622	40633282	ENSG00000215142	RP11-292B8.1
20	19570741	19570831	ENSG00000216017	AL139429.1
9	121041	188979	ENSG00000172785	CBWD1
9	94933523	94935776	ENSG00000224809	BEND3P2
13	79361454	79366442	ENSG00000225427	LINC00331
9	94967638	94972440	ENSG00000236115	RP11-62C3.6
15	82751614	82769399	ENSG00000188384	CSPG4P8
20	19673853	19678220	ENSG00000232675	RP4-718D20.3
9	95054743	95054875	ENSG00000239183	SNORA84
9	40516806	40517064	ENSG00000265605	RN7SL422P
13	79423366	79425343	ENSG00000215357	HSPD1P8
9	40704468	40713709	ENSG00000235283	RP11-395E19.5
9	95101940	95103945	ENSG00000229530	RP11-62C3.8
9	40712985	40713384	ENSG00000241341	RP11-395E19.2
9	40715662	40722679	ENSG00000204844	FAM74A3
15	44589782	44590272	ENSG00000203575	AC090519.6
20	19715460	19715553	ENSG00000239120	AL121761.1
13	79483054	79484677	ENSG00000230584	CCT5P2
15	44595115	44595293	ENSG00000196274	AC090519.1
9	40740776	40742447	ENSG00000236361	RP11-395E19.7
20	19738352	19790319	ENSG00000233895	RP1-122P22.2
15	44603029	44603177	ENSG00000203574	AC090519.5
21	33393279	33394095	ENSG00000237138	HUNK-AS1
15	44603873	44604051	ENSG00000203573	AC090519.4
13	79664918	79668254	ENSG00000236277	NIPA2P5
9	40812916	40813390	ENSG00000236931	BX664608.1
15	44614380	44614557	ENSG00000203572	AC090519.3
21	33452629	33570125	ENSG00000230323	LINC00159
9	41028804	41030086	ENSG00000243268	ATP5A1P1
20	19804087	19804587	ENSG00000236992	RPL12L3
15	44646889	44647890	ENSG00000250130	RP11-616K22.1
13	79740254	79741020	ENSG00000226670	BCAS2P3
9	41031936	41032439	ENSG00000236742	CTD-2340F8.3
13	79963669	79963766	ENSG00000252496	RNA5SP33
21	33524217	33524320	ENSG00000264055	AP000261.1
15	44679518	44682649	ENSG00000259499	RP11-616K22.2
20	20075045	20076328	ENSG00000241054	RP5-1002M8.4
21	33632115	33633896	ENSG00000261610	AP000265.1
9	41054827	41056158	ENSG00000268342	CTD-2340F8.1
20	20194943	20195906	ENSG00000225417	RP5-1178H5.2
21	33650174	33653299	ENSG00000227256	MIS18A-AS1
15	44694883	44719342	ENSG00000259595	RP11-516C1.1
13	79980444	79998463	ENSG00000227354	RBM26-AS1
20	20233947	20234482	ENSG00000229500	RPL17P1
21	33678775	33681048	ENSG00000232623	AP000266.7
9	41214067	41217717	ENSG00000229471	RP11-95K23.7
15	44726452	44726705	ENSG00000265191	RN7SL347P
20	20239051	20248453	ENSG00000243810	RP5-1096J16.1
15	44739775	44741542	ENSG00000259335	HNRNPMP1
21	33714826	33715062	ENSG00000242871	RN7SL109P
20	20297428	20297684	ENSG00000264879	RN7SL690P
21	33749496	33749631	ENSG00000200792	SNORA80
9	95290266	95290340	ENSG00000264158	MIR4670
20	20640354	20640608	ENSG00000213384	EIF4E2P1
13	80051499	80055366	ENSG00000232132	NDFIP2-AS1
21	33869122	33869621	ENSG00000229007	EXOSC3P1
15	44808848	44809681	ENSG00000259563	CTD-2329K10.1
9	95301335	95301466	ENSG00000225551	RP11-19J3.5
9	41277733	41298538	ENSG00000223781	RP11-95K23.6
20	20701830	20702522	ENSG00000270793	RP11-23O13.1
13	80140881	80144983	ENSG00000227676	LINC01068
21	33910609	33910744	ENSG00000252045	SNORA33
9	95439225	95439689	ENSG00000213669	RP11-476B13.2
20	20719078	20719374	ENSG00000264361	RN7SL607P
21	33935385	33935520	ENSG00000252950	RNA5SP490
9	41285357	41287306	ENSG00000228858	RP11-95K23.5
13	80378553	80379820	ENSG00000229011	LINC01038
20	20834764	20835285	ENSG00000225803	MRPS11P1
21	33944548	33948191	ENSG00000186842	LINC00846
13	80446721	80492079	ENSG00000229175	LINC00382
20	20951089	20953203	ENSG00000234104	RP5-1177M21.1
9	41306133	41311985	ENSG00000231757	FAM74A2
20	2815960	2821836	ENSG00000132635	PCED1A
15	44819455	44829121	ENSG00000179523	EIF3J-AS1
21	33993359	33994406	ENSG00000228433	OR7E23P
13	80943561	80943669	ENSG00000202398	RNU6-61P
9	41313945	41323179	ENSG00000231391	RP11-95K23.3
20	21068245	21086999	ENSG00000225127	LINC00237
13	81193233	81194202	ENSG00000227862	HNRNPA1P31
21	33996726	33997406	ENSG00000238220	AP000275.64
9	41418937	41433320	ENSG00000234138	RP11-144A16.1
13	81228890	81231162	ENSG00000226683	PWWP2AP1
20	21095364	21095838	ENSG00000235065	RPL24P2
21	34100426	34115433	ENSG00000238197	PAXBP1-AS1
9	41475787	41476094	ENSG00000237625	RP11-144A16.2
15	44850027	44851386	ENSG00000259659	RP11-151N17.1
13	81462483	81463002	ENSG00000231222	ARF4P4
9	41504853	41514094	ENSG00000243935	RP11-100J16.5
15	44989531	44989628	ENSG00000206957	Y_RNA
21	34213806	34214121	ENSG00000224427	AP000281.1
9	41516046	41523018	ENSG00000234407	FAM74A6
13	81617805	81618577	ENSG00000229246	RP11-521J24.1
21	34214171	34214305	ENSG00000207098	SNORA70
21	34216677	34222244	ENSG00000232360	AP000281.2
13	81689001	81689430	ENSG00000270415	DPPA3P3
13	81778398	81778491	ENSG00000238980	AL354806.1
15	45118569	45176892	ENSG00000259479	CTD-2008A1.2
21	34285957	34443410	ENSG00000227757	AP000282.2
9	41529583	41550381	ENSG00000227084	RP11-144A16.5
13	81800000	81801118	ENSG00000260094	LINC00564
13	81824573	81876542	ENSG00000229309	RP11-452B18.2
21	34331196	34332874	ENSG00000228961	AP000282.3
9	41588823	41609544	ENSG00000198566	ZNF658B
13	81839882	81839972	ENSG00000222486	RNU6-77P
13	81847026	81847305	ENSG00000237148	HIGD1AP2
13	82264046	82265207	ENSG00000214182	PTMAP5
9	41630397	41630883	ENSG00000229707	RP11-100J16.4
9	41776064	41777434	ENSG00000269692	RP11-45O22.1
13	83397266	83398271	ENSG00000237099	GYG1P2
9	41796924	41797395	ENSG00000231511	RP11-45O22.3
13	83719675	83720038	ENSG00000270400	RP11-464I4.1
18	45357922	45457515	ENSG00000175387	SMAD2
13	83872206	83872302	ENSG00000222791	RNU6-67P
9	41799259	41800556	ENSG00000234720	ATP5A1P8
13	84481436	84481916	ENSG00000215037	VENTXP2
9	41879688	41880646	ENSG00000226108	RP11-104G3.5
13	84594462	84594897	ENSG00000224188	UBE2D3P4
13	85094238	85095703	ENSG00000228597	MTND4P1
9	41884765	41886211	ENSG00000232239	RBPJP5
13	85095860	85098050	ENSG00000232447	MTND5P3
9	41954580	41955037	ENSG00000229273	RP11-104G3.2
13	85136499	85137371	ENSG00000233349	LINC00333
9	41961615	42019580	ENSG00000204837	RP11-204M4.2
13	85639222	85653055	ENSG00000226370	LINC00375
9	42031881	42032162	ENSG00000264356	RN7SL763P
13	85937736	86118705	ENSG00000226317	LINC00351
15	50150435	50475014	ENSG00000104043	ATP8B4
9	42037464	42037558	ENSG00000252724	SNORA70
13	86158883	86158988	ENSG00000207012	RNU6-72P
9	42037568	42037913	ENSG00000232798	RP11-204M4.1
13	86543134	86543668	ENSG00000228241	MOB1AP1
13	86634948	86745025	ENSG00000232252	RP11-30L8.1
9	42128839	42129419	ENSG00000184961	AL772307.1
9	125871779	126030855	ENSG00000165209	STRBP
13	86927755	86929524	ENSG00000214181	DDX6P2
9	95571670	95650975	ENSG00000187984	ANKRD19P
9	42250840	42251545	ENSG00000237846	RP11-216M21.1
HG243_PATCH	145464645	145471798	ENSG00000261297	SLC39A4
15	91426925	91439006	ENSG00000182511	FES
13	87377755	87378308	ENSG00000231879	TXNL1P1
9	42266980	42267558	ENSG00000230804	RP11-216M21.2
15	23043277	23100005	ENSG00000170113	NIPA1
9	42275939	42298165	ENSG00000228136	RP11-216M21.5
13	87564173	87589271	ENSG00000233528	LINC00430
9	42276765	42277236	ENSG00000236966	RP11-216M21.4
13	87871259	87871524	ENSG00000228074	UBBP5
20	55904815	55919050	ENSG00000054796	SPO11
13	88031727	88032513	ENSG00000228473	LIN28AP2
9	42312410	42316345	ENSG00000225679	RP11-216M21.6
13	88079455	88099490	ENSG00000232636	RP11-342C20.2
9	42332815	42338938	ENSG00000228871	MEP1AP1
13	88079469	88323514	ENSG00000228824	MIR4500HG
20	21106624	21227260	ENSG00000088970	PLK1S1
9	42363048	42367092	ENSG00000233207	RP11-216M21.7
9	42378941	42379047	ENSG00000212441	RNU6-1269P
15	63613577	63674360	ENSG00000074410	CA12
9	42436293	42436520	ENSG00000234812	RP11-146D12.6
13	88260162	88261489	ENSG00000272515	RP11-29P20.1
13	88270920	88270995	ENSG00000266052	MIR4500
9	42438100	42438973	ENSG00000231390	SNX18P8
13	88453291	88456063	ENSG00000223404	LINC00397
13	88459889	88463487	ENSG00000272046	RP11-471M2.3
13	88542427	88544727	ENSG00000232204	TET1P1
21	34430135	34437289	ENSG00000232539	LINC00945
13	88795122	88888337	ENSG00000231019	RP11-545P6.2
15	45118738	45119292	ENSG00000259187	CTD-2008A1.1
13	88840114	88840175	ENSG00000223059	AL354896.1
15	45135810	45135922	ENSG00000238845	Y_RNA
9	42466317	42474239	ENSG00000223839	FAM95B1
13	88888802	88889224	ENSG00000225289	RPL29P29
15	45176814	45176978	ENSG00000212424	RNU1-119P
15	45207000	45222820	ENSG00000259742	CTD-2014N11.1
13	89193119	89197764	ENSG00000229443	LINC00433
13	89279107	89282651	ENSG00000261666	LINC00560
15	45211574	45213018	ENSG00000259231	CTD-2014N11.2
13	89630701	89631039	ENSG00000233211	GRPEL2P1
15	45219798	45219901	ENSG00000252117	RNU6-1108P
15	45255028	45255131	ENSG00000252475	RNU6-1332P
13	89867101	89889144	ENSG00000232225	LINC01047
15	45262233	45263376	ENSG00000259304	CTD-2014N11.3
20	58152564	58422766	ENSG00000087495	PHACTR3
13	89901072	89902354	ENSG00000227247	TRIM60P13
9	42478013	42478478	ENSG00000224681	RP11-146D12.5
13	89925457	89932494	ENSG00000234660	LINC00440
15	45265756	45265859	ENSG00000252288	RNU6-966P
9	42491162	42492070	ENSG00000227069	CNN2P2
15	45295062	45295226	ENSG00000212550	RNU1-78P
13	90013414	90015478	ENSG00000225530	SP3P
15	45333914	45350905	ENSG00000259418	RP11-109D20.1
9	42493617	42494809	ENSG00000232433	RP11-341A11.2
15	45339301	45339413	ENSG00000252171	Y_RNA
13	90129862	90152763	ENSG00000226037	LINC01040
9	42579907	42579973	ENSG00000266353	AL591471.1
15	45365690	45366246	ENSG00000259352	RP11-109D20.2
15	45444862	45459724	ENSG00000259539	CTD-2651B20.1
9	42751727	42752381	ENSG00000225380	IGKV1OR9-2
15	45462542	45492156	ENSG00000259519	RP11-519G16.2
15	45490715	45491337	ENSG00000259932	CTD-2651B20.7
9	42779314	42779707	ENSG00000224567	AC129778.5
13	90200945	90206058	ENSG00000236176	LINC00353
9	213108	215893	ENSG00000183784	C9orf66
15	45492523	45492830	ENSG00000260035	CTD-2651B20.6
9	42779843	42779998	ENSG00000225433	MTND1P12
13	90203487	90204643	ENSG00000271395	RP11-75N6.3
18	18526867	18691812	ENSG00000067900	ROCK1
15	45506646	45507242	ENSG00000261709	SNORA11
13	90485411	90486195	ENSG00000234227	RPL7L1P1
9	42808660	42812274	ENSG00000230455	BMS1P14
13	90489424	90489491	ENSG00000200733	SNORD38
15	45507745	45508141	ENSG00000259338	CTD-2651B20.2
18	48340762	48342100	ENSG00000267233	HNRNPA3P16
13	90644085	90645132	ENSG00000215418	PEX12P1
15	45543884	45571449	ENSG00000259520	CTD-2651B20.3
18	48349947	48350490	ENSG00000239689	RPL17P46
13	90712506	90771973	ENSG00000261446	LINC00559
13	90787966	90788095	ENSG00000252696	RNA5SP34
18	48485637	48485749	ENSG00000200752	Y_RNA
9	42845768	42859085	ENSG00000184906	AC129778.2
18	48633124	48633416	ENSG00000240820	RN7SL695P
13	90823120	90824053	ENSG00000235879	FAR1P1
15	41245160	41248710	ENSG00000128965	CHAC1
18	48684652	48685753	ENSG00000267717	SRSF10P1
13	90882638	90883936	ENSG00000224419	KRT18P27
18	48810103	48810266	ENSG00000207154	RNU1-46P
9	42858072	42876505	ENSG00000156750	AQP7P3
HG243_PATCH	145478520	145483451	ENSG00000260313	VPS28
13	90883436	90883531	ENSG00000207858	MIR622
13	91145541	91187334	ENSG00000234384	LINC01049
18	48872619	49088939	ENSG00000227115	RP11-267C16.1
9	43007105	43008297	ENSG00000269225	RP11-15E1.3
13	91434020	91434123	ENSG00000251753	RNU6-75P
13	91543208	91578851	ENSG00000231674	LINC00410
9	43009842	43010747	ENSG00000269788	RP11-399F4.2
13	91675986	91676208	ENSG00000227983	BRK1P2
9	43027748	43032877	ENSG00000233244	CYP4F59P
13	91739508	91741847	ENSG00000234625	LINC00380
9	43062929	43063757	ENSG00000234416	SNX18P4
13	91779867	91783661	ENSG00000229557	LINC00379
18	48947433	48948044	ENSG00000266201	SS18L2P2
9	43065382	43065609	ENSG00000232863	RP11-327I22.1
18	48959807	48961153	ENSG00000266003	RP11-267C16.2
9	43102670	43113526	ENSG00000237587	RP11-327I22.4
13	91924335	91924831	ENSG00000214178	PPIAP23
20	21119597	21119715	ENSG00000199509	RNA5SP477
18	49072717	49072818	ENSG00000238885	snoU13
20	21129382	21143531	ENSG00000228604	RP5-872K7.7
9	43122799	43122905	ENSG00000238415	RNU6-538P
21	34484005	34496009	ENSG00000226527	AP000289.6
18	49139009	49139480	ENSG00000265402	RSL24D1P9
9	43140537	43142739	ENSG00000233074	RP11-327I22.6
9	43144980	43160008	ENSG00000224303	RP11-327I22.5
18	49213895	49214579	ENSG00000265712	RP11-440L16.1
21	34528938	34531416	ENSG00000226433	AP000290.7
13	92000074	92006833	ENSG00000215417	MIR17HG
18	49371377	49371998	ENSG00000215457	RPS8P3
21	34636178	34638565	ENSG00000223799	IL10RB-AS1
9	43162901	43169024	ENSG00000234344	MEP1AP3
20	21134664	21198927	ENSG00000232712	RP4-777D9.2
18	49862731	49865395	ENSG00000266335	RP11-25O3.1
9	95583259	95583361	ENSG00000252772	RNU6-714P
18	50463664	50463773	ENSG00000221291	AC090660.1
21	34681796	34682486	ENSG00000272659	AP000295.10
9	95599108	95599950	ENSG00000226721	EEF1DP2
15	82765134	82798350	ENSG00000255769	RP11-152F13.3
18	50763471	50763560	ENSG00000263872	hsa-mir-4528
9	43184068	43189411	ENSG00000236322	RP11-327I22.8
21	34706877	34707402	ENSG00000226501	USF1P1
18	51007205	51094653	ENSG00000264263	RP11-671P2.1
20	21146846	21147236	ENSG00000214535	RPS15AP1
21	34836773	34836865	ENSG00000266892	AP000301.1
21	34853887	34854502	ENSG00000215088	RPS5P3
13	92712097	92712222	ENSG00000252508	RNU4ATAC3P
18	51094817	51124221	ENSG00000263438	RP11-202D1.3
20	21246492	21247103	ENSG00000226875	ZNF877P
13	92832968	92833138	ENSG00000229287	FABP5P4
9	43313699	43314502	ENSG00000197805	BX649597.1
20	44462449	44471914	ENSG00000124104	SNX21
21	34854806	34856565	ENSG00000231355	AP000302.58
13	92992047	92992856	ENSG00000232885	GPC5-AS2
21	34890917	34891415	ENSG00000233956	BTF3P6
9	43318619	43319576	ENSG00000224828	RP11-186G6.5
13	93136859	93162347	ENSG00000236240	GPC5-IT1
15	82769264	82769347	ENSG00000221095	AC135995.1
20	21378456	21381029	ENSG00000225280	RP11-227D2.3
15	82770180	82770459	ENSG00000240994	RN7SL61P
13	93142416	93142473	ENSG00000263741	MIR548AS
18	51105993	51107429	ENSG00000260433	RP11-202D1.2
9	43399987	43401315	ENSG00000229489	ATP5A1P5
13	93353642	93373867	ENSG00000235984	GPC5-AS1
20	21405396	21405679	ENSG00000223128	RN7SKP140
18	51131624	51132095	ENSG00000242945	RPL29P32
20	21468882	21469263	ENSG00000226405	RP5-984P4.1
15	82804003	82810874	ENSG00000186322	GOLGA6L17P
9	43403148	43403646	ENSG00000223512	BX649597.3
20	21482033	21482606	ENSG00000227693	GSTM3P1
18	51612956	51613026	ENSG00000221058	AC090666.1
9	43425713	43427044	ENSG00000269474	BX649597.4
18	51668503	51668947	ENSG00000264296	RP11-116K4.1
20	21492085	21492947	ENSG00000258197	NKX2-2-AS1
21	35287838	35349992	ENSG00000237945	LINC00649
18	51748654	51748782	ENSG00000207233	SNORA37
20	21510840	21511382	ENSG00000233492	RP5-984P4.4
9	43617727	43618056	ENSG00000239986	RP11-366N18.2
18	51933259	51933484	ENSG00000264350	SNRPGP2
15	82816060	82818549	ENSG00000259567	DNM1P38
20	21722941	21723715	ENSG00000233015	SLC25A6P1
9	43802781	43803039	ENSG00000266425	RN7SL343P
9	43830636	43835037	ENSG00000270909	RP11-24B13.2
18	52051804	52051933	ENSG00000264564	RP11-61D1.2
20	21735866	21736171	ENSG00000227063	RPL41P1
15	82829005	82829110	ENSG00000259613	RP13-608F4.6
18	52234228	52234534	ENSG00000267428	RP11-289E15.1
9	43838621	43840027	ENSG00000237207	RP11-24B13.1
20	21928285	21951421	ENSG00000238034	RP5-1185K9.1
18	52411981	52412812	ENSG00000267524	RPSAP57
20	22034831	22055238	ENSG00000234435	RP11-125P18.1
HG243_PATCH	145483685	145499347	ENSG00000260716	TONSL
9	43997830	43998733	ENSG00000213816	CNN2P4
9	126118449	126142603	ENSG00000148204	CRB2
20	22201192	22203921	ENSG00000234862	RP5-1097P24.1
18	52546688	52548040	ENSG00000267311	RP11-99A1.2
9	44011053	44011839	ENSG00000229079	CR848007.5
15	82888224	82924290	ENSG00000259387	ADAMTS7P2
9	95644849	95661890	ENSG00000226668	RP11-526D8.7
20	22252690	22254092	ENSG00000225170	RP5-828K20.1
9	44019596	44020591	ENSG00000230635	CYP4F60P
18	52553097	52565314	ENSG00000267112	RP11-839G9.1
20	55926066	55954267	ENSG00000101146	RAE1
20	22260866	22263310	ENSG00000225321	RP5-828K20.2
HG243_PATCH	145369493	145370041	ENSG00000261562	GS1-393G12.12
18	52621634	52621963	ENSG00000267647	MAP1LC3P
9	44046989	44047817	ENSG00000229146	SNX18P5
20	22324331	22324568	ENSG00000270838	RP5-1004I9.2
18	52668527	52668629	ENSG00000264804	AC098848.1
HG243_PATCH	145449052	145449133	ENSG00000254849	hsa-mir-939
9	44051024	44069881	ENSG00000170165	CR848007.2
20	22380989	22401281	ENSG00000204684	RP5-1004I9.1
18	52773135	52791537	ENSG00000267013	CTD-2171N6.1
HG243_PATCH	145454989	145455068	ENSG00000266624	AC233992.1
20	2821349	2847378	ENSG00000215305	VPS16
9	44076368	44118444	ENSG00000236816	ANKRD20A7P
18	52813777	52813876	ENSG00000252437	RNA5SP459
20	22528309	22559280	ENSG00000259974	LINC00261
18	53119764	53150171	ENSG00000267028	RP11-619L19.1
15	23255242	23268823	ENSG00000153666	GOLGA8I
9	44107813	44107919	ENSG00000238529	RNU6-599P
18	53146452	53146529	ENSG00000264571	MIR4529
18	53159406	53163623	ENSG00000267402	RP11-619L19.2
9	44147906	44154014	ENSG00000224537	MEP1AP4
20	22568160	22588155	ENSG00000237396	RP4-788L20.3
18	53303064	53303541	ENSG00000242320	RPL21P126
15	82944773	82974312	ENSG00000259328	RP11-152F13.7
20	22656710	22665982	ENSG00000230400	RP11-359G22.2
9	44170447	44175727	ENSG00000204818	BX649563.4
18	53388294	53455992	ENSG00000267284	RP11-397A16.1
20	22713440	22714727	ENSG00000215553	KRT18P3
9	44256580	44263319	ENSG00000233424	RP11-175I6.5
21	35291350	35291642	ENSG00000244294	RN7SL740P
20	22713848	22713939	ENSG00000265151	AL158175.1
18	53443958	53448952	ENSG00000267325	RP11-397A16.2
20	22866308	22866706	ENSG00000213882	CYB5P4
15	82969419	82969698	ENSG00000241500	RN7SL256P
9	44302232	44303807	ENSG00000216829	BX005214.1
15	82970531	82970614	ENSG00000221177	AC126339.1
18	53484398	53486990	ENSG00000267172	RP11-397A16.3
20	22941171	22946700	ENSG00000228935	RP11-189G24.2
15	82975314	82975537	ENSG00000259323	RP13-608F4.5
18	53548919	53587430	ENSG00000260930	RP11-214L13.1
20	22990846	23011422	ENSG00000230492	RP4-753D10.5
9	95655980	95656787	ENSG00000232843	SNX18P2
9	44333923	44334382	ENSG00000230245	RP11-475I24.7
HG858_PATCH	116765	228460	ENSG00000261772	IQSEC3
20	23012179	23019873	ENSG00000234646	RP4-753D10.3
18	53560269	53690753	ENSG00000267327	CTD-2008L17.1
15	82970479	82988374	ENSG00000205275	CSPG4P9
9	44343366	44345689	ENSG00000204816	RP11-475I24.1
20	23061083	23061278	ENSG00000256492	AL118508.1
9	95675438	95683842	ENSG00000188101	ALOX15P2
20	23105705	23113258	ENSG00000233746	LINC00656
9	44384585	44391705	ENSG00000229311	RP11-475I24.8
20	23141494	23141608	ENSG00000201527	RNA5SP478
HG858_PATCH	62310	63501	ENSG00000273127	DDX11L8
20	23168765	23170944	ENSG00000230387	RP4-737E23.2
15	45613275	45613890	ENSG00000235390	CTD-2651B20.5
20	23327578	23332123	ENSG00000234832	RP3-322G13.7
9	44401766	44404440	ENSG00000237357	RP11-475I24.3
HG858_PATCH	64522	82015	ENSG00000261605	ABC7-42389800N19.1
21	27252861	27543446	ENSG00000142192	APP
15	45622407	45624832	ENSG00000259433	CTD-2651B20.4
15	83023847	83088805	ENSG00000259429	UBE2Q2P3
20	23337231	23338753	ENSG00000232645	RP3-322G13.5
15	45646977	45647083	ENSG00000238941	RNU6-953P
20	44470360	44486045	ENSG00000101473	ACOT8
9	44471985	44473415	ENSG00000227924	RBPJP6
15	45722850	45734006	ENSG00000259342	RP11-519G16.5
15	41271078	41408552	ENSG00000128908	INO80
HG858_PATCH	82418	82555	ENSG00000263087	AC215219.2
20	23361533	23361649	ENSG00000201728	RNA5SP479
9	44477549	44478456	ENSG00000227353	RP11-475I24.6
20	23438221	23438322	ENSG00000200208	Y_RNA
15	45725248	45725327	ENSG00000211519	MIR147B
20	23456337	23460435	ENSG00000226344	CST12P
HG858_PATCH	86602	88133	ENSG00000261001	RP11-598F7.1
15	45738661	45738722	ENSG00000252285	RNU7-5P
9	44558938	44560285	ENSG00000234861	ATP5A1P6
20	23497521	23498706	ENSG00000260202	RP3-333B15.4
9	44562093	44562588	ENSG00000223664	AL162415.4
HG858_PATCH	156524	161850	ENSG00000261718	RP11-598F7.3
15	45740625	45805965	ENSG00000259354	RP11-519G16.3
20	23499783	23522655	ENSG00000204663	CST13P
9	44584983	44586314	ENSG00000268234	AL162415.2
HG858_PATCH	187411	199169	ENSG00000261358	RP11-598F7.4
9	95857221	95857811	ENSG00000223446	RP11-274J16.5
15	45783782	45783885	ENSG00000238583	snoU13
9	44672800	44676450	ENSG00000228920	AL162415.1
20	23528401	23531289	ENSG00000204662	CST9LP1
HG858_PATCH	214664	216321	ENSG00000261322	RP11-598F7.5
9	44823714	44835521	ENSG00000231248	RP11-160N1.9
20	23564282	23567147	ENSG00000204658	RP11-218C14.2
HG858_PATCH	216856	232399	ENSG00000260321	RP11-598F7.6
20	23612463	23612953	ENSG00000270001	RP11-218C14.8
9	44850221	44850332	ENSG00000238933	Y_RNA
20	23635862	23637027	ENSG00000225056	RP11-218C14.5
HSCHR20_1_CTG1	17795253	17795683	ENSG00000262517	RP5-905G11.5
9	44873417	44874226	ENSG00000231454	RP11-160N1.8
15	45803334	45878488	ENSG00000179362	HMGN2P46
HSCHR20_1_CTG1	17823227	17823372	ENSG00000263259	AL035045.2
HSCHR6_MHC_MANN	29105657	29106593	ENSG00000228846	OR2N1P
20	23691957	23692043	ENSG00000232595	CST2P1
15	50474393	50528592	ENSG00000140284	SLC27A2
9	44998000	44998719	ENSG00000170152	RP11-374M1.7
HSCHR20_1_CTG1	17853225	17858989	ENSG00000262640	RP5-905G11.4
HSCHR6_MHC_MANN	29149308	29150243	ENSG00000230136	OR2J4P
20	23778778	23786300	ENSG00000230908	XXyac-YX60D10.1
9	44997777	44999352	ENSG00000204805	FAM27E4
HSCHR6_MHC_MANN	29183059	29184002	ENSG00000231919	OR2H4P
HSCHR20_1_CTG1	17874023	17874820	ENSG00000262802	RP5-905G11.3
20	23899408	23902806	ENSG00000228476	CSTP1
9	45001907	45003117	ENSG00000235659	RP11-374M1.5
HSCHR6_MHC_MANN	29191796	29234882	ENSG00000225188	XXbac-BPG308J9.3
9	95909322	95910838	ENSG00000203364	RP11-370F5.4
9	45004879	45023236	ENSG00000223379	RP11-374M1.4
9	96137838	96137949	ENSG00000200570	RNU6-829P
20	23961222	23961371	ENSG00000236168	RP5-831C21.1
9	45019792	45019903	ENSG00000238749	Y_RNA
HSCHR6_MHC_MANN	29197050	29197980	ENSG00000231320	OR2G1P
9	96180137	96180248	ENSG00000201074	Y_RNA
20	23969929	23971091	ENSG00000167390	POM121L3P
15	45829448	45829575	ENSG00000207516	SNORA41
9	45034957	45047145	ENSG00000229697	RP11-374M1.3
15	45850796	45855075	ENSG00000259681	RP11-96O20.2
9	96192624	96193581	ENSG00000237385	RP11-165J3.5
20	24123226	24125022	ENSG00000236151	RP5-1100I6.1
HSCHR6_MHC_MANN	29230500	29231876	ENSG00000236918	OR2U1P
15	45858974	45859272	ENSG00000259427	DPPA5P2
13	19747910	19755992	ENSG00000198033	TUBA3C
20	24180403	24205224	ENSG00000230133	RP5-1100I6.2
9	45108392	45112532	ENSG00000231527	RP11-374M1.2
15	45884182	45884283	ENSG00000200419	Y_RNA
20	24217891	24218034	ENSG00000200231	RNU1-23P
9	96197614	96199403	ENSG00000227603	RP11-165J3.6
HSCHR6_MHC_MANN	29236259	29237218	ENSG00000249415	OR2U2P
20	24278221	24298722	ENSG00000232200	RP4-564O4.1
15	45997276	46223267	ENSG00000259200	RP11-718O11.1
HSCHR6_MHC_MANN	29258526	29259468	ENSG00000227178	OR2B4P
9	45164578	45212501	ENSG00000231838	RP11-449H15.2
20	24426027	24426950	ENSG00000234069	GAPDHP53
HSCHR6_MHC_MANN	29267067	29267606	ENSG00000257805	BX908738.1
9	45363481	45363852	ENSG00000234299	CDK2AP2P1
15	46391391	46392590	ENSG00000259743	RP11-315O8.1
20	24472108	24482981	ENSG00000228539	RP11-526K17.2
HSCHR6_MHC_MANN	29297452	29298887	ENSG00000225927	DDX6P1
9	45375910	45377188	ENSG00000235130	MYO5BP1
15	46633552	46633797	ENSG00000259593	RP11-640I2.1
20	24660183	24661627	ENSG00000231015	RP5-860P4.2
13	19756173	19761496	ENSG00000121388	RP11-408E5.4
HSCHR6_MHC_MANN	29384641	29385587	ENSG00000248182	OR12D1
9	45393845	45415976	ENSG00000235037	RP11-187C18.5
20	24954807	24954916	ENSG00000207355	RNU6-1257P
15	46643860	46643944	ENSG00000238819	SNORD11
9	45424050	45424634	ENSG00000236157	RP11-187C18.4
20	25079741	25080564	ENSG00000225069	RP5-1025A1.2
HSCHR6_MHC_MANN	29431944	29437154	ENSG00000226365	UBDP1
15	46952856	46952958	ENSG00000238456	RNU6-1014P
9	45484572	45488153	ENSG00000232116	RP11-187C18.2
15	46985486	47097042	ENSG00000259255	RP11-627D16.1
18	53670844	53858493	ENSG00000206129	CTD-2008L17.2
HSCHR6_MHC_MANN	29442373	29443419	ENSG00000230957	MAS1LP1
15	47012391	47012710	ENSG00000223308	RN7SKP101
9	96327975	96328082	ENSG00000263875	AL353629.1
9	45562979	45563576	ENSG00000187060	RP11-187C18.3
20	25121425	25129894	ENSG00000230725	RP4-738P15.1
15	47119724	47120156	ENSG00000259509	RP11-627D16.2
9	96581639	96581703	ENSG00000265347	MIR4291
HSCHR6_MHC_MANN	29456620	29457025	ENSG00000228840	RPS17P1
9	96619365	96620615	ENSG00000231990	RP11-53B5.1
9	45656241	45656586	ENSG00000227569	RP11-266E16.1
15	47249731	47249815	ENSG00000252500	AC087433.1
15	47534401	47534476	ENSG00000222311	AC084882.1
9	96717879	96721422	ENSG00000235601	RP11-231K24.2
HSCHR6_MHC_MANN	29464858	29477904	ENSG00000228370	XXbac-BPG13B8.10
9	45661987	45662268	ENSG00000264628	RN7SL565P
20	25141803	25142697	ENSG00000225344	RP4-738P15.4
15	47564794	47565086	ENSG00000222343	RN7SKP139
18	53709366	53763550	ENSG00000267057	RP11-456O19.2
9	45729709	45730417	ENSG00000229523	RP11-7G23.4
20	25195334	25195434	ENSG00000202414	Y_RNA
15	47566380	47567361	ENSG00000259554	RP11-408J6.1
9	96800312	96800627	ENSG00000227666	CYCSP24
20	25348911	25349402	ENSG00000227379	PPIAP2
9	45733441	45734160	ENSG00000184879	RP11-7G23.8
20	25591789	25591859	ENSG00000251883	RNU6ATAC17P
15	47651627	47688929	ENSG00000259221	CTD-2050N2.1
9	45737473	45738490	ENSG00000231517	RP11-7G23.5
18	53728340	53730309	ENSG00000267399	RP11-456O19.5
9	45755239	45755350	ENSG00000238930	Y_RNA
18	53746625	53746825	ENSG00000201816	SNORA73
9	45949232	45949823	ENSG00000228243	RP11-436G20.1
20	25604681	25658710	ENSG00000213742	ZNF337-AS1
9	96928571	96962909	ENSG00000269946	RP11-2B6.3
20	55933496	55934878	ENSG00000256222	MTRNR2L3
9	46042425	46042722	ENSG00000225812	RP11-157L3.3
9	46042781	46042875	ENSG00000252617	SNORA70
18	53750587	53804767	ENSG00000267712	RP11-456O19.4
9	46048172	46048453	ENSG00000264967	RN7SL722P
9	46113699	46114039	ENSG00000235938	RP11-157L3.4
20	25635232	25635517	ENSG00000242236	RN7SL594P
9	46117172	46117907	ENSG00000228617	RP11-157L3.2
20	25650493	25651022	ENSG00000236542	MED28P7
9	46117312	46117651	ENSG00000226129	RP11-157L3.5
20	25714900	25715729	ENSG00000230772	VN1R108P
9	46121006	46121348	ENSG00000234725	RP11-157L3.1
20	25731854	25733397	ENSG00000226465	RP13-401N8.1
9	46141564	46141675	ENSG00000238413	Y_RNA
9	96938234	96938325	ENSG00000199165	MIRLET7A1
9	46169973	46170336	ENSG00000227490	RP11-157L3.6
18	53805843	53810452	ENSG00000267732	RP11-456O19.3
20	25816621	25817468	ENSG00000250090	RP13-401N8.3
9	46270841	46274928	ENSG00000225353	RP11-292F9.1
18	54420457	54420557	ENSG00000206865	Y_RNA
9	96938629	96938715	ENSG00000199072	MIRLET7F1
20	25900135	25900317	ENSG00000228593	CFTRP1
18	54539899	54541201	ENSG00000267146	RP11-383D22.1
9	96938740	96940174	ENSG00000269929	RP11-2B6.2
9	46334292	46334508	ENSG00000224937	RP11-34H11.6
20	25936448	25949924	ENSG00000226203	RP4-760C5.5
9	46359242	46380257	ENSG00000231481	RP11-292F9.2
9	96938884	96966850	ENSG00000230262	MIRLET7DHG
18	54624501	54624699	ENSG00000212539	U3
20	25989427	25991167	ENSG00000231081	RP4-760C5.3
9	46362605	46362716	ENSG00000239090	Y_RNA
18	54695063	54706076	ENSG00000267225	WDR7-OT1
9	46382965	46383307	ENSG00000226546	RP11-34H11.5
18	54721813	54739350	ENSG00000258609	LINC-ROR
20	25999468	26001320	ENSG00000204556	CTD-2514C3.1
20	55966463	55984389	ENSG00000132819	RBM38
9	46387012	46387222	ENSG00000204813	RP11-34H11.3
9	214854	465259	ENSG00000107099	DOCK8
18	54803553	54814229	ENSG00000267789	CTD-2526M8.3
9	46390070	46390277	ENSG00000224615	RP11-34H11.1
9	126141933	126692431	ENSG00000119522	DENND1A
18	54836846	54838425	ENSG00000267726	CTD-2526M8.2
9	46577620	46578220	ENSG00000231995	RP11-111F5.2
18	54951833	54951939	ENSG00000202240	RNU6-737P
9	96941116	96941202	ENSG00000199133	MIRLET7D
18	55103053	55103112	ENSG00000266636	AC090340.1
20	26035291	26073683	ENSG00000125804	FAM182A
9	46661242	46662837	ENSG00000231212	RP11-111F5.3
18	55297534	55405276	ENSG00000267040	RP11-35G9.3
9	46669135	46669441	ENSG00000236450	RP11-111F5.1
9	46669492	46669586	ENSG00000252133	SNORA70
9	96995760	96995863	ENSG00000238792	snoU13
9	46674882	46675163	ENSG00000263901	RN7SL544P
9	97007971	97008041	ENSG00000252723	RNU6-677P
20	26084052	26094664	ENSG00000240108	NCOR1P1
9	97049981	97050832	ENSG00000237679	VDAC1P11
18	18822203	19105378	ENSG00000141449	GREB1L
9	46685429	46688137	ENSG00000204802	RP11-111F5.4
9	97094758	97123230	ENSG00000232063	RP11-307E17.8
20	26113523	26114834	ENSG00000230440	RP13-329D4.3
15	47689698	47691751	ENSG00000259360	RP11-142J21.1
15	47817366	47819953	ENSG00000259740	RP11-142J21.2
9	97100629	97101015	ENSG00000224815	RP11-307E17.9
15	47844672	47844768	ENSG00000221202	AC012050.1
15	47896077	47898549	ENSG00000259588	RP11-552E10.1
9	97258557	97275161	ENSG00000224245	RP11-533K9.3
15	48022341	48023132	ENSG00000213862	CTD-2270N23.1
9	46687462	46746500	ENSG00000227449	RP11-111F5.5
15	48095581	48138433	ENSG00000259572	RP11-198M11.2
9	46698472	46705305	ENSG00000233651	RP11-111F5.8
15	48176507	48341309	ENSG00000259754	RP11-208K4.1
9	46706671	46706979	ENSG00000226429	RP11-111F5.6
15	48236241	48241706	ENSG00000259730	CTD-2007H18.1
9	46755557	46755935	ENSG00000224603	RP11-96J15.1
15	48454002	48454100	ENSG00000266143	AC066612.1
9	46786249	46787634	ENSG00000204801	RP11-96J15.2
15	48481234	48483888	ENSG00000259235	RP11-605F22.2
20	26167556	26232162	ENSG00000227195	MIR663A
9	46826492	46833319	ENSG00000232827	RP11-211N8.7
15	48484388	48493881	ENSG00000259385	RP11-605F22.1
21	27838528	27945603	ENSG00000166265	CYYR1
9	46843638	46846025	ENSG00000226007	RP11-211N8.2
20	58438618	58508710	ENSG00000196074	SYCP2
9	97270020	97270126	ENSG00000202445	RNU6-669P
9	97317351	97330409	ENSG00000231806	PCAT7
15	50534144	50558223	ENSG00000140287	HDC
9	46842616	46844326	ENSG00000212951	RP11-211N8.3
9	97572244	97572339	ENSG00000252153	MIR2278
9	97586554	97587055	ENSG00000230815	RP11-49O14.3
9	46912527	46913973	ENSG00000234217	RBPJP7
9	97662711	97667036	ENSG00000236095	RP11-49O14.2
9	97690833	97697228	ENSG00000224764	RP11-54O15.3
9	46918098	46919049	ENSG00000236825	RP11-211N8.5
9	46921026	46922100	ENSG00000234451	RP11-211N8.6
9	46998213	46999491	ENSG00000241571	ATP5A1P7
9	47001334	47001835	ENSG00000234276	BX664724.4
13	19997017	20110903	ENSG00000132958	TPTE2
9	47021337	47022699	ENSG00000235256	BX664724.1
9	47249606	47264801	ENSG00000237132	VN2R6P
20	26171625	26174582	ENSG00000238129	RP3-410C9.2
20	29449474	29449652	ENSG00000204555	RP4-610C12.2
20	29513582	29521213	ENSG00000205611	RP4-610C12.4
9	65467783	65469026	ENSG00000203372	RP11-101E5.1
20	29521637	29522987	ENSG00000225490	RP4-610C12.3
15	63796793	63886839	ENSG00000140455	USP3
9	65487273	65494248	ENSG00000229746	FAM74A4
20	29543691	29543802	ENSG00000200325	Y_RNA
18	45553044	45937123	ENSG00000184828	ZBTB7C
21	35339403	35340874	ENSG00000273102	AP000569.9
9	65496525	65496924	ENSG00000235496	RP11-101E5.2
20	29558488	29596406	ENSG00000231934	RP4-610C12.1
21	35445892	35732332	ENSG00000272657	AP000320.7
20	29637162	29637300	ENSG00000221319	AL441988.1
9	97847490	97847586	ENSG00000207563	MIR23B
21	35507732	35508371	ENSG00000224598	RPS5P2
20	29637799	29638060	ENSG00000238151	MLLT10P1
9	97847727	97847823	ENSG00000207864	MIR27B
21	28208066	28217728	ENSG00000154734	ADAMTS1
20	29861973	29862670	ENSG00000215546	DKKL1P1
9	97848296	97848376	ENSG00000207617	MIR3074
18	55306687	55405276	ENSG00000267787	RP11-35G9.5
20	29873120	29874638	ENSG00000224628	RP5-854E16.2
9	97875990	97876743	ENSG00000229065	RP11-80I15.4
9	65585692	65661972	ENSG00000237792	RP11-203I2.1
18	55422626	55422732	ENSG00000202159	RNU6-742P
20	29899106	29899765	ENSG00000237929	RPL31P3
21	35552978	35562220	ENSG00000227456	LINC00310
18	55505708	55506198	ENSG00000231544	RSL24D1P11
20	29929174	29932274	ENSG00000236121	HAUS6P2
20	29944673	29944781	ENSG00000252649	RNA5SP480
20	29948578	29948733	ENSG00000212717	DEFB117
18	55628463	55631666	ENSG00000267209	RP11-693L9.2
20	29964122	29964249	ENSG00000212134	SNORA40
20	30009239	30016983	ENSG00000204547	DEFB122
18	55684016	55684116	ENSG00000265200	AC090324.1
9	126763949	126795580	ENSG00000106689	LHX2
18	55686021	55686293	ENSG00000235028	HMGN1P30
18	55857066	55862928	ENSG00000267743	RP11-718I15.1
20	30073581	30075377	ENSG00000233354	LINC00028
9	65696702	65725786	ENSG00000231379	RP11-237M21.1
15	23405069	23414193	ENSG00000259455	RP11-467N20.5
18	56038798	56039898	ENSG00000267504	RP11-845C23.2
9	97885803	97886150	ENSG00000223849	RP11-80I15.1
20	30135307	30135852	ENSG00000101898	RP3-324O17.4
18	56065895	56067314	ENSG00000267396	RP11-845C23.3
9	97904731	97904823	ENSG00000251884	RNA5SP288
20	30150969	30151879	ENSG00000235313	HM13-IT1
9	97934777	97934880	ENSG00000238746	snoU13
9	65880533	65883885	ENSG00000233022	RP11-118H15.1
18	56083997	56084860	ENSG00000267675	RP11-1151B14.2
9	98054620	98057092	ENSG00000230221	RP11-173G21.1
20	30155510	30161066	ENSG00000230613	HM13-AS1
20	30168892	30168995	ENSG00000201770	RNU6-384P
9	98169272	98169944	ENSG00000271384	RP11-435O5.7
18	56113507	56116856	ENSG00000267391	RP11-1151B14.3
9	65973177	65974604	ENSG00000237086	RBPJP2
20	30194989	30195043	ENSG00000264395	MIR3193
9	98175549	98175731	ENSG00000213761	MT1P1
18	56118306	56118390	ENSG00000207778	MIR122
20	30274019	30304628	ENSG00000236559	RP11-243J16.7
9	65978720	65979683	ENSG00000237191	RP11-120E5.2
9	98177116	98189078	ENSG00000237857	RP11-435O5.2
20	30396306	30396552	ENSG00000230801	RP11-243J16.8
18	56133495	56133559	ENSG00000252330	AC105105.1
18	56202647	56205784	ENSG00000267257	RP11-1151B14.4
20	30489057	30489229	ENSG00000199497	RNU1-94P
9	98257206	98257661	ENSG00000271314	RP11-435O5.6
9	66058843	66060121	ENSG00000243382	ATP5A1P10
20	30596154	30596275	ENSG00000252623	RNA5SP481
20	30615556	30619378	ENSG00000226239	RP1-310O13.7
9	66061968	66062463	ENSG00000223449	RP11-93P10.2
18	56224302	56233909	ENSG00000267579	RP11-126O1.2
20	30638391	30638508	ENSG00000212571	RNA5SP482
9	66081972	66083332	ENSG00000242301	RP11-93P10.3
18	56267863	56267930	ENSG00000252284	SNORD28
20	30706457	30706554	ENSG00000265736	AL049539.1
20	30758193	30758593	ENSG00000224452	RSL24D1P6
18	56298491	56299352	ENSG00000239659	RPL9P31
9	66342521	66343121	ENSG00000237869	RP11-459O16.1
21	28290231	28338832	ENSG00000154736	ADAMTS5
15	23599895	23612378	ENSG00000261739	GOLGA8S
9	66345261	66346161	ENSG00000233414	CNN2P5
18	56337712	56339109	ENSG00000267226	RP11-126O1.5
9	98268517	98269918	ENSG00000271155	RP11-435O5.5
20	30774280	30778330	ENSG00000235217	TSPY26P
9	66358548	66359282	ENSG00000233171	RP11-459O16.3
18	56339845	56419962	ENSG00000267476	RP11-126O1.4
18	56357588	56359385	ENSG00000266946	MRPL37P1
20	30825598	30825650	ENSG00000221667	MIR1825
9	66366966	66367990	ENSG00000235327	CYP4F61P
13	20207788	20247599	ENSG00000196199	MPHOSPH8
20	30865503	30865591	ENSG00000264308	AL121897.1
18	56419380	56421709	ENSG00000267010	RP11-108P20.1
20	31037558	31041410	ENSG00000236772	RP5-1184F4.5
9	66394412	66395279	ENSG00000234430	SNX18P6
20	31148895	31161690	ENSG00000233293	RP11-410N8.3
HSCHR6_MHC_SSTO	31578395	31595492	ENSG00000231825	PRRC2A
20	31169765	31181702	ENSG00000228156	RP11-410N8.1
9	66396886	66397113	ENSG00000235003	RP11-459O16.7
9	98276327	98276802	ENSG00000271659	RP11-435O5.4
9	66457285	66469310	ENSG00000238113	RP11-262H14.1
9	98361827	98368568	ENSG00000229345	RP11-332M4.1
20	31219428	31261743	ENSG00000198547	C20orf203
15	41474923	41522941	ENSG00000178997	EXD1
21	35577356	35697334	ENSG00000214955	AP000318.2
21	35677430	35677493	ENSG00000266007	AP000318.1
9	66458144	66458262	ENSG00000202474	RNA5SP283
21	35743101	35747647	ENSG00000225555	AP000320.6
20	31276723	31278816	ENSG00000175730	BAK1P1
9	66473375	66473673	ENSG00000203438	AL512625.1
21	35784498	35784885	ENSG00000273104	CMP21-97G8.1
21	35797806	35798315	ENSG00000272958	CMP21-97G8.2
9	66493572	66494196	ENSG00000229422	RP11-262H14.5
20	31430934	31442063	ENSG00000260536	RP5-1085F17.4
21	35828408	35828535	ENSG00000221398	SNORA11
9	66499743	66499994	ENSG00000184523	PTGER4P2
20	31444848	31446557	ENSG00000260257	RP5-1085F17.3
21	36096105	36109478	ENSG00000230978	LINC00160
9	66500642	66501008	ENSG00000237451	CDK2AP2P2
20	31635323	31635958	ENSG00000214245	HDHD1P3
9	98412436	98478000	ENSG00000228142	RP11-180I4.2
20	31645394	31645476	ENSG00000263856	AL121756.1
9	66513032	66514308	ENSG00000238245	MYO5BP2
21	36118054	36157183	ENSG00000234380	AP000330.8
20	31775197	31776098	ENSG00000237662	SOCS2P1
21	30244513	30257693	ENSG00000156239	N6AMT1
21	36508935	36511519	ENSG00000234703	AF015262.2
20	31781391	31798268	ENSG00000183566	BPIFA4P
21	36844393	36844730	ENSG00000223671	RPL34P3
9	66513488	66553911	ENSG00000234665	RP11-262H14.3
15	83041000	83125316	ENSG00000230903	RPL9P8
21	36972030	36972320	ENSG00000231300	EZH2P1
9	98415194	98415548	ENSG00000227358	RP11-180I4.1
21	37085437	37105240	ENSG00000230794	AF015720.3
15	83087381	83102960	ENSG00000259310	RP11-152F13.8
21	37093013	37093106	ENSG00000211590	MIR802
20	31802726	31804873	ENSG00000224876	RP11-49G10.3
21	37097045	37097398	ENSG00000229761	RPS20P1
20	31860068	31860463	ENSG00000233106	RPL12P3
15	83128128	83145983	ENSG00000205271	CSPG4P10
21	37259365	37260724	ENSG00000234008	PPP1R2P2
9	66516697	66520781	ENSG00000227582	RP11-262H14.7
20	31904675	31917775	ENSG00000233146	BPIFB5P
9	66544359	66545745	ENSG00000219693	RP11-262H14.11
20	31935526	31942250	ENSG00000125997	BPIFB9P
20	32046605	32046854	ENSG00000264923	RN7SL511P
20	32244893	32245415	ENSG00000272521	RP1-63M2.6
9	66553273	66555928	ENSG00000170161	RP11-262H14.4
20	32262323	32263186	ENSG00000271803	RP1-63M2.5
20	32316737	32319634	ENSG00000229188	RP4-553F4.2
20	32339973	32340349	ENSG00000230837	RPL31P2
9	66664325	66665950	ENSG00000227318	RP11-282E4.1
20	32375179	32398903	ENSG00000230753	RP4-553F4.6
15	91445448	91465814	ENSG00000196547	MAN2A2
15	83141718	83182928	ENSG00000259472	RP13-996F3.3
9	66693277	66721073	ENSG00000228991	RP11-318K12.1
20	32500129	32501142	ENSG00000214200	TPM3P2
9	66712628	66712734	ENSG00000206946	RNU6-156P
9	66720898	66759372	ENSG00000230857	RP11-318K12.2
9	470291	746105	ENSG00000107104	KANK1
20	32552968	32553382	ENSG00000228958	PIGPP3
9	98521513	98638259	ENSG00000175611	LINC00476
13	20248896	20357142	ENSG00000121390	PSPC1
9	66836662	66836791	ENSG00000270092	RP11-318K12.3
15	83145848	83145931	ENSG00000221517	AC010724.1
15	83146764	83147043	ENSG00000243464	RN7SL410P
9	66858537	66858612	ENSG00000238638	AL353626.1
20	32570858	32582163	ENSG00000228265	RP5-1125A11.1
9	66861461	66861543	ENSG00000264898	AL353626.2
9	66930569	66930965	ENSG00000244081	RP11-350D23.4
9	66951142	66951845	ENSG00000235355	RP11-381O7.4
15	83188579	83195251	ENSG00000254374	GOLGA6L21P
9	66954107	66954749	ENSG00000234320	RP11-381O7.6
20	32602775	32605555	ENSG00000228386	RP5-1125A11.4
15	23684645	23692381	ENSG00000174450	GOLGA6L2
18	45778672	45779208	ENSG00000268960	AC091150.1
9	66960613	66964189	ENSG00000198312	BMS1P9
20	32636925	32636996	ENSG00000264616	MIR4755
20	32668955	32669754	ENSG00000229472	RP1-64K7.4
20	32710276	32711096	ENSG00000225246	RPS2P1
15	83200404	83202890	ENSG00000259637	DNM1P42
9	67017400	67032072	ENSG00000182021	RP11-381O7.3
15	83316521	83361572	ENSG00000259462	RP11-752G15.3
20	32801301	32803698	ENSG00000214185	XPOTP1
20	32822646	32868979	ENSG00000250917	RP4-785G19.5
15	83360475	83361110	ENSG00000259707	RP11-752G15.4
20	32833759	32834343	ENSG00000236456	RP4-785G19.2
21	37377636	37380136	ENSG00000231106	AP000688.8
15	83379223	83382778	ENSG00000228141	AC105339.1
9	98622186	98622298	ENSG00000252847	RNU2-46P
20	32869438	32874272	ENSG00000272945	CTD-3216D2.5
9	67032331	67048373	ENSG00000176115	AQP7P4
9	98667287	98667423	ENSG00000199202	RNA5SP289
21	37388377	37388844	ENSG00000214914	RPL23AP3
20	32935477	32935591	ENSG00000234087	CTD-3216D2.4
9	98680418	98680986	ENSG00000237631	RP11-72B4.2
20	32971971	32972071	ENSG00000201498	Y_RNA
21	37422512	37423675	ENSG00000189089	RIMKLBP1
9	98782014	98790247	ENSG00000225194	LINC00092
20	32989955	32990502	ENSG00000234933	CDC42P1
15	83394625	83407656	ENSG00000259315	RP11-752G15.9
9	67094933	67094999	ENSG00000265285	AL591379.1
21	37432730	37436706	ENSG00000236677	AP000688.11
9	67225386	67225452	ENSG00000265601	AL845321.1
20	33029397	33029830	ENSG00000236388	ITCH-AS1
21	37438843	37438950	ENSG00000200213	RNU6-992P
13	20268547	20269240	ENSG00000269591	AL354808.2
20	33038735	33042357	ENSG00000231795	ITCH-IT1
9	98857493	98864194	ENSG00000237212	RP11-569G13.2
15	83395302	83395385	ENSG00000266697	AC105339.2
21	37441940	37498938	ENSG00000230212	AP000688.14
15	83412975	83419041	ENSG00000259442	RP11-752G15.8
20	33054130	33054223	ENSG00000207997	MIR644A
9	67272038	67289492	ENSG00000186466	AQP7P1
HSCHR6_MHC_MANN	29496774	29500922	ENSG00000225426	LINC01015
20	33063729	33064279	ENSG00000181741	FDX1P1
21	37455157	37462712	ENSG00000236119	AP000688.15
9	127019885	127115586	ENSG00000119408	NEK6
21	37477179	37481988	ENSG00000233393	AP000688.29
20	33114315	33114411	ENSG00000206582	Y_RNA
20	33276492	33276782	ENSG00000231034	RP11-346K17.3
15	83419316	83425958	ENSG00000250988	RP11-752G15.6
21	37502669	37504208	ENSG00000226054	MEMO1P1
HSCHR6_MHC_MANN	29505058	29506141	ENSG00000237811	GPR53P
9	98865361	98865456	ENSG00000201938	Y_RNA
20	33421378	33422265	ENSG00000225336	HMGB3P1
HSCHR6_MHC_SSTO	32765194	32766025	ENSG00000233317	MTCO3P1
HSCHR6_MHC_MANN	29520600	29521547	ENSG00000223441	OR2I1P
9	67285298	67298632	ENSG00000228522	RP11-236F9.2
20	33578179	33578300	ENSG00000207635	MIR499A
HSCHR6_MHC_SSTO	32776588	32777418	ENSG00000232343	XXbac-BPG254F23.7
HSCHR6_MHC_MANN	29541315	29542242	ENSG00000225034	OR2H5P
20	33618120	33618223	ENSG00000202150	RNU6-407P
20	33704939	33705010	ENSG00000201151	SNORD56
20	33783109	33783226	ENSG00000200301	RNA5SP483
9	67327775	67334983	ENSG00000237238	BMS1P10
HSCHR6_MHC_MANN	29544866	29545155	ENSG00000224241	TMEM183AP1
20	33789550	33791091	ENSG00000269202	RP4-614O4.12
15	83421636	83425960	ENSG00000252690	SCARNA15
20	33802392	33802492	ENSG00000264888	AL121753.1
HSCHR6_MHC_SSTO	32789345	32790282	ENSG00000234968	HLA-DQB3
15	83594636	83772195	ENSG00000259805	RP11-382A20.5
HSCHR6_MHC_MANN	29549656	29549739	ENSG00000265663	SNORD33
9	841690	969090	ENSG00000137090	DMRT1
15	83681413	83730597	ENSG00000260608	RP11-382A20.7
HSCHR6_MHC_SSTO	32808498	32808565	ENSG00000264770	MIR3135B
HSCHR6_MHC_MANN	29549915	29550432	ENSG00000224146	RPL13AP
9	67579807	67583159	ENSG00000223408	RP11-38P6.1
15	50569389	50647605	ENSG00000104064	GABPB1
15	23810454	23873064	ENSG00000179455	MKRN3
15	83684154	83684448	ENSG00000249214	AC022558.1
9	98908289	98910138	ENSG00000224546	EIF4BP3
9	67764522	67764633	ENSG00000199432	Y_RNA
15	83690988	83693088	ENSG00000259767	RP11-90B9.2
HSCHR6_MHC_MANN	29603405	29603688	ENSG00000228130	SUMO2P1
15	83691323	83759534	ENSG00000260351	RP11-382A20.6
9	98998105	98998204	ENSG00000265367	AL160269.1
9	67785634	67786684	ENSG00000170217	RP11-12A20.2
18	46065417	46389588	ENSG00000134030	CTIF
9	99008744	99012675	ENSG00000232283	RP11-240L7.4
HSCHR6_MHC_SSTO	32901778	32904187	ENSG00000233140	TAPSAR1
15	83713120	83713523	ENSG00000259308	RP11-382A20.1
20	33804265	33865934	ENSG00000126005	MMP24-AS1
9	99018498	99018601	ENSG00000207276	RNU6-1160P
HSCHR6_MHC_MANN	29675447	29675869	ENSG00000226303	ZDHHC20P1
9	67789326	67789530	ENSG00000229198	RP11-12A20.4
9	99169566	99170079	ENSG00000238251	RP11-172F4.2
15	83736087	83736167	ENSG00000263643	MIR4515
HSCHR6_MHC_MANN	29687866	29688856	ENSG00000229573	HCG4P11
9	67789674	67789866	ENSG00000233172	RP11-12A20.6
15	83782369	83783318	ENSG00000260579	RP11-382A20.2
9	67792167	67794649	ENSG00000236233	RP11-12A20.7
15	83847934	84108197	ENSG00000259986	RP11-382A20.4
9	67858947	67859228	ENSG00000240165	RN7SL787P
21	37504065	37528615	ENSG00000236830	CBR3-AS1
9	67864533	67864627	ENSG00000252878	SNORA70
HSCHR6_MHC_MANN	29691488	29713937	ENSG00000226378	DAQB-335A13.8
15	84284938	84285010	ENSG00000223180	AC087738.1
9	67864636	67864981	ENSG00000223983	RP11-12A20.8
15	84386179	84386274	ENSG00000212374	RNU6-401P
9	976964	991731	ENSG00000064218	DMRT3
15	84408536	84408951	ENSG00000261665	TUBA8P2
9	67937393	67937499	ENSG00000238397	RNU6-368P
20	33805812	33805988	ENSG00000229230	MT1P3
9	68176988	68177568	ENSG00000233555	RP11-452D2.1
15	84493615	84493705	ENSG00000200444	RNU6-1339P
15	84657985	84658097	ENSG00000221484	AC027807.1
20	33855688	33867846	ENSG00000261582	RP4-614O4.11
9	68298799	68299489	ENSG00000234042	RP11-452D2.2
15	84721865	84748849	ENSG00000259609	RP11-342A23.1
9	68315598	68316175	ENSG00000268951	RP11-149F8.3
13	20397622	20437776	ENSG00000132950	ZMYM5
HSCHR6_MHC_MANN	29691556	29692026	ENSG00000242039	RPL23AP1
20	33873054	33873559	ENSG00000235214	FAM83C-AS1
22	23915312	23922495	ENSG00000128322	IGLL1
9	68324611	68340644	ENSG00000224267	RP11-149F8.5
20	34041776	34041919	ENSG00000221763	MIR1289-1
HSCHR6_MHC_MANN	29706617	29713857	ENSG00000250154	MICE
21	30300466	30365270	ENSG00000198862	LTN1
9	68325436	68325907	ENSG00000225360	RP11-149F8.4
20	34064028	34078808	ENSG00000230155	RP3-477O4.14
15	84748920	84795356	ENSG00000259404	EFTUD1P1
9	68357280	68358558	ENSG00000228656	MYO5BP3
9	99449338	99483403	ENSG00000224848	RP11-535M15.1
9	68370604	68370975	ENSG00000226020	CDK2AP2P3
15	23888691	23891175	ENSG00000254585	MAGEL2
20	34106682	34107108	ENSG00000268340	RP3-477O4.16
9	99488172	99489751	ENSG00000233820	RP11-535M15.2
9	68371626	68371877	ENSG00000239684	PTGER4P3
HSCHR6_MHC_MANN	29713177	29713401	ENSG00000228900	HCG9P5
9	99672358	99672687	ENSG00000269907	RP11-330M2.4
9	68397878	68409893	ENSG00000225411	RP11-764K9.1
15	84839930	84841946	ENSG00000259694	RP13-262C2.3
HSCHR6_MHC_MANN	29715258	29715359	ENSG00000264495	Y_RNA
9	99681210	99681600	ENSG00000227257	RP11-330M2.3
9	68408924	68409041	ENSG00000207277	RNA5SP284
15	23930565	23932450	ENSG00000182636	NDN
HSCHR6_MHC_MANN	29715614	29716034	ENSG00000233023	IFITM4P
9	68413482	68414196	ENSG00000232815	LINC00537
15	84855504	84866136	ENSG00000259726	CSPG4P11
20	34108569	34117481	ENSG00000242507	RP3-477O4.5
9	68415308	68415388	ENSG00000266017	MIR4477A
20	44486256	44507761	ENSG00000132801	ZSWIM3
9	68427861	68455375	ENSG00000215548	RP11-764K9.4
HSCHR6_MHC_MANN	29755659	29762533	ENSG00000224736	HLA-V
9	127115745	127177723	ENSG00000136930	PSMB7
HG686_PATCH	95663313	95664408	ENSG00000261328	AC097374.3
HG962_PATCH	70843567	70844228	ENSG00000266622	RP11-561O23.8
9	68512346	68512422	ENSG00000263754	CR786580.2
9	68513105	68513187	ENSG00000263614	CR786580.1
HG686_PATCH	95664737	95665349	ENSG00000260667	AC097374.4
15	24920541	24928593	ENSG00000185823	NPAP1
9	99717102	99717743	ENSG00000236745	YRDCP2
9	68726629	68745997	ENSG00000229789	RP11-391M20.1
20	34132175	34132492	ENSG00000224497	RPL36P4
HG962_PATCH	70921453	70945369	ENSG00000265586	RP11-561O23.9
9	1050354	1057552	ENSG00000173253	DMRT2
9	99830031	99830910	ENSG00000197214	TCEA1P1
HSCHR6_MHC_MANN	29755838	29757872	ENSG00000226379	HCG4
20	44509866	44513905	ENSG00000168612	ZSWIM1
9	68741234	68809906	ENSG00000204794	PGM5P1
9	99837953	99844227	ENSG00000228376	RP11-520B13.4
20	56071035	56100708	ENSG00000124092	CTCFL
HG686_PATCH	95676179	95676578	ENSG00000260875	RPS24P6
18	56419411	56421130	ENSG00000267705	RP11-108P20.3
HSCHR6_MHC_MANN	29765137	29767145	ENSG00000261134	HLA-P
15	41523037	41574043	ENSG00000187446	CHP1
HG325_PATCH	50355222	50360338	ENSG00000261921	HYAL2
HG989_PATCH	31882412	31907525	ENSG00000260384	SERINC2
18	56422091	56425074	ENSG00000267501	RP11-108P20.2
HG962_PATCH	70970105	70972768	ENSG00000265923	PGM5-AS1
20	44515128	44516274	ENSG00000149634	SPATA25
9	68997409	68997484	ENSG00000266021	AL353763.2
18	56470253	56470561	ENSG00000265229	RN7SL112P
HSCHR6_MHC_MANN	29767917	29768713	ENSG00000233465	RPL7AP7
9	69001999	69002081	ENSG00000238919	AL353763.1
18	56472500	56472606	ENSG00000201598	RNU6-219P
9	69002239	69002321	ENSG00000239070	MIR1299
18	56481112	56501596	ENSG00000267593	RP11-108P20.4
HSCHR6_MHC_MANN	29777286	29777417	ENSG00000229461	MICG
9	69065655	69084989	ENSG00000233961	RP11-87H9.2
HG989_PATCH	31960438	31961608	ENSG00000261006	RP11-439L8.2
HG962_PATCH	71010609	71021416	ENSG00000265220	RP11-88I18.2
HSCHR6_MHC_MANN	29792094	29793073	ENSG00000224801	HCG4P8
18	56486115	56486248	ENSG00000199713	U8
HG989_PATCH	31970424	31970530	ENSG00000263147	U6
20	44517264	44519926	ENSG00000124257	NEURL2
18	56593429	56593528	ENSG00000251870	RNU2-69P
HSCHR6_MHC_MANN	29816712	29816840	ENSG00000235498	MICF
HSCHR6_MHC_MANN	29845969	29846931	ENSG00000231197	HCG4P7
15	84867600	84898888	ENSG00000225151	GOLGA2P7
HSCHR6_MHC_MANN	29846427	29849143	ENSG00000223463	HLA-H
HG989_PATCH	31972932	32013732	ENSG00000260386	RP11-439L8.3
9	69080240	69147854	ENSG00000227558	PGM5P2
18	56663966	56736570	ENSG00000224367	OACYLP
HSCHR6_MHC_SSTO	32936831	32937507	ENSG00000223939	PPP1R2P1
9	99855976	99856920	ENSG00000228038	VN1R51P
22	17350368	17352016	ENSG00000237689	AC007064.24
HSCHR6_MHC_MANN	29855211	29856342	ENSG00000226727	HLA-T
9	99883941	99884771	ENSG00000213612	FAM220CP
HG1063_PATCH	102594406	102614364	ENSG00000261887	C5orf30
HSCHR6_MHC_MANN	29865100	29865466	ENSG00000225926	DDX39BP1
9	99918852	99983517	ENSG00000159712	ANKRD18CP
HSCHR6_MHC_MANN	29866340	29867202	ENSG00000226940	MCCD1P1
HG989_PATCH	31976478	31976591	ENSG00000265961	Y_RNA
HG1063_PATCH	102581752	102589223	ENSG00000262789	CTC-503K11.2
HG989_PATCH	31991282	31997092	ENSG00000260529	RP11-439L8.4
HSCHR6_MHC_MANN	29884570	29885560	ENSG00000226563	HCG4B
9	69082536	69108793	ENSG00000231242	RP11-87H9.3
9	127213423	127239379	ENSG00000180264	GPR144
HSCHR6_MHC_MANN	29885046	29887819	ENSG00000232816	HLA-K
HG989_PATCH	32010891	32013616	ENSG00000260636	RP11-439L8.5
GL000195.1	43717	74342	ENSG00000215781	AC011043.1
9	99955205	99955307	ENSG00000252721	RNU6-798P
15	41601466	41624819	ENSG00000104147	OIP5
22	23950639	23974508	ENSG00000189269	C22orf43
GL000195.1	37434	37534	ENSG00000206668	Y_RNA
18	56749156	56752213	ENSG00000267215	RP11-685A21.1
9	69146939	69149621	ENSG00000237543	RP11-58A12.3
HSCHR6_MHC_MANN	29890931	29891116	ENSG00000226354	HLA-U
HSCHR6_MHC_MANN	29898840	29899831	ENSG00000226109	HCG4P5
20	34146507	34195484	ENSG00000088340	FER1L4
18	57027932	57053981	ENSG00000267677	RP11-27G24.1
9	69174213	69179458	ENSG00000240907	BX255923.3
HSCHR6_MHC_MANN	29919578	29921543	ENSG00000230915	HLA-W
18	57126304	57132914	ENSG00000267000	RP11-27G24.3
9	69392612	69392718	ENSG00000238551	RNU6-1193P
18	57230941	57235847	ENSG00000267061	RP11-760L24.1
HSCHR6_MHC_MANN	29933758	29935421	ENSG00000230745	MICD
9	69451764	69452598	ENSG00000224185	SNX18P9
9	99957633	99959969	ENSG00000242375	RP11-498P14.3
18	57353052	57355632	ENSG00000267269	RP11-2N1.1
9	69475237	69475614	ENSG00000229156	RP11-250H24.2
HSCHR6_MHC_MANN	29938075	29941369	ENSG00000227647	HCG9
18	57363691	57364644	ENSG00000267774	RP11-2N1.2
9	69477881	69478916	ENSG00000224106	CYP4F25P
HSCHR6_MHC_MANN	29956158	29956554	ENSG00000224362	DDX39BP2
HSCHR6_MHC_SSTO	32954063	32954137	ENSG00000228498	HLA-Z
18	57416909	57416989	ENSG00000221471	AC098847.1
9	99959537	99961910	ENSG00000188801	ZNF322P1
HSCHR6_MHC_MANN	29957386	29958263	ENSG00000231745	MCCD1P2
18	57428790	57429137	ENSG00000224161	RPS26P54
HSCHR6_MHC_SSTO	32994589	32994683	ENSG00000264830	BX088556.1
9	69485458	69486244	ENSG00000224762	CR769776.3
HSCHR6_MHC_SSTO	33027990	33028504	ENSG00000225788	BRD2-IT1
18	57445804	57446221	ENSG00000267486	GLUD1P4
9	69498582	69499487	ENSG00000235832	CNN2P3
HSCHR6_MHC_SSTO	33186874	33187283	ENSG00000224098	RPL32P1
18	57488272	57492493	ENSG00000267669	RP11-824M15.3
21	30376705	30391699	ENSG00000156253	RWDD2B
9	69501018	69502204	ENSG00000235310	RP11-250H24.4
HSCHR19_1_CTG3_1	34663352	34720227	ENSG00000262860	LSM14A
HSCHR6_MHC_SSTO	33199176	33204718	ENSG00000236898	HLA-DPA2
9	127243516	127269709	ENSG00000136931	NR5A1
18	57596458	57597562	ENSG00000267066	RP11-866E20.1
9	69587378	69587444	ENSG00000264681	AL445665.2
18	57636670	57638628	ENSG00000267497	NFE2L3P1
9	69633978	69650004	ENSG00000181997	AQP7P2
HSCHR6_MHC_SSTO	33211191	33214727	ENSG00000226513	COL11A2P1
18	57640146	57640437	ENSG00000239398	RN7SL342P
18	57677224	57678375	ENSG00000256704	SDCCAG3P1
HSCHR6_MHC_MANN	29963964	30024617	ENSG00000235394	NCRNA00171
9	69718152	69721729	ENSG00000225883	BMS1P11
18	46446223	46477081	ENSG00000101665	SMAD7
20	58508819	58523735	ENSG00000196227	FAM217B
18	57677513	57681490	ENSG00000267462	RP11-866E20.3
HSCHR6_MHC_SSTO	33219848	33236168	ENSG00000168379	HLA-DPB2
18	57684010	57684673	ENSG00000267742	FAM60CP
20	2844830	3019722	ENSG00000132670	PTPRA
9	69749821	69750173	ENSG00000235932	RP11-250H24.6
18	57685857	57685963	ENSG00000252555	RNU6-567P
9	99962757	100000982	ENSG00000203279	RP11-498P14.5
18	57792265	57828428	ENSG00000267686	RP11-795H16.3
9	69777099	69777953	ENSG00000156755	IGKV1OR-2
18	57816808	57817597	ENSG00000242060	RPS3AP49
9	69821760	69821841	ENSG00000239028	AL359955.1
18	57830800	57830940	ENSG00000202468	RNU4-17P
9	99995483	99997296	ENSG00000235494	RP11-498P14.4
9	69823283	69823847	ENSG00000271225	RP11-460N11.3
18	57863788	57865405	ENSG00000267620	RP11-795H16.2
18	57961384	57968351	ENSG00000267401	RP11-396N11.1
18	58163101	58163569	ENSG00000267400	RP11-325K19.3
9	69830288	69848759	ENSG00000197550	RP11-460N11.2
18	58187074	58187398	ENSG00000266915	MRPS5P4
HSCHR6_MHC_MANN	29969075	29970070	ENSG00000225086	HCG4P3
HG325_PATCH	50357459	50365683	ENSG00000262485	TUSC2
20	58511894	58515352	ENSG00000132825	PPP1R3D
HSCHR6_MHC_MCF	32969905	32980956	ENSG00000236227	BRD2
18	58192849	58193389	ENSG00000267687	RP11-325K19.6
20	34176246	34176529	ENSG00000227401	RPL37P1
18	58222376	58222457	ENSG00000253011	AC010928.1
20	34231065	34231384	ENSG00000222460	RN7SKP271
9	69891208	69901481	ENSG00000223602	AC125634.1
20	34235250	34235352	ENSG00000252549	RNU6-759P
18	58279006	58321856	ENSG00000267382	RP11-325K19.2
20	34304393	34304492	ENSG00000238549	snoU13
HSCHR6_MHC_MANN	29969537	29972910	ENSG00000223439	HLA-J
20	34340736	34341641	ENSG00000225357	RPF2P1
9	69892787	69892893	ENSG00000206804	RNU6-1293P
HSCHR6_MHC_SSTO	33238300	33238426	ENSG00000223447	HLA-DPA3
20	34357707	34357789	ENSG00000222152	RNU6-1166P
15	25068794	25223870	ENSG00000128739	SNRPN
20	34438596	34438837	ENSG00000234274	COX7BP2
9	70083601	70087216	ENSG00000224599	BMS1P12
20	34441174	34441286	ENSG00000199676	Y_RNA
18	58297400	58569959	ENSG00000267098	RP11-325K19.1
20	34466398	34466655	ENSG00000219608	HIGD1AP16
9	100000731	100059596	ENSG00000254876	RP11-23J9.5
15	48604550	48624053	ENSG00000259488	RP11-154J22.1
18	58330348	58331602	ENSG00000267153	CTBP2P3
20	34475581	34475723	ENSG00000201221	RNU4-40P
HSCHR6_MHC_MANN	29994686	29995976	ENSG00000224108	ETF1P1
9	70113593	70124467	ENSG00000236252	RP11-15J10.8
15	48617755	48617868	ENSG00000202542	Y_RNA
18	58461841	58462149	ENSG00000267513	RP11-622J9.1
20	34516492	34516597	ENSG00000207053	RNU6-937P
15	48938148	48944213	ENSG00000259705	RP11-227D13.1
9	70116128	70116383	ENSG00000267085	RP11-15J10.9
18	59058828	59058936	ENSG00000206769	RNU6-116P
18	59072091	59072438	ENSG00000243256	RPL30P14
15	49017535	49018024	ENSG00000259216	RP11-227D13.2
9	70143769	70144432	ENSG00000204780	IGKV1OR9-1
20	34633544	34638882	ENSG00000260032	LINC00657
15	49021277	49022041	ENSG00000259469	RP11-227D13.4
18	59238575	59246689	ENSG00000267316	RP11-879F14.3
9	70181520	70216621	ENSG00000204778	RP11-15J10.1
HG19_PATCH	1993155	2113475	ENSG00000260130	MYOM2
15	49075387	49076318	ENSG00000259670	RP11-485O10.2
15	49102898	49103785	ENSG00000259700	RP11-485O10.3
18	59252979	59274149	ENSG00000267279	RP11-879F14.2
9	127279554	127533589	ENSG00000148200	NR6A1
15	49170346	49170937	ENSG00000235883	AC012379.1
9	70334349	70337925	ENSG00000231701	BMS1P13
15	49230433	49240228	ENSG00000259602	RP11-138E16.1
20	34660363	34673182	ENSG00000234139	RP4-550H1.4
18	59259608	59416065	ENSG00000267175	RP11-879F14.1
15	49264000	49265558	ENSG00000259500	KRT8P24
20	34663940	34664523	ENSG00000231470	HMGB3P2
9	70348573	70349113	ENSG00000235893	RP11-460E7.8
9	70366921	70367319	ENSG00000237904	RP11-460E7.9
20	34674174	34676114	ENSG00000237063	RP4-550H1.5
15	49288109	49288219	ENSG00000207105	Y_RNA
15	49334540	49334840	ENSG00000265942	RN7SL577P
20	34708884	34708994	ENSG00000239089	snoU13
9	70394238	70395090	ENSG00000204776	IGKV1OR-3
15	49393988	49395461	ENSG00000259656	RP11-325E5.1
20	34736648	34743682	ENSG00000232406	RP11-234K24.3
22	17357108	17357311	ENSG00000228122	MTND1P17
15	49429959	49430060	ENSG00000200120	Y_RNA
9	70662044	70663084	ENSG00000233765	RP11-154P18.2
22	17357442	17357792	ENSG00000237358	AC007064.25
15	49448526	49449044	ENSG00000259467	NDUFAF4P1
15	49461267	49461350	ENSG00000264210	MIR4716
22	17378335	17378436	ENSG00000225480	AC006548.19
9	70727365	70734146	ENSG00000223780	MEP1AP2
15	49469807	49470938	ENSG00000259545	RP11-325E5.4
20	35136563	35201794	ENSG00000232907	RP5-977B1.7
22	17385109	17385586	ENSG00000230481	IGKV1OR22-5
15	49491099	49491391	ENSG00000243338	RN7SL307P
22	17395125	17395871	ENSG00000253691	IGKV2OR22-4
9	70843567	70844228	ENSG00000226904	RP11-561O23.8
15	49657321	49658882	ENSG00000259531	RP11-295H24.3
HSCHR19_1_CTG3_1	34794354	34794818	ENSG00000262113	CTD-2518G19.1
22	17402333	17403063	ENSG00000253460	IGKV2OR22-3
9	70921444	70945542	ENSG00000234394	RP11-561O23.5
20	35177530	35232932	ENSG00000259716	RP5-977B1.11
15	49944336	49948429	ENSG00000261597	RP11-353B9.1
22	17406842	17407334	ENSG00000254264	IGKV3OR22-2
HG19_PATCH	1981650	1983729	ENSG00000260002	RP11-1049H7.2
20	58533471	58609066	ENSG00000124215	CDH26
22	24030323	24041363	ENSG00000159496	RGL4
20	35248806	35249826	ENSG00000227688	HNRNPA3P2
HG19_PATCH	2104674	2142690	ENSG00000261085	RP11-1049H7.1
22	17414411	17414893	ENSG00000253481	IGKV1OR22-1
15	50086443	50088294	ENSG00000259388	CTD-2647E9.1
9	70922309	70923361	ENSG00000225337	RP11-561O23.7
HG19_PATCH	2426352	2445053	ENSG00000260893	AC133633.2
20	35296962	35297073	ENSG00000202255	Y_RNA
21	37504748	37505330	ENSG00000214889	RPS9P1
22	17493294	17493822	ENSG00000270226	AC006548.26
20	35374459	35374533	ENSG00000265441	AL132768.1
9	70970105	70972768	ENSG00000224958	PGM5-AS1
HG19_PATCH	2451484	2454668	ENSG00000260607	AC133633.1
20	35498502	35498793	ENSG00000242509	RN7SL156P
21	37541268	37542478	ENSG00000228149	RPL3P1
15	50171801	50175722	ENSG00000259188	CTD-2647E9.3
20	35650146	35650387	ENSG00000231241	RPS3AP3
20	44518783	44527459	ENSG00000064601	CTSA
22	34318410	34318754	ENSG00000273082	LL22NC03-32F9.1
21	37585858	37586136	ENSG00000265882	RN7SL73P
HG19_PATCH	2522436	2555813	ENSG00000260323	RP11-378A12.1
20	35677657	35678110	ENSG00000226144	RPS27AP3
21	37630724	37630829	ENSG00000238851	snoU13
9	71010609	71021416	ENSG00000233178	RP11-88I18.2
22	34413462	34584414	ENSG00000236052	LL22NC03-86D4.1
20	35794177	35794715	ENSG00000236159	RP3-343K2.4
21	37667471	37668000	ENSG00000214867	SRSF9P1
22	17517460	17541715	ENSG00000237438	CECR7
15	50274640	50274758	ENSG00000201086	RNA5SP394
GL000199.1	1176	1259	ENSG00000221597	BX088702.1
20	36073135	36073936	ENSG00000213979	RPL7AP14
15	50514085	50514193	ENSG00000200605	Y_RNA
GL000199.1	4722	4804	ENSG00000239867	BX088702.2
HSCHR6_MHC_MCF	32528786	32528881	ENSG00000232441	DASS-397D15.4
21	37692090	37692968	ENSG00000273199	AP000692.10
15	50536828	50537128	ENSG00000241175	RN7SL494P
9	71041759	71044285	ENSG00000229019	RP11-88I18.3
HSCHR6_1_CTG5	80064160	80064430	ENSG00000262508	RP1-232L24.2
15	50639620	50639726	ENSG00000271819	U6
20	36158441	36158945	ENSG00000235044	PPIAP3
HSCHR6_MHC_MCF	32554352	32554499	ENSG00000264893	U1
21	37732928	37734338	ENSG00000228107	AP000692.9
9	71155952	71259358	ENSG00000226337	RP11-274B18.4
22	34604130	34605251	ENSG00000224404	LL22NC03-13G6.2
HSCHR6_1_CTG5	80094501	80095390	ENSG00000262286	RP1-232L24.4
21	37761176	37761410	ENSG00000224421	ATP5J2LP
22	17548711	17551565	ENSG00000273203	AC006946.16
15	50647525	50659636	ENSG00000244879	GABPB1-AS1
HSCHR6_MHC_MCF	32559779	32559874	ENSG00000235074	DASS-397D15.5
HSCHR6_1_CTG5	80157846	80158854	ENSG00000263060	RP1-232L24.3
21	37802658	37853368	ENSG00000230479	AP000695.6
20	36231254	36231587	ENSG00000228234	GLRXP
22	17561591	17562346	ENSG00000273442	AC006946.17
9	71158457	71161505	ENSG00000234506	RP11-274B18.2
HSCHR6_1_CTG5	80174457	80174716	ENSG00000263118	RP1-232L24.1
22	17574502	17574829	ENSG00000235328	AC006946.12
22	34985077	34987270	ENSG00000235485	RP1-101G11.2
20	36247700	36251521	ENSG00000225759	LINC00489
9	71224041	71226900	ENSG00000224025	RP11-274B18.3
22	17640274	17646335	ENSG00000185837	CECR5-AS1
20	36305312	36311636	ENSG00000204117	RP4-640H8.2
15	50651647	50652391	ENSG00000259715	CTD-3110H11.1
20	36603558	36603883	ENSG00000199683	RN7SKP185
20	36681049	36681148	ENSG00000252791	Y_RNA
HSCHR6_MHC_MCF	32576146	32576297	ENSG00000263971	U1
22	17673826	17674198	ENSG00000236325	AC005300.5
9	71403223	71404586	ENSG00000236998	RP11-203L2.3
15	50652526	50652607	ENSG00000264109	MIR4712
20	36726798	36727102	ENSG00000264767	RN7SL237P
HSCHR6_MHC_MCF	32658435	32659285	ENSG00000232351	HLA-DQB1-AS1
22	17690773	17691374	ENSG00000269774	AC005399.1
20	36916733	36954938	ENSG00000206249	CTD-2308N23.2
9	127539437	127577164	ENSG00000185585	OLFML2A
15	50709582	50710889	ENSG00000259465	AHCYP7
HSCHR6_MHC_MCF	32658441	32661036	ENSG00000242044	XXbac-BPG254F23.6
20	37034658	37045444	ENSG00000224635	RP4-564F22.5
22	17694618	17695045	ENSG00000203416	FAM32B
9	71437319	71458191	ENSG00000236733	RP11-203L2.4
HSCHR6_MHC_SSTO	33321904	33321964	ENSG00000264867	BX248408.2
HSCHR6_MHC_MCF	32707550	32708382	ENSG00000228025	MTCO3P1
9	71550789	71550895	ENSG00000207000	RNU6-820P
22	17737749	17747623	ENSG00000241832	CECR3
15	50755578	50755695	ENSG00000252376	RNA5SP395
HSCHR6_MHC_SSTO	33322791	33323414	ENSG00000225696	ZNF70P1
9	71722842	71723133	ENSG00000270236	RP11-265B8.5
22	35099117	35100876	ENSG00000234891	RP1-288L1.5
15	50758935	50759293	ENSG00000242737	RP11-562A8.1
HSCHR6_MHC_SSTO	33344436	33344689	ENSG00000257266	BX248408.1
22	17809924	17810122	ENSG00000231004	CECR9
15	84873268	84873351	ENSG00000221008	AC136698.1
9	72043164	72043637	ENSG00000243888	RP11-548B3.3
15	84874184	84874466	ENSG00000240466	RN7SL331P
15	50786215	50789277	ENSG00000259618	RP11-562A8.5
22	17833773	17834067	ENSG00000239547	RN7SL843P
HSCHR6_MHC_MCF	32718927	32719761	ENSG00000226550	XXbac-BPG254F23.7
9	72087382	72109429	ENSG00000229312	RP11-470P21.2
HSCHR6_MHC_SSTO	33344878	33346777	ENSG00000234251	HTATSF1P
15	84924665	84924766	ENSG00000259633	UBE2Q2P8
22	17897744	17898875	ENSG00000229492	AC004019.10
15	50789392	50790941	ENSG00000259298	RP11-562A8.4
9	72287665	72288629	ENSG00000261447	RP11-109D9.4
15	84944427	84950601	ENSG00000259683	RP11-182J1.14
15	50849798	50852697	ENSG00000259684	RP11-120K9.2
22	17903436	17903823	ENSG00000232305	CLCP1
22	35107899	35120910	ENSG00000237316	RP1-288L1.4
15	50981097	50981388	ENSG00000243027	RN7SL354P
22	17997708	17998061	ENSG00000228045	DNAJA1P6
15	84948770	84949050	ENSG00000244056	RN7SL417P
15	51038906	51042026	ENSG00000259773	RP11-507J18.2
9	72433899	72435655	ENSG00000225626	C9orf135-AS1
20	37049235	37063996	ENSG00000196756	SNHG17
21	30396950	30426809	ENSG00000156256	USP16
15	84949210	84950212	ENSG00000259570	RP11-671M22.4
HSCHR6_MHC_SSTO	33356678	33362130	ENSG00000231573	HCG25
18	19109242	19180845	ENSG00000141446	ESCO1
22	18036250	18037847	ENSG00000272675	AC004019.18
22	35318599	35468259	ENSG00000227895	RP1-272J12.1
15	51090867	51091148	ENSG00000241130	RP11-507J18.1
HG748_PATCH	77085427	77512230	ENSG00000267483	RBFOX3
15	84949877	84949960	ENSG00000221247	AC136704.1
22	18062923	18071958	ENSG00000236754	AC004019.13
13	20532810	20665968	ENSG00000121741	ZMYM2
15	51236860	51238193	ENSG00000259378	DCAF13P3
22	18124172	18124285	ENSG00000251737	snoU13
HSCHR6_MHC_MCF	32732325	32733261	ENSG00000234510	HLA-DQB3
15	84953014	84966399	ENSG00000235370	DNM1P51
15	51329685	51586109	ENSG00000259240	RP11-108K3.1
9	72499279	72499566	ENSG00000241174	RN7SL570P
15	41624892	41673248	ENSG00000137804	NUSAP1
22	18246946	18247025	ENSG00000264757	MIR3198-1
15	63889552	63894627	ENSG00000197361	FBXL22
15	51356806	51361783	ENSG00000259204	RP11-394B5.2
22	35515817	35627049	ENSG00000233080	CTA-714B7.5
22	18260088	18262247	ENSG00000269220	LINC00528
9	127615755	127620160	ENSG00000136918	WDR38
15	51534387	51534461	ENSG00000266593	MIR4713
22	35518654	35523412	ENSG00000273068	CTA-714B7.7
22	18270418	18294263	ENSG00000093100	XXbac-B461K10.4
15	84956505	84962703	ENSG00000272887	CSPG4P5
15	51571124	51572212	ENSG00000259701	RP11-108K3.3
HSCHR6_MHC_MCF	32751469	32751536	ENSG00000266851	CR759848.2
15	51608038	51614193	ENSG00000259306	RP11-108K3.2
9	72700732	72790804	ENSG00000204706	MAMDC2-AS1
22	35560297	35561340	ENSG00000238153	CTA-714B7.4
15	84967471	84976535	ENSG00000259538	UBE2Q2P11
15	51643297	51643389	ENSG00000270378	RP11-108K3.5
15	51659574	51661307	ENSG00000259194	RP11-108K3.4
15	84977316	84980581	ENSG00000259774	RP11-182J1.13
20	37053843	37053979	ENSG00000235408	SNORA71B
15	51706294	51791030	ENSG00000259678	RP11-707P17.1
HSCHR6_MHC_MCF	32845343	32847752	ENSG00000234365	TAPSAR1
15	85034711	85043830	ENSG00000197627	UBE2Q2P12
20	37055952	37056085	ENSG00000225091	SNORA71A
9	72803487	72803666	ENSG00000222465	RNU2-5P
20	37058313	37058446	ENSG00000201512	SNORA71C
HG748_PATCH	77727001	77738304	ENSG00000261981	ENPP7
15	51749483	51752779	ENSG00000259668	RP11-707P17.2
9	72808913	72873782	ENSG00000268364	SMC5-AS1
15	85043609	85045612	ENSG00000259551	RP11-182J1.10
20	37062508	37062641	ENSG00000200354	SNORA71D
21	37818029	37904706	ENSG00000233818	AP000695.4
9	72832111	72832584	ENSG00000236801	RPL24P8
20	37070679	37070812	ENSG00000201811	SNORA71
15	85048694	85048726	ENSG00000259302	RP11-182J1.11
9	2015342	2193624	ENSG00000080503	SMARCA2
9	72926523	72926617	ENSG00000239180	Y_RNA
15	51901894	51901963	ENSG00000263437	AC020892.1
9	73194081	73194377	ENSG00000272232	Metazoa_SRP
21	37858281	37859709	ENSG00000223741	PSMD4P1
9	127620159	127624260	ENSG00000136942	RPL35
22	35590692	35590935	ENSG00000243453	COX7BP1
15	51985413	51987962	ENSG00000259241	RP11-313P18.2
9	73322963	73327779	ENSG00000232086	RP11-141J10.1
HSCHR6_MHC_MCF	33005421	33010855	ENSG00000230141	HLA-DOA
22	35645765	35645826	ENSG00000238584	RNU7-167P
15	52000192	52007417	ENSG00000259296	RP11-313P18.1
21	38004979	38009331	ENSG00000231324	AP000696.2
22	35694831	35695534	ENSG00000273176	RP3-510H16.3
9	73340956	73345772	ENSG00000223966	RP11-141J10.2
HG325_PATCH	50367220	50378412	ENSG00000263005	RASSF1
15	52044682	52048672	ENSG00000259377	CTD-2308G16.1
22	35731633	35731751	ENSG00000266320	MIR3909
21	38071073	38073864	ENSG00000224269	AP000697.6
9	73424891	73425000	ENSG00000207935	MIR204
15	85051116	85060045	ENSG00000230373	GOLGA6L5P
22	35897908	35899633	ENSG00000233388	RP4-569D19.5
15	52151382	52153490	ENSG00000259632	RP11-56B16.1
21	38176285	38178585	ENSG00000237646	HLCS-IT1
9	73531913	73532417	ENSG00000224437	PIGUP1
15	52176753	52176850	ENSG00000207484	Y_RNA
22	35922979	35923462	ENSG00000273044	RP4-569D19.8
21	38224211	38224328	ENSG00000199806	RNA5SP491
15	52179757	52193320	ENSG00000259201	RP11-56B16.5
9	74204517	74204849	ENSG00000229814	RPL35AP21
21	38315567	38316425	ENSG00000270652	DPRXP5
HG748_PATCH	77774214	77784065	ENSG00000262762	CBX2
HSCHR6_MHC_MCF	32880393	32881069	ENSG00000233498	PPP1R2P1
15	52199397	52199502	ENSG00000272337	U6
21	38338812	38344128	ENSG00000224790	AP000704.5
9	74419199	74419742	ENSG00000271166	RP11-409O11.3
HSCHR6_MHC_SSTO	33436114	33436396	ENSG00000229396	DAXX
15	52201099	52201839	ENSG00000259185	RP11-56B16.4
21	38359039	38359151	ENSG00000207416	Y_RNA
9	74517371	74517466	ENSG00000200922	Y_RNA
HSCHR6_MHC_SSTO	33496510	33496611	ENSG00000226538	RPL35AP4
22	36081987	36085420	ENSG00000228587	RP1-41P2.7
9	74576256	74576469	ENSG00000198100	AL138751.1
21	38366943	38367375	ENSG00000215734	MRPL20P1
15	52211270	52222824	ENSG00000259556	RP11-56B16.2
22	36099850	36100223	ENSG00000226336	MRPS16P3
9	74622797	74623052	ENSG00000236060	HSPB1P1
9	127624409	127640003	ENSG00000136950	ARPC5L
HSCHR6_MHC_SSTO	33507198	33507695	ENSG00000232733	RPL12P1
21	38417830	38417936	ENSG00000212136	RNU6-696P
HSCHR6_MHC_MCF	32897630	32897704	ENSG00000226691	HLA-Z
21	38473114	38473643	ENSG00000270116	AP001429.1
9	74722734	74723228	ENSG00000224820	BTF3P4
20	58630980	58648008	ENSG00000176659	C20orf197
22	36293318	36294452	ENSG00000237406	NDUFA9P1
HSCHR6_MHC_SSTO	33545496	33545602	ENSG00000266856	MIR5004
21	38559967	38566227	ENSG00000228677	TTC3-AS1
15	52303196	52311292	ENSG00000259438	CTD-2650P22.1
9	74872252	74872699	ENSG00000235523	RP11-63P12.7
HSCHR6_MHC_MCF	32938147	32938241	ENSG00000264789	CR759798.1
15	52325904	52327822	ENSG00000259398	RP11-430B1.1
22	18463634	18463727	ENSG00000207780	MIR648
HG325_PATCH	50297735	50300790	ENSG00000263323	U73166.2
HSCHR6_MHC_MCF	32971548	32972062	ENSG00000237348	BRD2-IT1
9	74890369	74890889	ENSG00000233933	RP11-63P12.2
15	52348872	52392720	ENSG00000259712	CTD-2184D3.5
HG748_PATCH	77788214	77797765	ENSG00000262572	CBX8
22	18465971	18466385	ENSG00000235445	XXbac-B476C20.14
22	36568470	36568827	ENSG00000233764	Z95114.4
15	52374499	52378771	ENSG00000259178	CTD-2184D3.3
22	18487036	18490074	ENSG00000234913	XXbac-B476C20.13
HG325_PATCH	50304073	50304803	ENSG00000261891	SEMA3B-AS1
HSCHR6_MHC_MCF	33080692	33081101	ENSG00000231288	RPL32P1
21	38580804	38594037	ENSG00000230366	DSCR9
15	52387492	52387944	ENSG00000242327	CTD-2184D3.1
22	18501980	18502966	ENSG00000237446	RHEBP3
9	74914636	74914754	ENSG00000252428	RNA5SP285
HG748_PATCH	77594114	77600003	ENSG00000263278	CH17-351M24.1
HSCHR6_MHC_MCF	33092978	33098520	ENSG00000230878	HLA-DPA2
15	52408771	52414328	ENSG00000259327	CTD-2184D3.6
HG748_PATCH	77703258	77703331	ENSG00000265034	MIR4739
22	18512151	18520734	ENSG00000235295	XXbac-B476C20.17
9	74920346	74958126	ENSG00000225434	RP11-63P12.6
HG748_PATCH	77703348	77708399	ENSG00000267719	CTD-2116F7.1
15	52416758	52432443	ENSG00000259709	CTD-2184D3.7
22	36568982	36569996	ENSG00000231576	Z95114.3
22	18559293	18561650	ENSG00000225335	XXbac-B476C20.9
20	37075221	37079564	ENSG00000174365	SNHG11
22	24083769	24093279	ENSG00000187792	ZNF70
HG748_PATCH	77709813	77709908	ENSG00000262240	snoU13
9	100000779	100139569	ENSG00000255036	RP11-23J9.4
HSCHR7_1_CTG6	141433792	141433956	ENSG00000262656	U1
22	18564232	18564441	ENSG00000236890	XXbac-B476C20.11
9	75060670	75060885	ENSG00000230003	RP11-217F16.1
15	52454948	52455049	ENSG00000206995	Y_RNA
HSCHR12_1_CTG5	126848622	126849484	ENSG00000262850	RP4-809F18.2
22	18584378	18584654	ENSG00000235617	XXbac-B476C20.10
15	52472290	52498071	ENSG00000259577	RP11-430B1.2
9	75085290	75085992	ENSG00000225947	RP11-313E4.1
HSCHR6_MHC_MCF	33104992	33108528	ENSG00000234249	COL11A2P1
HSCHR12_1_CTG5	126849890	126851653	ENSG00000262653	RP4-809F18.1
18	19192228	19210417	ENSG00000167088	SNRPD1
HSCHR12_1_CTG5	126891380	126896116	ENSG00000262385	RP5-944M2.1
22	18585223	18586415	ENSG00000225225	ARL2BPP10
22	24094930	24096655	ENSG00000128218	VPREB3
9	75142152	75142255	ENSG00000238402	snoU13
22	36570309	36570870	ENSG00000237948	Z95114.5
GL000211.1	113982	114087	ENSG00000252596	U6
15	52569314	52569397	ENSG00000221052	MIR1266
9	75270748	75271108	ENSG00000236862	RPS20P24
HSCHR19LRC_COX1_CTG1	54767577	54767685	ENSG00000263144	U6
22	18660805	18688682	ENSG00000187979	AC008079.9
HSCHR19LRC_COX1_CTG1	54785735	54785806	ENSG00000266879	MIR4752
15	52797386	52798060	ENSG00000231169	EEF1B2P1
9	75356068	75356533	ENSG00000229753	RP11-28P17.3
HSCHR6_MHC_MCF	33113649	33118417	ENSG00000223372	HLA-DPB2
HSCHR19LRC_COX1_CTG1	55064665	55064736	ENSG00000263646	CU234142.2
15	50716577	50793280	ENSG00000138592	USP8
21	38587906	38588202	ENSG00000263969	RN7SL678P
HSCHR19LRC_COX1_CTG1	55141112	55141181	ENSG00000265951	CU459007.1
21	38593720	38610045	ENSG00000242553	AP001432.14
20	59827482	60515673	ENSG00000179242	CDH4
9	75486644	75489025	ENSG00000236849	RP11-151D14.1
15	52870039	52890906	ENSG00000260618	RP11-23N2.4
22	18761178	18830912	ENSG00000197421	GGT3P
22	36571215	36571902	ENSG00000225557	Z95114.6
HG14_PATCH	57517884	57541253	ENSG00000260355	ZNF716
15	52940831	52942063	ENSG00000259935	RP11-519C12.1
9	127640646	127710771	ENSG00000136935	GOLGA1
22	36571905	36572574	ENSG00000237129	Z95114.7
15	53093811	53097139	ENSG00000259203	RP11-209K10.2
HG14_PATCH	57472478	57483910	ENSG00000260653	RP11-114G11.3
HSCHR6_MHC_MCF	33337742	33337836	ENSG00000266464	Y_RNA
9	75657661	75671444	ENSG00000228024	CYP1D1P
22	24105208	24108048	ENSG00000169314	C22orf15
15	53177792	53178667	ENSG00000214896	RPSAP55
22	36574602	36575433	ENSG00000229088	MTND1P10
8	8993765	9009084	ENSG00000173281	PPP1R3B
15	53229336	53230715	ENSG00000259612	EEF1A1P22
HSCHR6_MHC_MCF	33345976	33346085	ENSG00000265459	hsa-mir-219a-1
22	36711989	36712246	ENSG00000266345	RN7SL349P
9	75906036	75906143	ENSG00000221110	AL449083.1
15	53408562	53421895	ENSG00000259237	RP11-209E8.1
HSCHR6_MHC_MCF	33353846	33354469	ENSG00000237723	ZNF70P1
9	76089294	76090989	ENSG00000221844	RP11-404E6.1
22	36784671	36792562	ENSG00000223695	RP4-633O19__A.1
15	53944174	53944320	ENSG00000252066	RNU2-53P
HSCHR4_1_CTG12	156750881	156787425	ENSG00000262505	ASIC5
HSCHR6_MHC_MCF	33375921	33377819	ENSG00000227750	HTATSF1P
9	76188531	76194414	ENSG00000232590	RP11-128I7.1
20	37078013	37078146	ENSG00000199266	SNORA60
15	63900817	64126141	ENSG00000103657	HERC1
HG14_PATCH	57472732	57472797	ENSG00000265974	MIR3147
20	37145206	37145275	ENSG00000263473	MIR548O2
9	76263744	76264755	ENSG00000236701	RP11-549A6.1
22	36817318	36817689	ENSG00000237668	RPS15AP38
HG14_PATCH	57490537	57491432	ENSG00000260315	VN1R28P
20	37166401	37167101	ENSG00000231307	RPS3P2
8	9009252	9025646	ENSG00000253426	RP11-10A14.4
9	76365888	76365993	ENSG00000212454	RNA5SP286
22	36834869	36834971	ENSG00000252575	BX470187.1
22	36836925	36837015	ENSG00000252225	Y_RNA
9	76485812	76488213	ENSG00000223368	RP11-401G5.1
22	36841445	36850991	ENSG00000228719	RP5-1119A7.14
20	37243556	37244119	ENSG00000213959	RP5-1100H13.3
18	19230858	19284766	ENSG00000158201	ABHD3
9	76986447	76998446	ENSG00000227809	RP11-171A24.2
20	37390171	37390485	ENSG00000199691	RN7SKP173
20	37501413	37501720	ENSG00000240474	RN7SL116P
HSCHR6_MHC_MCF	33387704	33393155	ENSG00000238064	HCG25
20	37590568	37590754	ENSG00000261431	RP4-616B8.4
9	77100467	77114043	ENSG00000224825	RP11-171A24.3
15	85056472	85070180	ENSG00000259244	RP11-182J1.12
20	37606354	37607065	ENSG00000223864	NPM1P19
9	77414811	77415138	ENSG00000202217	RN7SKP47
9	77419389	77419689	ENSG00000270954	RP11-174B4.2
20	37842420	37853391	ENSG00000230324	RP4-705O1.1
HSCHR4_1_CTG12	156775890	156841558	ENSG00000262635	TDO2
9	77462422	77462517	ENSG00000252159	RNY4P1
HSCHR6_MHC_MCF	33065822	33082016	ENSG00000168384	HLA-DPA1
22	36932703	36933651	ENSG00000188078	RP5-1119A7.11
20	37900183	37900258	ENSG00000211534	AL121588.1
22	24108021	24110630	ENSG00000250479	CHCHD10
9	77472591	77472697	ENSG00000252758	RNU6-445P
20	37957657	37958567	ENSG00000224357	ATG3P1
9	77550092	77550612	ENSG00000224297	RP11-197P3.1
22	36948212	36948747	ENSG00000229971	RP5-1119A7.10
20	37977739	37978035	ENSG00000263943	RN7SL680P
22	36956917	36958962	ENSG00000261675	RP5-1119A7.17
9	77567884	77611209	ENSG00000203321	RP11-197P3.4
20	37981402	37981674	ENSG00000241840	RN7SL194P
22	37099963	37117517	ENSG00000234688	RP1-293L6.1
20	38414363	38441871	ENSG00000229976	RP5-1031J8.1
9	77624744	77630952	ENSG00000229587	RP11-197P3.5
15	85070012	85114447	ENSG00000189136	UBE2Q2P1
22	37212370	37215780	ENSG00000234979	CITF22-24E5.1
20	38561564	38561881	ENSG00000234878	HSPE1P1
9	77796436	77796537	ENSG00000200041	Y_RNA
HG14_PATCH	57492210	57493383	ENSG00000260749	RP11-114G11.2
20	56136136	56141513	ENSG00000124253	PCK1
9	77812987	77813093	ENSG00000212316	RNU6-1228P
20	38633119	38637171	ENSG00000237767	RP11-101E14.2
9	78016805	78017908	ENSG00000235707	RP11-323A7.1
HSCHR6_MHC_MCF	33477104	33477621	ENSG00000224874	MYL8P
21	38640085	38640785	ENSG00000272948	AP001412.1
9	78194585	78203464	ENSG00000236376	RP11-470F18.1
20	38660227	38672531	ENSG00000233415	RP11-101E14.3
13	20712394	20735188	ENSG00000121743	GJA3
21	38737779	38738234	ENSG00000273210	AP001437.1
9	78291823	78291928	ENSG00000238598	snoU13
20	38731860	38731998	ENSG00000263518	AL009050.1
HSCHR4_1_CTG12	156845270	156875063	ENSG00000263238	CTSO
21	39089405	39091872	ENSG00000233213	KCNJ6-IT1
9	78338661	78338746	ENSG00000264310	AL157883.1
20	38749682	38754998	ENSG00000223410	RP1-191L6.2
9	78339138	78339491	ENSG00000234644	RP11-360J12.1
21	39334968	39335068	ENSG00000264691	AP001427.1
18	46570039	46987717	ENSG00000141627	DYM
22	37243415	37266483	ENSG00000183822	CTA-833B7.2
21	39378846	39382920	ENSG00000223608	DSCR4-IT1
20	39045515	39045586	ENSG00000252434	SNORD112
9	78527369	78527465	ENSG00000238826	AL359253.1
20	39326535	39327256	ENSG00000229771	RP4-644L1.2
21	39559551	39559656	ENSG00000238581	snoU13
9	78901410	78902997	ENSG00000231137	RBM22P5
20	39482759	39482869	ENSG00000238908	RNA5SP484
21	39576638	39577700	ENSG00000270835	AP001425.14
22	37344522	37344599	ENSG00000239056	snoU13
20	39652845	39653034	ENSG00000222612	RNU2-52P
13	20761609	20767037	ENSG00000165474	GJB2
22	18781927	18782317	ENSG00000239989	AC008132.14
22	37346571	37349764	ENSG00000232254	CSF2RBP1
9	79013615	79014502	ENSG00000234618	RPSAP9
21	39578250	39580738	ENSG00000233316	DSCR10
20	39726969	39766643	ENSG00000226648	RP1-1J6.2
22	18821207	18821951	ENSG00000234764	AC008132.12
9	79034850	79035547	ENSG00000233814	RP11-66C24.1
21	39609139	39610123	ENSG00000226012	AP001434.2
22	18843134	18846153	ENSG00000215544	BCRP7
15	91473410	91497323	ENSG00000140553	UNC45A
20	39809096	39825427	ENSG00000272029	RP3-511B24.6
21	39610149	39610586	ENSG00000231123	SPATA20P1
X	71401203	71522776	ENSG00000102309	PIN4
9	79164198	79164687	ENSG00000219149	RP11-214N16.2
20	39825287	39825578	ENSG00000272407	RP3-511B24.5
HSCHR6_MHC_MCF	33503674	33504369	ENSG00000205677	LYPLA2P1
9	79186731	79186787	ENSG00000241781	AL161626.1
21	39695557	39705343	ENSG00000231231	AP001422.3
15	85113880	85123406	ENSG00000259728	LINC00933
9	79281002	79281087	ENSG00000265488	AL359314.1
20	39825331	39825797	ENSG00000242748	RPL23AP81
22	37361289	37364213	ENSG00000215403	LL22NC01-81G9.3
9	79379352	79402485	ENSG00000225937	PCA3
20	39918922	39919217	ENSG00000263989	RN7SL615P
22	37409266	37409360	ENSG00000252412	Y_RNA
20	39959763	39960300	ENSG00000235102	RP3-450M14.1
22	24110413	24126503	ENSG00000099953	MMP11
9	79546177	79546982	ENSG00000230335	RP11-159H20.1
HSCHR6_MHC_MCF	33527511	33527612	ENSG00000231602	RPL35AP4
20	40011023	40011747	ENSG00000229398	RP4-620E11.5
22	18958027	19018755	ENSG00000237517	DGCR5
22	37451073	37451387	ENSG00000201078	RN7SKP214
9	79585238	79585944	ENSG00000236604	RP11-159H20.2
20	40087994	40090584	ENSG00000235088	RP4-620E11.4
22	37476108	37478887	ENSG00000231467	RP5-1170K4.7
9	79607015	79608024	ENSG00000229857	RP11-159H20.3
20	60292562	60294804	ENSG00000179253	RP11-429E11.3
15	54056401	54056507	ENSG00000206641	RNU6-449P
20	40176061	40176561	ENSG00000232493	RPL12P11
18	59348886	59349928	ENSG00000267038	RP11-1096D5.2
HSCHR6_MHC_MCF	33529672	33530001	ENSG00000056678	KIFC1
15	54129468	54129757	ENSG00000259301	RP11-643A5.1
9	79655317	79655589	ENSG00000232851	ATP5J2P3
20	40313625	40313730	ENSG00000252386	RNU6-1018P
18	59415409	59421928	ENSG00000260440	RP11-1096D5.1
22	37534064	37534123	ENSG00000252142	AL022314.1
20	40328260	40328355	ENSG00000199287	Y_RNA
HG873_PATCH	14665269	14892350	ENSG00000261923	PDE3B
20	40341118	40341239	ENSG00000212224	SNORA26
22	37562797	37578890	ENSG00000235237	RP1-151B14.6
9	79687016	79688211	ENSG00000233526	RP11-490H9.1
20	40619780	40692609	ENSG00000225458	RP5-1121H13.4
15	54239821	54269105	ENSG00000259669	RP11-643A5.2
22	37611778	37611931	ENSG00000226233	RP1-151B14.9
18	59624506	59625247	ENSG00000267597	RPIAP1
22	18984651	18985108	ENSG00000271275	AC007326.9
22	19005347	19007761	ENSG00000273032	DGCR9
9	79791672	79792910	ENSG00000232998	VPS13A-AS1
22	37621304	37622035	ENSG00000255594	Z82188.1
18	59913043	59914645	ENSG00000266900	RP11-173A16.2
13	20796110	20806534	ENSG00000121742	GJB6
22	19005556	19006429	ENSG00000270393	AC000095.9
22	37735624	37823480	ENSG00000243902	RP1-63G5.5
18	59967269	59968231	ENSG00000267560	RP11-173A16.1
9	80071211	80141613	ENSG00000231373	RP11-466A17.1
22	19010569	19011063	ENSG00000273164	DGCR10
20	40625771	40628037	ENSG00000223651	RP5-1121H13.1
15	54340785	54343073	ENSG00000259619	RP11-390M11.1
18	59998045	59998146	ENSG00000199867	Y_RNA
9	80195161	80195544	ENSG00000228248	RP11-111E2.1
18	60040127	60045363	ENSG00000267341	RP11-640A1.3
22	37748230	37750879	ENSG00000237862	RP1-63G5.7
22	19019077	19022077	ENSG00000241527	CA15P1
15	54612929	54613763	ENSG00000259550	HNRNPA1P74
9	80250119	80250225	ENSG00000201711	RNU6-1303P
22	37767724	37768898	ENSG00000272694	RP1-63G5.8
18	60082911	60083460	ENSG00000241088	RPL17P44
9	127704887	127905785	ENSG00000173611	SCAI
9	80765448	80766109	ENSG00000233457	RP11-336N8.1
22	37946033	37947742	ENSG00000225867	RP5-1177I5.3
15	55348945	55384371	ENSG00000260937	RP11-548M13.1
18	60085551	60085809	ENSG00000267487	RP11-640A1.4
9	80780381	80780694	ENSG00000222452	RN7SKP59
22	38037839	38054384	ENSG00000233360	Z83844.1
21	30428126	30446118	ENSG00000156261	CCT8
20	40642674	40644118	ENSG00000228959	RP5-1121H13.3
18	60109261	60110359	ENSG00000266920	ACTBP9
9	80793179	80794428	ENSG00000233947	RP11-336N8.2
9	100000927	100008466	ENSG00000254483	RP11-23J9.6
22	24124467	24126145	ENSG00000267954	AP000349.1
18	60317543	60317834	ENSG00000243549	RN7SL705P
22	38065473	38065746	ENSG00000241333	RN7SL385P
15	25200133	25223729	ENSG00000273173	SNURF
20	41235334	41236199	ENSG00000229892	RP4-730D4.1
15	55609382	55611359	ENSG00000225973	RP11-139H15.1
9	80795130	80795609	ENSG00000228781	RP11-336N8.3
22	38181533	38181614	ENSG00000238569	snoU13
18	60398459	60398565	ENSG00000206746	RNU6-142P
9	100038848	100058041	ENSG00000254633	RP11-23J9.7
22	38240279	38240378	ENSG00000207945	MIR658
18	60818347	60818553	ENSG00000267766	RP11-299P2.1
20	41314044	41317202	ENSG00000229042	RP1-232N11.2
9	80834036	80834273	ENSG00000234819	RP11-336N8.4
22	38243685	38243781	ENSG00000207696	MIR659
18	60861822	60861898	ENSG00000238988	snoU13
18	60981035	60981315	ENSG00000267701	RP11-28F1.2
22	38287354	38287455	ENSG00000207227	RNU6-900P
9	100125836	100125963	ENSG00000221269	MIR1302-8
8	9413424	9639856	ENSG00000173273	TNKS
9	81204074	81204455	ENSG00000270627	RP11-216F5.1
22	38346972	38347785	ENSG00000272582	RP5-1039K5.17
20	41597383	41600132	ENSG00000227599	RP4-753D4.2
18	61034561	61048862	ENSG00000267390	RP11-635N19.1
22	38384801	38384860	ENSG00000264505	MIR4534
20	60528525	60640866	ENSG00000130699	TAF4
15	55647446	55790558	ENSG00000261771	DYX1C1-CCPG1
9	81356636	81357660	ENSG00000237257	MTND2P8
9	2621834	2660053	ENSG00000147852	VLDLR
20	41691966	41692249	ENSG00000223190	RN7SKP100
22	38428172	38430235	ENSG00000222044	RP5-1039K5.16
18	61082550	61083702	ENSG00000267430	RP11-635N19.2
20	41818862	41830011	ENSG00000233508	RP1-269M15.3
X	71424510	71458897	ENSG00000186871	ERCC6L
22	38439237	38439927	ENSG00000273214	RP5-1039K5.18
9	81651329	81652484	ENSG00000226234	KRT18P24
22	38453187	38469947	ENSG00000233739	RP5-1039K5.13
20	41850846	41851147	ENSG00000240639	RN7SL666P
22	38486134	38487566	ENSG00000272720	CTA-228A9.3
18	61152834	61153251	ENSG00000269989	RP11-635N19.3
20	41859400	41859900	ENSG00000226038	PPIAP21
15	55665138	55665232	ENSG00000207964	MIR628
9	81750337	81760589	ENSG00000260995	RP11-165H23.1
22	38616385	38617120	ENSG00000256873	AL021977.1
18	61164222	61164633	ENSG00000214318	ATP5G1P6
15	55734833	55735555	ENSG00000260036	RP11-178D12.2
HG271_PATCH	79369275	79440126	ENSG00000266074	BAHCC1
15	55972583	55973661	ENSG00000259180	RP11-420M1.2
22	38627326	38628254	ENSG00000235246	RP1-5O6.5
20	41933195	41933319	ENSG00000252193	SCARNA15
9	82006219	82006674	ENSG00000186940	CHCHD2P9
18	61739392	61739887	ENSG00000237314	RPL12P39
20	42017282	42017681	ENSG00000237555	RP5-862K6.4
22	38627726	38627999	ENSG00000241693	RN7SL704P
15	56038837	56038965	ENSG00000259369	RP11-291H24.1
22	38670345	38670430	ENSG00000265311	AL020993.1
20	42034113	42034218	ENSG00000201021	RNU6-743P
13	20977806	21099996	ENSG00000165475	CRYL1
9	82120719	82147257	ENSG00000233086	RP11-375O18.2
15	56053215	56053300	ENSG00000221218	AC009997.1
20	42051836	42052178	ENSG00000233711	EIF4EBP2P1
18	61747243	61816264	ENSG00000179676	LINC00305
15	56247899	56248002	ENSG00000238513	snoU13
9	100148522	100158394	ENSG00000228957	RP11-23J9.3
20	42079799	42079900	ENSG00000206998	Y_RNA
15	56297911	56299374	ENSG00000230183	CNOT6LP1
15	64199235	64364232	ENSG00000035664	DAPK2
20	42101653	42101759	ENSG00000201372	RNU6-1251P
9	82340984	82341236	ENSG00000240979	RP11-79D8.2
20	42151901	42152212	ENSG00000234271	RP1-138B7.4
15	41679551	41694717	ENSG00000137806	NDUFAF1
15	56321886	56322179	ENSG00000239703	RN7SL568P
20	42178029	42179589	ENSG00000226143	RP1-138B7.5
9	82465786	82466413	ENSG00000270691	RP11-403N16.5
18	61771325	62090836	ENSG00000267134	RP11-146N18.1
15	56363619	56363837	ENSG00000261333	CD24P2
9	100274988	100280118	ENSG00000228174	RP11-244N9.6
HSCHR6_MHC_MCF	33077161	33088426	ENSG00000230763	HLA-DPB1
9	82477934	82481790	ENSG00000238002	NPAP1P6
20	42281163	42281931	ENSG00000215467	RPL27AP
9	82489611	82501593	ENSG00000232494	RP11-403N16.2
20	42425077	42425183	ENSG00000206801	RNU6-639P
18	61814443	61826533	ENSG00000236392	AC100848.1
20	42523360	42524108	ENSG00000233277	RP5-1030M6.3
9	82503916	82506922	ENSG00000260564	RP11-403N16.3
9	82645494	82649470	ENSG00000230945	RP11-394O9.1
20	42635888	42636178	ENSG00000241229	RN7SL443P
18	61880317	61927290	ENSG00000266952	RP11-909B2.1
22	24129150	24176703	ENSG00000099956	SMARCB1
9	82971944	82975253	ENSG00000236521	NPAP1P4
X	71475529	71497150	ENSG00000198034	RPS4X
21	39874369	39874545	ENSG00000231480	SNRPGP13
18	62216690	62216742	ENSG00000252818	RNU7-146P
9	83178486	83179545	ENSG00000232981	RP11-117O7.2
15	85154920	85158200	ENSG00000256278	RP11-182J1.5
20	42839600	42854667	ENSG00000223891	OSER1-AS1
18	62773109	62792946	ENSG00000263863	AC007948.1
9	83179947	83180877	ENSG00000225901	MTND2P9
9	83349157	83349244	ENSG00000221581	AL353707.1
22	38731767	38794934	ENSG00000244627	RP3-449O17.1
18	47008028	47013622	ENSG00000177576	C18orf32
21	40110945	40119384	ENSG00000223806	LINC00114
18	62853395	62854254	ENSG00000264131	AC007631.1
9	83397253	83397685	ENSG00000234637	RPS19P6
18	63091249	63114748	ENSG00000264232	RP11-453M23.1
20	42973479	42973569	ENSG00000201363	Y_RNA
20	42976192	42983825	ENSG00000226812	RP5-881L22.5
18	63273326	63319289	ENSG00000265217	RP11-775G23.1
9	83484673	83486210	ENSG00000226798	RP11-289F5.1
18	63532498	63533633	ENSG00000263720	RP11-389J22.1
9	100396797	100398333	ENSG00000231521	RP11-244N9.4
9	84025194	84025545	ENSG00000228375	RPS20P25
20	43001386	43024346	ENSG00000229005	HNF4A-AS1
18	63585018	63588178	ENSG00000263622	RP11-389J22.3
9	100461204	100463016	ENSG00000214417	KRT18P13
HG873_PATCH	14899553	14913798	ENSG00000262968	CYP2R1
9	84103223	84103752	ENSG00000237072	RP11-232A1.2
15	85174682	85185695	ENSG00000176700	SCAND2P
18	63735986	63736883	ENSG00000264685	PRPF19P1
9	84304628	84391815	ENSG00000233926	RP11-154D17.1
20	43018264	43020177	ENSG00000233376	RP5-881L22.6
18	64320646	64320738	ENSG00000221536	AC091643.1
9	100462516	100462607	ENSG00000266608	AL445531.1
20	43036760	43036843	ENSG00000266151	MIR3646
18	64613353	64613459	ENSG00000238680	RNU6-1037P
9	84340158	84340264	ENSG00000207206	RNU6-1035P
20	43053692	43053781	ENSG00000265893	AL132772.1
18	64710604	64710681	ENSG00000264409	AC113195.1
9	84420911	84420996	ENSG00000263404	AL158154.1
20	43062837	43063236	ENSG00000273283	RP5-1013A22.5
18	64748821	64748923	ENSG00000263354	MIR5011
9	84500411	84500513	ENSG00000252167	RNA5SP287
20	43077417	43078732	ENSG00000237907	RP5-1013A22.2
9	100505490	100507217	ENSG00000260677	RP11-546O6.4
9	84503833	84503900	ENSG00000200969	SNORD95
18	64804848	64804988	ENSG00000264054	RPL31P9
20	43095204	43095482	ENSG00000226243	RPL37AP1
18	64963519	64963619	ENSG00000265580	AC091042.1
18	65042370	65042542	ENSG00000265936	RP11-563H6.1
20	43285092	43324737	ENSG00000132832	RP11-445H22.3
9	84528352	84534841	ENSG00000240632	SPATA31D5P
18	65149028	65152203	ENSG00000260578	CTD-2541J13.1
20	3024268	3026393	ENSG00000125787	GNRH2
22	38783923	38784862	ENSG00000229955	RP1-5O6.4
18	65173826	65181267	ENSG00000263424	CTD-2541J13.2
9	127908852	127952218	ENSG00000119414	PPP6C
22	38820293	38823341	ENSG00000228620	RP3-434P1.6
20	43323533	43374662	ENSG00000244558	RP11-445H22.4
18	65183783	65566856	ENSG00000265533	RP11-638L3.1
22	38970936	38971436	ENSG00000224279	RP1-199H16.6
9	84542936	84546283	ENSG00000230846	RP11-383M4.2
15	85175129	85177218	ENSG00000254414	RP11-182J1.1
9	100568217	100572290	ENSG00000236130	RP11-23B15.1
22	39062513	39064755	ENSG00000230912	RP3-508I15.10
18	65269929	65270259	ENSG00000264040	RP11-29O13.1
20	43509479	43509775	ENSG00000263911	RN7SL31P
15	41700606	41775761	ENSG00000137815	RTF1
9	100677972	100678078	ENSG00000201830	Y_RNA
15	85177105	85177866	ENSG00000254779	EGLN1P1
HSCHR6_MHC_SSTO	31596744	31610423	ENSG00000233348	BAG6
18	19284918	19450918	ENSG00000101752	MIB1
18	65339458	65343315	ENSG00000263594	RP11-28O3.2
9	100748833	100749938	ENSG00000236896	RP11-535C21.3
20	43592435	43595043	ENSG00000227477	STK4-AS1
20	56178902	56195632	ENSG00000124256	ZBP1
15	85229115	85230177	ENSG00000259654	RP11-245C17.2
9	84543398	84549913	ENSG00000189357	SPATA31D4
22	39063590	39077825	ENSG00000228274	RP3-508I15.9
9	100794512	100794617	ENSG00000212521	RNU6-918P
22	19032769	19032880	ENSG00000206739	Y_RNA
18	65375166	65375483	ENSG00000265472	RP11-28O3.1
15	85296353	85297733	ENSG00000259415	RP11-7M10.2
22	19033675	19035888	ENSG00000273311	DGCR11
20	43632989	43633095	ENSG00000252021	Y_RNA
18	65455505	65458272	ENSG00000264104	RP11-638L3.4
15	85395729	85395846	ENSG00000200991	SNORA25
20	43858458	43858832	ENSG00000233352	RP1-300I2.3
22	19043314	19044025	ENSG00000237347	AC004461.4
15	85481647	85481753	ENSG00000207037	RNU6-339P
18	65475742	65482059	ENSG00000265555	RP11-638L3.3
15	85482848	85482954	ENSG00000212388	RNU6-796P
20	43859509	43861972	ENSG00000243995	RP1-300I2.2
22	19109042	19112016	ENSG00000223461	AC004471.9
15	85483735	85484364	ENSG00000271044	RP11-255M6.1
22	39118748	39119510	ENSG00000229598	PRDX3P1
18	65497908	65499204	ENSG00000265240	RP11-638L3.2
22	19111822	19115962	ENSG00000272682	AC004471.10
15	85721859	85722037	ENSG00000259270	RP11-561C5.1
20	44016987	44017345	ENSG00000232880	RP3-453C12.8
18	65608186	65623663	ENSG00000264634	RP11-659F24.1
9	84545141	84592004	ENSG00000267559	RP11-383M4.6
20	44076042	44076982	ENSG00000234011	RP3-461P17.10
22	19112392	19113159	ENSG00000231086	TSSK1A
22	39127778	39128531	ENSG00000257034	AL021707.2
18	65769353	65781614	ENSG00000264869	RP11-526H11.1
20	44116253	44118888	ENSG00000237464	RP3-461P17.9
22	19158908	19160352	ENSG00000260924	AC004463.6
18	65925576	65932064	ENSG00000264699	RP11-421N8.2
9	100996991	100997849	ENSG00000224001	RP11-270F18.2
22	39128914	39129588	ENSG00000203583	AL021707.1
9	84558474	84565009	ENSG00000186788	SPATA31D3
20	44119458	44120311	ENSG00000237068	RPL5P2
22	19225966	19226262	ENSG00000230194	AC000081.2
22	39130730	39134770	ENSG00000244491	RP3-508I15.18
18	65945039	65945480	ENSG00000260747	RP11-421N8.1
22	19237396	19237489	ENSG00000251940	SNORA15
20	44165435	44165653	ENSG00000232135	RP3-461P17.6
15	64364758	64386217	ENSG00000166797	FAM96A
22	39130735	39134995	ENSG00000230149	RP3-508I15.19
22	19245043	19246329	ENSG00000233471	KRT18P62
9	101369115	101370415	ENSG00000229897	SEPT7P7
18	66094267	66104155	ENSG00000265425	RP11-128D14.1
20	44168622	44168866	ENSG00000229900	HSPD1P21
9	84583753	84586985	ENSG00000237770	SPATA31D2P
22	24176690	24181315	ENSG00000099958	DERL3
22	39132615	39132797	ENSG00000273096	RP3-508I15.20
22	19353289	19353565	ENSG00000244296	RN7SL168P
18	66123188	66124114	ENSG00000263355	AKR1B10P2
20	44188397	44188515	ENSG00000201923	RNA5SP485
22	19435416	19437628	ENSG00000185065	AC000068.5
22	39135008	39145046	ENSG00000225450	RP3-508I15.14
20	44196629	44197446	ENSG00000230860	CCNB1IP1P2
9	84672562	84678597	ENSG00000231649	SPATA31B1
18	66195207	66195360	ENSG00000264697	RP11-585K6.2
22	39138630	39139120	ENSG00000272669	RP3-508I15.21
20	44269125	44270009	ENSG00000235508	RPS2P7
22	19441702	19442128	ENSG00000273300	AC000068.9
9	84701070	84703683	ENSG00000230360	DDX10P2
18	66420416	66421820	ENSG00000263637	RP11-106E15.1
22	39139500	39139915	ENSG00000273076	RP3-508I15.22
9	2717502	2730037	ENSG00000168263	KCNV2
22	19444026	19444485	ENSG00000273212	AC000068.10
20	44333741	44333819	ENSG00000266071	MIR3617
9	84745667	84746547	ENSG00000235377	RP11-388B24.4
18	66526171	66526277	ENSG00000207072	RNU6-39P
22	39317232	39320713	ENSG00000235209	CTA-150C2.13
22	19618273	19621097	ENSG00000230485	AC000077.2
20	44374376	44374926	ENSG00000226188	HNRNPA1P3
18	66533754	66534265	ENSG00000264444	SDHCP1
22	39387564	39394214	ENSG00000249310	APOBEC3B-AS1
20	44378559	44378713	ENSG00000168630	SPINT5P
22	19654546	19655078	ENSG00000225007	AC000067.1
18	66659955	66660612	ENSG00000264236	RP11-861L17.2
22	39466419	39466676	ENSG00000259421	CTA-150C2.20
20	44407337	44407462	ENSG00000221046	RNU6ATAC38P
22	19779817	19780617	ENSG00000235776	AC000089.3
20	44521333	44522058	ENSG00000271984	RP3-337O18.9
18	66879514	66881587	ENSG00000264705	RP11-674P19.2
22	19874812	19875493	ENSG00000232926	AC000078.5
22	39487591	39488860	ENSG00000225720	RP4-742C19.12
18	47008051	47017956	ENSG00000215472	RPL17-C18orf32
20	3026591	3028900	ENSG00000125901	MRPS26
20	44603888	44604714	ENSG00000235525	FTLP1
18	67136753	67138972	ENSG00000264845	RP11-465I4.3
22	19951276	19951357	ENSG00000265087	MIR4761
15	56484551	56485460	ENSG00000261072	RP11-5N19.3
22	20020662	20020743	ENSG00000208023	MIR185
9	84887671	85179347	ENSG00000228430	RP11-15B24.5
22	39516298	39516571	ENSG00000226024	COX5BP7
15	56566728	56566834	ENSG00000199784	RNU6-1287P
20	44642141	44650712	ENSG00000204044	RP11-465L10.10
15	56615391	56615917	ENSG00000261174	RP11-844G16.1
22	39551530	39551950	ENSG00000227009	FUNDC2P4
21	40218171	40220568	ENSG00000229986	AP001042.1
20	3052266	3053163	ENSG00000101405	OXT
15	56686519	56688983	ENSG00000259941	RP11-48G14.2
20	44644111	44644231	ENSG00000203346	AL162458.1
22	20050503	20058066	ENSG00000236540	AC006547.13
15	56700681	56702384	ENSG00000261823	RP11-48G14.1
21	40249215	40328392	ENSG00000205622	AF064858.6
22	39688993	39691568	ENSG00000224794	RP3-333H23.8
20	44728157	44728815	ENSG00000213820	RPL13P2
22	39709824	39709916	ENSG00000209480	SNORD83B
21	40260696	40275829	ENSG00000229925	AP001043.1
15	56835150	56921790	ENSG00000260392	RP11-1129I3.1
22	39711218	39711312	ENSG00000209482	SNORD83A
20	60697517	60710434	ENSG00000149657	LSM14B
21	40266709	40266791	ENSG00000272015	SNORA62
20	44797043	44799876	ENSG00000229957	RP5-998H6.2
22	39715055	39715118	ENSG00000263764	SNORD43
21	40266841	40267176	ENSG00000227721	RPSAP64
15	50792759	50838905	ENSG00000170236	USP50
9	85020103	85021154	ENSG00000225085	RP11-15B24.1
22	39871812	39872827	ENSG00000227188	RP5-1104E15.6
21	40285093	40287072	ENSG00000234035	AP001044.2
20	3063202	3065370	ENSG00000101200	AVP
9	127962821	127996437	ENSG00000136933	RABEPK
20	45042867	45087915	ENSG00000215452	ZNF663P
8	38120648	38126761	ENSG00000147535	PPAPDC1B
9	85042265	85042940	ENSG00000228046	RP11-15B24.2
22	40146132	40147298	ENSG00000235647	RP1-172B20.6
15	57138538	57138804	ENSG00000225625	RP11-31H5.1
21	40346355	40349700	ENSG00000232837	AF064858.7
HG271_PATCH	79483771	79497647	ENSG00000267807	ACTG1
22	20052075	20053228	ENSG00000268292	AC006547.15
9	85046804	85047820	ENSG00000228123	RP11-15B24.3
22	40270259	40270519	ENSG00000238875	RN7SKP210
21	40360633	40378079	ENSG00000235888	AF064858.8
22	20073269	20073356	ENSG00000266567	MIR3618
20	45092541	45093763	ENSG00000225849	MKRN7P
15	57258523	57258595	ENSG00000222586	AC010999.1
9	85068260	85070140	ENSG00000232749	RP11-15B24.4
X	48760459	48769235	ENSG00000102100	SLC35A2
22	40271293	40272119	ENSG00000226085	UQCRFS1P1
22	20073581	20073665	ENSG00000221366	MIR1306
15	57539158	57540091	ENSG00000260689	HNRNPA3P11
21	40378574	40383255	ENSG00000237721	AF064858.11
9	85358982	85359707	ENSG00000233309	RPS6P12
22	40356401	40360687	ENSG00000225528	RP3-370M22.8
22	20098344	20099398	ENSG00000243762	AC006547.8
9	85815855	85816143	ENSG00000251776	RN7SKP242
18	67150863	67285930	ENSG00000265643	RP11-465I4.2
15	57570768	57570871	ENSG00000239035	snoU13
21	40400461	40401053	ENSG00000237609	AF064858.10
22	40439072	40440534	ENSG00000261202	RP3-496C20.1
9	2720469	2844241	ENSG00000080608	KIAA0020
22	20113925	20114049	ENSG00000264346	SNORA77
9	85834246	85849157	ENSG00000229109	RP11-439K3.1
20	45113100	45121279	ENSG00000184617	ZNF840
15	57592563	57599959	ENSG00000247982	LINC00926
18	67372214	67392211	ENSG00000266840	RP11-543H23.2
22	20186252	20192441	ENSG00000249923	XXbac-B444P24.8
22	40502329	40503070	ENSG00000228599	RPL7P52
9	85890856	85891029	ENSG00000251752	RNU4-29P
18	68003165	68004546	ENSG00000266304	RP11-484N16.1
21	40499494	40499966	ENSG00000228861	RPL23AP12
9	85891291	85894414	ENSG00000237529	RP11-439K3.3
15	57611336	57616106	ENSG00000260172	RP11-358M11.3
18	68029359	68029459	ENSG00000264059	AC013558.1
22	40768668	40784294	ENSG00000229999	RP5-1042K10.10
22	20193920	20196047	ENSG00000236499	LINC00896
9	86067188	86067290	ENSG00000238608	snoU13
18	68047376	68051827	ENSG00000266278	RP11-41O4.2
9	86096182	86096252	ENSG00000252256	SNORD112
22	20236657	20236734	ENSG00000221039	MIR1286
21	40543056	40544032	ENSG00000235701	PCBP2P1
15	57617670	57618645	ENSG00000260870	RP11-358M11.4
9	86211359	86211499	ENSG00000199483	RNU4-15P
13	21140585	21265503	ENSG00000032742	IFT88
18	68079291	68079627	ENSG00000265698	RP11-41O4.3
22	40811007	40811449	ENSG00000272834	RP5-1042K10.13
9	86322509	86328293	ENSG00000254473	RP11-522I20.3
22	20287283	20300739	ENSG00000161132	XXbac-B444P24.10
21	40556395	40556825	ENSG00000272991	AF129408.17
22	40829140	40829645	ENSG00000227413	RP5-1042K10.12
20	45318298	45318928	ENSG00000271784	RP1-28H20.3
15	57697272	57697373	ENSG00000252984	RNU6-844P
18	68096396	68098361	ENSG00000214255	RPS2P6
22	40917804	40922711	ENSG00000232564	RP4-591N18.2
21	40588550	40589432	ENSG00000232608	TIMM9P2
20	45439477	45439561	ENSG00000266136	AL031055.1
15	57769682	57770527	ENSG00000261489	CTD-2515H24.3
22	20305642	20306272	ENSG00000273343	XXbac-B444P24.13
20	45487972	45488311	ENSG00000222874	RN7SKP33
22	40924061	40924137	ENSG00000252124	AL031594.1
15	57819385	57821207	ENSG00000261265	CTD-2515H24.4
21	40589019	40591731	ENSG00000237373	BRWD1-IT1
20	45492202	45492743	ENSG00000235922	RP11-323C15.1
9	86444571	86452776	ENSG00000226877	RP11-575L7.2
22	40965290	40965899	ENSG00000172912	COX6B1P3
9	101609511	101634697	ENSG00000267026	RP11-92C4.3
HSCHR6_MHC_MCF	33078411	33080790	ENSG00000257637	CR759795.1
15	57848149	57848577	ENSG00000240874	CTD-2515H24.1
21	40607312	40607946	ENSG00000229623	METTL21AP1
22	20308262	20308726	ENSG00000273139	XXbac-B444P24.14
20	45529782	45530365	ENSG00000236028	RP11-323C15.2
15	58012493	58013126	ENSG00000261219	RP11-344A16.2
22	40982704	40984007	ENSG00000230071	RPL4P6
21	40685887	40686886	ENSG00000255568	BRWD1-IT2
15	58271914	58272844	ENSG00000259477	RP11-86K22.1
20	45626235	45627127	ENSG00000226769	GAPDHP54
22	20326328	20350457	ENSG00000188424	XXbac-B33L19.3
22	41069488	41070455	ENSG00000231907	GAPDHP37
15	58357423	58363241	ENSG00000259285	CTD-2330J20.2
20	45700504	45700875	ENSG00000239783	RP5-1050K3.3
21	40687633	40695144	ENSG00000238141	BRWD1-AS1
22	41184781	41185271	ENSG00000230769	RP3-408N23.4
15	58442474	58442762	ENSG00000259651	CTD-2330J20.1
15	85724441	85725314	ENSG00000259449	NIFKP8
22	20330726	20331888	ENSG00000235578	XXbac-B33L19.4
20	45789477	45790339	ENSG00000215450	RP5-890O15.3
21	40716463	40716554	ENSG00000252915	Y_RNA
21	40717300	40717383	ENSG00000238556	snoU13
22	41194043	41194289	ENSG00000233603	JTBP1
15	58442834	58443161	ENSG00000259626	RP11-925D8.2
22	20336866	20341114	ENSG00000230410	XXbac-B33L19.6
20	45795609	45795700	ENSG00000264901	MIR3616
21	40745689	40748992	ENSG00000227406	RNF6P1
22	41209887	41209962	ENSG00000266594	MIR4766
20	45936797	45937126	ENSG00000265532	RN7SL243P
15	58443232	58444712	ENSG00000259600	RP11-925D8.3
9	86446501	86483335	ENSG00000231616	RP11-575L7.4
9	127997132	128003609	ENSG00000044574	HSPA5
20	45943269	45943336	ENSG00000263770	AL031666.1
22	41310883	41310986	ENSG00000238887	snoU13
22	20377669	20378803	ENSG00000235704	AC023490.2
20	45976881	45977886	ENSG00000273451	RP4-569M23.4
22	41313747	41313850	ENSG00000200683	RNU6-379P
15	85734669	85757136	ENSG00000259295	CSPG4P12
15	58444805	58446606	ENSG00000259379	RP11-925D8.5
22	41441501	41441595	ENSG00000222698	Y_RNA
21	40860253	40860686	ENSG00000235808	MYL6P2
20	45981305	45983377	ENSG00000231119	RP4-569M23.2
22	41456636	41456705	ENSG00000266175	AL080243.1
21	30449792	30548210	ENSG00000156265	MAP3K7CL
20	46020673	46041071	ENSG00000224565	RP1-148H17.1
22	41460056	41460640	ENSG00000237214	RP11-12M9.3
15	58447159	58448260	ENSG00000259671	RP11-925D8.6
20	46106958	46107754	ENSG00000234075	RPL35AP
22	20378814	20380440	ENSG00000206176	AC023490.1
22	41461558	41461650	ENSG00000199515	Y_RNA
22	41470184	41471243	ENSG00000213857	RP11-12M9.4
20	46113022	46113125	ENSG00000202186	RNU6-497P
15	25200181	25245423	ENSG00000214265	SNURF
22	41488517	41488570	ENSG00000221160	MIR1281
20	46121722	46121829	ENSG00000201742	RNU6-563P
9	86584663	86584772	ENSG00000207603	MIR7-1
20	46199679	46199759	ENSG00000221294	AL021394.1
22	41564221	41564320	ENSG00000252859	RNU6-375P
9	86587148	86590692	ENSG00000235298	RP11-575L7.8
22	41565194	41579148	ENSG00000232754	RP1-85F18.6
9	101652872	101654219	ENSG00000229338	RP11-92C4.4
9	86607847	86607948	ENSG00000202523	Y_RNA
21	40863470	40863824	ENSG00000228349	RPS26P4
22	41570595	41593460	ENSG00000231993	RP1-85F18.5
9	86678358	86709492	ENSG00000227463	RP11-158D2.2
20	46259010	46260182	ENSG00000229853	RP5-1049G16.4
22	41585731	41586192	ENSG00000215771	LRRC37A14P
21	40897510	40901782	ENSG00000235012	AF121897.4
9	86693499	86693772	ENSG00000270166	RP11-158D2.1
9	86893134	86905046	ENSG00000233262	RP11-380F14.2
22	41605126	41613631	ENSG00000235513	RP4-756G23.5
9	87219026	87219344	ENSG00000228095	RP11-361M4.1
22	41773181	41773287	ENSG00000199865	RNU6-495P
22	41826938	41827379	ENSG00000273424	CTA-223H9.9
9	87774597	87774865	ENSG00000226590	UBE2V1P10
20	46306645	46315041	ENSG00000255438	CTD-2653D5.1
22	42044093	42044194	ENSG00000200332	Y_RNA
9	88107494	88109009	ENSG00000227412	STK33P1
20	46455713	46455788	ENSG00000238950	RNU7-173P
22	42075715	42075821	ENSG00000207457	RNU6-476P
20	46488532	46489416	ENSG00000215448	SRMP1
15	85747141	85778026	ENSG00000229212	RP11-561C5.4
22	42090191	42092048	ENSG00000255782	Z83840.1
9	88368221	88401490	ENSG00000234424	RP11-213G2.1
20	46501935	46502017	ENSG00000251770	RNA5SP486
22	42105229	42105493	ENSG00000231261	HMGN2P10
9	101705619	101706057	ENSG00000270412	RP11-92C4.6
20	46533092	46533167	ENSG00000238785	RNU7-92P
9	101908122	101908248	ENSG00000252942	RNA5SP290
22	42118047	42118135	ENSG00000252603	RNU6ATAC22P
20	46579543	46580799	ENSG00000234967	RP11-347D21.1
9	88370957	88380027	ENSG00000229454	RP11-202I11.2
22	42143316	42143417	ENSG00000206813	Y_RNA
9	101945655	101947173	ENSG00000227269	RP11-96L7.2
22	42227219	42230669	ENSG00000184068	RP5-821D11.7
9	101947868	101948148	ENSG00000240235	RN7SL794P
20	46586766	46587347	ENSG00000228503	RP11-347D21.2
22	42296948	42297016	ENSG00000207932	MIR33A
20	46609232	46617488	ENSG00000237423	RP11-347D21.3
9	102046304	102046655	ENSG00000222337	RN7SKP225
9	88400637	88408395	ENSG00000230303	RP11-213G2.2
22	42318027	42319104	ENSG00000260655	CTA-250D10.23
20	46612148	46613057	ENSG00000229522	RP11-347D21.4
22	42319226	42319301	ENSG00000263463	MIR378I
20	56223448	56286592	ENSG00000124225	PMEPA1
20	46764686	46764766	ENSG00000252227	SNORD36
8	9911778	10286401	ENSG00000175806	MSRA
22	42348169	42354937	ENSG00000205704	LINC00634
20	46988693	46999372	ENSG00000235621	LINC00494
9	88430881	88464426	ENSG00000165121	RP11-213G2.3
22	42377308	42378221	ENSG00000224883	CTA-250D10.19
22	42397073	42397970	ENSG00000215347	SLC25A5P1
9	88513818	88514631	ENSG00000213711	PHBP7
22	42472062	42472165	ENSG00000238498	snoU13
9	102067394	102068893	ENSG00000255815	KRT8P11
22	42485634	42486032	ENSG00000270083	RP1-257I20.14
20	47012066	47013638	ENSG00000236874	RP1-66N13.1
9	88549503	88551514	ENSG00000231741	RP11-213G2.5
20	47122480	47122555	ENSG00000238452	RNU7-144P
20	47355867	47355985	ENSG00000251876	AL035106.1
9	88747537	88747766	ENSG00000233713	RP11-379P1.4
20	47654894	47655139	ENSG00000230758	SNAP23P
9	88843730	88843898	ENSG00000270688	RP11-507D14.4
HSCHR6_MHC_MANN	30051790	30051922	ENSG00000266142	CT009552.1
9	88873273	88873561	ENSG00000223012	RN7SKP264
HSCHR6_MHC_MANN	30068180	30077657	ENSG00000237050	TRIM31-AS1
20	47657000	47662581	ENSG00000227431	RP1-155G6.4
9	88989881	88990621	ENSG00000214908	RP11-229M1.2
13	21276266	21297237	ENSG00000172458	IL17D
HSCHR6_MHC_MANN	30145745	30145906	ENSG00000263589	SNORA48
15	64386322	64438289	ENSG00000028528	SNX1
20	47751017	47751549	ENSG00000226284	ARPC3P1
9	89029197	89029485	ENSG00000235819	RP11-359J6.1
HSCHR6_MHC_MANN	30199679	30201500	ENSG00000226175	PAIP1P1
22	42486935	42535286	ENSG00000237037	NDUFA6-AS1
15	58492805	58493217	ENSG00000240934	RP11-925D8.1
9	89037853	89038043	ENSG00000222293	RNU2-36P
9	89247062	89311411	ENSG00000232211	RP11-395D3.1
15	58727089	58790934	ENSG00000259293	RP11-355N15.1
HSCHR6_MHC_MANN	30246907	30338582	ENSG00000240924	HCG17
9	89563614	89616948	ENSG00000226237	RP11-276H19.1
9	102117619	102139522	ENSG00000271086	NAMA
15	58813510	58815570	ENSG00000259476	RP11-50C13.2
22	24198890	24228496	ENSG00000133460	SLC2A11
15	58879706	58883875	ENSG00000259250	RP11-50C13.1
9	89623370	89657041	ENSG00000269994	RP11-276H19.2
HSCHR6_MHC_MANN	30251169	30254730	ENSG00000231928	TRIM26BP
15	58892331	58892434	ENSG00000239100	snoU13
15	50844670	50979012	ENSG00000092439	TRPM7
15	58964495	58965132	ENSG00000270986	RP11-123C21.2
9	89626567	89628066	ENSG00000231007	CDC20P1
4	16162128	16229033	ENSG00000169762	TAPT1
15	58978610	58978816	ENSG00000182625	RP11-123C21.1
9	89699076	89700066	ENSG00000224887	RP11-276H19.4
HSCHR6_MHC_MANN	30272044	30305476	ENSG00000239618	HLA-L
13	21302870	21348097	ENSG00000150456	N6AMT2
15	58996051	58996353	ENSG00000199730	RN7SKP95
18	47014851	47018906	ENSG00000265681	RPL17
9	89875365	89875500	ENSG00000212421	SNORA26
9	102293978	102299206	ENSG00000234860	RP11-547C13.1
15	59047824	59048446	ENSG00000259173	RP11-30K9.7
9	90038549	90038808	ENSG00000228373	RP11-497K15.1
X	48770459	48776301	ENSG00000102096	PIM2
15	59052666	59052880	ENSG00000200318	U3
9	90140217	90140390	ENSG00000219928	RP11-40C6.2
22	42503769	42504957	ENSG00000213790	OLA1P1
15	59060271	59063173	ENSG00000245975	RP11-30K9.6
9	90168369	90169374	ENSG00000236709	DAPK1-IT1
15	59107471	59109927	ENSG00000259402	RP11-30K9.4
22	42528550	42529005	ENSG00000227370	RP4-669P10.19
9	90356148	90356868	ENSG00000237747	RP11-65B23.3
20	47894715	47905797	ENSG00000177410	ZFAS1
15	59149030	59157262	ENSG00000259353	RP11-30K9.5
22	42532442	42535938	ENSG00000232710	RP4-669P10.16
9	90359816	90359908	ENSG00000222408	AL160279.1
20	60711791	60718496	ENSG00000101182	PSMA7
15	59157205	59157502	ENSG00000259738	ZNF444P1
15	59161858	59162333	ENSG00000242747	RP11-30K9.1
9	90387368	90401799	ENSG00000188029	CTSL3P
22	42545877	42551007	ENSG00000226450	CYP2D8P
15	59182166	59186281	ENSG00000225798	AC025918.2
9	90431380	90432885	ENSG00000232743	XXyac-YM21GA2.1
15	59259245	59260007	ENSG00000259393	RP11-313H3.1
9	102348068	102582171	ENSG00000237461	RP11-554F20.1
15	59341598	59342584	ENSG00000241640	RP11-59H7.1
9	90441402	90452140	ENSG00000237743	XXyac-YM21GA2.6
15	25582381	25684128	ENSG00000114062	UBE3A
22	42665759	42671202	ENSG00000182057	Z83851.3
HSCHR6_MHC_MANN	30303261	30339598	ENSG00000230660	HCG18
9	102648608	102668883	ENSG00000255145	RP11-60I3.5
8	86126311	86132650	ENSG00000176731	C8orf59
15	59413233	59425449	ENSG00000259732	RP11-59H7.3
9	102677359	102692178	ENSG00000254571	RP11-60I3.4
15	59443177	59443267	ENSG00000221096	AC092757.1
9	102760583	102761351	ENSG00000234709	UPF3AP3
15	59463382	59463461	ENSG00000253030	MIR2116
22	42672361	42673058	ENSG00000233903	Z83851.4
20	47895477	47895565	ENSG00000209042	SNORD12C
20	47896856	47896946	ENSG00000222365	SNORD12B
22	42674194	42674852	ENSG00000273366	CTA-989H11.1
9	90459067	90462229	ENSG00000234575	CTSLP8
21	30566392	31003071	ENSG00000156273	BACH1
20	47897220	47897309	ENSG00000212304	SNORD12
20	48203218	48203311	ENSG00000265225	AL118525.1
20	56725960	56736206	ENSG00000124237	C20orf85
20	48338486	48338782	ENSG00000264946	RN7SL197P
22	42760406	42765242	ENSG00000229891	Z83851.1
9	3218297	3526004	ENSG00000080298	RFX3
20	48346128	48346379	ENSG00000231878	SNRPFP1
X	45606421	45606530	ENSG00000207725	MIR222
20	48411348	48411451	ENSG00000252540	RNU6-919P
X	45624175	45624702	ENSG00000269902	RP6-99M1.3
20	48444529	48444590	ENSG00000252123	RNU7-72P
9	90463028	90468357	ENSG00000233884	XXyac-YM21GA2.3
22	42834029	42842201	ENSG00000230107	CTA-126B4.7
HSCHR6_MHC_MANN	30363873	30364007	ENSG00000234095	HLA-N
20	48445662	48447622	ENSG00000237788	RP5-1041C10.3
X	45707328	45710920	ENSG00000231566	RP5-1158E12.3
9	90471930	90474314	ENSG00000214888	XXyac-YM21GA2.7
HSCHR6_MHC_MANN	30368691	30368778	ENSG00000257168	BX927214.1
9	102864841	102865119	ENSG00000239908	RN7SL75P
HSCHR6_MHC_MANN	30371736	30372369	ENSG00000236422	HCG19P
20	48537134	48537231	ENSG00000199490	Y_RNA
15	59504847	59504987	ENSG00000200070	RNU4-80P
9	90479081	90481205	ENSG00000234460	XXyac-YM21GA2.4
9	102879037	102879933	ENSG00000238172	RPS2P35
20	48556833	48556937	ENSG00000239157	snoU13
15	59508845	59508925	ENSG00000215983	AC092756.1
X	45752347	45752414	ENSG00000212347	SNORD77
HSCHR6_MHC_MANN	30375568	30376736	ENSG00000231659	UBQLN1P1
15	59558919	59563361	ENSG00000259771	RP11-429D19.1
9	102882717	102883182	ENSG00000270995	RP11-29B11.5
X	45772553	45773306	ENSG00000215286	RP5-1158E12.2
20	48573282	48574569	ENSG00000229222	KRT18P4
15	59633513	59633616	ENSG00000199512	RNU6-212P
HSCHR6_MHC_MANN	30376935	30377058	ENSG00000257295	BX927214.2
9	102937460	102938336	ENSG00000231697	NANOGP5
15	59640847	59652088	ENSG00000259735	RP11-356M20.3
20	48588643	48588749	ENSG00000206710	RNU6-147P
X	45772702	45776475	ENSG00000234613	RP5-1158E12.1
9	90529408	90538572	ENSG00000230246	SPATA31C1
HSCHR6_MHC_MANN	30380635	30380743	ENSG00000258032	BX927214.5
20	48657253	48658041	ENSG00000231265	TRERNA1
15	59682407	59682516	ENSG00000238767	snoU13
X	45811197	45811768	ENSG00000224701	MED28P4
HSCHR6_MHC_MANN	30394980	30395064	ENSG00000257819	BX927214.3
15	59693420	59694203	ENSG00000259750	RP11-356M20.2
HSCHR6_MHC_MANN	30404947	30405034	ENSG00000258124	BX927214.6
X	45842800	45843799	ENSG00000213100	KRT18P68
22	42896585	42908566	ENSG00000172250	SERHL
20	48780001	48782639	ENSG00000237595	RP11-112L6.3
20	44527399	44540794	ENSG00000100979	PLTP
HSCHR6_MHC_MANN	30405462	30405549	ENSG00000257934	BX927214.4
15	59699162	59700353	ENSG00000259674	RP11-356M20.1
X	45918186	45918963	ENSG00000214009	PCNAP3
20	48782899	48788279	ENSG00000234698	RP11-112L6.2
HSCHR6_MHC_MANN	30427175	30431779	ENSG00000229187	MICC
15	59701104	59701214	ENSG00000200252	Y_RNA
15	41785591	41795747	ENSG00000137825	ITPKA
9	90559191	90559938	ENSG00000238110	RP11-350E12.5
20	48789087	48793096	ENSG00000231742	RP11-112L6.4
9	90613144	90613250	ENSG00000271923	U6
9	90631215	90631708	ENSG00000217716	RPS10P3
HSCHR6_MHC_MANN	30469421	30469544	ENSG00000258219	BX927143.1
9	90681830	90682952	ENSG00000225385	RP11-350E12.4
HSCHR6_MHC_MANN	30478910	30480452	ENSG00000233700	TMPOP1
15	85752346	85752429	ENSG00000221266	AC044860.1
15	85753262	85753544	ENSG00000242188	RN7SL428P
20	56793551	56803709	ENSG00000124227	ANKRD60
20	48884023	48896332	ENSG00000224397	RP11-290F20.3
9	90744220	90753361	ENSG00000177910	SPATA31C2
HSCHR6_MHC_MANN	30481340	30482709	ENSG00000227754	SUCLA2P1
9	103157934	103158007	ENSG00000263475	AL353805.1
13	21351469	21477187	ENSG00000132953	XPO4
9	103343361	103343661	ENSG00000200966	RN7SKP87
21	41002198	41098012	ENSG00000225330	AF064860.5
15	85783703	85790410	ENSG00000188388	GOLGA6L3
HSCHR6_MHC_MANN	30498398	30499048	ENSG00000224554	RANP1
9	103493522	103494637	ENSG00000237999	RP11-394D2.1
15	59817621	59818080	ENSG00000243780	RP11-112N19.1
22	42948194	42948279	ENSG00000265106	Z93241.1
21	41099682	41102607	ENSG00000231713	AF064860.7
HSCHR6_MHC_MANN	30500762	30500846	ENSG00000257559	CR382280.3
15	59844814	59845292	ENSG00000240238	RP11-112N19.2
HSCHR6_MHC_MANN	30501183	30501309	ENSG00000257273	CR382280.2
20	48909257	48931459	ENSG00000203999	RP11-290F20.1
HSCHR6_MHC_MANN	30504298	30504382	ENSG00000258353	CR382280.7
15	59866302	59866421	ENSG00000201704	RNA5SP396
9	90795588	90796362	ENSG00000204429	RP11-1E11.1
21	41584279	41584358	ENSG00000263973	MIR4760
HSCHR6_MHC_MANN	30516378	30516499	ENSG00000258054	CR382280.6
HSCHR6_MHC_MANN	30522150	30522222	ENSG00000257170	CR382280.1
20	48927248	48937879	ENSG00000233077	RP11-290F20.2
9	90802650	90805117	ENSG00000229288	RP11-1E11.2
18	19668021	19678741	ENSG00000263588	RP11-595B24.2
HSCHR6_MHC_MANN	30523872	30523956	ENSG00000257911	CR382280.4
9	90939369	90940254	ENSG00000226327	RP11-350G13.1
20	49045729	49046020	ENSG00000244376	RN7SL636P
HSCHR6_MHC_MANN	30528710	30531661	ENSG00000235801	XXbac-BPG249D20.9
20	49096304	49096528	ENSG00000231715	COX6CP2
X	118722300	118739858	ENSG00000186416	NKRF
9	90989184	90989274	ENSG00000252299	U3
20	49174221	49174535	ENSG00000239742	RN7SL672P
9	103674602	103675023	ENSG00000230161	RP11-62L10.1
HSCHR6_MHC_MANN	30529912	30529999	ENSG00000258155	BX927220.6
9	91025444	91026378	ENSG00000227638	HNRNPA1P14
22	42951229	42978044	ENSG00000182841	RRP7B
18	68179963	68180241	ENSG00000239748	RN7SL795P
20	49179546	49179647	ENSG00000201501	Y_RNA
HSCHR6_MHC_MANN	30542942	30544028	ENSG00000257602	BX927220.4
9	103737950	103738964	ENSG00000229541	GAPDHP26
20	3088219	3140842	ENSG00000185019	UBOX5
18	68667713	68678726	ENSG00000265781	RP11-384E22.1
20	49187512	49194578	ENSG00000232043	RP4-530I15.9
21	41755010	41757285	ENSG00000235123	DSCAM-AS1
9	91099767	91100240	ENSG00000231804	RP11-317B17.3
15	85798600	85873565	ENSG00000218052	ADAMTS7P4
HSCHR6_MHC_MANN	30545347	30545471	ENSG00000257182	BX927220.1
9	103887718	103888203	ENSG00000238143	RP11-70K10.2
20	49202323	49202416	ENSG00000208018	MIR645
18	68696006	68700292	ENSG00000265639	RP11-529J17.1
9	3452305	3469181	ENSG00000203286	AL365202.1
9	91242104	91267075	ENSG00000228189	RP13-60M5.2
9	104084759	104084815	ENSG00000253041	SNORA31
HSCHR6_MHC_MANN	30551130	30551350	ENSG00000257362	BX927220.3
20	49231173	49231322	ENSG00000221091	MIR1302-5
18	68883940	68904338	ENSG00000265484	RP11-47G4.2
9	104096366	104101629	ENSG00000227411	BAATP1
X	48779305	48815648	ENSG00000068308	OTUD5
HSCHR6_MHC_MANN	30560530	30560602	ENSG00000257984	BX927220.5
9	91360751	91360820	ENSG00000265873	MIR4289
20	49237300	49237614	ENSG00000231302	RPL36P2
HSCHR6_MHC_MANN	30561459	30561580	ENSG00000257190	BX927220.2
18	68892940	68893957	ENSG00000263733	RP11-47G4.1
9	104118748	104119126	ENSG00000236763	TRMT112P4
HSCHR6_MHC_MANN	30596784	30596869	ENSG00000266785	hsa-mir-877
9	91585802	91586256	ENSG00000225856	PCNPP2
20	49262008	49278812	ENSG00000234693	RP4-530I15.6
HSCHR6_MHC_MANN	30628681	30628757	ENSG00000265473	BX908728.1
18	69187198	69246192	ENSG00000260676	RP11-510D19.1
8	141541264	141645718	ENSG00000123908	AGO2
HSCHR6_MHC_MANN	30646084	30646350	ENSG00000223851	PTMAP1
9	91586553	91591213	ENSG00000228658	RP11-791O21.5
22	24204375	24237410	ENSG00000251357	AP000350.10
HSCHR6_MHC_MANN	30709281	30710010	ENSG00000226494	RPL7P4
20	49457152	49457286	ENSG00000230043	TMSB4XP6
18	69255773	69256120	ENSG00000264388	RP11-752P2.1
9	91624949	91625393	ENSG00000231632	RP11-82L18.4
20	49477445	49477523	ENSG00000265062	AL133228.1
HSCHR6_MHC_MANN	30715542	30725658	ENSG00000224508	MDC1-AS1
18	69332384	69332761	ENSG00000265946	RP11-752P2.2
20	49530268	49530948	ENSG00000228663	PSMD10P1
22	42961054	42961336	ENSG00000202058	RN7SKP80
9	91703519	91724849	ENSG00000224945	RP11-82L18.2
15	85815758	85816205	ENSG00000259317	RP11-561C5.7
HSCHR6_MHC_MANN	30763502	30763749	ENSG00000263671	Metazoa_SRP
22	42965153	42965256	ENSG00000251913	RNU6-513P
8	145674965	145691060	ENSG00000187954	CYHR1
18	69504275	69538024	ENSG00000260457	RP11-723G8.1
X	71521488	71527037	ENSG00000125931	CITED1
20	49547521	49561671	ENSG00000259456	RP5-914P20.5
22	43011250	43011913	ENSG00000270022	RNU12
HSCHR6_MHC_MANN	30779290	30804715	ENSG00000228762	HCG20
18	69557645	69611813	ENSG00000265995	RP11-736G13.1
15	85933054	85933115	ENSG00000251891	RNU7-79P
9	91927140	91927221	ENSG00000265112	MIR3153
22	24236191	24237414	ENSG00000240972	MIF
20	49555183	49555269	ENSG00000265582	AL034553.1
22	43158866	43158965	ENSG00000200448	Y_RNA
15	85958459	85958864	ENSG00000259630	CTD-2262B20.1
18	69599729	69600032	ENSG00000271313	RP11-736G13.2
9	92064473	92065669	ENSG00000231799	RP13-93L13.2
20	49615907	49626556	ENSG00000232358	RP5-955M13.4
22	43172412	43173302	ENSG00000234009	RPL5P34
18	19749404	19782491	ENSG00000141448	GATA6
18	70285502	70286457	ENSG00000264315	HNRNPA1P11
9	92087152	92087607	ENSG00000225460	RP13-93L13.1
15	86122277	86123409	ENSG00000259375	RP11-815J21.2
20	3127165	3140543	ENSG00000215251	FASTKD5
HSCHR6_MHC_MANN	30811119	30843127	ENSG00000229170	LINC00243
9	104121214	104123524	ENSG00000230328	RP11-35N6.6
20	49747325	49748204	ENSG00000228820	RPSAP1
22	43180468	43183106	ENSG00000229608	GOLGA2P4
18	70410991	70413196	ENSG00000265579	RP11-713C5.1
9	92112853	92112936	ENSG00000264913	AL590233.1
15	86162854	86214179	ENSG00000259367	RP11-815J21.4
9	92316566	92334585	ENSG00000237372	RP11-316P17.2
18	70419187	70419286	ENSG00000252598	RNA5SP460
15	86164495	86170920	ENSG00000259276	RP11-815J21.3
9	104137626	104138885	ENSG00000234502	FYTTD1P1
22	43249409	43249805	ENSG00000226989	AL049758.2
18	70520556	70520617	ENSG00000263750	MIR548AV
20	49794042	49794136	ENSG00000263592	AL035457.1
HSCHR6_MHC_MANN	30851993	30860627	ENSG00000231854	XXbac-BPG27H4.8
9	92501142	92523200	ENSG00000226206	RP5-1050E16.2
20	49993772	49993858	ENSG00000263645	AL079339.1
15	86194753	86194859	ENSG00000202081	RNU6-1280P
22	43434591	43448372	ENSG00000230319	AL022476.2
18	70535623	70548634	ENSG00000263958	RP11-676J15.1
20	50069442	50069514	ENSG00000266761	MIR3194
15	86244340	86246002	ENSG00000259453	RP11-815J21.1
HSCHR6_MHC_MANN	30876718	30877020	ENSG00000266263	7SK
9	92503174	92504508	ENSG00000236507	RP5-1050E16.1
22	24236613	24241117	ENSG00000218537	AP000350.4
20	50351072	50351606	ENSG00000215444	RP5-827A12.2
HSCHR6_MHC_MANN	30879450	30888383	ENSG00000231444	DDR1-AS1
22	43488173	43488530	ENSG00000234735	AL022237.3
15	86269346	86270458	ENSG00000259544	RP11-158M2.2
9	92740564	92749768	ENSG00000237626	RP11-406A20.1
HSCHR6_MHC_MANN	30903348	30903437	ENSG00000272188	MIR4640
22	43608680	43609667	ENSG00000236272	Z82214.3
20	50448336	50479451	ENSG00000227964	RP5-1112F19.2
18	70992176	71017113	ENSG00000261780	CTD-2354A18.1
15	86287340	86293512	ENSG00000259407	RP11-158M2.3
21	41885071	41885206	ENSG00000207147	SNORA51
9	104212083	104212215	ENSG00000270982	RP11-490D19.11
9	92782936	92803781	ENSG00000227555	RP11-406A20.4
HSCHR6_MHC_MANN	30919337	30919595	ENSG00000263402	Metazoa_SRP
20	50518830	50518934	ENSG00000252467	RNU6-347P
22	43628147	43635016	ENSG00000234892	Z82214.2
21	41949429	41949538	ENSG00000221396	AF064863.1
HSCHR6_MHC_MANN	30945079	30945170	ENSG00000265323	Y_RNA
20	50521508	50521569	ENSG00000252654	RNU7-6P
15	86293567	86296132	ENSG00000259762	RP11-158M2.4
20	56806188	56884495	ENSG00000124224	PPP4R1L
20	50557083	50557372	ENSG00000263659	RN7SL603P
HSCHR6_MHC_MANN	31042650	31047446	ENSG00000231474	XXbac-BPG118E17.9
9	92785723	92785817	ENSG00000263967	MIR4290
22	43671961	43679836	ENSG00000203527	Z99756.1
18	71378564	71382725	ENSG00000265380	RP11-126K15.1
20	50726883	50727588	ENSG00000233347	ERP29P1
15	86298172	86299468	ENSG00000259416	RP11-158M2.5
21	41987304	42002693	ENSG00000233756	DSCAM-IT1
9	92843579	92844851	ENSG00000234910	IL6RP1
HSCHR6_MHC_MANN	31066942	31072606	ENSG00000237894	HCG22
22	43796337	43805687	ENSG00000236117	RP4-754E20__A.5
18	71412170	71412464	ENSG00000241866	RN7SL401P
20	50827184	51266970	ENSG00000234948	RP4-723E3.1
15	86313727	86313809	ENSG00000221634	MIR1276
9	92978321	92979206	ENSG00000185074	OR7E31P
18	71581640	71701396	ENSG00000263655	RP11-25L3.3
HSCHR6_MHC_MANN	31095736	31095835	ENSG00000263367	U6
21	42235920	42236399	ENSG00000230859	YRDCP3
15	86314221	86314394	ENSG00000259195	RP11-158M2.6
HSCHR6_MHC_MANN	31135350	31135519	ENSG00000257709	BX927139.1
9	92994467	92995423	ENSG00000225072	OR7E116P
20	51068003	51072158	ENSG00000225785	RP4-583K8.1
15	41795836	41806085	ENSG00000062524	LTK
18	71878626	71907790	ENSG00000260569	RP11-669I1.1
HSCHR6_MHC_MANN	31143168	31143430	ENSG00000258298	BX927139.2
9	104230721	104243784	ENSG00000225376	RP11-490D19.6
20	51104461	51117130	ENSG00000232465	RP5-1022J11.2
9	93063184	93195787	ENSG00000231107	RP11-389K14.3
HSCHR6_MHC_MANN	31153467	31153653	ENSG00000225714	POLR2LP
22	43911997	43932747	ENSG00000223843	EFCAB6-AS1
18	71894741	71895036	ENSG00000243856	RN7SL551P
22	24299601	24303373	ENSG00000133433	GSTT2B
20	51127791	51128107	ENSG00000234821	MRPS33P4
18	72057119	72057532	ENSG00000235297	FAUP1
22	44155079	44155790	ENSG00000233157	RP3-388M5.8
20	3143263	3154192	ENSG00000088899	LZTS3
22	44198424	44198652	ENSG00000180150	HMGN2P9
9	93225806	93345026	ENSG00000229613	RP11-555F9.2
20	51288456	51307468	ENSG00000232294	RP4-715N11.2
18	19993564	19997878	ENSG00000212710	CTAGE1
18	72076650	72080444	ENSG00000259779	RP11-231E4.2
22	44208336	44213274	ENSG00000261251	RP3-388M5.9
HSCHR6_MHC_MANN	31186478	31190647	ENSG00000226422	PSORS1C3
18	72228616	72229335	ENSG00000264340	RP11-231E4.3
22	44300476	44300561	ENSG00000266837	Z97055.1
9	93504808	93505662	ENSG00000236316	OR7E109P
21	42513427	42520060	ENSG00000226496	LINC00323
X	46147451	46148563	ENSG00000229145	ACTBP1
22	44352907	44353228	ENSG00000224856	RP4-796I17.5
HSCHR6_MHC_MANN	31210528	31210949	ENSG00000238148	HCG27
20	51474877	51479394	ENSG00000232286	RP11-80K6.2
18	72259010	72265744	ENSG00000264247	LINC00909
22	44809365	44810694	ENSG00000236079	RP1-32I10.11
X	46185359	46187080	ENSG00000236751	RP1-30G7.2
HSCHR6_MHC_MANN	31212937	31213410	ENSG00000229823	XXbac-BPG299F13.14
9	93513522	93514512	ENSG00000270432	OR7E108P
20	51506701	51506925	ENSG00000230636	RPL36P1
22	44839207	44840668	ENSG00000232655	CTA-397C4.2
9	3824127	4348392	ENSG00000107249	GLIS3
HSCHR6_MHC_MANN	31274582	31274949	ENSG00000257412	BX927178.1
HG873_PATCH	14988217	14993851	ENSG00000262933	CALCA
20	51679156	51679240	ENSG00000252629	AL050316.1
9	93719542	93727675	ENSG00000228216	RP11-367F23.1
22	44879375	44879597	ENSG00000228807	MRPS18CP6
13	21547171	21635686	ENSG00000150457	LATS2
X	46277885	46279514	ENSG00000231235	RP11-75A9.1
22	24309089	24314721	ENSG00000099974	DDTL
20	51714191	51714523	ENSG00000199218	RN7SKP184
18	73144658	73148912	ENSG00000266774	RP11-321M21.1
HSCHR6_MHC_MANN	31286806	31289978	ENSG00000229265	USP8P1
9	93759336	93764153	ENSG00000260454	RP11-367F23.2
20	51785182	51796089	ENSG00000223492	RP11-15M15.1
22	44962845	44964127	ENSG00000215333	KRT18P23
X	46299144	46300149	ENSG00000235587	GAPDHP65
18	73408034	73424340	ENSG00000261194	RP11-704C2.1
9	104263925	104264167	ENSG00000233055	RP11-490D19.8
20	51812768	51825244	ENSG00000227705	RP11-15M15.2
9	93867239	93869586	ENSG00000230537	RP11-305L7.1
HSCHR6_MHC_MANN	31291541	31292743	ENSG00000237448	RPL3P2
18	73556880	73580207	ENSG00000266460	RP11-173L6.1
X	46313532	46316634	ENSG00000224072	RP11-75A9.3
20	51872518	52103813	ENSG00000271774	RP4-678D15.1
22	44965219	44968221	ENSG00000187012	LINC00207
HSCHR6_MHC_MANN	31298730	31300181	ENSG00000234980	WASF5P
18	73720073	73727816	ENSG00000264108	RP11-357H3.1
9	93881344	93945044	ENSG00000229694	RP11-305L7.6
HSCHR6_MHC_MANN	31319022	31319755	ENSG00000228954	XXbac-BPG248L24.10
20	52014199	52029448	ENSG00000231703	RP4-669H2.1
X	46377201	46377303	ENSG00000199226	RNU6-50P
18	73834953	73857210	ENSG00000263547	RP11-1O2.1
HSCHR6_MHC_MANN	31347552	31347678	ENSG00000257967	BX927178.2
20	52037738	52038195	ENSG00000224530	PPIAP10
8	10383056	10411676	ENSG00000184647	PRSS55
X	46404928	46407843	ENSG00000230844	ZNF674-AS1
HSCHR6_MHC_MANN	31377183	31377729	ENSG00000233604	DHFRP2
22	45002819	45021299	ENSG00000234300	LINC00229
9	93881420	93925369	ENSG00000237422	RP11-305L7.3
18	73885259	73889693	ENSG00000266743	RP11-94B19.6
20	52069597	52120853	ENSG00000259723	RP5-823G15.5
HSCHR6_MHC_MANN	31380966	31381072	ENSG00000263701	U6
20	3170996	3185331	ENSG00000198171	DDRGK1
8	7618852	7621862	ENSG00000235825	FAM90A9P
22	45047715	45048259	ENSG00000231801	ANP32BP2
18	73921465	73927657	ENSG00000264260	RP11-94B19.1
HG873_PATCH	14929064	14929532	ENSG00000262196	CALCP
20	52161154	52161264	ENSG00000206959	Y_RNA
9	104311968	104312053	ENSG00000265068	AL591377.1
HSCHR6_MHC_MANN	31388244	31388845	ENSG00000224131	FGFR3P
9	93921855	93927858	ENSG00000235641	LINC00484
20	52169309	52191847	ENSG00000197670	RP4-724E16.2
X	46420363	46422184	ENSG00000270499	MKI67P1
18	73939945	73945342	ENSG00000264595	RP11-94B19.5
HG271_PATCH	79336072	79348014	ENSG00000266064	RP11-1055B8.2
22	45297427	45298351	ENSG00000223730	RP1-127B20.4
HSCHR6_MHC_MANN	31391241	31391669	ENSG00000226732	ZDHHC20P2
18	73959680	73963343	ENSG00000266014	RP11-94B19.2
X	46506029	46506765	ENSG00000213997	PGAM1P7
20	52224893	52251129	ENSG00000235415	AC005808.3
22	45396446	45399500	ENSG00000230922	RP4-753M9.1
HSCHR6_MHC_MANN	31392904	31393118	ENSG00000228179	HLA-S
18	73966247	73967169	ENSG00000265717	RP11-94B19.7
9	93931867	93932327	ENSG00000230147	RP11-305L7.5
15	59867827	59867922	ENSG00000200606	Y_RNA
X	46544200	46545142	ENSG00000226048	YBX1P8
HG271_PATCH	79349801	79359160	ENSG00000264504	RP11-1055B8.3
HSCHR6_MHC_MANN	31412966	31413064	ENSG00000266747	Y_RNA
20	52285236	52285297	ENSG00000238468	RNU7-14P
15	59936497	59964501	ENSG00000227161	AC092755.4
18	73968846	73970292	ENSG00000264212	RP11-94B19.3
X	83480760	83480836	ENSG00000221494	MIR548I4
9	104555736	104556038	ENSG00000230302	MTND3P4
22	24313554	24322660	ENSG00000099977	DDT
22	45528901	45559662	ENSG00000226328	CTA-217C2.1
20	52416362	52417857	ENSG00000225563	AC006076.1
9	93968457	93972581	ENSG00000273381	RP11-305L7.7
X	46584599	46585253	ENSG00000215284	RP11-198M15.1
15	59968956	59969520	ENSG00000259657	PIGHP1
18	74084672	74090230	ENSG00000263982	RP11-504I13.3
X	83658906	83659032	ENSG00000233484	RP11-74B21.1
9	94188520	94189426	ENSG00000233081	RP11-440G5.2
X	46946905	46947011	ENSG00000206685	RNU6-1189P
20	52491791	52492096	ENSG00000241721	SUMO1P1
HG271_PATCH	79361930	79364056	ENSG00000265512	RP11-1055B8.4
15	59980716	59981617	ENSG00000259238	RP11-361D15.2
HSCHR6_MHC_MANN	31428753	31429053	ENSG00000258113	CR847852.1
18	74203608	74205487	ENSG00000265778	RP11-17M16.2
22	45551420	45551892	ENSG00000273243	CTA-217C2.2
X	46992070	46992225	ENSG00000201659	RNU12-2P
HSCHR6_MHC_MANN	31451929	31457226	ENSG00000231836	LINC01149
9	94373625	94374774	ENSG00000228595	PAICSP2
X	83755033	83757461	ENSG00000259640	RP6-33F8.1
HG271_PATCH	79434813	79435737	ENSG00000265729	RP11-1055B8.8
22	45574871	45575191	ENSG00000273353	CTA-268H5.12
X	47016037	47017598	ENSG00000237351	CTD-2522E6.4
18	74327169	74337897	ENSG00000266256	LINC00683
15	60060543	60061347	ENSG00000234797	RPS3AP6
HSCHR6_MHC_MANN	31526785	31527596	ENSG00000229216	PPIAP9
22	45596835	45596900	ENSG00000221598	MIR1249
9	94398533	94398643	ENSG00000266855	MIR3910-2
X	47064320	47065264	ENSG00000224975	INE1
20	52556699	52559047	ENSG00000236352	AC005220.3
HG271_PATCH	79486863	79486984	ENSG00000263865	RP13-766D20.1
X	84010144	84011011	ENSG00000237211	SETP4
22	45658166	45659466	ENSG00000273287	CTA-268H5.14
18	74334963	74350968	ENSG00000266312	RP11-111H3.3
9	94768344	94768826	ENSG00000227399	RP11-118F2.2
20	60718822	60757540	ENSG00000184402	SS18L1
HSCHR6_MHC_MANN	31535410	31535989	ENSG00000236273	RPL15P4
X	47132765	47133789	ENSG00000237623	RP11-571E6.1
20	52684947	52685024	ENSG00000265595	MIR4756
HG271_PATCH	79487847	79501576	ENSG00000264223	RP13-766D20.2
15	60163710	60165694	ENSG00000259601	RP11-568G20.2
13	21714653	21723221	ENSG00000150459	SAP18
22	45671480	45671966	ENSG00000213752	CTA-268H5.9
4	72607410	72669758	ENSG00000145321	GC
20	53476227	53476351	ENSG00000252089	RNU4ATAC7P
8	7626499	7629510	ENSG00000254597	FAM90A10P
22	45831744	45844624	ENSG00000232363	RP1-102D24.5
HSCHR6_MHC_MANN	31543668	31543743	ENSG00000265116	SNORD83
18	74401986	74405592	ENSG00000229055	AC034110.1
GL000229.1	17285	17399	ENSG00000238643	CT978678.1
15	60257141	60258283	ENSG00000259573	NMNAT1P5
HSCHR6_MHC_MANN	31548377	31548454	ENSG00000265325	SNORD83
22	46000312	46001501	ENSG00000238120	CTA-941F9.9
20	53691155	53691685	ENSG00000185834	RPL12P4
15	60345403	60346291	ENSG00000259558	MESTP2
18	74415400	74416210	ENSG00000265934	ARL2BPP1
GL000194.1	53590	56132	ENSG00000215750	AC145212.1
HSCHR6_MHC_MANN	31549580	31550414	ENSG00000231647	DDX39B-AS1
22	46020411	46020512	ENSG00000251985	RNU6-1161P
8	10463859	10569697	ENSG00000183638	RP1L1
22	46156404	46156478	ENSG00000264160	MIR4762
9	104817534	104818023	ENSG00000230418	ARL2BPP7
15	60365867	60410519	ENSG00000259223	RP11-82L7.4
HSCHR6_MHC_MANN	31630340	31630471	ENSG00000266847	SNORA38
GL000213.1	68442	70280	ENSG00000269725	BX072566.2
20	54036874	54043735	ENSG00000224008	RP5-1010E17.2
9	105018886	105018992	ENSG00000238882	RNU6-329P
22	46188298	46189516	ENSG00000235347	RP1-37M3.8
15	60682570	60682881	ENSG00000240163	RP11-745A24.1
HSCHR6_MHC_MANN	31665567	31668003	ENSG00000257516	CR354443.2
9	105057659	105057746	ENSG00000222117	AL391867.1
GL000194.1	84477	84559	ENSG00000221485	AC145212.2
18	74463261	74463797	ENSG00000265836	AC139085.1
X	84189157	84189896	ENSG00000229547	UBE2DNL
9	105277486	105280590	ENSG00000235901	RP11-342F21.1
22	46271879	46283628	ENSG00000235091	WI2-85898F10.1
15	60696662	60697159	ENSG00000242667	RP11-745A24.2
HSCHR6_MHC_MANN	31665598	31667991	ENSG00000233169	C6orf47-AS1
18	74471641	74471822	ENSG00000265626	AC139085.2
22	46372758	46372834	ENSG00000265610	CR536603.1
HSCHR6_MHC_MANN	31670558	31670671	ENSG00000264915	Y_RNA
20	54039549	54084752	ENSG00000235166	RP5-1010E17.1
22	46409486	46411378	ENSG00000273145	CITF22-92A6.1
18	74512620	74512730	ENSG00000252097	RNU6-346P
HSCHR6_MHC_MANN	31708300	31708362	ENSG00000266418	MIR4646
18	74546385	74546844	ENSG00000244229	RPL26P35
X	84228223	84232835	ENSG00000230781	RP1-215K18.4
HSCHR6_MHC_MANN	31870631	31870874	ENSG00000203463	SLC44A4
GL000213.1	108007	139339	ENSG00000237375	BX072566.1
22	24322339	24326106	ENSG00000099984	GSTT2
22	46435787	46440733	ENSG00000231711	LINC00899
18	74596891	74600680	ENSG00000265261	RP11-162A12.3
HSCHR6_MHC_MANN	31941638	31948914	ENSG00000223747	C4B-AS1
15	60771377	60922836	ENSG00000245534	RP11-219B17.1
8	7651238	7653392	ENSG00000254776	AC084121.17
HSCHR6_MHC_MANN	32079929	32080179	ENSG00000257975	CR547132.1
GL000194.1	84813	84895	ENSG00000223061	AC145212.3
8	7711019	7711113	ENSG00000215977	AC130365.1
20	54780108	54780229	ENSG00000222118	RNA5SP487
HSCHR6_MHC_MANN	32085737	32085857	ENSG00000263418	5S_rRNA
GL000213.1	104742	104817	ENSG00000265283	MIR3118-5
22	46448973	46449440	ENSG00000273289	RP6-109B7.5
8	10530147	10558103	ENSG00000171060	C8orf74
8	7748525	7750077	ENSG00000254543	HSPD1P2
20	54842928	54844287	ENSG00000235594	RP11-380D15.2
GL000213.1	127840	127946	ENSG00000238432	U6
HSCHR6_MHC_MANN	32273522	32273689	ENSG00000257697	BX927180.1
18	74686646	74696118	ENSG00000266844	RP11-862L9.3
HSCHR6_MHC_MANN	32322510	32322659	ENSG00000257978	BX927180.2
X	84465712	84474704	ENSG00000235461	RP5-928E24.2
22	46449585	46453090	ENSG00000241990	RP6-109B7.3
20	54871023	54874216	ENSG00000230843	RP11-380D15.3
21	30909254	31312351	ENSG00000171189	GRIK1
HSCHR6_MHC_MANN	32332438	32333397	ENSG00000233160	HNRNPA1P2
15	60822172	60837358	ENSG00000259274	CTD-2501E16.2
20	55034484	55034639	ENSG00000228601	RPL39P
8	7791934	7796292	ENSG00000229907	DEFB108P1
9	105281918	105419796	ENSG00000204250	LINC00587
15	60850279	60850600	ENSG00000259513	CYCSP38
HSCHR6_MHC_MANN	32360104	32360210	ENSG00000266660	U6
20	55035322	55035413	ENSG00000212084	AL121914.1
9	105373444	105374437	ENSG00000232242	ZYG11AP1
X	84499101	84499177	ENSG00000264517	AC003001.1
20	55050699	55050801	ENSG00000238294	snoU13
HSCHR6_MHC_MANN	32397725	32400902	ENSG00000229903	HCG23
15	60973768	60979087	ENSG00000259482	RP11-219B17.2
22	46451620	46454040	ENSG00000231010	RP6-109B7.2
20	55097413	55097855	ENSG00000179467	AL109806.1
8	7812536	7866277	ENSG00000225725	FAM66E
20	3189514	3204516	ENSG00000125877	ITPA
15	61028968	61029085	ENSG00000212625	RNA5SP397
20	55152619	55173677	ENSG00000225657	RP5-843L14.1
22	46463236	46465771	ENSG00000235159	RP6-109B7.4
HSCHR6_MHC_MANN	32466296	32479952	ENSG00000234164	HLA-DRB9
15	61056105	61057824	ENSG00000259591	RP11-554D20.1
22	46486924	46487006	ENSG00000266533	MIR3619
HSCHR6_MHC_MANN	32492184	32492279	ENSG00000223359	DASS-397D15.4
X	85104415	85105144	ENSG00000223707	RP1-93L7.3
22	46508629	46508702	ENSG00000198986	MIRLET7A3
20	55176757	55177169	ENSG00000214541	RPS4XP3
HSCHR6_MHC_MANN	32517759	32517906	ENSG00000265059	U1
15	61473448	61488137	ENSG00000259481	RP11-39M21.1
X	85158641	85158712	ENSG00000199051	MIR361
HSCHR6_MHC_MANN	32523182	32523277	ENSG00000224230	DASS-397D15.5
22	46509446	46509537	ENSG00000264147	MIR4763
20	55182733	55182849	ENSG00000252536	U3
9	128024073	128129486	ENSG00000165219	GAPVD1
X	85274612	85274719	ENSG00000199567	Y_RNA
15	61504112	61506430	ENSG00000259575	RP11-39M21.2
HSCHR6_MHC_MANN	32539880	32540023	ENSG00000266081	U1
20	55242486	55242587	ENSG00000252091	RNU6-1146P
18	47087069	47119272	ENSG00000101670	LIPG
22	46509566	46509648	ENSG00000207875	MIRLET7B
HSCHR6_MHC_MANN	32579307	32579454	ENSG00000264640	U1
20	55263457	55263749	ENSG00000241821	RN7SL170P
X	85321231	85321472	ENSG00000234039	NDUFA5P7
15	61592525	61927648	ENSG00000259616	RP11-507B12.2
HSCHR6_MHC_MANN	32589233	32591694	ENSG00000233853	HLA-DRB8
22	46877226	46877657	ENSG00000230634	RP5-996D20.3
20	55275893	55276570	ENSG00000237000	PTMAP6
13	21727734	21750741	ENSG00000165480	SKA3
15	61890713	61897440	ENSG00000259530	RP11-259A24.1
8	10581278	10697357	ENSG00000171056	SOX7
8	7824866	7826066	ENSG00000255211	RP11-1195F20.7
20	55293942	55294025	ENSG00000221416	AL133232.1
HSCHR6_MHC_MANN	32640268	32640431	ENSG00000265074	U1
9	105684856	105685526	ENSG00000234269	RP11-338N12.1
22	46937392	46944093	ENSG00000234869	RP3-439F8.1
15	61931548	62007370	ENSG00000259675	RP11-507B12.1
15	86365086	86365188	ENSG00000252931	RNU6-231P
20	55305453	55306516	ENSG00000231604	RP5-897D18.1
9	4490444	4587469	ENSG00000106688	SLC1A1
15	86368866	86368961	ENSG00000264406	MIR548AP
X	85339720	85341343	ENSG00000225536	RP6-145B8.3
HSCHR6_MHC_MANN	32642476	32643415	ENSG00000238248	DASS-23B5.1
22	47157791	47158460	ENSG00000260708	CTA-29F11.1
20	55361037	55361143	ENSG00000207158	RNU6-929P
15	61966966	61967411	ENSG00000271195	RP11-162I7.2
15	86501948	86502202	ENSG00000259608	RP11-23A22.1
20	55575143	55575213	ENSG00000251772	AL117380.2
22	47243803	47243875	ENSG00000221672	Z97351.1
15	62022049	62023588	ENSG00000259284	RP11-162I7.1
20	55629846	55629897	ENSG00000238644	AL117380.1
HSCHR6_MHC_MANN	32644922	32645329	ENSG00000237120	DASS-23B5.2
22	47741319	47769291	ENSG00000224715	CITF22-49D8.1
15	62036140	62036218	ENSG00000266349	AC018618.1
15	86621974	86623023	ENSG00000260758	RP11-553E24.3
20	55680797	55682184	ENSG00000231078	RP11-560A15.4
15	62126951	62144351	ENSG00000259564	RP11-16B9.1
HSCHR6_MHC_MANN	32647649	32666810	ENSG00000229099	HLA-DRB7
20	55689971	55697148	ENSG00000203266	RP11-560A15.3
15	62206624	62206875	ENSG00000264376	RN7SL613P
4	140374386	140397763	ENSG00000172007	RAB33B
20	55789928	55790922	ENSG00000235032	RP4-813D12.2
22	48016792	48027318	ENSG00000205634	LINC00898
HSCHR6_MHC_MANN	32650484	32651614	ENSG00000223844	FAM8A5P
15	86626576	86659948	ENSG00000260477	RP11-553E24.2
22	24376133	24384680	ENSG00000184674	GSTT1
15	62352702	62354633	ENSG00000259251	RP11-643M14.1
HSCHR6_MHC_MANN	32688633	32688781	ENSG00000263871	U1
9	105827698	105827880	ENSG00000229830	RP11-341A22.1
20	55841853	55858054	ENSG00000226308	RP4-813D12.3
HSCHR6_MHC_MANN	32726470	32726656	ENSG00000257314	CR753835.1
HSCHR6_MHC_MANN	32750766	32751623	ENSG00000257361	CR753835.2
X	47138526	47138629	ENSG00000238729	snoU13
20	55886910	55887014	ENSG00000252064	Y_RNA
15	86681500	86681610	ENSG00000252964	RNA5SP400
X	47140214	47140462	ENSG00000266158	RN7SL785P
20	55896558	55896647	ENSG00000266666	MIR4325
X	47157251	47158120	ENSG00000203402	RP11-571E6.3
8	7829183	7830775	ENSG00000237038	USP17L8
8	10582909	10697357	ENSG00000258724	SOX7
15	86683069	86683471	ENSG00000261077	RP11-553E24.1
20	55903602	55903752	ENSG00000231005	RP3-481F12.1
X	47211242	47211348	ENSG00000201450	RNU6-149P
18	20378224	20606451	ENSG00000101773	RBBP8
X	47248048	47248176	ENSG00000221459	SNORA11C
22	48027423	48251349	ENSG00000224271	RP11-191L9.4
8	7833915	7835507	ENSG00000225327	USP17L3
15	86716429	86716501	ENSG00000200206	SNORD74
20	55932482	55933425	ENSG00000228995	MTND1P9
X	47249360	47251699	ENSG00000232009	RP11-571E6.4
20	55959216	55968118	ENSG00000218018	RP4-800J21.3
X	85383897	85384574	ENSG00000223574	TPMTP4
15	86838880	86860404	ENSG00000260125	AGBL1-AS1
15	50999506	51058005	ENSG00000138600	SPPL2A
15	91474148	91475799	ENSG00000184508	HDDC3
20	56884752	56942563	ENSG00000124209	RAB22A
20	56063448	56064083	ENSG00000124097	HMGB1P1
X	47298135	47299173	ENSG00000226556	NPM1P49
8	7847937	7855043	ENSG00000205989	DEFB109
20	56174751	56176256	ENSG00000227297	RP4-718J7.4
X	47372001	47372882	ENSG00000235636	NUS1P1
15	87173497	87174367	ENSG00000259734	RP11-182L7.1
22	48058308	48059352	ENSG00000232897	RP11-191L9.5
HSCHR6_MHC_SSTO	31610134	31615927	ENSG00000235754	APOM
X	47446828	47446904	ENSG00000263858	MIR4769
15	87476111	87489562	ENSG00000259636	RP11-133L19.2
20	56470450	56470500	ENSG00000263453	MIR4532
22	48256420	48257811	ENSG00000230345	RP13-455A7.1
20	56493940	56494091	ENSG00000221007	AL354984.1
15	87482028	87531657	ENSG00000259620	RP11-133L19.1
9	105902805	106087316	ENSG00000225564	RP11-341A22.2
20	56532182	56534716	ENSG00000203971	RP13-379L11.2
22	48440527	48444366	ENSG00000235154	CTA-280A3__B.2
15	87585285	87590392	ENSG00000259761	RP11-138H10.2
8	38127215	38239790	ENSG00000147548	WHSC1L1
22	48535278	48536818	ENSG00000238192	LL22NC03-121E8.4
20	56551074	56551149	ENSG00000221451	AL354984.3
20	56642512	56642663	ENSG00000221385	AL354984.2
15	87975289	88247083	ENSG00000259560	RP11-648K4.2
22	48537359	48539046	ENSG00000229275	LL22NC03-121E8.3
20	56644110	56647126	ENSG00000225708	RP13-379L11.1
8	92054918	92056990	ENSG00000254219	GS1-251I9.2
15	88017414	88017520	ENSG00000207150	RNU6-185P
22	48670176	48670227	ENSG00000266508	MIR3201
X	85415268	85416363	ENSG00000215093	EEF1A1P29
15	64443914	64449680	ENSG00000157734	SNX22
21	30968360	31003067	ENSG00000183653	GRIK1-AS2
15	88120160	88122917	ENSG00000259527	LINC00052
22	48844702	48847029	ENSG00000233179	RP11-536P6.3
20	56672323	56672647	ENSG00000270411	RP13-379L11.3
15	88687166	88687396	ENSG00000259183	MED28P6
22	49176107	49176165	ENSG00000266887	MIR4535
8	7869304	7874533	ENSG00000233115	FAM90A11P
8	92072137	92082417	ENSG00000253738	GS1-251I9.4
8	86132816	86196302	ENSG00000185015	CA13
21	31538241	31538971	ENSG00000156282	CLDN17
13	21750784	21753223	ENSG00000173141	MRP63
22	49210132	49210216	ENSG00000251912	AL954742.1
15	88795961	88814297	ENSG00000260305	NTRK3-AS1
HSCHR6_MHC_MANN	32779553	32780404	ENSG00000238226	HLA-DQB1-AS1
22	49288729	49294198	ENSG00000205632	WI2-81516E3.1
X	85559370	85560089	ENSG00000223772	GEMIN8P3
4	38619886	38621058	ENSG00000271958	RP11-617D20.2
HSCHR6_MHC_MANN	32779559	32782154	ENSG00000242138	XXbac-BPG254F23.6
8	10622473	10697394	ENSG00000254093	PINX1
15	89002948	89055760	ENSG00000173867	RP11-97O12.7
8	92151489	92151751	ENSG00000263888	RN7SL777P
15	62374649	62375504	ENSG00000259466	NPM1P47
22	49609837	49610173	ENSG00000226142	RPL35P8
4	38760412	38760513	ENSG00000222230	RNA5SP158
8	92169513	92170976	ENSG00000253525	CTD-2114J12.1
9	106124234	106192174	ENSG00000226566	RP11-436F21.1
21	31586324	31588391	ENSG00000156284	CLDN8
HSCHR6_MHC_MANN	32828155	32828985	ENSG00000237145	MTCO3P1
4	38869653	38869748	ENSG00000207944	MIR574
22	49937041	49937114	ENSG00000264139	MIR3667
20	57090435	57194944	ENSG00000231290	APCDD1L-AS1
8	7876951	7888168	ENSG00000215354	FAM90A24P
15	62488344	62495517	ENSG00000259697	RP11-299H22.1
15	89045175	89049018	ENSG00000271997	RP11-97O12.6
8	92217713	92217787	ENSG00000266194	MIR4661
4	39114297	39128438	ENSG00000249207	RP11-360F5.1
22	49942329	49950121	ENSG00000212939	RP1-29C18.10
HSCHR6_MHC_MANN	32839531	32840361	ENSG00000226139	XXbac-BPG254F23.7
8	92476263	92476367	ENSG00000239134	snoU13
15	89081810	89081913	ENSG00000221391	AC013489.1
9	106451755	106451859	ENSG00000253031	RNA5SP291
22	49965912	49969074	ENSG00000213279	RP1-29C18.9
8	92555152	92919847	ENSG00000253901	RP11-122C21.1
4	39135533	39137228	ENSG00000249685	RP11-360F5.3
15	89111518	89111793	ENSG00000259569	RP11-97O12.3
21	31653629	31655276	ENSG00000188694	KRTAP24-1
4	39299225	39299331	ENSG00000206675	RNU6-32P
22	50006305	50009364	ENSG00000235111	RP1-29C18.8
8	145691426	145699585	ENSG00000167702	KIFC2
4	39400769	39400868	ENSG00000222592	RNU6-887P
8	92607193	92607469	ENSG00000200151	RN7SKP231
15	89128802	89148341	ENSG00000249487	RP11-97O12.2
HSCHR6_MHC_MANN	32852287	32853223	ENSG00000228684	HLA-DQB3
21	31661463	31661832	ENSG00000232263	KRTAP25-1
4	39413530	39413594	ENSG00000264621	MIR5591
8	92921966	92922395	ENSG00000271202	RP11-122C21.4
22	50111701	50118154	ENSG00000226954	RP5-983L19.2
9	106842305	106855354	ENSG00000270332	RP11-82L2.1
15	62520095	62545434	ENSG00000166104	hsa-mir-7162
4	39443285	39443384	ENSG00000238797	Y_RNA
8	92929735	92930146	ENSG00000229182	MRPS16P1
22	50132325	50132651	ENSG00000223142	RN7SKP252
HSCHR6_MHC_MANN	32871477	32871544	ENSG00000265207	BX927160.1
15	91498100	91506349	ENSG00000166965	RCCD1
15	89151338	89151428	ENSG00000221630	MIR1179
22	50151275	50152628	ENSG00000214727	RPL5P35
8	92988136	92989646	ENSG00000253576	GS1-5L10.1
4	39481875	39483525	ENSG00000224097	RP11-472B18.1
21	31691452	31692607	ENSG00000197683	KRTAP26-1
15	89155056	89155165	ENSG00000207703	MIR7-2
20	57169473	57179029	ENSG00000254620	RP5-907D15.3
8	93156316	93156663	ENSG00000233778	RP11-777J24.1
22	50210896	50211360	ENSG00000236867	RP3-522J7.5
15	64448011	64455404	ENSG00000166794	PPIB
20	57180140	57180283	ENSG00000221174	AL050327.1
15	89340644	89341965	ENSG00000259676	RP11-343B18.2
HSCHR6_MHC_MANN	32965662	32968071	ENSG00000231591	TAPSAR1
22	50226264	50231434	ENSG00000260613	RP3-522J7.6
4	39529639	39596327	ENSG00000249348	UGDH-AS1
20	57285851	57286689	ENSG00000254419	RP11-261P9.4
8	93364140	93364376	ENSG00000253118	RP11-700E23.3
21	31709331	31710012	ENSG00000206107	KRTAP27-1
15	89495914	89496691	ENSG00000259350	RP11-63A23.2
8	49428412	49429649	ENSG00000253140	RP11-567J20.3
22	50239577	50239738	ENSG00000229409	RP11-494O16.3
4	39622632	39622693	ENSG00000252796	RNU7-11P
9	107032509	107049236	ENSG00000242111	RP11-86L19.2
20	57315588	57358877	ENSG00000237121	PIEZO1P2
8	93415773	93425873	ENSG00000253682	RP11-700E23.2
22	50295876	50298224	ENSG00000273192	CITF22-1A6.3
15	89503301	89504277	ENSG00000259489	KRT18P47
8	49464127	49611069	ENSG00000253608	RP11-770E5.1
21	31720717	31720924	ENSG00000186980	KRTAP23-1
22	50630153	50630831	ENSG00000273188	RP3-402G11.25
4	39640760	39668264	ENSG00000255458	RP11-539G18.2
8	93433078	93434026	ENSG00000253749	RP11-700E23.1
8	27537349	27537452	ENSG00000222862	RNU6-1086P
20	57329407	57331894	ENSG00000270279	RP4-806M20.5
15	89515632	89515683	ENSG00000265866	AC067805.1
X	145635246	145637283	ENSG00000226388	ELL2P4
8	27554734	27555043	ENSG00000253560	RP11-16P20.2
15	62522583	62524094	ENSG00000259878	RP11-1O10.1
22	50637519	50638976	ENSG00000273253	RP3-402G11.26
8	93512811	93522044	ENSG00000253371	RP11-587H10.1
21	31743709	31744557	ENSG00000182816	KRTAP13-2
15	89532750	89533476	ENSG00000261549	RP11-320A16.1
8	49464575	49469001	ENSG00000253688	RP11-567J20.2
20	57392187	57392780	ENSG00000268649	MIR296
X	117520357	117520434	ENSG00000221463	MIR1277
15	62535565	62535647	ENSG00000221141	AC126323.1
X	145701115	145702102	ENSG00000231686	RP1-203P18.1
8	27559190	27559284	ENSG00000265075	MIR3622B
22	50644014	50644491	ENSG00000272836	RP3-402G11.27
8	93577671	93667722	ENSG00000253634	RP11-587H10.2
4	39711705	39711796	ENSG00000252975	Y_RNA
9	107090601	107091677	ENSG00000203396	RP11-217O12.1
4	140417095	140527853	ENSG00000145391	SETD7
20	57393281	57393368	ENSG00000216031	MIR298
HSCHR6_MHC_SSTO	31616015	31618489	ENSG00000226103	C6orf47
4	39715462	39716071	ENSG00000249019	RP11-539G18.1
22	50646890	50647971	ENSG00000273137	RP3-402G11.28
X	117703368	117703478	ENSG00000206862	Y_RNA
15	62545929	62562879	ENSG00000260062	RP11-299H22.5
21	31768392	31769136	ENSG00000198390	KRTAP13-1
8	49502961	49507181	ENSG00000233858	AC026904.1
8	93647563	93647693	ENSG00000221172	AC091096.1
4	39762620	39762919	ENSG00000243260	RN7SL558P
X	117766338	117768181	ENSG00000230399	RBBP8P1
22	50753060	50754437	ENSG00000227484	XX-C283C717.1
20	57393974	57425958	ENSG00000235590	GNAS-AS1
X	145891302	145891927	ENSG00000235699	CXorf51B
8	93681064	93691822	ENSG00000253177	RP11-100L22.1
22	50809639	50809923	ENSG00000242463	RN7SL500P
4	39771701	39773000	ENSG00000180610	ZBTB12P1
8	27590855	27613943	ENSG00000253875	RP11-16P20.3
22	50837249	50837349	ENSG00000238604	Y_RNA
21	31797583	31798286	ENSG00000240432	KRTAP13-3
22	50962355	50963209	ENSG00000272821	CTA-384D8.36
X	117872018	117872145	ENSG00000239182	SNORA35
8	49510018	49533578	ENSG00000253702	RP11-567J20.1
20	57408864	57411584	ENSG00000268333	RP4-806M20.3
8	10753555	11058875	ENSG00000171044	XKR6
4	39934074	39935181	ENSG00000271278	TCEB1P33
X	117903759	117904820	ENSG00000250995	RP13-128O4.3
22	50980734	50981335	ENSG00000272666	CTA-384D8.35
21	31802572	31803216	ENSG00000186971	KRTAP13-4
21	42539484	42539556	ENSG00000263681	MIR3197
8	49533025	49536455	ENSG00000253455	RP11-770E5.3
18	74892062	74947386	ENSG00000265844	RP11-751H17.1
8	27612549	27612639	ENSG00000238624	snoU13
4	39938373	39938475	ENSG00000252970	RNA5SP159
22	50981079	50981440	ENSG00000273272	CTA-384D8.34
9	107352325	107353231	ENSG00000237443	OR13D2P
8	27631162	27631265	ENSG00000202242	RNU6-1276P
20	57438583	57463864	ENSG00000225806	RP1-309F20.3
22	50984844	50986081	ENSG00000226738	CTA-384D8.31
4	39974748	39975062	ENSG00000250568	RP11-333E13.2
8	49569820	49571454	ENSG00000253892	RP11-770E5.2
18	75133575	75272719	ENSG00000264015	RP11-176N18.2
21	42548249	42558715	ENSG00000225745	PLAC4
21	31812597	31813070	ENSG00000186970	KRTAP15-1
4	153539784	153601317	ENSG00000170006	TMEM154
22	51021455	51022306	ENSG00000205559	CHKB-AS1
X	117973519	118015978	ENSG00000203650	RP4-562J12.2
18	75143519	75143645	ENSG00000199392	SNORA25
9	107392035	107393298	ENSG00000273423	OR13I1P
X	145895624	145896244	ENSG00000224440	CXorf51A
4	39975064	39975958	ENSG00000231707	PABPC1P1
13	21950263	22033509	ENSG00000180776	ZDHHC20
18	75147209	75149198	ENSG00000264736	BDP1P
20	57451647	57452036	ENSG00000270951	RP1-309F20.4
22	51035581	51036028	ENSG00000272940	CTA-384D8.33
9	107419035	107419997	ENSG00000235248	OR13C1P
21	31852018	31852663	ENSG00000184351	KRTAP19-1
4	40021860	40023137	ENSG00000249064	KRT18P25
8	49826419	49826939	ENSG00000233109	RP11-22C8.1
21	42552024	42552553	ENSG00000224388	BACE2-IT1
20	57688279	57688686	ENSG00000232925	MRPS16P2
22	51108232	51108329	ENSG00000212569	Y_RNA
18	75334508	75336471	ENSG00000264693	RP11-63N3.1
8	27695994	27697899	ENSG00000253176	RP11-1149M3.2
22	51129688	51129791	ENSG00000206841	RNU6-409P
21	42813321	42814669	ENSG00000228318	AP001610.5
X	146036593	146036727	ENSG00000225660	RP1-73A14.1
20	57921434	57921535	ENSG00000263903	AL035250.1
21	31859362	31859755	ENSG00000186965	KRTAP19-2
15	41809374	41836467	ENSG00000103932	RPAP1
18	75344884	75345316	ENSG00000271702	RP11-63N3.2
22	51174253	51176567	ENSG00000225929	AC000036.4
4	40044537	40058819	ENSG00000205794	RP11-333E13.4
X	47518232	47519776	ENSG00000267064	UXT-AS1
20	57927250	57932829	ENSG00000225129	RP4-614C15.2
18	75575420	75575523	ENSG00000252260	RNA5SP461
21	42911133	42911253	ENSG00000207503	SNORA32
8	50081098	50141484	ENSG00000253474	RP11-10H3.1
8	27743556	27743633	ENSG00000265847	MIR4287
21	42931052	42934885	ENSG00000232806	AP001610.9
20	56964178	57026157	ENSG00000124164	VAPB
21	31863782	31864275	ENSG00000244025	KRTAP19-3
22	51179021	51181948	ENSG00000254499	AC002056.5
20	57935982	57939828	ENSG00000230352	RP4-614C15.3
X	85736535	85736816	ENSG00000231478	FCF1P9
X	146045694	146046003	ENSG00000271660	RP1-73A14.2
18	75683250	75705678	ENSG00000265843	LINC01029
X	118011849	118013148	ENSG00000224341	RP4-562J12.1
21	42948062	42953246	ENSG00000223400	AP006748.1
4	40079504	40079602	ENSG00000200455	RNU6-1112P
20	58035674	58035892	ENSG00000233686	PIEZO1P1
X	146271222	146271305	ENSG00000216171	MIR513C
22	51193096	51193862	ENSG00000213683	AC002056.3
4	40084603	40084726	ENSG00000201863	SNORA51
21	43024746	43024843	ENSG00000252771	snoU13
X	86053601	86054229	ENSG00000271290	RP11-345E19.2
X	47566590	47612855	ENSG00000187893	CXXC1P1
8	93711970	93889865	ENSG00000248858	RP11-100L22.2
8	50242769	50243106	ENSG00000199640	RN7SKP294
21	31869142	31869451	ENSG00000186967	KRTAP19-4
9	107484616	107485552	ENSG00000188712	OR13D3P
4	40143818	40143985	ENSG00000248977	RP11-395I6.1
20	58090246	58091094	ENSG00000227282	RP11-164D18.2
8	50265189	50265403	ENSG00000254268	RFPL4AP7
8	27760746	27761012	ENSG00000253290	RP11-597M17.3
21	43099341	43117496	ENSG00000227702	LINC00111
18	75694976	75698566	ENSG00000264334	RP11-671C19.2
20	60758085	60778624	ENSG00000101181	MTG2
4	40168295	40169451	ENSG00000260296	RP11-395I6.3
X	86143589	86143819	ENSG00000236190	RP3-431C21.1
9	107689834	107691173	ENSG00000226334	RP11-217B7.2
X	146280562	146280645	ENSG00000207871	MIR513B
18	75796739	75796845	ENSG00000199728	RNU6-655P
21	31873975	31874435	ENSG00000186977	KRTAP19-5
20	58201519	58203344	ENSG00000238194	RP4-719C8.1
8	93735252	93737339	ENSG00000254020	RP11-100L22.4
8	27761083	27761232	ENSG00000253615	RP11-597M17.2
18	75897223	75900887	ENSG00000266213	RP11-100K18.1
X	48818639	48827976	ENSG00000102057	KCND1
8	50409322	50424739	ENSG00000253380	RP11-738G5.1
4	40267092	40268077	ENSG00000250338	RP11-395I6.2
8	7884599	7889827	ENSG00000254229	FAM90A12P
8	93777930	93788679	ENSG00000253577	RP11-100L22.3
X	146294981	146295109	ENSG00000207873	MIR513A1
X	118072116	118073097	ENSG00000231270	RP13-347D8.1
18	76240549	76244867	ENSG00000265644	RP11-451L19.1
21	31913854	31914183	ENSG00000186925	KRTAP19-6
21	43131680	43135935	ENSG00000236384	LINC00479
4	40318502	40332436	ENSG00000249241	AC195454.1
8	50652776	50653881	ENSG00000253810	PSAT1P1
X	118320405	118320792	ENSG00000227864	ARL5AP1
20	58427722	58427783	ENSG00000238777	RNU7-141P
22	51195376	51239737	ENSG00000184319	RPL23AP82
8	93895212	93977873	ENSG00000253197	CTD-3239E11.2
18	76265165	76266410	ENSG00000265378	RP11-123I22.1
X	86398857	86399751	ENSG00000271457	RP11-192B18.1
X	146307344	146307470	ENSG00000207984	MIR513A2
8	27761998	27767827	ENSG00000253397	RP11-597M17.1
21	31933194	31933633	ENSG00000244362	KRTAP19-7
4	40379469	40379530	ENSG00000239010	RNU7-74P
18	76304096	76304188	ENSG00000201723	Y_RNA
8	146198975	146228281	ENSG00000196922	ZNF252P
8	7897500	7898475	ENSG00000227013	OR7E96P
8	50730146	50733504	ENSG00000253484	RP11-109P6.2
18	76555612	76556672	ENSG00000266273	RP11-715C4.1
4	40428136	40429602	ENSG00000250893	RP11-588L15.2
8	28083446	28085079	ENSG00000250516	RP11-380I10.2
9	107753077	107754062	ENSG00000230013	RP11-217B7.3
X	86401736	86401807	ENSG00000200422	SNORD45
X	146312238	146312361	ENSG00000207731	MIR506
4	40465733	40465820	ENSG00000221122	AC098869.1
18	76668629	76678993	ENSG00000266586	CTD-2382H12.2
21	31962424	31962716	ENSG00000206106	KRTAP22-2
X	86680586	86680693	ENSG00000230478	RP1-52D1.1
8	50819423	50820006	ENSG00000271148	RP11-401N18.1
X	118354745	118355705	ENSG00000230170	HNRNPA1P28
4	40493750	40494041	ENSG00000242197	RP11-588L15.1
HSCHR6_MHC_SSTO	31618946	31624007	ENSG00000228605	GPANK1
18	76685064	76687441	ENSG00000265101	CTD-2382H12.1
8	7906441	7906789	ENSG00000253881	RP11-52B19.8
X	146312502	146312595	ENSG00000207969	MIR507
4	153690506	153700916	ENSG00000169989	TIGD4
21	31964759	31965394	ENSG00000212938	KRTAP6-3
9	107859037	107859342	ENSG00000201583	RN7SKP191
4	40504057	40504136	ENSG00000263642	MIR4802
8	51293575	51294835	ENSG00000253849	RP11-759A9.1
9	107944761	107949038	ENSG00000238208	RP11-112N13.1
8	7943544	7944287	ENSG00000255459	RP11-52B19.10
8	28095947	28096422	ENSG00000253907	RP11-380I10.3
9	4553386	4666674	ENSG00000106686	SPATA6L
8	10983980	10987745	ENSG00000215346	AF131215.5
X	146318431	146318545	ENSG00000207589	MIR508
4	40788127	40788727	ENSG00000248780	RP11-632F7.1
18	76736555	76739074	ENSG00000263146	RP11-849I19.1
21	31970909	31971219	ENSG00000186930	KRTAP6-2
9	108282409	108288640	ENSG00000229419	RALGAPA1P
X	86740882	86740963	ENSG00000264366	Z95400.1
8	93984803	93986966	ENSG00000251347	IRF5P1
20	58662895	59102516	ENSG00000228340	RP5-1043L13.1
X	118356527	118357208	ENSG00000270625	RP4-555N2.4
8	51403355	51404025	ENSG00000254392	RP11-759A9.2
4	40814796	40828168	ENSG00000250906	RP11-632F7.3
X	86958277	86959307	ENSG00000237506	RPSAP15
4	106962756	107242652	ENSG00000145348	TBCK
8	28107580	28196772	ENSG00000253690	RP11-380I10.4
21	31973414	31973612	ENSG00000186924	KRTAP22-1
4	40828672	40828782	ENSG00000207195	Y_RNA
8	7946463	7946611	ENSG00000221305	MIR548I3
X	146331669	146331748	ENSG00000252583	MIR514B
8	94225531	94712661	ENSG00000246662	LINC00535
18	76877207	76877920	ENSG00000267655	CTD-2286N8.2
4	40870886	40870987	ENSG00000238351	snoU13
8	7953468	7954248	ENSG00000244427	RP11-52B19.1
X	118383309	118391633	ENSG00000214992	AKAP17BP
15	62547885	62548620	ENSG00000260375	RP11-299H22.4
4	40992171	40992290	ENSG00000201736	RNA5SP160
HSCHR12_1_CTG2_1	58335324	58351052	ENSG00000262145	XRCC6BP1
21	31985750	31986249	ENSG00000184724	KRTAP6-1
X	146340278	146340368	ENSG00000212013	MIR509-2
X	86978089	86978238	ENSG00000271205	RP1-138A5.2
18	77013577	77014856	ENSG00000267628	RP11-1136J12.1
4	41086624	41086730	ENSG00000199790	RNU6-836P
15	62566362	62570564	ENSG00000261296	RP11-299H22.6
8	7974267	7974471	ENSG00000254311	RP11-52B19.7
8	28157200	28158083	ENSG00000239198	RPL5P22
8	51675020	51675358	ENSG00000254358	CYCSP22
4	41115959	41116062	ENSG00000207198	RNU6-1195P
18	77100258	77103972	ENSG00000267015	RP11-800A18.4
22	24407642	24574596	ENSG00000099991	CABIN1
21	31988750	31989003	ENSG00000244624	KRTAP20-1
X	87061433	87061769	ENSG00000270446	RP6-43L17.1
8	28273041	28277572	ENSG00000254370	RP11-181B11.1
4	41222091	41258744	ENSG00000251173	UCHL1-AS1
15	62576389	62577205	ENSG00000260957	RP11-299H22.7
X	146341170	146341244	ENSG00000212014	MIR509-3
8	7996350	7996453	ENSG00000221027	AC068020.1
18	77336460	77349010	ENSG00000267287	RP11-567M16.1
X	118425492	118469573	ENSG00000230392	RP5-1139I1.1
21	31992946	31993169	ENSG00000206105	KRTAP20-4
X	146342050	146342143	ENSG00000208000	MIR509-1
15	62654228	62654530	ENSG00000259557	HMGN1P26
20	3208063	3219836	ENSG00000088836	SLC4A11
8	8011830	8074438	ENSG00000249188	ENPP7P1
8	28273965	28274068	ENSG00000207361	RNU6-178P
4	41305254	41305354	ENSG00000207481	Y_RNA
8	51772090	51772622	ENSG00000253340	RP11-139G7.1
18	77370747	77372303	ENSG00000267409	RP11-567M16.2
15	62975115	62982647	ENSG00000259756	RP11-625H11.2
4	41391132	41391610	ENSG00000239627	RP11-124A7.1
21	32007555	32007938	ENSG00000184032	KRTAP20-2
8	28304781	28313419	ENSG00000253567	RP11-181B11.2
X	87062549	87064883	ENSG00000271056	RP6-43L17.2
15	63079006	63079093	ENSG00000265317	AC103740.1
18	77398928	77439745	ENSG00000178412	RP11-567M16.3
HSCHR12_1_CTG2_1	58325311	58329958	ENSG00000262349	RP11-620J15.3
9	108316316	108320310	ENSG00000228317	RP11-235C23.5
4	41690875	41694814	ENSG00000249216	RP11-227F19.5
X	146353853	146353926	ENSG00000207641	MIR510
20	58883532	58883625	ENSG00000207802	MIR646
15	63116156	63116240	ENSG00000211137	MIR190A
21	32015183	32015455	ENSG00000206104	KRTAP20-3
X	118490264	118527558	ENSG00000226661	RP5-1139I1.2
X	146360765	146360862	ENSG00000207868	MIR514A1
X	87316591	87317845	ENSG00000230706	RP5-998G20.1
20	58989454	58989930	ENSG00000229690	MTCO2P1
4	41724555	41725529	ENSG00000249081	OR5M14P
X	118513675	118514067	ENSG00000227814	MRPS17P9
18	77462721	77463651	ENSG00000266901	RP11-567M16.5
15	89581208	89581517	ENSG00000260275	RP11-326A19.2
8	51927581	51927725	ENSG00000201316	SNORA7
20	59053169	59053239	ENSG00000266140	MIR4533
8	52170248	52233678	ENSG00000253664	RP11-401H2.1
HSCHR12_1_CTG2_1	58360841	58362182	ENSG00000262819	RP11-58A17.3
21	32090843	32091095	ENSG00000231068	KRTAP21-3
8	8025341	8084136	ENSG00000253893	FAM85B
18	77547121	77551432	ENSG00000266924	RP11-154H12.2
8	28362633	28362699	ENSG00000265251	MIR4288
15	63124323	63176233	ENSG00000259370	RP11-1069G10.1
15	89584454	89626050	ENSG00000260123	RP11-326A19.4
4	41750310	41826136	ENSG00000250467	RP11-227F19.1
15	25922420	26110317	ENSG00000206190	ATP10A
X	146363461	146363548	ENSG00000207866	MIR514A2
20	59139620	59139683	ENSG00000265617	MIR548AG2
X	118556880	118557510	ENSG00000237903	RP3-404F18.5
8	11141925	11185646	ENSG00000104643	MTMR9
18	77552726	77576365	ENSG00000267780	RP11-154H12.3
HSCHR12_1_CTG2_1	58371748	58372060	ENSG00000262776	7SK
HSCHR6_MHC_MANN	33000747	33001424	ENSG00000236488	PPP1R2P1
20	59387060	59389267	ENSG00000261035	RP11-151E14.1
8	52348162	52349069	ENSG00000254025	RP11-119N19.1
15	89630309	89631498	ENSG00000261407	RP11-326A19.3
4	41752362	41759358	ENSG00000249122	RP11-227F19.2
8	28387928	28388036	ENSG00000202411	RNA5SP259
X	87351394	87352226	ENSG00000230956	RP3-452M16.1
21	32119112	32119551	ENSG00000187026	KRTAP21-2
HSCHR12_1_CTG2_1	58377578	58378544	ENSG00000262082	RP11-58A17.2
20	59652280	59652872	ENSG00000229755	RP5-827L5.2
4	41773962	41774120	ENSG00000200338	RNU1-49P
9	108472571	108473062	ENSG00000228366	RP11-18B3.3
X	146366159	146366246	ENSG00000207867	MIR514A3
13	22066836	22178353	ENSG00000165487	MICU2
HSCHR6_MHC_MANN	33017988	33018062	ENSG00000225459	HLA-Z
15	89664010	89664071	ENSG00000239151	RNU7-195P
20	59654196	59655235	ENSG00000229606	RP5-827L5.1
15	63188011	63191742	ENSG00000259727	RP11-1069G10.2
8	28553718	28558981	ENSG00000246339	EXTL3-AS1
HSCHR12_1_CTG2_1	58490834	58496304	ENSG00000262201	RP11-58A17.4
X	146673130	146673427	ENSG00000228855	RP3-433G13.1
21	32127439	32127746	ENSG00000187005	KRTAP21-1
4	41844171	41845967	ENSG00000249745	HMGB1P28
HSCHR6_MHC_MANN	33058507	33058601	ENSG00000266600	BX927138.1
9	108520445	108523036	ENSG00000232486	RP11-18B3.2
15	89678778	89679726	ENSG00000259699	HMGB1P8
8	52634230	52634724	ENSG00000254225	RP11-11C20.1
18	77806900	77853362	ENSG00000261126	RBFADN
20	60313275	60330112	ENSG00000225106	RP11-429E11.2
HSCHR6_MHC_MANN	33091910	33092424	ENSG00000236657	BRD2-IT1
15	63245372	63246323	ENSG00000259394	RP11-244F12.1
21	32185016	32185570	ENSG00000183640	KRTAP8-1
X	146882523	146882820	ENSG00000227505	RP11-434J24.2
X	118557705	118557868	ENSG00000207175	RNU1-67P
HSCHR6_MHC_MANN	33201377	33201786	ENSG00000233972	RPL32P1
20	60528602	60528718	ENSG00000221417	MIR1257
8	52722670	52723241	ENSG00000272076	RP11-11C20.3
4	123300121	123350957	ENSG00000164113	ADAD1
X	118558028	118558079	ENSG00000264952	AC004000.1
15	63338233	63341586	ENSG00000259498	RP11-244F12.3
4	41878498	41884628	ENSG00000245870	LINC00682
15	89744322	89744999	ENSG00000259948	RP11-326A19.5
X	118568482	118568781	ENSG00000266420	RN7SL118P
20	60612485	60613012	ENSG00000235018	RP11-11M20.2
X	146894251	146894492	ENSG00000271175	RP11-434J24.3
21	32252966	32253874	ENSG00000182591	KRTAP11-1
X	118590521	118590621	ENSG00000252147	Y_RNA
HSCHR6_MHC_MANN	33213679	33219221	ENSG00000235528	HLA-DPA2
8	8086117	8102387	ENSG00000173295	FAM86B3P
8	52808517	52808934	ENSG00000253475	RP11-110G21.2
20	60639858	60639941	ENSG00000265306	hsa-mir-3195
15	63362224	63364110	ENSG00000259627	RP11-244F12.2
15	89878284	89879392	ENSG00000261441	RP11-217B1.2
4	160049954	160050046	ENSG00000264105	MIR3688-1
X	118599997	118603061	ENSG00000224281	SLC25A5-AS1
X	146908797	146908902	ENSG00000202051	RNU6-382P
18	77835609	77836161	ENSG00000266909	SLC25A6P4
21	32410478	32410795	ENSG00000206102	KRTAP19-8
15	63391069	63402602	ENSG00000259672	RP11-69G7.1
X	146981696	146982977	ENSG00000227083	L29074.3
HSCHR6_MHC_MANN	33225722	33229258	ENSG00000226591	COL11A2P1
4	160216866	160216935	ENSG00000216089	AC105316.1
18	77941563	77960875	ENSG00000267251	AC139100.3
4	41885077	41896596	ENSG00000249771	RP11-457P14.5
4	160296251	160296474	ENSG00000248552	RP11-138A23.1
8	52811885	52859733	ENSG00000228801	RP11-110G21.1
8	28655659	28656986	ENSG00000254034	RP11-662B19.2
15	63682335	63729347	ENSG00000259459	RP11-321G12.1
4	160319685	160322398	ENSG00000250180	RP11-138A23.2
15	91509270	91538859	ENSG00000198901	PRC1
4	41926197	41926397	ENSG00000249887	RP11-457P14.6
8	28667620	28667935	ENSG00000242958	RP11-662B19.1
HSCHR4_2_CTG9	62066976	62959961	ENSG00000262515	LPHN3
9	108611991	108613706	ENSG00000228948	SLC25A6P5
HSCHR6_MHC_MANN	33234379	33250727	ENSG00000233584	HLA-DPB2
X	118749687	118827333	ENSG00000125354	SEPT6
4	160428047	160428180	ENSG00000251979	U3
X	118780701	118780811	ENSG00000211578	MIR766
4	153701089	153839615	ENSG00000164144	ARFIP1
4	160587655	160698936	ENSG00000250488	RP11-6C14.1
15	63748493	63761550	ENSG00000259268	AC007950.1
8	28807193	28813472	ENSG00000259196	HMBOX1-IT1
4	41990758	41991254	ENSG00000272862	RP11-814H16.2
9	108823635	108827106	ENSG00000225002	RP11-6F6.1
4	161442981	161443463	ENSG00000250997	RP11-502M1.1
X	118921316	118921447	ENSG00000206622	SNORA69
4	42031226	42032140	ENSG00000249212	ATP1B1P1
4	147560045	147563626	ENSG00000151615	POU4F2
8	28906011	28906121	ENSG00000200719	RNA5SP260
4	161460406	161507969	ENSG00000249425	RP11-502M1.2
21	43136596	43137740	ENSG00000232401	LINC00112
X	119055224	119056803	ENSG00000227285	RP3-327A19.5
HSCHR6_MHC_MANN	33252858	33264993	ENSG00000234372	HLA-DPA3
4	161739574	161740021	ENSG00000242635	RPS14P7
HSCHR6_MHC_MANN	33266458	33269442	ENSG00000233043	HCG24
4	42283847	42393285	ENSG00000250781	RP11-63A11.1
4	161925029	161925110	ENSG00000221362	AC106860.1
21	43159533	43161468	ENSG00000236883	AP001615.9
X	87403793	87403919	ENSG00000252016	ACA64
4	162300105	162309569	ENSG00000249568	RP11-234O6.2
X	87624344	87624460	ENSG00000271693	CTD-2194M22.1
15	89904810	89939471	ENSG00000255571	LINC00925
HSCHR6_MHC_MANN	33321297	33321391	ENSG00000265159	Y_RNA
21	43290742	43292163	ENSG00000236545	AP001619.3
X	146990949	146993335	ENSG00000268066	FMR1-AS1
HSCHR6_MHC_MCF	33300827	33330643	ENSG00000235708	COL11A2
X	88082555	88084859	ENSG00000271157	RP1-249C1.1
HSCHR6_MHC_MANN	33329535	33329644	ENSG00000266574	hsa-mir-219a-1
4	162943885	162968719	ENSG00000249419	RP11-497K21.1
21	43294865	43297722	ENSG00000227698	AP001619.2
4	42448007	42448089	ENSG00000266058	AC084010.1
9	4662298	4665256	ENSG00000205808	PPAPDC2
HSCHR6_MHC_MANN	33337405	33338028	ENSG00000236910	ZNF70P1
4	42473827	42474397	ENSG00000240167	RPS7P7
18	47309869	47340330	ENSG00000167315	ACAA2
21	43302314	43302409	ENSG00000251778	SNORA3
4	163243340	163245059	ENSG00000251253	MTHFD2P4
8	52862844	52863250	ENSG00000272024	RP11-546K22.3
HSCHR6_MHC_MANN	33359507	33361398	ENSG00000230012	HTATSF1P
20	57034157	57090187	ENSG00000198768	APCDD1L
8	52874018	52935534	ENSG00000253844	RP11-546K22.1
9	109040673	109367076	ENSG00000234323	RP11-308N19.1
4	163442834	163443193	ENSG00000248396	TOMM22P4
21	43429303	43445060	ENSG00000237232	ZNF295-AS1
4	42563474	42564442	ENSG00000248283	RP11-473D24.1
4	163661820	163663200	ENSG00000248431	AC005150.1
4	163905947	163906568	ENSG00000251123	RP11-580J4.1
HSCHR6_MHC_MANN	33371218	33376673	ENSG00000231037	HCG25
4	164029937	164041117	ENSG00000250027	RP11-563E2.2
4	144498455	144621828	ENSG00000183090	FREM3
13	22245522	22278637	ENSG00000102678	FGF9
21	43641283	43641396	ENSG00000223262	RNA5SP492
4	140586922	140661899	ENSG00000085871	MGST2
X	192989	220023	ENSG00000182378	PLCXD1
4	42659513	42659945	ENSG00000260519	RP11-109E24.2
21	43720384	43720455	ENSG00000216197	AP001623.1
21	43837606	43837702	ENSG00000252619	RNU6-1149P
4	42708124	42709352	ENSG00000251517	RP11-109E24.1
4	164186727	164187735	ENSG00000250547	RP11-719L21.1
9	109346423	109354233	ENSG00000229297	RP11-540H22.2
21	43916649	43917553	ENSG00000239930	AP001625.4
4	42894413	42894635	ENSG00000252595	RN7SKP82
4	164303331	164303668	ENSG00000227283	RPL35AP12
4	43135884	43236973	ENSG00000248939	RP11-395F4.1
4	164444444	164444538	ENSG00000264535	AC093788.1
15	89911248	89911337	ENSG00000207819	MIR9-3
9	4679559	4708398	ENSG00000106993	CDC37L1
21	43928734	43929771	ENSG00000231867	AP001625.5
4	164450923	164451849	ENSG00000273449	RP11-218F10.3
X	47577401	47578498	ENSG00000224656	RP1-212G6.4
4	43342892	43347617	ENSG00000250657	RP11-1E6.1
15	90048508	90067265	ENSG00000259218	LINC00928
4	164749952	164750265	ENSG00000253001	RN7SKP105
21	43980484	43982044	ENSG00000235772	AP001625.6
9	109377359	109378087	ENSG00000237062	RP11-308N19.3
8	28913452	28914202	ENSG00000259366	CTD-2647L4.4
4	164853678	164854334	ENSG00000177803	RP11-606P2.1
X	47636226	47638096	ENSG00000229968	RP3-393P12.1
4	43412058	43412954	ENSG00000213851	RP11-324J13.1
X	119058424	119058513	ENSG00000264392	AC002477.1
21	44019390	44035168	ENSG00000225431	AP001626.1
X	88163404	88163764	ENSG00000232576	RP11-137D19.1
X	119144675	119149501	ENSG00000234493	GS1-421I3.2
15	63836446	63893788	ENSG00000259248	USP3-AS1
9	109378339	109464943	ENSG00000234229	RP11-308N19.4
22	24577227	24585078	ENSG00000099994	SUSD2
4	165109463	165111519	ENSG00000250746	RP11-39C10.1
4	43459544	43494560	ENSG00000248143	RP11-324J13.2
15	90052192	90053647	ENSG00000261478	RP11-429B14.4
X	88237216	88237354	ENSG00000270745	RP13-324D24.1
21	44068381	44071354	ENSG00000235023	AP001626.2
8	28924796	28925971	ENSG00000259607	CTD-2647L4.5
HG142_HG150_NOVEL_TEST	56063544	56063651	ENSG00000263824	AC022882.1
4	43588345	43590114	ENSG00000251501	RP11-466J24.1
X	88622434	88622599	ENSG00000224065	SRIP2
4	165118159	165118863	ENSG00000248546	ANP32C
4	43600559	43600854	ENSG00000239464	RN7SL691P
X	47657325	47664188	ENSG00000188459	WASF4P
8	28968090	28998246	ENSG00000254129	CTD-2647L4.1
8	94228154	94247107	ENSG00000253960	RP11-388K12.1
HSCHR17_6_CTG4	39382879	39383883	ENSG00000262573	KRTAP9-2
4	43865291	43865563	ENSG00000239679	RN7SL193P
4	16503164	16900432	ENSG00000169744	LDB2
X	88678737	88701982	ENSG00000225012	RP13-348B13.2
8	94271895	94310204	ENSG00000254089	RP11-388K12.2
4	165518871	165519128	ENSG00000251162	RP11-75A5.1
X	47700362	47701101	ENSG00000224401	RPL7P57
4	43900474	43901368	ENSG00000124399	RP11-663P9.2
18	47322163	47363993	ENSG00000266997	RP11-886H22.1
HSCHR17_6_CTG4	39394569	39395535	ENSG00000262896	KRTAP9-4
X	89045334	89045450	ENSG00000221005	AL161723.1
8	94453505	94453612	ENSG00000222416	RNA5SP274
X	119170201	119280760	ENSG00000258545	RP4-755D9.1
4	165541884	165541989	ENSG00000223037	RNU6-284P
X	47915699	47925971	ENSG00000238068	ZNF630-AS1
15	64457716	64648442	ENSG00000169118	CSNK1G1
X	89294212	89294833	ENSG00000227581	RP13-140E4.1
8	94658294	94659320	ENSG00000253781	ZNF317P1
21	32490734	32932290	ENSG00000156299	TIAM1
4	165646462	165647858	ENSG00000248162	RP11-294O2.1
X	47941136	47941239	ENSG00000238473	snoU13
HSCHR17_6_CTG4	39400266	39401246	ENSG00000262594	KRTAP9-9
15	51200869	51298097	ENSG00000081014	AP4E1
9	109442258	109442610	ENSG00000200131	RN7SKP77
8	94727606	94728341	ENSG00000271971	CTD-2006H14.2
X	89367649	89368705	ENSG00000226081	USP12PX
15	63967345	64005957	ENSG00000259589	RP11-317G6.1
8	29000210	29000484	ENSG00000264328	RN7SL781P
4	43982023	43983637	ENSG00000250863	RP11-663P9.1
13	23755091	23899304	ENSG00000102683	SGCG
9	109484631	109485211	ENSG00000228143	RP11-308N19.5
8	94731802	94733395	ENSG00000253854	RP11-10N23.2
8	29076422	29076989	ENSG00000253770	HMGB1P23
4	44018878	44024080	ENSG00000251350	RP11-328N19.1
X	89464795	89465419	ENSG00000227434	RNF19BPX
20	60790026	60795323	ENSG00000101180	HRH3
HSCHR17_6_CTG4	39410221	39411523	ENSG00000263263	KRTAP9-6
8	94745444	94746250	ENSG00000253722	RP11-10N23.4
20	57209828	57210772	ENSG00000268941	MGC4294
X	119251552	119253610	ENSG00000228139	GS1-421I3.4
4	165675216	165724947	ENSG00000248771	RP11-294O2.2
4	44450022	44450127	ENSG00000266496	AC131951.1
15	64163129	64163218	ENSG00000199156	MIR422A
X	47967367	47980068	ENSG00000171483	SSX6
X	89544535	89544902	ENSG00000229667	UBE2V1P9
8	94753421	94756762	ENSG00000253848	RP11-10N23.5
8	29127491	29127578	ENSG00000212034	AC084262.1
4	44535632	44535897	ENSG00000251159	RP11-500G9.1
HSCHR17_6_CTG4	39420541	39421579	ENSG00000262221	KRTAP9-7
8	94846682	94858971	ENSG00000254057	RP3-388N13.3
4	165708442	165708548	ENSG00000201050	RNU6-668P
4	44695963	44696403	ENSG00000273369	RP11-700J17.1
9	128199672	128469513	ENSG00000119487	MAPKAP1
8	94861789	94862303	ENSG00000254387	RP3-388N13.2
9	109606030	109606147	ENSG00000212276	RNA5SP292
4	44706422	44706982	ENSG00000272936	RP11-700J17.2
HSCHR17_6_CTG4	39446708	39447733	ENSG00000262542	KRTAP29-1
X	119254863	119379122	ENSG00000233382	NKAPP1
8	94927962	94928910	ENSG00000264448	MIR378D2
4	147627790	147867034	ENSG00000137473	TTC29
HSCHR17_6_CTG4	39368962	39369493	ENSG00000262214	KRTAP9-12P
X	220025	230886	ENSG00000178605	GTPBP6
4	44842397	44843419	ENSG00000249729	RP11-55C6.1
4	165798156	165820117	ENSG00000248329	RP11-366M4.3
9	109737114	109865269	ENSG00000230782	RP11-508N12.2
8	94951592	94955105	ENSG00000251234	PSMA2P2
HSCHR17_6_CTG4	39416193	39416717	ENSG00000262946	KRTAP9-11P
4	158125334	158287227	ENSG00000120251	GRIA2
9	4711155	4742043	ENSG00000147853	AK3
4	44946032	44946978	ENSG00000248987	PRDX4P1
HSCHR17_6_CTG4	39425486	39425692	ENSG00000263115	KRTAP9-10P
X	47995036	47995537	ENSG00000230241	RP11-38O23.3
9	109741057	109741835	ENSG00000231562	RP11-508N12.3
4	99943462	99944282	ENSG00000250496	ABT1P1
8	94969566	94969919	ENSG00000240509	RPL34P18
X	48013296	48015369	ENSG00000233139	RP11-38O23.4
4	99988407	99989276	ENSG00000272777	RP11-571L19.8
8	94986082	94986151	ENSG00000263855	AC105081.1
X	48013408	48013502	ENSG00000201517	RNU6-707P
4	165836717	165838135	ENSG00000250227	TRIM60P14
8	95109992	95116550	ENSG00000253585	KB-1184D12.1
8	29171273	29171365	ENSG00000263392	AC084262.2
X	48015795	48025778	ENSG00000225198	SSXP3
8	29180781	29180873	ENSG00000266476	AC084262.3
8	95214141	95215280	ENSG00000249510	KB-1247B1.1
4	165841770	165842215	ENSG00000244146	RP11-366M4.2
4	140637907	141075338	ENSG00000196782	MAML3
HSCHR1_3_CTG31	198503840	198521562	ENSG00000263014	ATP6V1G3
8	29209937	29210687	ENSG00000260253	RP4-676L2.1
HSCHR6_MHC_SSTO	31622960	31631270	ENSG00000224774	CSNK2B
8	95365151	95365881	ENSG00000244217	RPS4XP10
4	165850646	165851103	ENSG00000221891	FAM218BP
15	90061754	90135187	ENSG00000259713	RP11-429B14.1
4	165854238	165854658	ENSG00000270960	RP11-366M4.18
15	90122996	90125528	ENSG00000259615	RP11-429B14.3
4	100010008	100222513	ENSG00000246090	RP11-696N14.1
8	95545856	95546619	ENSG00000254315	RP11-267M23.3
4	165859474	165861142	ENSG00000248645	RP11-366M4.6
8	95565950	95581973	ENSG00000253704	RP11-267M23.4
15	90231168	90231474	ENSG00000241362	RPL36AP43
9	109878065	109878235	ENSG00000223615	RP11-196I18.2
8	145698795	145701718	ENSG00000160973	FOXH1
9	109879110	109879838	ENSG00000225531	RP11-196I18.3
8	95577264	95577943	ENSG00000253175	RP11-267M23.6
15	90247896	90248646	ENSG00000259561	RP11-300G22.2
4	144792020	144826716	ENSG00000197465	GYPE
4	165864442	165865089	ENSG00000121089	NACA3P
9	109879740	109883986	ENSG00000226047	RP11-196I18.4
15	90257463	90257569	ENSG00000206590	RNU6-132P
8	95602343	95602487	ENSG00000254190	RP11-267M23.5
15	90295527	90296724	ENSG00000259441	MRPL15P1
7	1022835	1029276	ENSG00000073067	CYP2W1
X	89852234	89852339	ENSG00000207515	RNU6-555P
8	95606639	95606829	ENSG00000254283	RP11-267M23.7
8	86134675	86157946	ENSG00000258256	RP11-219B4.5
X	90562780	90563877	ENSG00000206062	RP13-212L9.1
15	90393869	90393953	ENSG00000264966	MIR5094
X	48037167	48037459	ENSG00000238032	RP11-38O23.7
8	95649513	95651695	ENSG00000261437	RP11-22C11.2
4	165869231	165899980	ENSG00000236941	RP11-366M4.8
15	90419772	90420517	ENSG00000259677	RP11-493E3.1
8	95700456	95700838	ENSG00000241003	RP11-22C11.1
8	86158524	86162077	ENSG00000257962	RP11-219B4.6
15	90427163	90427262	ENSG00000264796	MIR5009
X	48056657	48058867	ENSG00000234780	RP11-552E4.2
4	100081671	100082802	ENSG00000249065	PCNAP1
8	8093525	8102189	ENSG00000253981	ALG1L13P
X	294698	347690	ENSG00000167393	PPP2R3B
15	90429717	90429823	ENSG00000212420	RNU6-1111P
8	95721180	95721472	ENSG00000253429	KB-1090H4.2
15	64472547	64665980	ENSG00000259316	CTD-2116N17.1
15	26788693	27184686	ENSG00000166206	GABRB3
15	90440808	90440869	ENSG00000252645	RNU7-111P
X	48065693	48065809	ENSG00000252856	RNA5SP503
9	109931850	109933429	ENSG00000226535	RP11-417L14.1
8	95725943	95726040	ENSG00000199701	Y_RNA
15	90479724	90480237	ENSG00000259273	RP11-493E3.2
8	29384829	29387840	ENSG00000253632	RP11-486M23.1
X	48072226	48077445	ENSG00000204368	RP11-552E4.3
8	95803871	95805334	ENSG00000254307	KB-1608C10.2
4	100390755	100419855	ENSG00000250300	RP11-696N14.3
8	29405688	29421858	ENSG00000253182	RP11-486M23.2
15	90549987	90550073	ENSG00000265871	MIR3174
8	29489607	29490160	ENSG00000243844	RPL17P33
X	147028461	147029103	ENSG00000236337	FMR1-IT1
15	90617747	90625439	ENSG00000259291	RP11-617F23.1
9	110182565	110193083	ENSG00000226825	RP11-363D24.1
4	100515956	100547070	ENSG00000248676	RP11-766F14.1
15	90645881	90676674	ENSG00000259685	CTD-2315E11.1
8	52908770	52920915	ENSG00000254136	RP11-546K22.2
X	90669877	90689998	ENSG00000234161	PABPC5-AS1
8	29531438	29605625	ENSG00000251191	LINC00589
15	90673649	90673945	ENSG00000263714	RN7SL755P
15	51348795	51397473	ENSG00000183578	TNFAIP8L3
X	147089620	147089735	ENSG00000201285	5S_rRNA
X	90677308	90677537	ENSG00000236413	RP13-24G8.2
15	90709465	90709756	ENSG00000240470	RN7SL346P
X	48830134	48858675	ENSG00000068400	GRIPAP1
X	147133753	147134266	ENSG00000219507	FTH1P8
X	90815435	90816596	ENSG00000230275	SERBP1P4
18	47349183	47721463	ENSG00000167306	MYO5B
4	100871163	101116256	ENSG00000245322	RP11-15B17.1
22	24615622	24641110	ENSG00000099998	GGT5
8	53063380	53067452	ENSG00000254314	RP11-26M5.3
X	91053092	91053282	ENSG00000222440	RNU2-26P
8	29605825	29656008	ENSG00000253490	AC145110.1
X	91237654	91238504	ENSG00000234702	VDAC1P3
8	53106922	53112140	ENSG00000253551	RP11-26M5.2
8	8272200	8282142	ENSG00000253505	CTA-398F10.1
X	147279534	147280398	ENSG00000233467	U40455.1
4	100911894	100912634	ENSG00000250403	RP11-15B17.2
9	110195821	110195890	ENSG00000263459	AL359552.1
HSCHR6_MHC_QBL	33168626	33173129	ENSG00000096150	RPS18
X	119335910	119336597	ENSG00000227541	RP3-525N14.2
9	110220319	110220587	ENSG00000213558	HMGN2P32
X	91368245	91369460	ENSG00000229132	EIF4A1P10
4	100962998	100963261	ENSG00000248820	RP11-15B17.3
8	53207015	53214502	ENSG00000253924	RP11-1023P17.2
X	147546228	147546948	ENSG00000176970	RPL7L1P11
8	8314419	8318847	ENSG00000254153	CTA-398F10.2
X	119344309	119346528	ENSG00000237757	EEF1A1P30
4	101051102	101051192	ENSG00000222196	AC121157.1
4	153857504	153900848	ENSG00000137460	FHDC1
8	53225714	53226060	ENSG00000240534	RPL34P17
15	64657193	64679886	ENSG00000166803	KIAA0101
4	101111190	101136662	ENSG00000249710	RP11-588P8.1
X	147579633	147582135	ENSG00000237741	AC002368.4
9	110237317	110237420	ENSG00000199905	RNU6-492P
21	33031935	33041244	ENSG00000142168	SOD1
4	101581436	101596270	ENSG00000250223	EMCN-IT3
8	53635463	53635701	ENSG00000271555	CTD-3214K23.1
HSCHR1_3_CTG31	198619288	198737899	ENSG00000262418	PTPRC
X	147628399	147628918	ENSG00000223516	AFF2-IT1
4	101699739	101712392	ENSG00000251219	EMCN-IT2
7	1036622	1177896	ENSG00000146540	C7orf50
8	53887671	53888676	ENSG00000248911	RP11-182E14.1
4	101733412	101735437	ENSG00000251636	EMCN-IT1
4	102251459	102251571	ENSG00000221265	MIR1255A
X	147903688	147903972	ENSG00000222313	RN7SKP267
9	110296671	110297443	ENSG00000236005	RP11-438P9.1
X	148138246	148138696	ENSG00000242186	AC002523.1
9	4792869	4885917	ENSG00000120158	RCL1
4	102645033	102645137	ENSG00000199529	RNU6-462P
8	53907922	53907993	ENSG00000265835	AC009800.1
4	102893580	102893955	ENSG00000251149	MTND5P5
8	53950189	53950309	ENSG00000251871	AC016113.1
X	148393763	148393845	ENSG00000264702	AC231656.1
8	95896837	95897298	ENSG00000272509	RP11-347C18.5
8	54074899	54075547	ENSG00000250494	RP11-162D9.1
4	102898051	102958060	ENSG00000251309	RP11-498M5.2
8	95903467	95904335	ENSG00000243979	RP11-347C18.1
X	148412432	148412492	ENSG00000251797	RNU7-98P
4	103269551	103269848	ENSG00000241144	RN7SL728P
15	91541646	91565833	ENSG00000184056	VPS33B
X	148593039	148607803	ENSG00000238039	AF011889.2
HSCHR6_MHC_SSTO	31626842	31631270	ENSG00000239497	LY6G5B
8	95918245	95918347	ENSG00000238791	snoU13
8	54090131	54155243	ENSG00000254687	RP11-162D9.3
4	103339759	103371167	ENSG00000248161	RP11-499E18.1
8	95962265	95963624	ENSG00000253878	RP11-347C18.3
8	145703352	145727504	ENSG00000160972	PPP1R16A
X	148606540	148607582	ENSG00000176289	IDSP1
9	110305432	110305897	ENSG00000227350	RP11-438P9.2
8	95986801	95987081	ENSG00000253528	RP11-347C18.4
HSCHR1_3_CTG31	198578341	198579485	ENSG00000262375	RP11-553K8.2
4	141178440	141306880	ENSG00000153130	SCOC
4	165889739	165891154	ENSG00000248632	RP11-366M4.11
8	96067442	96067548	ENSG00000200525	RNU6-1209P
9	110425421	110425527	ENSG00000202308	RNU6-996P
HSCHR1_3_CTG31	198638169	198647677	ENSG00000262237	RP11-553K8.5
8	54301261	54303432	ENSG00000260484	RP11-1081M5.2
X	585079	620146	ENSG00000185960	SHOX
9	110560025	110560128	ENSG00000222558	RNU6-1064P
4	103382407	103383309	ENSG00000251572	AF213884.1
4	165908417	165908939	ENSG00000248229	RP11-366M4.12
8	96079036	96085410	ENSG00000245080	MIR3150A
21	44153704	44161868	ENSG00000225731	AP001627.1
HSCHR1_3_CTG31	198659750	198660649	ENSG00000262210	PEBP1P3
8	54307771	54308506	ENSG00000253369	RP11-1081M5.1
20	60813580	60871268	ENSG00000130703	OSBPL2
4	103421998	103422476	ENSG00000260651	AF213884.2
21	44201184	44202343	ENSG00000233754	AP001628.7
8	54427730	54428465	ENSG00000254204	RP11-400K9.3
4	165928238	165929111	ENSG00000250887	RP11-366M4.13
8	146218300	146220223	ENSG00000255164	RP5-1047A19.4
4	103487032	103487124	ENSG00000238553	AF213884.3
21	44251150	44256587	ENSG00000225218	AP001628.6
4	165931611	165933003	ENSG00000250712	RP11-366M4.14
4	103583768	103584230	ENSG00000241981	AF224669.3
9	110573900	110574195	ENSG00000244104	RN7SL659P
8	146220272	146220926	ENSG00000254618	TMED10P1
GL000191.1	29663	33264	ENSG00000215700	PNRC2
21	44336913	44345756	ENSG00000233056	ERVH48-1
4	103648431	103651878	ENSG00000230069	LRRC37A15P
3	39371197	39375171	ENSG00000179934	CCR8
4	165933518	165933997	ENSG00000240674	RP11-366M4.1
13	23902965	24007841	ENSG00000151835	SACS
8	146228197	146231432	ENSG00000255559	ZNF252P-AS1
14	64063757	64108579	ENSG00000140006	WDR89
4	165947413	165948096	ENSG00000250430	RP11-366M4.15
9	110596790	110597110	ENSG00000231293	RPL36AP6
4	103649903	103651328	ENSG00000248971	KRT8P46
7	1084212	1098897	ENSG00000164849	GPR146
8	146230947	146231292	ENSG00000255530	RP5-1047A19.6
21	44371038	44371124	ENSG00000264580	MIR5692B
4	165967121	165967432	ENSG00000249617	RP11-366M4.17
4	144917257	145061844	ENSG00000250361	GYPB
21	44384749	44385473	ENSG00000224100	AP001630.5
HSCHR6_MHC_SSTO	31634408	31641761	ENSG00000111971	LY6G5C
4	103655515	103655772	ENSG00000224207	RP11-10L12.1
8	146273246	146274275	ENSG00000255000	AC139103.1
4	165980300	165981706	ENSG00000250374	RP11-219C20.1
21	44535444	44535819	ENSG00000232777	MRPL51P2
20	57226328	57254582	ENSG00000124222	STX16
4	165991760	165992156	ENSG00000273097	RP11-219C20.3
4	166173732	166173813	ENSG00000200974	RNU4-87P
X	148609130	148622504	ENSG00000241769	LINC00893
4	103672558	103673798	ENSG00000251288	RP11-10L12.2
14	64150932	64194757	ENSG00000126821	SGPP1
4	166198944	166201175	ENSG00000229894	GK3P
X	1314890	1331616	ENSG00000205755	CRLF2
9	110616064	110616539	ENSG00000233727	RP11-380I20.2
GL000191.1	36277	50281	ENSG00000215699	SRSF10
4	166307394	166307489	ENSG00000207559	MIR578
9	110681147	110681259	ENSG00000222459	RNA5SP293
4	103749212	103765232	ENSG00000246560	RP11-10L12.4
3	39424839	39438842	ENSG00000144659	SLC25A38
9	110725984	110726326	ENSG00000236783	RPS15AP27
4	166325219	166327502	ENSG00000251596	HADHAP1
X	91714669	91715951	ENSG00000215089	KRT18P11
4	103758204	103758256	ENSG00000252739	RNU7-151P
4	166438407	166438653	ENSG00000248287	SCGB1D5P
4	103780550	103780653	ENSG00000238948	snoU13
4	166468684	166472212	ENSG00000248327	RP11-443J23.1
8	8413248	8418475	ENSG00000253343	CTD-3023L14.3
4	103817882	103819394	ENSG00000250651	PABPC1P7
4	154073494	154260472	ENSG00000109654	TRIM2
20	3229951	3388272	ENSG00000088854	C20orf194
8	8417404	8419634	ENSG00000253774	CTD-3023L14.1
X	91715451	91715544	ENSG00000211526	AL121869.1
9	110802494	110802873	ENSG00000213557	RP11-240E2.2
4	103883113	103884484	ENSG00000249283	ACTR3BP4
8	8418901	8427198	ENSG00000253130	CTD-3023L14.2
HSCHR6_MHC_QBL	33173759	33175444	ENSG00000206285	B3GALT4
9	4859120	4859260	ENSG00000269305	AL158147.2
X	91770322	91770496	ENSG00000230543	SNX3P1X
X	91931518	91931953	ENSG00000225912	RP13-258O15.1
3	10857885	10982419	ENSG00000132164	SLC6A11
4	104177316	104374815	ENSG00000248740	RP11-328K4.1
8	54427731	54436491	ENSG00000237807	RP11-400K9.4
4	166585502	166586823	ENSG00000250725	RP11-511B7.1
9	110859712	110860131	ENSG00000237360	CHCHD4P2
8	54445468	54446264	ENSG00000240919	RP11-400K9.1
8	8439864	8440165	ENSG00000263616	RN7SL178P
4	166605791	166683930	ENSG00000249500	RP11-340B18.1
8	8490974	8491058	ENSG00000264445	AC087269.2
X	92297489	92297941	ENSG00000237873	RP11-156J23.1
8	54449620	54452860	ENSG00000206144	RP11-400K9.2
4	104469902	104545691	ENSG00000251577	RP11-297P16.3
8	8559666	8561616	ENSG00000176305	AC087269.1
8	54625257	54625456	ENSG00000253668	RP11-463C14.1
4	159045626	159094470	ENSG00000164125	FAM198B
8	54788710	54789209	ENSG00000272457	RP11-1070A24.2
X	92477219	92480014	ENSG00000234130	RP13-88F20.1
9	111014434	111017100	ENSG00000230030	RP11-505C13.1
18	20714528	20840431	ENSG00000134508	CABLES1
HSCHR6_MHC_QBL	31855958	31903846	ENSG00000206372	C2
8	54799568	54799804	ENSG00000244159	RP11-1070A24.1
9	111121132	111121209	ENSG00000222512	AL137019.1
8	54827279	54827384	ENSG00000200528	RNU6-1331P
4	104472084	104480284	ENSG00000250920	RP11-297P16.4
9	111389113	111389430	ENSG00000169253	RP11-220D10.1
8	54883791	54886770	ENSG00000253667	RP11-30L15.4
8	8581203	8639989	ENSG00000254367	RP11-211C9.1
4	104493246	104495239	ENSG00000251571	DDX3YP3
8	54955549	54958189	ENSG00000260955	RP11-30L15.6
X	48088268	48088394	ENSG00000231568	RP11-552E4.4
8	29672520	29712059	ENSG00000248964	RP11-94H18.1
3	39448180	39454033	ENSG00000168028	RPSA
X	92542732	92543758	ENSG00000234322	ST13P18
8	54985674	54986126	ENSG00000254274	TDGF1P5
X	48104329	48105180	ENSG00000229662	RP11-552E4.5
4	104845697	104845798	ENSG00000252460	RNU6-635P
21	33043346	33104388	ENSG00000156304	SCAF4
8	55065367	55065442	ENSG00000251835	RNU6ATAC32P
8	11188397	11189717	ENSG00000177710	SLC35G5
4	104882773	104958080	ENSG00000249614	RP11-703G6.1
8	8753323	8753428	ENSG00000200713	RNU6-682P
8	55104142	55104595	ENSG00000270980	RP11-626A5.2
8	96083960	96100152	ENSG00000254248	RP11-320N21.2
X	119406982	119407381	ENSG00000232042	RP11-45J1.1
9	111463650	111465372	ENSG00000231678	RP11-339N8.1
X	92643074	92644496	ENSG00000237381	RP3-455H14.1
4	105151537	105332192	ENSG00000251170	RP11-729M20.1
8	55160193	55160466	ENSG00000253840	RP11-767C6.1
X	119678170	119678273	ENSG00000272179	snoU13
9	111583977	111584284	ENSG00000231810	RPL36AP35
HG996_PATCH	132680924	132910380	ENSG00000259919	GALNT9
X	119866948	119867250	ENSG00000181511	RP4-655L22.4
22	20383524	20427835	ENSG00000215513	PI4KAP1
13	24144509	24250232	ENSG00000127863	TNFRSF19
8	8791231	8791516	ENSG00000270966	RP11-62H7.3
8	96216684	96822364	ENSG00000253773	KB-1047C11.2
9	111598613	111598877	ENSG00000213556	RP11-3J11.1
4	105199264	105199348	ENSG00000215999	AC004052.1
8	29722160	29729177	ENSG00000254086	RP11-94H18.2
4	105412033	105412111	ENSG00000272082	AC093628.1
8	8818710	8836535	ENSG00000233609	RP11-62H7.2
X	120002465	120003661	ENSG00000237828	PA2G4P1
4	105412122	105618749	ENSG00000245384	AC004053.1
9	111754689	111754849	ENSG00000201227	RNA5-8SP3
8	96219235	96228602	ENSG00000253351	KB-1047C11.1
4	123372625	123377880	ENSG00000109471	IL2
8	11225911	11296167	ENSG00000184608	C8orf12
8	29763251	29766472	ENSG00000253604	RP11-489E7.1
15	90749804	90750199	ENSG00000225193	RPS12P26
8	96416030	96416122	ENSG00000253945	RP11-328L11.1
X	92828833	92829578	ENSG00000228301	RPL7P55
X	120010406	120010659	ENSG00000271346	RP1-321E8.4
X	71549366	71792953	ENSG00000147099	HDAC8
15	90788645	90789043	ENSG00000259894	RP11-697E2.4
4	105478117	105490034	ENSG00000250670	AC004063.1
8	96517634	96539752	ENSG00000253872	RP11-90D11.1
X	93031910	93032383	ENSG00000270826	RP1-60G11.1
8	29779029	29811240	ENSG00000253279	FAM183CP
4	105575031	105887950	ENSG00000248242	RP11-556I14.2
22	24666786	24813708	ENSG00000100014	SPECC1L
X	93258814	93258921	ENSG00000212495	RNU6-332P
8	96611342	96611447	ENSG00000202112	RNU6-690P
8	8819085	8819218	ENSG00000207244	SNORA70
15	90818266	90820841	ENSG00000228998	RP11-697E2.7
8	96691066	96691143	ENSG00000223297	AC116154.1
4	105807275	105808112	ENSG00000244470	RP11-395M19.1
X	93433004	93433105	ENSG00000202410	Y_RNA
9	111804666	111804767	ENSG00000199331	Y_RNA
9	128509624	128729656	ENSG00000167081	PBX3
8	96960009	96960461	ENSG00000254079	RP11-31K23.1
8	8905955	8906028	ENSG00000263407	MIR4660
HG996_PATCH	132856422	132859360	ENSG00000261091	RP13-895J2.2
X	120066755	120067006	ENSG00000270678	RP6-166C19.21
HSCHR6_MHC_QBL	33175727	33186150	ENSG00000206284	WDR46
15	90825080	90825263	ENSG00000270322	RP11-697E2.10
8	96998336	97005331	ENSG00000248762	RP11-31K23.2
9	111808509	111808578	ENSG00000207698	MIR32
X	93574037	93575024	ENSG00000227521	RP13-213K19.1
X	120071616	120071869	ENSG00000270493	RP6-166C19.22
4	105828514	106041157	ENSG00000248373	RP11-556I14.1
15	90827608	90828812	ENSG00000271396	RP11-697E2.9
7	36118694	36125346	ENSG00000205745	PP13004
8	29786121	29786205	ENSG00000221003	AC131254.1
8	97080957	97081909	ENSG00000183663	RP11-44N17.1
8	8916049	8916140	ENSG00000252543	U3
8	29814788	29814864	ENSG00000264788	MIR3148
15	90835194	90838915	ENSG00000214433	AC091167.3
15	64220473	64228152	ENSG00000259351	RP11-111E14.1
8	8929965	8930026	ENSG00000239078	RNU7-55P
HG996_PATCH	132858380	132859892	ENSG00000260901	RP13-895J2.3
X	120076477	120076729	ENSG00000271154	RP6-166C19.23
4	105895819	105895928	ENSG00000251906	RNU6-351P
8	97139195	97140029	ENSG00000271349	RP11-44N17.2
21	44547630	44547729	ENSG00000264009	AP001631.1
X	93891662	93894569	ENSG00000232293	PAICSP7
4	106024048	106025161	ENSG00000251473	AC004069.1
15	64403657	64403768	ENSG00000201071	Y_RNA
8	29885229	29886416	ENSG00000254013	MAP2K1P1
8	97152800	97153172	ENSG00000270131	KB-1043D8.8
21	44560633	44561202	ENSG00000236663	AP001631.9
15	64634738	64634897	ENSG00000252774	SNORA48
15	90837183	90837455	ENSG00000242620	RN7SL736P
20	44563267	44576662	ENSG00000100982	PCIF1
X	120081337	120081589	ENSG00000271041	RP6-166C19.18
15	64692409	64692671	ENSG00000264600	RN7SL595P
4	106027144	106027251	ENSG00000252136	SNORA31
8	97247655	97250262	ENSG00000254224	KB-1043D8.6
9	111958481	111958589	ENSG00000200106	RNU6-984P
8	8998934	9002945	ENSG00000254340	RP11-10A14.3
15	64713401	64713698	ENSG00000265067	RN7SL707P
15	90838273	90838355	ENSG00000221309	AC091167.1
8	29901317	29901424	ENSG00000239175	RNU6-1218P
21	44742297	44751919	ENSG00000237864	LINC00322
4	106058437	106061776	ENSG00000251259	AC004069.2
9	112028557	112028655	ENSG00000265647	AL358815.1
X	48134339	48134482	ENSG00000232813	RP11-344N17.2
15	64737329	64737442	ENSG00000206781	Y_RNA
8	97321449	97321550	ENSG00000199732	Y_RNA
8	29940274	29940983	ENSG00000272256	RP11-489E7.4
9	112062466	112063452	ENSG00000237124	MTND2P11
8	11278972	11332224	ENSG00000154319	FAM167A
15	90929046	90929295	ENSG00000259262	NDUFA3P4
15	51500254	51630807	ENSG00000137869	CYP19A1
8	86239837	86291243	ENSG00000133742	CA1
15	64762452	64763563	ENSG00000259682	RP11-702L15.4
21	44778027	44782229	ENSG00000237989	AP001046.5
X	94031738	94032566	ENSG00000231001	CCNB1IP1P3
4	106092511	106099220	ENSG00000251586	TET2-AS1
X	120086198	120086449	ENSG00000270397	RP6-166C19.16
8	97384093	97399666	ENSG00000253105	KB-1448A5.1
9	112086965	112087076	ENSG00000207329	Y_RNA
X	48136139	48137013	ENSG00000241207	RP11-344N17.3
7	1121844	1133451	ENSG00000164850	GPER1
15	64820866	64821870	ENSG00000248415	GAPDHP61
9	112273755	112273825	ENSG00000263861	MIR3927
8	9037761	9040029	ENSG00000253252	RP11-10A14.6
15	90936722	90941113	ENSG00000259177	RP11-154B12.3
8	29974900	29975295	ENSG00000241511	RPS15AP24
4	148402069	148466106	ENSG00000151617	EDNRA
21	44783212	44786446	ENSG00000225637	AP001046.6
X	120091081	120091333	ENSG00000271502	RP6-166C19.17
X	94148500	94148592	ENSG00000221665	AL591708.1
15	64885178	64885525	ENSG00000243403	RP11-330L19.1
15	91139072	91139679	ENSG00000259212	CTD-3065B20.2
8	97443282	97443388	ENSG00000202095	RNU6-1172P
9	4985033	5128183	ENSG00000096968	JAK2
8	30013346	30013748	ENSG00000271869	RP11-51J9.5
15	64923308	64924113	ENSG00000239465	RP11-330L19.2
8	98145063	98145607	ENSG00000272249	KB-1958F4.2
15	91147457	91157790	ENSG00000259314	CTD-3065B20.3
X	48138858	48141227	ENSG00000237345	RP11-344N17.11
21	44866481	44873773	ENSG00000188660	LINC00319
7	36192758	36341152	ENSG00000122547	EEPD1
8	9046521	9060364	ENSG00000248538	RP11-10A14.5
X	120095941	120096193	ENSG00000271211	RP6-166C19.20
8	98156398	98156951	ENSG00000270077	KB-1958F4.1
15	64945087	64945188	ENSG00000207223	Y_RNA
15	64963462	64963568	ENSG00000207162	RNU6-549P
8	30034070	30038404	ENSG00000253708	RP11-51J9.4
15	91163239	91260372	ENSG00000259736	RP11-387D10.2
8	98253970	98254432	ENSG00000260640	KB-1000E4.2
15	64987240	64987793	ENSG00000265967	AC100830.4
X	94318140	94318225	ENSG00000221187	MIR548M
9	112295110	112296612	ENSG00000213539	YBX1P6
X	120100802	120101053	ENSG00000270736	RP6-166C19.19
8	98370493	98370702	ENSG00000207215	U3
X	94389278	94389371	ENSG00000212098	AL390966.1
15	64988821	64989060	ENSG00000264937	AC100830.5
8	98636431	98637307	ENSG00000213750	KB-1683C8.1
15	91177957	91178265	ENSG00000259746	HSPE1P3
8	30054920	30055564	ENSG00000272375	RP11-51J9.6
X	94708368	94708580	ENSG00000271094	RP3-380C13.2
15	64993447	65011801	ENSG00000259635	AC100830.3
X	48156251	48165614	ENSG00000204648	SSX9
8	98784541	98784653	ENSG00000202399	Y_RNA
X	120105662	120105913	ENSG00000270771	RP6-166C19.12
8	98786206	98786261	ENSG00000252910	RNU7-177P
8	9090523	9090959	ENSG00000254091	RP11-10A14.8
15	65054586	65054714	ENSG00000221033	MIR1272
15	91203465	91208198	ENSG00000245479	RP11-387D10.3
21	44881974	44899414	ENSG00000185186	LINC00313
8	98800438	98800585	ENSG00000270682	KB-1907C4.2
15	65192180	65192438	ENSG00000264929	RN7SL348P
8	30094898	30098513	ENSG00000248159	HSPA8P11
X	94754603	94755035	ENSG00000223467	CALM1P1
9	112522640	112534323	ENSG00000232939	RP11-406O23.2
15	65318426	65319014	ENSG00000270218	RP11-325L12.5
HSCHR6_MHC_SSTO	31644674	31661153	ENSG00000230475	ABHD16A
22	20434077	20434153	ENSG00000271796	snoU13
15	91298473	91298542	ENSG00000200677	SNORD18
22	20455222	20455364	ENSG00000252571	SCARNA17
15	65397872	65398138	ENSG00000259258	RP11-325L12.3
22	20455450	20455532	ENSG00000252024	SCARNA18
15	91382954	91384608	ENSG00000259704	CTD-3094K11.1
22	20455669	20455969	ENSG00000199876	RN7SKP131
15	65522199	65522305	ENSG00000201709	RNU6-686P
15	91399167	91399437	ENSG00000241869	RN7SL363P
15	65577799	65577929	ENSG00000206903	SNORA24
X	120110522	120110773	ENSG00000270646	RP6-166C19.15
22	20473206	20475156	ENSG00000236984	XXbac-B33L19.10
8	9106927	9271224	ENSG00000254235	RP11-115J16.1
15	65588389	65588504	ENSG00000199568	RNU5A-1
15	91463448	91464416	ENSG00000259661	AC068831.15
X	48166204	48168490	ENSG00000234391	RP11-344N17.6
X	120115383	120115633	ENSG00000270456	RP6-166C19.14
13	24304328	24463558	ENSG00000027001	MIPEP
15	65594260	65594649	ENSG00000259346	RP11-349G13.2
HG311_PATCH	118349897	118368687	ENSG00000262273	PNLIPRP1
22	20486312	20488882	ENSG00000234757	CA15P2
8	30107018	30107608	ENSG00000254316	CTD-2345M20.2
15	65597015	65597130	ENSG00000200156	RNU5B-1
15	91475816	91478360	ENSG00000224441	AC068831.3
X	120120242	120120493	ENSG00000270251	RP6-166C19.13
9	112787161	112787638	ENSG00000228053	RP11-151F5.2
22	20499890	20503484	ENSG00000225894	PPP1R26P2
15	65750912	65751872	ENSG00000270690	RP11-349G13.3
21	44885189	44887178	ENSG00000223975	AP001048.4
22	24666866	24838324	ENSG00000258555	SPECC1L-ADORA2A
9	113131872	113131978	ENSG00000206658	RNU6-1039P
8	30189477	30189793	ENSG00000253346	CTD-3107M8.1
15	65767656	65767952	ENSG00000259232	RP11-349G13.1
22	20610447	20616201	ENSG00000216522	AC011718.1
X	94837063	94837161	ENSG00000201567	RNA5SP510
9	113301970	113302078	ENSG00000212254	RNU6-124P
21	44971110	44971481	ENSG00000214326	RPL31P1
15	91495469	91498455	ENSG00000258384	AC068831.6
4	154265801	154336270	ENSG00000121211	MND1
X	120158818	120160417	ENSG00000233433	RP1-296G17.3
15	65795079	65795174	ENSG00000252217	Y_RNA
X	94839302	94839941	ENSG00000215085	RP11-471G13.2
9	113361755	113367499	ENSG00000232896	RP11-410K21.2
15	64679947	64747502	ENSG00000103671	TRIP4
15	65845419	65845525	ENSG00000207449	RNU6-19P
8	30207382	30207863	ENSG00000254152	CTD-3107M8.2
4	123533783	123542224	ENSG00000138684	IL21
15	91509575	91531854	ENSG00000258725	PRC1-AS1
15	65863311	65863411	ENSG00000238715	snoU13
21	44985070	44985529	ENSG00000234289	H2BFS
X	120337036	120338868	ENSG00000234176	HSPA8P1
15	65989171	65989274	ENSG00000238311	snoU13
15	66011584	66011670	ENSG00000264737	MIR4511
7	1191707	1200395	ENSG00000178381	ZFAND2A
8	30209389	30211034	ENSG00000127589	TUBBP1
15	66058798	66059736	ENSG00000261544	RP11-16E23.3
21	45203004	45203454	ENSG00000234030	TMEM97P1
15	91520438	91520535	ENSG00000200142	Y_RNA
22	20632023	20661407	ENSG00000223579	AC011718.2
X	120466408	120466492	ENSG00000212032	AC007486.1
15	66063514	66064477	ENSG00000259924	RP11-16E23.4
X	120504826	120504907	ENSG00000265456	MIR3672
8	11351510	11422113	ENSG00000136573	BLK
21	45225639	45232448	ENSG00000215458	AP001053.11
9	113489736	113489959	ENSG00000223918	RP13-461N9.2
15	91565849	91579841	ENSG00000214432	AC068831.10
8	55243247	55243455	ENSG00000199212	RNU105C
15	66108640	66109819	ENSG00000249271	HNRNPA1P44
HSCHR6_MHC_QBL	32110133	32115584	ENSG00000206315	PBX2
8	30239635	30242917	ENSG00000254109	RBPMS-AS1
8	55333028	55333338	ENSG00000244107	RN7SL250P
8	55392157	55392523	ENSG00000270275	RP11-53M11.4
15	66135822	66135896	ENSG00000252715	RNU6-265P
8	55435339	55435875	ENSG00000226098	RP11-53M11.2
15	66332571	66332670	ENSG00000263512	MIR4311
HG996_PATCH	132910881	132912606	ENSG00000261148	RP13-895J2.7
15	66570836	66585695	ENSG00000261318	RP11-653J6.1
X	120997551	120998049	ENSG00000213498	TPT1P13
15	91573118	91573226	ENSG00000258542	AC068831.11
15	66607252	66624041	ENSG00000260773	RP11-352G18.2
X	121002720	121002809	ENSG00000221217	AL359851.1
8	98865249	98865481	ENSG00000270861	KB-1589B1.4
22	20644408	20645991	ENSG00000227005	AC011718.3
9	113665617	113665725	ENSG00000206923	RNU6-432P
22	24813847	24838328	ENSG00000128271	ADORA2A
X	121005722	121010718	ENSG00000260585	RP13-192B19.2
15	66639545	66639680	ENSG00000252712	SCARNA14
X	48181784	48186118	ENSG00000227302	SSXP9
15	91574942	91575665	ENSG00000258665	AC068831.12
15	41849873	41871536	ENSG00000092445	TYRO3
22	20670709	20674508	ENSG00000233938	PPP1R26P3
8	55466921	55474487	ENSG00000254142	RP11-53M11.3
8	98870277	98871175	ENSG00000253639	SUMO2P18
15	66640614	66640713	ENSG00000223271	Y_RNA
X	121144829	121145465	ENSG00000237891	RP11-417D4.1
22	20771087	20771189	ENSG00000207343	RNU6-225P
15	66671675	66672253	ENSG00000240821	RPL9P25
22	20804409	20806111	ENSG00000215493	XXbac-B562F10.11
15	91951938	92148441	ENSG00000258551	RP11-661P17.1
4	166974339	166974439	ENSG00000252959	RNA5SP170
8	30454431	30455049	ENSG00000253112	CTD-2373N4.5
15	66707271	66707536	ENSG00000261102	ATP5J2P6
9	113696686	113696787	ENSG00000207401	Y_RNA
22	20829490	20829598	ENSG00000255156	KLHL22-IT1
8	98877282	98877713	ENSG00000243504	RPS23P1
4	167148917	167148984	ENSG00000266254	AC093874.1
9	113859605	113859693	ENSG00000212409	RNY4P18
8	30501206	30501319	ENSG00000254172	RNU5A-3P
4	159122756	159176563	ENSG00000164124	TMEM144
4	167234087	167234186	ENSG00000206711	Y_RNA
22	20835445	20835555	ENSG00000201916	Y_RNA
15	92076121	92078325	ENSG00000258954	RP11-692C24.1
9	113901526	114047116	ENSG00000227531	RP11-202G18.1
X	121605578	121605671	ENSG00000221317	AL513487.1
15	66738793	66739115	ENSG00000243404	RPL35AP32
4	141309609	141349122	ENSG00000153132	CLGN
4	167309853	167447271	ENSG00000249675	RP11-217C7.1
X	148629755	148631380	ENSG00000225261	RP5-937E21.8
22	20836224	20836497	ENSG00000242876	RN7SL812P
8	99053954	99056349	ENSG00000245970	KB-1208A12.3
HG311_PATCH	118380352	118404649	ENSG00000266200	PNLIPRP2
9	114173924	114174022	ENSG00000223238	RNA5SP294
15	92186247	92192344	ENSG00000258765	RP11-692C24.2
22	20837102	20838392	ENSG00000236670	KRT18P5
X	48193110	48193874	ENSG00000230100	RP11-344N17.8
4	167839515	167839629	ENSG00000212373	RNA5SP171
X	121672106	121673313	ENSG00000232496	RPL3P12
15	66780996	66781427	ENSG00000269999	CTD-3185P2.2
9	114336472	114337707	ENSG00000224644	RP11-16L21.7
8	99054314	99054445	ENSG00000207067	SNORA72
X	148730843	148731793	ENSG00000229322	RP5-937E21.1
22	20837512	20837603	ENSG00000265300	AC007731.1
X	48196334	48196604	ENSG00000270747	RP11-344N17.15
15	92220001	92220290	ENSG00000258540	RP11-692C24.3
4	168228061	168229940	ENSG00000250150	RP11-436A7.1
15	66782086	66784447	ENSG00000261351	CTD-3185P2.1
8	99061084	99061190	ENSG00000252755	RNU6-703P
22	20876357	20878157	ENSG00000236003	AC007050.17
X	148839458	148839556	ENSG00000228833	RP5-1014O16.9
8	99204433	99204541	ENSG00000252558	RNU6-914P
15	92286071	92287185	ENSG00000259057	CTD-2343P13.1
4	168321648	168321905	ENSG00000240772	RN7SL776P
9	114353872	114393569	ENSG00000204173	LRRC37A5P
X	148839682	148839956	ENSG00000223377	RP5-1014O16.1
15	66789296	66789372	ENSG00000266589	MIR4512
8	99383583	99400475	ENSG00000254267	KB-1458E12.1
15	92378609	92378706	ENSG00000238981	snoU13
4	168569581	168569947	ENSG00000248913	PHBP14
15	66793588	66793656	ENSG00000199574	SNORD18C
22	20941783	20946505	ENSG00000250261	AC007050.18
8	55561553	55782463	ENSG00000254608	RP11-56A10.1
15	92691982	92874267	ENSG00000260661	RP11-152L20.3
8	99425110	99426012	ENSG00000253468	KB-1517D11.2
4	168584137	168584453	ENSG00000222721	RN7SKP188
21	33245628	33416946	ENSG00000142149	HUNK
15	66794358	66794429	ENSG00000202529	SNORD18B
4	168663030	168663438	ENSG00000270336	RP11-521F1.1
13	24322243	24323901	ENSG00000268735	AL139080.1
8	99448897	99451518	ENSG00000272321	KB-1517D11.4
15	92706028	92715666	ENSG00000258761	RP11-24J19.1
X	148842440	148842535	ENSG00000231694	RP5-1014O16.10
15	66795150	66795248	ENSG00000199673	SNORD16
4	168867825	169034482	ENSG00000248601	RP11-310I9.1
15	66795581	66795652	ENSG00000200623	SNORD18A
8	99475172	99475278	ENSG00000207378	RNU6-748P
15	92824714	92825314	ENSG00000258726	DUXAP6
9	114565260	114565715	ENSG00000224067	RP11-430K21.2
X	148850558	148853029	ENSG00000235254	TMEM185AP1
4	169231843	169231946	ENSG00000238744	snoU13
8	99615481	99618568	ENSG00000253911	KB-1205A7.2
15	67100742	67102898	ENSG00000270490	RP11-622C24.1
20	44577292	44600833	ENSG00000198026	ZNF335
4	169392560	169392690	ENSG00000207171	SNORA51
9	114602108	114602214	ENSG00000206907	RNU6-1013P
22	20956882	21011201	ENSG00000223553	SMPD4P1
15	67212149	67224093	ENSG00000259437	RP11-798K3.4
8	99645775	99646093	ENSG00000254112	KB-1205A7.1
4	169519391	169519908	ENSG00000229226	BTF3L4P4
15	92829071	92829908	ENSG00000258925	NPM1P5
9	114694380	114694449	ENSG00000266315	MIR4668
GL000224.1	38211	38291	ENSG00000263662	AL591856.4
GL000224.1	43376	43458	ENSG00000239196	AL591856.3
9	114758915	114759019	ENSG00000222356	RNU6-710P
8	99794283	99794856	ENSG00000240870	RPL19P14
15	67223885	67248856	ENSG00000259289	RP11-798K3.3
4	123653857	123666098	ENSG00000181004	BBS12
4	169569047	169569738	ENSG00000249623	RP11-610J23.1
GL000224.1	47211	47293	ENSG00000263854	AL591856.5
15	92960777	92960919	ENSG00000239197	snoU109
8	55608958	55609687	ENSG00000253114	RP11-550I15.1
GL000224.1	126781	126862	ENSG00000266603	AL591856.7
8	99916831	99917899	ENSG00000253415	RP11-44N12.4
15	92964090	92965965	ENSG00000258739	ENO1P2
9	114794835	114800010	ENSG00000259953	RP11-4O1.2
GL000224.1	137252	137327	ENSG00000238617	AL591856.1
15	67263384	67263457	ENSG00000256122	AC093334.1
4	169607759	169607867	ENSG00000206613	RNU6-1336P
8	56362069	56367699	ENSG00000248522	SBF1P1
13	24465238	24476794	ENSG00000205863	C1QTNF9B
17	7788124	7816078	ENSG00000170004	CHD3
X	1387693	1429274	ENSG00000198223	CSF2RA
GL000224.1	165117	165199	ENSG00000264787	AL591856.6
4	169676967	169677533	ENSG00000214676	RPL9P16
8	99918488	99918745	ENSG00000254312	MRP63P7
GL000224.1	166714	166794	ENSG00000239051	AL591856.2
15	93013463	93014776	ENSG00000259170	RP11-763K15.1
17	3763609	3798185	ENSG00000004660	CAMKK1
9	5077163	5084580	ENSG00000268155	AL161450.1
4	169750070	169754088	ENSG00000249609	RP11-635L1.3
4	45011557	45053669	ENSG00000248744	RP11-362I1.1
15	67278699	67351591	ENSG00000259347	RP11-798K3.2
9	114900077	114900180	ENSG00000222327	RNU6-855P
X	148889876	148890817	ENSG00000224732	MAGEA7P
4	169806506	169806612	ENSG00000201176	RNU6-853P
3	11034410	11080933	ENSG00000157103	SLC6A1
9	114931566	114931677	ENSG00000200261	Y_RNA
X	48216560	48218930	ENSG00000225055	RP11-344N17.9
4	169926400	169926495	ENSG00000201818	RNY4P17
22	21007017	21009037	ENSG00000238125	SLC9A3P2
9	114935802	114936251	ENSG00000225513	RP11-165N19.2
4	45325270	45328045	ENSG00000248320	PRKRIRP9
X	94865577	94865956	ENSG00000236185	HNRNPDLP3
4	169931581	169932090	ENSG00000251445	RP11-483A20.3
8	56429799	56433536	ENSG00000254357	RP11-628E19.2
9	5131979	5185668	ENSG00000120210	INSL6
9	115004832	115005119	ENSG00000242256	RN7SL57P
4	170087423	170088268	ENSG00000214671	RPL6P12
22	21011322	21011403	ENSG00000264718	AC007050.1
X	94893374	94893923	ENSG00000226307	HNRNPDLP1
X	48231338	48231528	ENSG00000234448	RP11-344N17.13
9	115014538	115014658	ENSG00000199525	RNA5SP295
8	56589792	56589883	ENSG00000221589	AC100817.1
4	45416354	45416927	ENSG00000224560	RP11-270L13.1
15	67293115	67293519	ENSG00000259246	HMGN2P47
4	170122945	170141500	ENSG00000251171	RP11-327O17.2
9	115034876	115035111	ENSG00000243911	RN7SL430P
X	148898832	148899306	ENSG00000229829	DUTP4
15	64752941	64978264	ENSG00000180357	ZNF609
X	94934129	94934626	ENSG00000235425	RPS7P13
HG1308_PATCH	129984656	130008571	ENSG00000266292	CPA5
8	30589764	30624522	ENSG00000104691	UBXN8
4	45482047	45482153	ENSG00000200720	RNU6-931P
22	21022124	21025272	ENSG00000229107	ABHD17AP4
X	48239582	48242564	ENSG00000231603	RP11-344N17.12
9	115043258	115043615	ENSG00000230081	HSPE1P28
15	67524784	67525175	ENSG00000242634	RPS24P16
8	56657791	56657901	ENSG00000222955	RNA5SP265
4	45997136	45997440	ENSG00000222257	RN7SKP199
8	9112859	9117805	ENSG00000253887	RP11-10A14.7
4	170706345	170706431	ENSG00000264713	AC106878.1
8	56806154	56808298	ENSG00000254325	RP11-318K15.2
4	46245565	46246232	ENSG00000260878	RP11-320H14.1
X	94975242	94976143	ENSG00000270583	RP11-471G13.5
4	170712371	170712853	ENSG00000229204	PTGES3P3
9	115124994	115125396	ENSG00000213529	RP11-432F4.2
21	33640530	33651380	ENSG00000159055	MIS18A
X	149007636	149009870	ENSG00000230899	MAGEA8-AS1
4	46392272	46435205	ENSG00000249330	RP11-436F23.1
8	9144982	9145088	ENSG00000207415	RNU6-1151P
22	24863206	24924358	ENSG00000100024	UPB1
15	67695957	67814182	ENSG00000259673	IQCH-AS1
X	95228327	95229314	ENSG00000232842	RP5-961K14.1
9	115344059	115344870	ENSG00000250068	RP11-576C12.1
8	56815282	56815414	ENSG00000199405	SNORA1
4	46533254	46533359	ENSG00000252243	RNU6-412P
9	5231419	5235304	ENSG00000120211	INSL4
4	170753804	170754514	ENSG00000248625	RP11-205M3.1
8	56821520	56821611	ENSG00000216204	AC018607.1
13	24553839	24895169	ENSG00000273167	RP11-307N16.6
22	21044217	21053226	ENSG00000217261	POM121L4P
8	9208748	9215951	ENSG00000253735	RP11-115J16.3
X	149097880	149098916	ENSG00000224871	XX-FW81066F1.2
4	46725793	46726625	ENSG00000249936	RAC1P2
4	170838912	170897053	ENSG00000248319	RP11-205M3.3
9	115511182	115512736	ENSG00000226609	RP11-276E15.4
4	123747863	123819391	ENSG00000138685	FGF2
8	56892801	56893096	ENSG00000240905	RN7SL798P
X	95278359	95278644	ENSG00000242998	RN7SL379P
20	60877149	60883918	ENSG00000130706	ADRM1
4	170867132	170884485	ENSG00000251200	RP11-6E9.5
4	47307951	47308054	ENSG00000238301	snoU13
9	115647438	115648047	ENSG00000271631	RP11-408O19.5
8	56926046	56926727	ENSG00000271722	RP11-446E9.2
8	9228600	9228705	ENSG00000201815	RNU6-526P
22	21052250	21053222	ENSG00000235062	BCRP5
4	106214815	106215100	ENSG00000243383	RN7SL89P
4	47433977	47440976	ENSG00000260918	RP11-731J8.2
X	95325668	95326777	ENSG00000203262	RP5-961K14.2
4	106328154	106328249	ENSG00000200917	RNU6-553P
4	170902898	170914957	ENSG00000249955	RP11-6E9.4
9	115721414	115724541	ENSG00000237906	MUPP
15	67833410	67834942	ENSG00000270964	RP11-502I4.3
4	106405855	106407237	ENSG00000249264	EEF1A1P9
4	47492984	47493488	ENSG00000242431	RP11-731J8.1
8	11534468	11617511	ENSG00000136574	GATA4
9	129089128	129269320	ENSG00000196814	MVB12B
15	51633826	51700210	ENSG00000186417	GLDN
4	171020969	171021255	ENSG00000248822	APOBEC3AP1
4	47558748	47562276	ENSG00000248254	AC092597.3
8	9229480	9293715	ENSG00000254237	RP11-115J16.2
15	67920190	67921473	ENSG00000259512	HNRNPA1P5
18	47753563	47792892	ENSG00000172361	CCDC11
4	106447753	106448554	ENSG00000216425	AC004066.2
4	17461884	17513857	ENSG00000151552	QDPR
4	171062443	171063683	ENSG00000248739	RP11-654F3.1
9	5299868	5304969	ENSG00000107014	RLN2
4	47708389	47709004	ENSG00000242262	RP11-100N21.1
X	149106846	149392815	ENSG00000235703	LINC00894
4	171195070	171204230	ENSG00000250266	RP11-789C1.1
4	47813481	47813652	ENSG00000251827	RN7SKP215
X	48271748	48274761	ENSG00000229620	AF196972.2
X	95450476	95450616	ENSG00000232069	RPS29P28
4	106453632	106453787	ENSG00000250922	ATP5EP1
4	47842139	47846356	ENSG00000259959	RP11-121C2.2
8	9311208	9314928	ENSG00000249050	RP11-375N15.1
4	171264240	171293462	ENSG00000251061	RP11-789C1.2
X	48281727	48281853	ENSG00000231489	AF196972.10
9	115759495	115774507	ENSG00000228623	ZNF883
4	171402846	171403346	ENSG00000250082	RP11-796L2.1
4	106461347	106473512	ENSG00000250522	AC004066.3
4	47978233	47978344	ENSG00000221764	AC107068.1
X	95592235	95592911	ENSG00000271209	RP13-40J16.1
HG1308_PATCH	130020180	130027955	ENSG00000264509	CPA1
4	48108098	48108205	ENSG00000200269	RNU6-838P
X	48291580	48299998	ENSG00000235350	AF196972.3
4	171502621	171526601	ENSG00000181359	HSP90AA6P
4	106482748	106491395	ENSG00000249885	ARHGEF38-IT1
20	57226490	57290466	ENSG00000254995	STX16-NPEPL1
X	95665431	95665781	ENSG00000223260	RN7SKP194
4	48111370	48111427	ENSG00000253050	RNU6-868P
22	21055220	21058894	ENSG00000226287	TMEM191A
X	95875653	95876902	ENSG00000229693	RP11-25C15.1
4	48155451	48155552	ENSG00000202014	Y_RNA
4	171663620	171664869	ENSG00000250968	RP11-322J23.1
4	48576470	48576537	ENSG00000251722	RNU5E-3P
4	171735490	171735699	ENSG00000249943	RP11-213L8.1
4	106600207	106601251	ENSG00000248778	RP11-311D14.1
8	9412656	9414030	ENSG00000272267	RP11-375N15.2
4	48854025	48862220	ENSG00000248256	OCIAD1-AS1
4	171812618	171812748	ENSG00000251961	RNU6ATAC13P
21	33664124	33687095	ENSG00000170262	MRAP
9	5334969	5339873	ENSG00000107018	RLN1
X	95956506	95956618	ENSG00000207426	Y_RNA
9	115865618	115873780	ENSG00000225684	FAM225B
8	9515805	9515948	ENSG00000253697	RP11-1081K18.1
4	48934772	48934871	ENSG00000252913	RNU6-158P
X	96208629	96209194	ENSG00000214628	RP11-392M9.2
4	171961753	171980314	ENSG00000248872	RP11-344G13.1
4	48938599	48938897	ENSG00000251334	RP11-317G22.2
7	1272543	1276954	ENSG00000164853	UNCX
15	68125063	68166204	ENSG00000259410	RP11-34F13.3
8	9599182	9599278	ENSG00000207701	MIR597
8	56934580	56934872	ENSG00000241997	RN7SL323P
4	49018699	49019171	ENSG00000225455	TPI1P4
X	96596045	96596341	ENSG00000265260	RN7SL74P
8	56962597	56963766	ENSG00000236814	RP11-446E9.1
4	49199220	49199301	ENSG00000222437	AC118282.3
8	9724417	9724520	ENSG00000239065	snoU13
15	68126648	68131217	ENSG00000245719	RP11-34F13.2
4	106667402	106748329	ENSG00000251175	RP11-45L9.1
4	49200032	49200114	ENSG00000221747	AC118282.2
18	20777108	21017925	ENSG00000134490	TMEM241
4	49200224	49200306	ENSG00000221415	AC118282.1
15	68132277	68132383	ENSG00000206625	RNU6-1
8	56986394	56986460	ENSG00000238650	SNORD54
X	96686285	96897588	ENSG00000236256	DIAPH2-AS1
4	49205188	49205743	ENSG00000249828	RP11-1281K21.2
22	16256441	16287937	ENSG00000198062	POTEH
8	56987151	56987833	ENSG00000253603	CTA-397H3.3
HG747_PATCH	65821640	65980494	ENSG00000262858	BPTF
X	121974279	121974497	ENSG00000212321	U3
15	68266729	68266963	ENSG00000261702	RP11-282M16.1
4	172034940	172035732	ENSG00000249525	RP11-344G13.2
4	49211391	49211465	ENSG00000266337	AC118282.4
X	122249960	122251634	ENSG00000224236	MRRFP1
4	172090360	172091093	ENSG00000248755	RP11-384D10.1
HSCHR6_MHC_QBL	28730486	28730593	ENSG00000272652	AL662890.5
9	115875353	115882208	ENSG00000231528	FAM225A
12	27915671	27924209	ENSG00000205693	MANSC4
8	57013758	57014826	ENSG00000248578	NPM1P21
4	49214268	49214641	ENSG00000249079	RP11-1281K21.3
4	172210626	172219418	ENSG00000248339	RP11-717H13.1
X	122598936	122599026	ENSG00000265082	AL356213.1
8	57033801	57033911	ENSG00000221093	SNORA3
4	106848217	106853879	ENSG00000250740	RP11-710F7.2
4	49235306	49235982	ENSG00000250016	SNX18P23
4	172474151	172485418	ENSG00000251176	RP11-97E7.1
8	57135247	57135732	ENSG00000272343	RP11-140I16.3
9	5357973	5437878	ENSG00000107020	PLGRKT
X	122648324	122648723	ENSG00000179101	RP11-349N19.2
8	145728356	145732557	ENSG00000167701	GPT
8	57165519	57165931	ENSG00000254216	RP11-140I16.2
4	106924474	106943635	ENSG00000249635	RP11-710F7.3
4	172523834	172559914	ENSG00000249297	RP11-97E7.2
22	21077335	21080208	ENSG00000234252	AC007308.6
X	122692201	122692435	ENSG00000229733	RP5-1189B24.1
8	9757574	9762876	ENSG00000253230	LINC00599
4	49239116	49247436	ENSG00000237961	RP11-1281K21.1
4	107279555	107288359	ENSG00000250298	GIMD1
22	21243494	21245502	ENSG00000272600	AC007308.7
8	57285623	57307924	ENSG00000253542	SDR16C6P
4	173301179	173301638	ENSG00000248637	RP11-485C11.1
9	116332470	116352299	ENSG00000237073	RP11-168K11.2
22	21309449	21309714	ENSG00000266366	RN7SL389P
4	107336863	107336942	ENSG00000222333	AC093680.1
22	21311380	21318967	ENSG00000237476	XXbac-B135H6.15
4	49248038	49248555	ENSG00000268736	RP11-1281K21.6
4	107354781	107374605	ENSG00000249613	RP13-612N21.1
4	174053079	174090803	ENSG00000245213	RP11-10K16.1
4	49248618	49248932	ENSG00000248946	RP11-1281K21.7
HG1308_PATCH	130036375	130082274	ENSG00000265594	CEP41
22	21335650	21336044	ENSG00000272829	XXbac-B135H6.18
15	93111048	93115272	ENSG00000258647	LINC00930
4	49488943	49491571	ENSG00000248583	RP11-241F15.1
4	107757655	107758758	ENSG00000248915	ACTR6P1
9	116381508	116384914	ENSG00000233817	RP11-168K11.3
15	93124059	93143775	ENSG00000258676	RP11-386M24.3
4	108038489	108038561	ENSG00000252566	SNORD112
9	116413236	116445135	ENSG00000227482	RP11-18B16.2
22	21356175	21364631	ENSG00000230513	THAP7-AS1
15	93138790	93139692	ENSG00000260337	RP11-386M24.6
4	49504162	49508039	ENSG00000251056	ANKRD20A17P
7	18166843	18166932	ENSG00000221393	MIR1302-6
4	108124506	108125081	ENSG00000213522	RAC1P5
14	88034525	88035743	ENSG00000259028	RP11-325D8.1
14	50151262	50151383	ENSG00000221114	RNU6ATAC30P
15	93146140	93163245	ENSG00000271763	RP11-386M24.9
7	18336962	18337059	ENSG00000223030	AC091697.1
14	88100723	88121638	ENSG00000258770	CTD-2007A10.1
4	49509781	49510823	ENSG00000250769	RP11-241F15.3
14	50174385	50175510	ENSG00000258400	RP11-831F12.2
4	108179857	108223027	ENSG00000251081	RP11-713M6.2
15	93170303	93170644	ENSG00000259064	RP11-386M24.5
7	18468685	18470361	ENSG00000225000	AC010082.2
7	140697752	140699600	ENSG00000242703	CCT4P1
22	24936406	24951903	ENSG00000138867	GUCD1
4	108356275	108356377	ENSG00000252470	RNU6-551P
7	18847616	18847902	ENSG00000222164	RN7SKP266
14	50306443	50306545	ENSG00000252474	RNU6-539P
15	93242270	93267507	ENSG00000272298	RP11-386M24.8
7	99214569	99230030	ENSG00000197037	ZSCAN25
7	18931719	18939056	ENSG00000226522	AC004744.3
4	148538534	148593195	ENSG00000164168	TMEM184C
9	116521274	116521699	ENSG00000214669	RP11-18B16.1
14	50320336	50320632	ENSG00000266037	RN7SL3
14	88176763	88338635	ENSG00000258807	RP11-1152H15.1
4	49525665	49525874	ENSG00000248532	RP11-241F15.5
HSCHR6_MHC_QBL	28870783	28891770	ENSG00000215641	TRIM27
4	108784635	108899955	ENSG00000245293	RP11-286E11.1
22	21357184	21368581	ENSG00000161149	TUBA3FP
20	57264187	57294294	ENSG00000215440	NPEPL1
14	50329271	50329567	ENSG00000265150	RN7SL2
7	140702410	140704649	ENSG00000273081	RP4-813F11.4
15	93254977	93256105	ENSG00000253954	HMGN1P38
4	49526047	49526202	ENSG00000269848	RP11-1281K21.9
9	116554638	116554719	ENSG00000211556	AL157702.1
7	18988521	18989385	ENSG00000232492	NPM1P13
14	50368568	50368668	ENSG00000251929	RNU6-189P
21	33683329	33765335	ENSG00000142207	URB1
HSCHR6_MHC_SSTO	31664595	31675540	ENSG00000241822	LY6G6F
4	49550581	49550872	ENSG00000268967	RP11-1281K21.10
4	154387498	154557863	ENSG00000121210	KIAA0922
14	88277326	88304683	ENSG00000259077	RP11-804L24.2
7	140752049	140752209	ENSG00000223212	RNU4-74P
7	57832889	57833087	ENSG00000250923	RP11-548K12.8
4	49550935	49551452	ENSG00000268391	RP11-241F15.6
13	24553944	24881212	ENSG00000182957	SPATA13
4	108788963	108789066	ENSG00000222691	RNU6-733P
22	21385646	21398258	ENSG00000226872	AC002472.11
7	140872843	140873016	ENSG00000261778	RP5-1173P7.1
HSCHR15_1_CTG8	66187417	66558222	ENSG00000263138	MEGF11
14	50394289	50428678	ENSG00000258946	RP11-58E21.4
15	93258989	93277425	ENSG00000258741	RP11-386M24.4
14	88418871	88421547	ENSG00000259096	FAM35CP
4	108857187	108862411	ENSG00000249604	RP11-286E11.2
4	49552049	49559417	ENSG00000232471	RP11-241F15.7
22	21388465	21388561	ENSG00000207575	MIR649
4	141363416	141419531	ENSG00000205301	RP11-542P2.1
14	106382685	106382715	ENSG00000211931	IGHD2-2
9	116612967	116613912	ENSG00000232905	RP11-534I8.1
7	97567751	97568106	ENSG00000232097	AC079781.8
14	88462689	88462792	ENSG00000252783	RNU6-835P
7	141051777	141052568	ENSG00000261624	RP5-914M6.1
17	32646055	32648421	ENSG00000108700	CCL8
7	97576299	97577310	ENSG00000238228	OR7E7P
14	88477131	88481955	ENSG00000258407	RP11-300J18.2
22	21389532	21399306	ENSG00000206145	P2RX6P
4	49563302	49563487	ENSG00000251630	RP11-241F15.9
7	141114183	141116190	ENSG00000204990	RP5-842K16.1
9	5450503	5470566	ENSG00000120217	CD274
7	97592970	97593038	ENSG00000266318	MIR5692A2
15	93262623	93262970	ENSG00000240484	RP11-386M24.1
HSCHR6_MHC_QBL	33185925	33195021	ENSG00000206283	PFDN6
4	49563496	49564166	ENSG00000251539	SNX18P24
7	141129511	141131068	ENSG00000261629	RP5-842K16.2
14	88484949	88502663	ENSG00000258826	RP11-300J18.1
7	97593717	97593793	ENSG00000266668	MIR5692C2
20	3451687	3631769	ENSG00000088812	ATRN
4	109088681	109177992	ENSG00000232021	LEF1-AS1
7	141212498	141212983	ENSG00000261797	RP11-744I24.3
4	49581850	49582206	ENSG00000250753	RP11-241F15.10
14	50474031	50507947	ENSG00000258929	RP11-58E21.3
15	93305987	93306980	ENSG00000258562	CTD-2313J17.3
14	106383838	106391825	ENSG00000226777	KIAA0125
7	97595402	97596386	ENSG00000183444	OR7E38P
22	21419749	21424386	ENSG00000249680	TUBA3GP
4	49585042	49585116	ENSG00000265591	AC119751.5
9	116971714	116971809	ENSG00000207726	MIR455
7	141229003	141251104	ENSG00000261570	RP11-744I24.2
7	1468101	1499138	ENSG00000164877	MICALL2
7	97598317	97601566	ENSG00000243554	AC004967.7
4	49590789	49591546	ENSG00000249337	SNX18P25
X	48305273	48307251	ENSG00000226971	AF196972.4
9	129376722	129463311	ENSG00000136944	LMX1B
22	21457305	21476574	ENSG00000169668	BCRP2
4	49597627	49597709	ENSG00000221075	AC119751.1
15	93322987	93324722	ENSG00000260361	CTD-2313J17.5
7	141352181	141356610	ENSG00000244701	RP5-894A10.2
7	97627637	97627932	ENSG00000263819	RN7SL478P
4	49600440	49600522	ENSG00000221334	AC119751.3
HSCHR6_MHC_SSTO	31664636	31675654	ENSG00000258880	DASS-312M4.10
14	88490894	88563276	ENSG00000258867	LINC01146
4	49600632	49600714	ENSG00000221082	AC119751.2
9	117159004	117160783	ENSG00000235119	RP11-9M16.2
15	93338877	93339669	ENSG00000258527	ASB9P1
4	49601445	49601526	ENSG00000223099	AC119751.4
8	11618896	11620309	ENSG00000255394	C8orf49
4	52731216	52731701	ENSG00000250473	DUTP7
14	106385361	106385377	ENSG00000236170	IGHD1-1
15	93349000	93351797	ENSG00000258922	CTD-2313J17.1
8	57358366	57464626	ENSG00000254254	RP11-17A4.2
22	21468896	21478740	ENSG00000197210	KB-1592A4.15
4	52784938	52785547	ENSG00000272576	RP11-365H22.2
15	93399733	93400024	ENSG00000264123	RN7SL599P
14	106405611	106406108	ENSG00000211933	IGHV6-1
9	117253844	117254021	ENSG00000271214	RP11-9M16.3
4	52844245	52844538	ENSG00000243929	RP11-61F5.1
X	97102261	97104015	ENSG00000233887	ERVWE2
4	52910971	52913120	ENSG00000251040	RP11-535C7.1
X	149282609	149284751	ENSG00000183171	RP11-49C9.2
22	21495913	21496660	ENSG00000224688	KB-1592A4.13
HSCHR6_MHC_SSTO	31670072	31671548	ENSG00000226187	LY6G6E
X	97161642	97163088	ENSG00000237752	RP13-75G22.1
X	149396239	149396318	ENSG00000252454	MIR2114
4	53306660	53307701	ENSG00000251286	RP11-588F10.1
9	117327530	117327632	ENSG00000238530	snoU13
8	57389385	57390546	ENSG00000253541	SEPT10P1
X	97230876	97233639	ENSG00000234889	RP13-130D24.1
14	88603077	88626189	ENSG00000258975	RP11-753D20.1
4	53361015	53361118	ENSG00000199924	RNU6-1252P
9	117335181	117335651	ENSG00000235797	RP11-402G3.6
4	174062794	174063087	ENSG00000241652	RN7SL253P
15	93425937	93441975	ENSG00000272888	AC013394.2
14	88624584	88626935	ENSG00000259998	RP11-753D20.4
4	53376179	53376282	ENSG00000239068	snoU13
HSCHR6_MHC_QBL	32116164	32120921	ENSG00000206314	GPSM3
2	27498289	27504367	ENSG00000163793	DNAJC5G
X	149399291	149401116	ENSG00000234825	XRCC6P2
4	174189311	174189384	ENSG00000221296	MIR548T
4	53525573	53527835	ENSG00000248866	USP46-AS1
14	88641735	88646542	ENSG00000258538	RP11-753D20.3
3	155588325	155661815	ENSG00000163655	GMPS
4	123809852	123844123	ENSG00000170917	NUDT6
8	9789230	9789333	ENSG00000238496	snoU13
4	174243357	174250845	ENSG00000248774	RP11-798M19.3
HG1308_PATCH	130126046	130146133	ENSG00000264872	MEST
22	16448824	16449805	ENSG00000130538	OR11H1
8	9907995	9911764	ENSG00000260093	RP11-1E4.1
12	57057127	57082159	ENSG00000110958	PTGES3
4	53546776	53558816	ENSG00000260120	RP11-177B4.2
8	9945431	9945541	ENSG00000221320	AC023385.1
8	57408805	57472382	ENSG00000246430	LINC00968
8	10194292	10195187	ENSG00000249848	RP11-212F11.1
9	117377735	117377848	ENSG00000201749	Y_RNA
22	21522047	21546445	ENSG00000215498	FAM230B
4	174284931	174291597	ENSG00000272870	RP11-798M19.6
9	117378827	117378895	ENSG00000272241	AL160275.1
4	53578597	53586518	ENSG00000226950	DANCR
8	38243725	38267045	ENSG00000165046	LETM2
22	17071667	17073700	ENSG00000198445	CCT8L2
15	68277397	68278626	ENSG00000260109	RP11-883G10.1
X	97506677	97507541	ENSG00000236243	RPL6P29
HSCHR6_MHC_QBL	28911657	28912317	ENSG00000206526	C6orf100
7	139784546	139876835	ENSG00000006459	KDM7A
9	117418584	117424654	ENSG00000230054	RP11-402G3.5
15	68522010	68522127	ENSG00000264779	AC107871.1
8	10291182	10295822	ENSG00000261451	RP11-981G7.1
22	24951471	25005947	ENSG00000100028	SNRPD3
4	174340396	174341288	ENSG00000242882	RPL5P11
15	68546887	68547277	ENSG00000260602	HMGN2P40
4	53578849	53578914	ENSG00000264585	MIR4449
9	5510545	5571282	ENSG00000197646	PDCD1LG2
X	149657798	149657884	ENSG00000263713	AC109994.1
4	174367754	174367855	ENSG00000252898	RNU6-1096P
22	17264302	17302589	ENSG00000172967	XKR3
15	68560130	68570332	ENSG00000260657	RP11-315D16.4
X	149987226	149987719	ENSG00000228728	RP11-316K19.3
X	97603449	97603746	ENSG00000271322	RP11-390F10.3
4	53579416	53579537	ENSG00000212588	SNORA26
4	174388984	174391192	ENSG00000261646	RP11-489G11.3
3	134196548	134205558	ENSG00000129055	ANAPC13
X	1455509	1501578	ENSG00000185291	IL3RA
15	68591128	68593343	ENSG00000261425	RP11-709B3.2
4	53586248	53586998	ENSG00000248375	RP11-177B4.1
X	150070594	150070709	ENSG00000253009	U3
15	93447629	93447705	ENSG00000264173	MIR3175
4	109328999	109329734	ENSG00000239939	RPSAP34
8	11627148	11644855	ENSG00000154328	NEIL2
4	53614304	53614426	ENSG00000212490	SNORA26
HSCHR6_MHC_QBL	28962562	28973093	ENSG00000169260	ZNF311
X	97644510	97645917	ENSG00000213704	EEF1A1P15
15	69041840	69043030	ENSG00000271232	RP11-317N6.1
X	150084286	150089411	ENSG00000230153	AF003626.1
15	91643180	91844539	ENSG00000185518	SV2B
4	53617314	53617379	ENSG00000266656	AC104066.1
4	109338861	109340919	ENSG00000250485	EXOC7P1
9	117428716	117434029	ENSG00000230601	RP11-402G3.3
4	53652704	53652805	ENSG00000199901	Y_RNA
14	76776957	76968178	ENSG00000119715	ESRRB
15	69094189	69094264	ENSG00000265195	MIR4312
7	97653041	97653288	ENSG00000239610	RN7SL13P
4	53656161	53681631	ENSG00000250302	RP11-752D24.3
7	97937257	97939753	ENSG00000272782	RP4-607J23.2
15	69126169	69127088	ENSG00000259286	RP11-696L21.2
4	109459346	109541616	ENSG00000234492	RPL34-AS1
8	57449317	57453056	ENSG00000253139	RP11-17A4.3
HSCHR6_MHC_SSTO	31673092	31675540	ENSG00000235302	LY6G6D
12	69864129	69973562	ENSG00000166225	FRS2
HG311_PATCH	118423208	118429776	ENSG00000262564	C10orf82
7	97952165	97952742	ENSG00000272950	RP11-307C18.1
22	21532181	21534164	ENSG00000234503	KB-1592A4.14
3	61724801	61724903	ENSG00000252420	Y_RNA
15	69222843	69321229	ENSG00000137808	RP11-809H16.2
4	53811816	53824254	ENSG00000248115	RP11-752D24.2
X	48364911	48367226	ENSG00000224292	AF196972.9
X	150123967	150124060	ENSG00000222796	RNU6-383P
3	61728129	61728780	ENSG00000226360	RPL10AP6
22	21622450	21623192	ENSG00000226885	KB-1183D5.9
15	69314569	69316516	ENSG00000259745	RP11-809H16.3
X	150161974	150162564	ENSG00000230508	RPL19P21
X	48420090	48420189	ENSG00000239017	snoU13
21	33765439	33766254	ENSG00000256073	C21orf119
22	21637170	21638450	ENSG00000229266	POM121L8P
4	109498228	109498296	ENSG00000266046	AC084209.1
X	48438162	48439545	ENSG00000228343	RP11-1148L6.5
9	117458202	117458595	ENSG00000230284	RP11-402G3.4
9	129567285	129600489	ENSG00000169155	ZBTB43
X	150192080	150192195	ENSG00000270916	RP4-741O10.1
15	69329889	69335905	ENSG00000259265	RP11-809H16.4
4	109573306	109573412	ENSG00000206601	RNU6-431P
8	10332075	10339484	ENSG00000253641	RP11-981G7.2
22	21645049	21648875	ENSG00000169662	BCRP6
4	109694769	109695176	ENSG00000249257	RP11-75N20.2
4	54131628	54131734	ENSG00000207385	RNU6-310P
X	48441481	48441727	ENSG00000220125	MRPL32P1
8	57500944	57501346	ENSG00000241431	RP11-17A4.1
13	24881304	24896673	ENSG00000240654	C1QTNF9
4	109709901	109710935	ENSG00000250185	RCC2P8
14	95648277	95786243	ENSG00000165959	CLMN
X	48494553	48495523	ENSG00000231725	VN1R110P
X	150194767	150194878	ENSG00000212595	5S_rRNA
10	27687116	27703297	ENSG00000182077	PTCHD3
8	10333733	10333839	ENSG00000207128	RNU6-729P
X	150336694	150336798	ENSG00000265789	MIR4330
4	109710356	109710418	ENSG00000265522	AC097473.1
4	54362567	54415745	ENSG00000250930	LNX1-AS1
12	75728419	75764340	ENSG00000173401	GLIPR1L1
X	48557354	48595570	ENSG00000232828	AF196970.3
4	110224191	110237291	ENSG00000246774	AC004051.2
8	10335001	10336885	ENSG00000253678	RP11-981G7.3
8	57552460	57569024	ENSG00000254055	RP11-17A4.4
15	69365266	69388160	ENSG00000212766	LINC00277
9	117554474	117554546	ENSG00000221734	AL390240.1
4	72897521	73013784	ENSG00000056291	NPFFR2
4	110267482	110268615	ENSG00000249465	RBMXP4
9	117607874	117610865	ENSG00000229817	RP11-78H18.2
7	142723245	142724282	ENSG00000179468	OR9A2
22	17442826	17489112	ENSG00000215568	GAB4
X	150343664	150346308	ENSG00000234696	GPR50-AS1
8	10340388	10405095	ENSG00000253649	PRSS51
14	31091318	31205018	ENSG00000092108	SCFD1
X	48582860	48582966	ENSG00000206723	RNU6-1056P
3	62103974	62104184	ENSG00000252184	RNU2-10P
HG311_PATCH	118430705	118502086	ENSG00000263052	HSPA12A
13	24895264	24895566	ENSG00000205850	AL359736.1
X	48634408	48635385	ENSG00000233585	AC115617.2
3	62109878	62110282	ENSG00000237456	RP11-154D3.1
14	88965678	88981433	ENSG00000258983	RP11-507K2.2
3	180319918	180335616	ENSG00000163728	TTC14
22	21655279	21679331	ENSG00000206142	FAM230C
X	48635380	48635486	ENSG00000207367	RNU6-29P
8	57688842	57689433	ENSG00000270328	RP11-33E15.1
X	48797263	48798079	ENSG00000184596	AF207550.1
3	14572489	14572595	ENSG00000207163	RNU6-905P
14	50505863	50555913	ENSG00000273065	RP11-58E21.5
7	142749417	142750444	ENSG00000225781	OR6V1
9	117881818	117900688	ENSG00000236461	RP11-523L1.2
3	14614359	14616299	ENSG00000234123	RHBDF1P1
X	48816440	48816543	ENSG00000223309	RNU6-722P
4	54441880	54442554	ENSG00000173966	RP11-18M17.1
14	50508361	50555893	ENSG00000273307	RP11-58E21.7
X	48863969	48864276	ENSG00000264065	RN7SL139P
14	88979842	88980007	ENSG00000222990	RNU4-22P
X	48939686	48939823	ENSG00000206936	RNU4-52P
14	50517086	50518054	ENSG00000270788	PDLIM1P1
14	89017941	89018837	ENSG00000258789	RP11-507K2.3
7	19152097	19153894	ENSG00000232821	AC003986.6
X	49008986	49009277	ENSG00000265033	RN7SL262P
4	54459123	54470214	ENSG00000248494	LNX1-AS2
3	62246540	62355005	ENSG00000241472	PTPRG-AS1
7	19159556	19161539	ENSG00000236536	AC003986.7
9	118014817	118016530	ENSG00000234692	RP11-445L6.3
15	69373219	69392275	ENSG00000259222	RP11-809H16.5
X	49055425	49058913	ENSG00000237341	SYP-AS1
12	27932953	27955973	ENSG00000087448	KLHL42
7	19183916	19185876	ENSG00000229533	AC003986.5
HG311_PATCH	118429615	118432252	ENSG00000263347	RP11-498B4.6
15	69452990	69453063	ENSG00000266374	AC026512.1
7	142829170	142836839	ENSG00000159763	PIP
4	54525375	54603323	ENSG00000249341	RP11-317M11.1
X	49059702	49059788	ENSG00000266813	AF196779.1
15	69539448	69539549	ENSG00000265047	AC026992.1
9	118501942	118506518	ENSG00000228714	RP11-284G10.1
15	69542866	69543134	ENSG00000241774	RN7SL438P
X	49090415	49090960	ENSG00000230216	HSPB1P2
4	141445312	141474924	ENSG00000179387	ELMOD2
7	98015113	98015896	ENSG00000214389	RPS3AP26
4	54766038	54783002	ENSG00000249706	RP11-89B16.1
9	118650448	118687486	ENSG00000204148	LINC00474
15	69570667	69591097	ENSG00000261634	RP11-352D13.6
17	43331760	43339479	ENSG00000184361	SPATA32
HG747_PATCH	65987217	65989765	ENSG00000263085	C17orf58
9	129622944	129648157	ENSG00000177125	ZBTB34
17	32683471	32685629	ENSG00000181374	CCL13
4	54793666	54794305	ENSG00000250815	RP11-89B16.2
7	98083431	98083929	ENSG00000213455	AC091654.7
21	33784314	33887707	ENSG00000166979	EVA1C
4	148558936	148605381	ENSG00000164169	PRMT10
7	98107863	98108537	ENSG00000223402	AC074121.4
4	54852754	54853225	ENSG00000229585	RPL21P44
15	69571014	69587661	ENSG00000259504	RP11-352D13.5
7	98392341	98392447	ENSG00000207204	RNU6-393P
9	118774640	118775244	ENSG00000228707	RP11-787B4.2
4	54863582	54863879	ENSG00000272650	RP11-571I18.4
HSCHR15_1_CTG8	66332571	66332670	ENSG00000265269	MIR4311
7	98479273	98479352	ENSG00000266019	MIR3609
3	124500002	124506604	ENSG00000244286	ITGB5-AS1
14	107148674	107148905	ENSG00000253635	IGHVIII-67-3
HG311_PATCH	118509418	118510778	ENSG00000261896	RP11-498B4.4
12	92295234	92299963	ENSG00000257863	RP11-587P21.3
7	98482613	98482713	ENSG00000238459	snoU13
HSCHR15_1_CTG8	66582973	66597832	ENSG00000262444	RP11-653J6.1
HSCHR6_MHC_QBL	32120241	32149468	ENSG00000206312	NOTCH4
14	107151119	107151414	ENSG00000254052	IGHVIII-67-4
3	124580941	124582164	ENSG00000243986	ENO1P3
X	1505045	1511617	ENSG00000169100	SLC25A6
3	130732719	130746493	ENSG00000034533	ASTE1
7	98596161	98597553	ENSG00000238109	AC004893.10
HSCHR6_MHC_QBL	31857779	31860166	ENSG00000206366	ZBTB12
12	92539349	92583436	ENSG00000245904	RP11-796E2.4
14	89286641	89286776	ENSG00000200653	RNU4-92P
9	118961269	118961358	ENSG00000221772	AL353141.1
15	27111510	27194354	ENSG00000186297	GABRA5
14	107159869	107160163	ENSG00000253703	IGHV1-68
13	24995064	25086948	ENSG00000102699	PARP4
14	89306509	89306607	ENSG00000207342	Y_RNA
9	119048108	119051048	ENSG00000226604	PAPPA-AS2
8	86285665	86361269	ENSG00000164879	CA3
14	107183396	107183857	ENSG00000254056	IGHV3-71
7	98610788	98645863	ENSG00000242687	AC004893.11
14	89576492	89577567	ENSG00000258990	MPPE1P1
4	54942792	54943015	ENSG00000251105	RP11-571I18.2
7	19393157	19618229	ENSG00000223838	AC007091.1
3	11178779	11305243	ENSG00000196639	HRH1
14	107229405	107229645	ENSG00000254134	IGHVII-74-1
8	99933461	99933778	ENSG00000223281	RN7SKP85
3	14689701	14690939	ENSG00000235629	AC090952.5
15	92396925	92715665	ENSG00000176463	SLCO3A1
8	99955823	99956326	ENSG00000271930	RP11-44N12.5
7	19744981	19745059	ENSG00000265932	MIR3146
4	54953093	54953950	ENSG00000250147	MORF4L2P1
3	62304648	62321888	ENSG00000114405	C3orf14
17	60349848	60360276	ENSG00000270033	RP11-51L5.7
14	89756549	89757938	ENSG00000259151	CAP2P1
12	54385522	54385631	ENSG00000207924	MIR196A2
14	107231917	107232377	ENSG00000254176	IGHV3-75
4	145030457	145061904	ENSG00000170180	GYPA
9	119050897	119080968	ENSG00000244757	RP11-45A16.4
3	14806459	14808947	ENSG00000230172	AC090957.2
4	123844229	124240605	ENSG00000145375	SPATA5
8	99973656	99980512	ENSG00000229625	RP11-44N12.2
4	54969747	54969823	ENSG00000221219	AC110298.1
HSCHR6_MHC_SSTO	31676330	31684446	ENSG00000231003	C6orf25
HG747_PATCH	66031635	66042958	ENSG00000262472	KPNA2
4	54989267	54989371	ENSG00000238753	snoU13
3	167967310	168548387	ENSG00000206120	EGFEM1P
12	54387594	54390569	ENSG00000250133	HOXC-AS2
14	89816629	89831043	ENSG00000258752	RP11-356K23.1
8	100008991	100025272	ENSG00000253948	RP11-410L14.2
3	14840838	14852921	ENSG00000260902	RP11-95M5.1
7	57836678	57837227	ENSG00000224484	RP11-548K12.4
8	100011512	100011629	ENSG00000263842	AC104986.1
X	48886242	48901012	ENSG00000068323	TFE3
HSCHR6_MHC_COX	31111082	31111199	ENSG00000258060	AL662833.3
20	60883011	60942368	ENSG00000130702	LAMA5
8	100015635	100016070	ENSG00000253180	RP11-410L14.1
7	57877307	57877718	ENSG00000236907	RP11-548K12.3
9	119155868	119155955	ENSG00000216182	AL137024.1
12	15265297	15267632	ENSG00000256650	RERG-IT1
7	57877702	57877903	ENSG00000250618	RP11-548K12.9
7	142880512	142881528	ENSG00000236398	TAS2R39
X	97677136	97677807	ENSG00000226837	HMGB1P32
8	100103966	100106288	ENSG00000253562	CTD-2340D6.2
9	119266562	119324572	ENSG00000229105	RP11-264C15.2
12	15304857	15308217	ENSG00000255660	RERG-AS1
7	57879525	57880333	ENSG00000224653	RP11-548K12.10
7	150019728	150035239	ENSG00000127399	LRRC61
3	14961854	14989931	ENSG00000225733	FGD5-AS1
4	17516788	17528727	ENSG00000249581	CLRN2
4	174448421	174512475	ENSG00000237125	HAND2-AS1
8	100131580	100132809	ENSG00000253532	CTD-2340D6.1
7	57879738	57880116	ENSG00000223836	RP11-548K12.2
X	98640193	98640274	ENSG00000252430	AL109750.1
12	15408147	15408757	ENSG00000256283	RP11-365O10.1
8	100245276	100246687	ENSG00000236583	AP004290.1
6	24667263	24705293	ENSG00000112304	ACOT13
8	10344317	10347176	ENSG00000272505	RP11-981G7.6
15	51739908	51915030	ENSG00000104093	DMXL2
17	46970127	46973233	ENSG00000159199	ATP5G1
7	57881907	57882648	ENSG00000237236	RP11-548K12.11
12	15592461	15593335	ENSG00000243916	RP11-6K23.1
8	100352533	100353989	ENSG00000237704	AP004289.2
7	57882150	57882507	ENSG00000231232	RP11-548K12.1
12	15824641	15824744	ENSG00000200105	RNU6-251P
X	98911995	98912379	ENSG00000270308	RP3-377O6.2
17	60447579	60493837	ENSG00000172421	EFCAB3
10	48413092	48416853	ENSG00000128802	GDF2
8	100358280	100360484	ENSG00000225017	AP004289.1
12	15933002	15935054	ENSG00000255565	RP11-6B19.1
7	98836417	98908753	ENSG00000002079	MYH16
8	10524488	10524580	ENSG00000263762	MIR4286
3	160394948	160396233	ENSG00000179674	ARL14
12	15956098	15957092	ENSG00000256627	RP11-6B19.3
14	50519575	50520287	ENSG00000243038	RP11-58E21.1
12	49932940	49952091	ENSG00000135519	KCNH3
8	100540054	100540155	ENSG00000206699	Y_RNA
8	57829643	57829749	ENSG00000206975	RNU6-13P
9	119330728	119348607	ENSG00000230894	RP11-67K19.3
X	98716600	98976156	ENSG00000215070	XRCC6P5
8	100548864	100548958	ENSG00000207804	MIR599
7	57888037	57896752	ENSG00000231484	RP11-548K12.12
14	50535286	50535591	ENSG00000201358	RN7SKP193
15	64979772	64995480	ENSG00000180304	OAZ2
8	57868647	57868875	ENSG00000197334	AC032027.1
14	50553700	50553801	ENSG00000251792	Y_RNA
8	100549014	100549089	ENSG00000216069	MIR875
8	86376081	86393722	ENSG00000104267	CA2
10	48425815	48438976	ENSG00000107623	GDF10
X	150350858	150351327	ENSG00000269993	AF003625.3
14	50766573	50766664	ENSG00000264712	MIR4504
HSCHR6_MHC_MCF	33331732	33338829	ENSG00000235712	RXRB
8	100626014	100626306	ENSG00000243254	RN7SL350P
12	15966427	15981208	ENSG00000256953	RP11-6B19.2
14	107236097	107236391	ENSG00000253247	IGHV3-76
14	50793244	50794627	ENSG00000259071	RP11-247L20.4
8	58039214	58039321	ENSG00000222205	RNA5SP266
8	100708185	100710245	ENSG00000235683	AC018442.1
9	119861286	119861385	ENSG00000265662	AL354981.1
12	16124824	16125543	ENSG00000256134	RP11-674J14.3
X	150394701	150396187	ENSG00000228717	AF013593.1
14	107239994	107240279	ENSG00000253310	IGHVIII-76-1
14	50863731	50865063	ENSG00000258857	RP11-247L20.3
8	100808843	100811415	ENSG00000253539	RP11-402L5.1
14	107259100	107259214	ENSG00000265929	hsa-mir-5195
8	10544079	10544197	ENSG00000212433	RNA5SP252
6	18155560	18224084	ENSG00000165097	KDM1B
12	16552208	16555340	ENSG00000256238	RP11-473N11.2
HSCHR6_MHC_COX	31118872	31124541	ENSG00000224379	TCF19
14	50915525	50923460	ENSG00000259113	RP11-406H23.2
14	107259338	107259632	ENSG00000211978	IGHV5-78
8	100816387	100816569	ENSG00000253912	RP11-402L5.2
8	10586824	10628902	ENSG00000248896	CTD-2135J3.3
Y	16750976	16752238	ENSG00000226555	AGKP1
14	50935115	50935216	ENSG00000201573	Y_RNA
9	119942907	119943374	ENSG00000230734	RPL10P3
8	101016811	101016877	ENSG00000212414	SNORD77
14	51038637	51038858	ENSG00000258577	SNRPGP1
10	27793197	27831143	ENSG00000099246	RAB18
12	65672423	65882024	ENSG00000174099	MSRB3
14	107273842	107274110	ENSG00000253674	IGHVII-78-1
3	160473390	160796695	ENSG00000163590	PPM1L
8	10641565	10641629	ENSG00000252565	SNORD112
12	16562189	16562265	ENSG00000215923	AC007528.1
8	101036210	101036312	ENSG00000221753	MIR1273A
9	119943345	119943479	ENSG00000207268	SNORA70C
10	93683526	93790082	ENSG00000095564	BTAF1
8	58055248	58152857	ENSG00000253301	RP11-513O17.2
8	10698086	10704011	ENSG00000253695	RP11-177H2.2
12	16666379	16667305	ENSG00000256450	RP11-424M22.1
14	107275873	107276304	ENSG00000254284	IGHV3-79
8	101171096	101171203	ENSG00000202310	Y_RNA
12	28111017	28125638	ENSG00000087494	PTHLH
X	99141738	99142689	ENSG00000229946	RP11-368G3.1
8	101177454	101177706	ENSG00000253299	RP11-316J7.4
14	107281000	107281252	ENSG00000253128	IGHV4-80
12	16720345	16726874	ENSG00000256564	RP11-424M22.3
8	10892716	10892812	ENSG00000207600	MIR598
8	101197366	101197467	ENSG00000199667	Y_RNA
HG747_PATCH	66243690	66253272	ENSG00000262747	AMZ2
9	5629025	5776557	ENSG00000107036	KIAA1432
9	119959397	119959699	ENSG00000201140	RN7SKP128
12	16846734	16848911	ENSG00000255871	RP11-69C13.1
8	101349823	101362935	ENSG00000253217	KB-1991G8.1
X	99355082	99355219	ENSG00000252296	SNORA25
9	120039264	120039565	ENSG00000222413	RN7SKP125
7	150026938	150029808	ENSG00000188707	ZBED6CL
8	10920157	10924599	ENSG00000254839	AF131215.6
8	101393488	101426687	ENSG00000253824	KB-173C10.2
12	16939696	16940779	ENSG00000255740	RP11-239A17.1
HSCHR6_MHC_COX	32954322	32970527	ENSG00000224103	HLA-DPA1
2	113825547	113833427	ENSG00000136697	IL1F10
14	107287770	107288019	ENSG00000253303	IGHVIII-82
X	99404781	99406338	ENSG00000236988	RP11-402K9.1
9	120224572	120228538	ENSG00000233516	RP11-388N2.1
8	101394991	101395073	ENSG00000265599	MIR4471
3	138663066	138665982	ENSG00000183770	FOXL2
8	101441062	101443225	ENSG00000253842	KB-173C10.1
8	10962201	10964214	ENSG00000269918	AF131215.9
10	7200586	7453450	ENSG00000198879	SFMBT2
10	74885838	74885965	ENSG00000221164	SNORA11
5	31249986	31250307	ENSG00000250482	RP11-152K4.1
9	120410884	120419305	ENSG00000233569	RP11-500B12.1
10	74951981	74952083	ENSG00000199201	Y_RNA
X	150666198	150666826	ENSG00000270052	WI2-80269A6.1
8	101487903	101513376	ENSG00000253666	KB-1615E4.2
2	32757220	32757313	ENSG00000207653	MIR558
10	74959584	74960983	ENSG00000227382	EIF4A2P2
X	150684023	150684717	ENSG00000214915	XX-FW80269A6.1
4	17578815	17609595	ENSG00000002549	LAP3
10	119117867	119117967	ENSG00000222197	AL359836.1
2	32860322	32860398	ENSG00000265057	MIR4765
X	99410883	99411771	ENSG00000230592	RPSAP8
HSCHR6_MHC_QBL	31903824	31910258	ENSG00000241253	CFB
8	101504756	101505941	ENSG00000254364	KB-1615E4.3
10	119184705	119249930	ENSG00000258114	CTA-109P11.4
17	79336072	79348014	ENSG00000263154	RP11-1055B8.2
5	31505791	31505895	ENSG00000206682	Y_RNA
8	101562952	101563941	ENSG00000251013	GAPDHP62
12	125478246	125515777	ENSG00000184992	BRI3BP
7	141362722	141363646	ENSG00000270157	RP5-894A10.6
5	31595672	31595776	ENSG00000199765	RNU6-363P
X	150780136	150839668	ENSG00000239429	RP11-45D17.1
6	49913814	49917157	ENSG00000214643	DEFB133
10	75007118	75036742	ENSG00000236756	DNAJC9-AS1
2	33050510	33151760	ENSG00000230876	LINC00486
7	57895015	57895957	ENSG00000271696	RP11-548K12.13
21	45275771	45276223	ENSG00000226543	MYL6P1
3	124777148	124777282	ENSG00000252642	RNA5SP137
8	10965298	10967236	ENSG00000255310	AF131215.2
9	120447532	120447866	ENSG00000235133	RPL35AP22
7	150035408	150038763	ENSG00000106538	RARRES2
8	101630809	101632221	ENSG00000253740	KB-1083B1.1
3	124837941	124838044	ENSG00000199327	RNU6-230P
7	61821869	61822186	ENSG00000233918	RP11-715L17.1
10	31012180	31012669	ENSG00000230720	RP11-14C22.6
3	124870309	124870396	ENSG00000264986	MIR5092
X	1522032	1572655	ENSG00000169093	ASMTL
7	62471841	62471947	ENSG00000207443	RNU6-417P
22	17565844	17596583	ENSG00000177663	IL17RA
21	45339676	45339782	ENSG00000199598	RNU6-859P
21	33948862	33959683	ENSG00000242220	TCP10L
X	99928327	99928978	ENSG00000261295	RP11-524D16__A.3
7	62505205	62514809	ENSG00000227148	RP11-196D18.1
10	119232726	119304579	ENSG00000229847	EMX2OS
3	125029725	125030194	ENSG00000229048	DUTP1
21	45416203	45416301	ENSG00000252606	RNU6-1150P
8	101695716	101695802	ENSG00000252764	RNU6-1092P
10	31120757	31122316	ENSG00000272914	RP11-330O11.3
9	120470274	120470380	ENSG00000201444	RNU6-1082P
8	101720106	101720191	ENSG00000264991	AP001205.1
7	141404138	141438146	ENSG00000228775	WEE2-AS1
21	45466228	45466922	ENSG00000213440	H2AFZP1
X	100055292	100055773	ENSG00000223819	RP3-347M6.1
5	31657325	31665174	ENSG00000248624	RP11-5N11.2
10	75012549	75014107	ENSG00000227540	RP11-152N13.5
3	125062929	125063641	ENSG00000243508	RP11-775J23.2
7	62517831	62520462	ENSG00000233454	RP11-196D18.2
8	101752030	101752155	ENSG00000221527	RNU6ATAC41P
17	27948635	27949272	ENSG00000264007	RP11-68I3.10
9	120493653	120493749	ENSG00000251847	snoZ13_snr52
8	101767329	101767423	ENSG00000202001	Y_RNA
17	48187404	48207246	ENSG00000167100	SAMD14
10	31207941	31210164	ENSG00000237135	DDX10P1
9	120545726	120630349	ENSG00000228512	RP11-281A20.2
8	101788740	101789093	ENSG00000242399	RPS20P23
3	125107778	125107841	ENSG00000252953	RNU6-232P
7	62528465	62528529	ENSG00000265865	AC069285.1
17	27966645	27967843	ENSG00000263370	RP11-68I3.5
5	31725646	31726009	ENSG00000248878	RP11-5N11.1
8	101843956	101844088	ENSG00000222795	RNU4-83P
8	10980891	10983574	ENSG00000254936	AF131215.3
21	45578623	45579959	ENSG00000225331	AP001055.6
3	125164905	125165007	ENSG00000238992	snoU13
10	31354880	31354976	ENSG00000263578	AL359546.1
7	62547448	62548639	ENSG00000233782	ZNF90P3
2	33152194	33153472	ENSG00000236854	AL121656.5
17	27968629	27968720	ENSG00000222858	RNU6-920P
3	125235823	125235930	ENSG00000201800	Y_RNA
8	101907974	101908387	ENSG00000212994	RPS26P6
10	31476812	31550839	ENSG00000272381	RP11-192P3.4
17	8463789	8464280	ENSG00000270606	RP11-713H12.2
3	125247088	125247193	ENSG00000252965	Y_RNA
8	58096193	58096279	ENSG00000220984	AC025674.1
17	27971814	27972865	ENSG00000265625	RP11-68I3.11
9	120602600	120659534	ENSG00000231901	RP11-281A20.1
3	125398417	125398625	ENSG00000243072	GS1-388B5.2
2	33170406	33170518	ENSG00000206951	Y_RNA
X	100056177	100058049	ENSG00000238116	RP3-347M6.2
7	62574013	62575183	ENSG00000234312	RP11-196D18.4
5	140868808	140892546	ENSG00000240764	PCDHGC5
8	101925475	101926616	ENSG00000260368	RP11-521I2.3
21	45595372	45596336	ENSG00000237604	AP001056.1
2	33216326	33216391	ENSG00000252502	SNORD112
10	75038820	75038926	ENSG00000200356	RNU6-833P
3	125400149	125400297	ENSG00000242001	GS1-388B5.1
X	151072903	151082440	ENSG00000229967	RP11-366F6.2
2	33281400	33288180	ENSG00000223951	AL133244.1
10	75061539	75061642	ENSG00000238983	snoU13
8	10994408	10996117	ENSG00000254556	AF131215.4
17	8464548	8464894	ENSG00000244604	RP11-713H12.1
10	75106694	75106806	ENSG00000207473	Y_RNA
3	125409100	125409187	ENSG00000266857	AF186996.2
2	33510836	33510954	ENSG00000212204	RNA5SP91
21	45621173	45622579	ENSG00000232124	AP001057.1
17	28043297	28043703	ENSG00000240531	RPL21P123
2	224839829	224904036	ENSG00000135919	SERPINE2
6	49927962	49931818	ENSG00000177684	DEFB114
10	31495207	31609376	ENSG00000237036	ZEB1-AS1
10	90581889	90611575	ENSG00000152766	ANKRD22
10	75141191	75143254	ENSG00000233144	RP11-537A6.9
8	11032560	11033079	ENSG00000231965	AF131215.1
7	62577879	62615312	ENSG00000231523	RP11-196D18.5
8	101970111	101970406	ENSG00000242315	RN7SL685P
2	33557965	33558074	ENSG00000252246	RNA5SP92
3	125422193	125423156	ENSG00000234458	OR7E130P
9	120845142	120845660	ENSG00000234782	TPT1P9
2	203044020	203044694	ENSG00000227890	PSMA2P3
21	45626408	45627282	ENSG00000232698	AP001058.3
5	64782271	64782875	ENSG00000250081	CTD-2116N20.1
8	101975163	101975271	ENSG00000252736	Y_RNA
2	33780114	33788614	ENSG00000237133	AC020594.5
3	134204585	134293859	ENSG00000182923	CEP63
X	100077609	100077741	ENSG00000202231	SNORA9
17	28088121	28114854	ENSG00000263657	RP11-82O19.1
8	102064282	102088479	ENSG00000248599	RP11-302J23.1
5	64900488	64900588	ENSG00000207352	RNU6-540P
2	95813075	95831158	ENSG00000144026	ZNF514
2	33827108	33827353	ENSG00000238038	ATP6V0E1P3
X	100110277	100111368	ENSG00000239345	HNRNPA1P26
21	45670696	45671403	ENSG00000232010	AP001059.5
3	125430983	125431889	ENSG00000243429	OR7E29P
2	61782495	61782593	ENSG00000266768	AC016727.1
4	73146686	73434516	ENSG00000156140	ADAMTS3
8	102134373	102138386	ENSG00000253395	KB-1460A1.1
17	28102765	28103719	ENSG00000265713	RP11-82O19.2
8	58152616	58153100	ENSG00000251142	RP11-513O17.1
4	159236463	159574524	ENSG00000171509	RXFP1
X	49129517	49132231	ENSG00000270012	LL0XNC01-7P3.1
15	65032091	65067786	ENSG00000166831	RBPMS2
2	33861569	33862492	ENSG00000187999	HNRNPA1P61
5	65028800	65029481	ENSG00000251648	CTD-2353N24.1
10	102756375	102767593	ENSG00000107816	LZTS2
5	110073837	110100857	ENSG00000164209	SLC25A46
21	45748827	45750104	ENSG00000241728	AP001062.8
9	129677053	129985445	ENSG00000136828	RALGPS1
17	28104637	28104762	ENSG00000252657	SNORA70
X	49397103	49397952	ENSG00000213856	VDAC1P2
8	11060474	11061180	ENSG00000270076	AF131215.8
5	31738376	31738767	ENSG00000249114	RP11-5N11.3
8	102141215	102145714	ENSG00000253355	KB-1460A1.2
17	48178068	48179284	ENSG00000250282	RP5-875H18.4
20	44637547	44645200	ENSG00000100985	MMP9
9	121450030	121468238	ENSG00000225050	RP11-349E4.1
17	28182777	28183350	ENSG00000240074	RPL9P30
8	58173785	58179172	ENSG00000253614	RP11-513O17.3
HSCHR6_MHC_DBB	30701238	30702593	ENSG00000227231	IER3
3	62355356	62359999	ENSG00000153266	FEZF2
X	49429447	49433283	ENSG00000227391	SALL1P1
2	33931953	34522820	ENSG00000203386	AC009499.1
2	203066103	203066609	ENSG00000223825	DAZAP2P1
7	62636318	62636397	ENSG00000199231	snoU2_19
8	11105135	11125374	ENSG00000236827	LINC00529
X	49641327	49643844	ENSG00000234390	USP27X-AS1
2	61802909	61803529	ENSG00000271243	RP11-355B11.1
8	58192102	58197290	ENSG00000215117	LINC00588
8	102150187	102150541	ENSG00000202360	RN7SKP249
2	139036144	139036780	ENSG00000233045	AC097523.1
7	62669597	62672200	ENSG00000237572	RP11-373D7.1
10	31548528	31548633	ENSG00000252479	RNA5SP309
17	19581601	19622292	ENSG00000180638	SLC47A2
21	45751117	45755734	ENSG00000184441	AP001062.7
8	102151893	102153157	ENSG00000253737	KB-1460A1.3
10	31649884	31650144	ENSG00000230397	SPTLC1P1
X	49676227	49676969	ENSG00000220132	AF238380.8
6	3694157	3694309	ENSG00000270477	RP1-72E17.2
2	171571861	171574588	ENSG00000204335	SP5
2	61816633	61816798	ENSG00000226884	AC016727.3
5	31741940	31742434	ENSG00000248813	RP11-5N11.4
21	45751119	45751543	ENSG00000255902	AP001062.1
8	102179033	102181857	ENSG00000261087	KB-1460A1.5
X	151125155	151125250	ENSG00000264120	AF274855.1
5	124064524	124065086	ENSG00000250206	RP11-436H11.2
6	3751345	3754105	ENSG00000270504	RP11-420L9.5
5	31744095	31744558	ENSG00000248378	RP11-5N11.5
21	45759259	45760353	ENSG00000232969	AP001062.9
4	110268631	110354973	ENSG00000247950	SEC24B-AS1
10	31650356	31688682	ENSG00000196960	RP11-192P3.5
4	141480588	141489959	ENSG00000109424	UCP1
8	58202111	58202208	ENSG00000202265	RNU6-596P
2	139045599	139046363	ENSG00000234645	YWHAEP5
17	48211104	48227991	ENSG00000108819	PPP1R9B
5	124065403	124065848	ENSG00000250530	RP11-436H11.3
2	28974506	29025806	ENSG00000213639	PPP1CB
X	151127050	151127130	ENSG00000207621	MIR224
5	31747751	31748185	ENSG00000250164	RP11-5N11.6
X	49709947	49710053	ENSG00000201341	RNU6-421P
21	45767650	45768178	ENSG00000260256	AP001063.1
Y	16905522	16915913	ENSG00000228787	NLGN4Y-AS1
10	31893528	31895146	ENSG00000223834	RP11-472N13.2
5	124068940	124069465	ENSG00000251274	RP11-436H11.4
21	33951132	33984591	ENSG00000265590	AP000275.65
5	31754326	31754763	ENSG00000249688	RP11-5N11.7
5	65220457	65220963	ENSG00000269961	CTD-2033C11.1
9	121502841	121507590	ENSG00000235201	RP11-127L21.1
10	31917468	31917527	ENSG00000231855	GLUDP5
3	138666076	138672293	ENSG00000206262	C3orf72
21	45834473	45845155	ENSG00000230061	AP001065.2
2	139064889	139065540	ENSG00000237939	AC097523.3
6	3754333	3755074	ENSG00000219992	RP11-420L9.2
8	58256346	58277416	ENSG00000253871	RP11-756K15.2
5	124070311	124070868	ENSG00000251456	RP11-436H11.5
12	119196559	119199484	ENSG00000256750	RP11-3L23.2
5	65257011	65257147	ENSG00000252904	SNORA76
2	171640296	171655481	ENSG00000204334	ERICH2
10	31982012	31996316	ENSG00000237797	RP11-472N13.3
2	61832751	61832857	ENSG00000206973	RNU6-1145P
2	33947788	33953274	ENSG00000239649	MYADML
8	102220376	102220786	ENSG00000271882	KB-1410C5.5
2	85669039	85669100	ENSG00000252293	RNU7-64P
5	124073092	124073698	ENSG00000249643	RP11-436H11.6
5	65439984	65440623	ENSG00000253744	AC025442.3
8	102236169	102236801	ENSG00000253942	KB-1410C5.1
21	45857004	45857058	ENSG00000266692	snoZ6
2	139169636	139170888	ENSG00000232915	AC097721.1
5	124144521	124144926	ENSG00000242814	RP11-436H11.1
10	32044970	32045064	ENSG00000222412	Y_RNA
21	45858918	45858993	ENSG00000264452	snoZ6
7	19759011	19759074	ENSG00000221576	AC004543.1
9	121526145	121526623	ENSG00000231166	TUBB4BP6
4	110371931	110372224	ENSG00000243227	RN7SL55P
6	3832167	3855971	ENSG00000238158	RP11-420L9.4
5	124165165	124165983	ENSG00000248443	RP11-284A20.3
Y	17019778	17019948	ENSG00000236131	MED13P1
8	102273769	102275131	ENSG00000253679	KB-1410C5.2
8	145734457	145736596	ENSG00000167700	MFSD3
X	122695493	122696817	ENSG00000228466	TUBB4AP1
2	61937211	61938113	ENSG00000213486	AC108039.1
10	32202071	32202682	ENSG00000231148	HMGB1P7
6	34725183	34741571	ENSG00000124562	SNRPC
7	19853308	19857713	ENSG00000237921	AC004543.2
4	110409854	110409951	ENSG00000207988	MIR576
21	45870869	45875167	ENSG00000229356	LRRC3-AS1
5	124204665	124205607	ENSG00000249261	RP11-284A20.2
5	85144320	85145017	ENSG00000249153	CTD-2036A18.2
Y	17053427	17053630	ENSG00000227949	CYCSP46
22	24979718	25024972	ENSG00000100031	GGT1
2	139175854	139259268	ENSG00000228043	AC097721.2
5	124255640	124257291	ENSG00000249423	RP11-284A20.1
6	3893360	3894524	ENSG00000233068	RP1-140K8.1
2	85669618	85669912	ENSG00000244399	RN7SL251P
4	110474399	110475250	ENSG00000225094	SETP20
X	122736990	122737782	ENSG00000232149	FERP1
8	102299673	102306011	ENSG00000253282	KB-1410C5.3
5	31820671	31820745	ENSG00000252373	RNU6-358P
5	124372524	124377932	ENSG00000250411	RP11-257I8.2
21	45889812	45892399	ENSG00000224747	AP001065.7
5	31822668	31823243	ENSG00000224282	CTD-2290C23.1
10	32272813	32273482	ENSG00000230240	RP11-241I20.1
8	102319595	102319656	ENSG00000239115	RNU7-67P
X	122844694	122844982	ENSG00000264467	RN7SL29P
12	119210837	119212942	ENSG00000255618	RP11-357K6.1
5	124410358	124410673	ENSG00000250194	RP11-257I8.1
2	85687267	85687375	ENSG00000199936	Y_RNA
8	102349724	102349877	ENSG00000271560	KB-1410C5.4
X	100142625	100143579	ENSG00000233680	HNRNPA1P27
X	122899151	122899536	ENSG00000230376	MEMO1P4
6	3905144	3912213	ENSG00000260604	RP1-140K8.5
2	139228226	139231502	ENSG00000230569	AC114763.1
6	170948694	170949624	ENSG00000217874	OR4F7P
X	151128100	151128184	ENSG00000207753	MIR452
5	124443897	124485622	ENSG00000249365	RP11-508M8.1
7	19958604	20180076	ENSG00000243004	AC005062.2
5	85383344	85383665	ENSG00000250359	PTP4A1P4
5	31824686	31824789	ENSG00000238864	snoU13
4	110476326	110476888	ENSG00000249965	CDC42P4
9	122697331	122700110	ENSG00000261432	RP11-360A18.2
Y	17053626	17054595	ENSG00000224518	AC006989.2
6	3914156	3914526	ENSG00000218472	RP1-140K8.2
8	102374022	102384935	ENSG00000228224	NACAP1
X	151213786	151214665	ENSG00000228965	RP11-1007I13.2
5	31832546	31832619	ENSG00000251887	RNU6-760P
4	110594999	110595280	ENSG00000248785	HIGD1AP14
3	138722804	138725110	ENSG00000206260	PRR23A
5	124537581	124538223	ENSG00000248631	RP11-425E13.1
8	11113529	11114112	ENSG00000239315	RPL19P13
5	31840598	31841077	ENSG00000241739	CTD-2290C23.2
6	171004401	171006038	ENSG00000234986	XX-C2158C12.1
12	119256609	119271341	ENSG00000255814	RP11-357K6.2
5	124601221	124601344	ENSG00000250721	HMGB1P22
4	110613160	110613859	ENSG00000273447	AC004067.5
X	122905928	122905989	ENSG00000252178	RNU7-69P
X	151282526	151286444	ENSG00000242520	MAGEA5
6	3922081	3922380	ENSG00000217135	RP1-140K8.3
12	113344582	113369990	ENSG00000089127	OAS1
2	139326660	139332028	ENSG00000241772	AC092620.2
5	124686561	124686824	ENSG00000222107	RN7SKP117
2	34011105	34011205	ENSG00000264267	AC069303.1
X	122918859	122919301	ENSG00000226902	CHCHD2P1
4	110736203	110736566	ENSG00000272795	RP11-602N24.3
5	65502040	65505275	ENSG00000248846	CTD-2016O11.1
2	85718053	85718903	ENSG00000229648	AC016753.7
9	122735372	122736600	ENSG00000225960	RP11-360A18.1
6	3941516	3942035	ENSG00000217566	TDGF1P4
X	100165701	100166478	ENSG00000179031	LL0XNC01-131B10.2
HSCHR6_MHC_SSTO	31676384	31679581	ENSG00000235925	LY6G6C
5	124704261	124704842	ENSG00000249932	RP11-395P13.2
Y	17460542	17567954	ENSG00000234620	HDHD1P1
5	31847377	31848254	ENSG00000243914	RPL5P14
6	110147725	110149988	ENSG00000232311	RP1-249I4.2
8	102378645	102379233	ENSG00000254063	DUXAP2
6	171034285	171037576	ENSG00000213863	XX-C2158C12.2
21	45892778	45893622	ENSG00000223431	MTND6P21
2	139357233	139359996	ENSG00000260059	RP11-231E19.1
4	110800226	110801053	ENSG00000249681	KRT19P3
X	122990912	122991013	ENSG00000199705	Y_RNA
5	65526957	65527060	ENSG00000238400	snoU13
2	34064849	34065745	ENSG00000235064	SLC25A5P2
8	11653082	11696818	ENSG00000079459	FDFT1
8	102399527	102405414	ENSG00000253644	KB-1930G5.3
6	171044839	171045633	ENSG00000230423	XX-C2158C6.1
8	11138873	11140010	ENSG00000249316	CTC-493P15.2
X	123006476	123007782	ENSG00000237331	XIAP-AS1
6	110761202	110761506	ENSG00000241162	RN7SL617P
3	11313995	11599139	ENSG00000197548	ATG7
2	139362080	139370737	ENSG00000237772	AC092620.3
6	3978296	3979333	ENSG00000216657	RP3-406P24.1
5	65594296	65618772	ENSG00000251391	RP11-305P14.1
12	119267486	119267610	ENSG00000199809	RNA5SP374
4	110913481	110913587	ENSG00000207260	RNU6-35P
8	102409863	102410161	ENSG00000239211	RN7SL563P
X	123008309	123008415	ENSG00000252627	RNU6-122P
6	110799110	110800639	ENSG00000260188	CTA-331P3.1
6	135238528	135271260	ENSG00000118514	ALDH8A1
21	45893606	45894980	ENSG00000227999	MTND5P1
9	123007257	123007328	ENSG00000207814	MIR147A
X	100211582	100212528	ENSG00000182574	RP3-341D10.1
17	8706041	8770994	ENSG00000174083	PIK3R6
17	67240452	67323385	ENSG00000154265	ABCA5
2	139621167	139621465	ENSG00000222826	RN7SKP286
5	31880141	31880190	ENSG00000265561	AC025458.1
12	119287159	119346735	ENSG00000256149	RP11-357K6.3
X	123012440	123013146	ENSG00000237025	RP1-315G1.1
4	111038892	111039203	ENSG00000263940	RN7SL275P
8	102424101	102464680	ENSG00000254084	KB-1930G5.4
6	171045261	171046865	ENSG00000225532	XX-C2158C6.3
6	43193367	43197222	ENSG00000112667	DNPH1
6	110883378	110883818	ENSG00000219559	RP11-346C16.4
5	65803372	65807432	ENSG00000250313	RP11-5P22.3
4	111067530	111068404	ENSG00000248200	RP11-115A14.1
6	171054606	171055065	ENSG00000219814	XX-C2158C6.2
5	31908467	31909292	ENSG00000214108	TPT1P5
2	139654721	139655668	ENSG00000229104	YY1P2
8	102473405	102504727	ENSG00000254024	KB-1562D12.1
5	156626253	156651390	ENSG00000253980	CTB-4E7.1
10	23216953	23326518	ENSG00000165309	ARMC3
X	123093083	123095191	ENSG00000232412	RP1-315G1.3
6	4018947	4019436	ENSG00000272248	RP3-406P24.4
4	111173027	111173255	ENSG00000166530	HSBP1P2
8	102540951	102541797	ENSG00000253991	KB-1562D12.2
6	110919296	110919908	ENSG00000270934	RP11-346C16.6
8	11173374	11182938	ENSG00000246477	AF131216.6
X	123267134	123267227	ENSG00000239058	snoU13
5	156662195	156662309	ENSG00000222086	AC010609.1
2	62030278	62030523	ENSG00000227361	RPS24P7
6	4019077	4021449	ENSG00000230648	RP3-406P24.3
6	31633879	31641323	ENSG00000263020	CSNK2B-LY6G5B-1181
5	156687132	156693635	ENSG00000253653	CTC-248O19.1
2	201675317	201688569	ENSG00000082153	BZW1
4	111186021	111186173	ENSG00000250594	RP11-433B3.1
2	34152451	34152539	ENSG00000266861	AC097506.1
17	72690452	72709117	ENSG00000186074	CD300LF
2	62047343	62047701	ENSG00000229831	AC108039.3
6	4076623	4076707	ENSG00000252668	snoU13
6	110966902	110967761	ENSG00000213150	RP11-346C16.2
22	21667209	21669193	ENSG00000237407	KB-1183D5.14
2	34292293	34294617	ENSG00000237790	AC009499.2
4	111199341	111199447	ENSG00000212160	RNU6-205P
8	102574236	102574716	ENSG00000253153	KB-1562D12.3
5	156789623	156887086	ENSG00000251405	CTB-109A12.1
6	111021765	111022103	ENSG00000217041	RP11-346C16.1
6	4135657	4146287	ENSG00000254821	RP3-400B16.4
X	123306851	123308309	ENSG00000237426	ZIK1P1
2	139659003	139660317	ENSG00000232992	AHCYP4
9	123482951	123484250	ENSG00000238181	AHCYP2
5	85578278	85592281	ENSG00000205449	NBPF22P
17	48212951	48223541	ENSG00000236472	AC002401.1
4	111212800	111214729	ENSG00000250304	ZBED1P1
5	65867885	65868374	ENSG00000234838	RP11-5P22.1
7	141427784	141427948	ENSG00000212153	RNU1-82P
22	21695884	21699547	ENSG00000232771	PPP1R26P5
5	31923473	31923638	ENSG00000249774	CTD-2206G10.2
2	62083830	62084190	ENSG00000230702	RP11-681L4.1
7	141487615	141488440	ENSG00000270923	TAS2R6
6	111027565	111028085	ENSG00000219150	RP11-569A2.2
4	111320929	111321667	ENSG00000251464	RPL7L1P13
6	4136306	4157619	ENSG00000234817	RP3-400B16.1
17	48235694	48238637	ENSG00000253730	RP11-893F2.13
21	33964389	33985176	ENSG00000159079	C21orf59
5	65918696	65919005	ENSG00000248803	RP11-287J9.1
22	21724353	21726234	ENSG00000226534	KB-1183D5.16
8	102698775	102701321	ENSG00000253629	KB-1107E3.1
4	111337054	111339660	ENSG00000251046	ZNF969P
7	141501115	141501859	ENSG00000241926	RP5-1154E9.7
17	32687347	32690250	ENSG00000108702	CCL1
2	34608855	34860407	ENSG00000226785	AC073218.1
2	114368079	114384667	ENSG00000240356	RPL23AP7
15	27216429	27778373	ENSG00000182256	GABRG3
19	7694682	7707934	ENSG00000268400	CTD-3214H19.4
8	102859484	102859588	ENSG00000238372	snoU13
2	62095567	62113217	ENSG00000236498	AC107081.5
7	141502282	141503287	ENSG00000224354	MTND2P5
22	17597189	17602257	ENSG00000183307	CECR6
4	111354265	111354344	ENSG00000199894	snoU2_19
8	11197146	11225961	ENSG00000154316	TDH
8	103137660	103137743	ENSG00000266756	MIR5680
22	21743480	21743780	ENSG00000200057	RN7SKP63
5	31936208	31936265	ENSG00000266243	MIR4279
6	111043453	111043551	ENSG00000200522	RNU6-957P
22	21743917	21743999	ENSG00000252314	SCARNA18
4	111433644	111440661	ENSG00000250511	RP11-380D23.1
6	4186858	4188343	ENSG00000237716	RP3-400B16.3
8	103166778	103166953	ENSG00000254492	KB-1073A2.1
2	140123735	140136717	ENSG00000226939	AC062021.1
5	65958159	65958816	ENSG00000249057	MAST4-IT1
6	111169749	111169876	ENSG00000212587	SNORA40
2	34628731	34628824	ENSG00000212025	AC011748.1
22	21744085	21744227	ENSG00000252020	SCARNA17
6	4189350	4190040	ENSG00000216307	RP3-400B16.2
22	21765339	21765415	ENSG00000252402	snoU13
6	111177620	111177725	ENSG00000199360	RNU6-1115P
5	66297211	66299781	ENSG00000229666	MAST4-AS1
10	90639491	90734910	ENSG00000138134	STAMBPL1
2	140227345	140235317	ENSG00000229131	AC016710.1
8	103251622	103265561	ENSG00000246263	KB-431C1.4
6	4345977	4347271	ENSG00000231811	RP3-527G5.1
6	111179442	111180350	ENSG00000213149	CNN2P9
16	64043	69452	ENSG00000234769	WASH4P
6	31637944	31641553	ENSG00000240053	LY6G5B
4	111516671	111536614	ENSG00000250103	RP11-380D23.2
11	125128522	125136694	ENSG00000254932	RP11-687M24.8
8	141667999	142012315	ENSG00000169398	PTK2
16	68679283	68680071	ENSG00000260577	RP11-615I2.2
2	34902646	34963298	ENSG00000228262	AC073218.2
19	12907637	12912663	ENSG00000267062	CTD-2659N19.10
2	140268994	140269125	ENSG00000206901	SNORA72
11	48366900	48373999	ENSG00000197161	OR4C4P
3	168006341	168009016	ENSG00000241882	RP11-637O11.2
6	4428197	4428315	ENSG00000201185	RNA5SP202
11	125147448	125147553	ENSG00000222844	RNU6-321P
2	140426116	140426874	ENSG00000235232	MRPS18BP2
15	65107831	65117867	ENSG00000140451	PIF1
16	68684959	68685851	ENSG00000260860	RP11-615I2.3
2	62296582	62374016	ENSG00000229839	AC018462.2
6	4492041	4496003	ENSG00000260239	RP11-274H24.1
3	168192986	168193176	ENSG00000222357	RNU2-20P
19	12936525	12943797	ENSG00000267424	CTD-2265O21.3
22	17602476	17612994	ENSG00000235478	AC006946.15
4	111715559	111718500	ENSG00000249519	RP11-777N19.1
11	125440180	125462473	ENSG00000254671	STT3A-AS1
3	168269642	168269737	ENSG00000207717	MIR551B
6	40681150	40683102	ENSG00000237947	RP11-570K4.1
4	154622652	154626851	ENSG00000137462	TLR2
2	85759467	85759749	ENSG00000266577	RN7SL830P
6	111185063	111185654	ENSG00000271607	RP3-418A9.3
11	65358665	65359947	ENSG00000269018	AP001362.1
2	140490277	140490851	ENSG00000228374	AC012497.2
16	68720302	68720573	ENSG00000261395	HSPE1P5
19	12983475	12983544	ENSG00000265759	AC020934.1
3	160801671	160823172	ENSG00000169255	B3GALNT1
HSCHR6_MHC_QBL	33188277	33196019	ENSG00000206282	RGL2
6	36210980	36276372	ENSG00000180316	PNPLA1
3	168384347	168385211	ENSG00000226765	RP11-694D5.1
7	107663993	107770801	ENSG00000091128	LAMB4
4	111774532	111774626	ENSG00000251808	AC024198.1
HSCHR1_1_CTG31	153673135	153673430	ENSG00000264632	Metazoa_SRP
X	49767754	49767844	ENSG00000207758	MIR532
10	32281018	32281309	ENSG00000239731	RN7SL825P
4	111781738	111781803	ENSG00000215961	MIR297
17	32901142	32906388	ENSG00000197322	C17orf102
19	12991783	12994902	ENSG00000267735	CTD-2265O21.7
3	168576447	168576918	ENSG00000231688	RPL21P43
6	4529956	4530242	ENSG00000270695	RP1-21P18.1
X	49768109	49768194	ENSG00000207768	MIR188
19	40170014	40177013	ENSG00000226025	LGALS17A
HSCHR1_1_CTG31	153686309	153687353	ENSG00000262767	RP11-216N14.1
10	32345674	32345767	ENSG00000206660	Y_RNA
2	85794787	85795083	ENSG00000266536	RN7SL126P
5	32103551	32122047	ENSG00000250764	CTD-2152M20.2
11	48441762	48442825	ENSG00000182565	OR4C2P
11	125444615	125444714	ENSG00000222297	RNU6-1156P
16	31278758	31278812	ENSG00000252876	RNU7-199P
11	2349979	2399222	ENSG00000238184	CD81-AS1
4	111866265	111866955	ENSG00000251483	LYPLA1P2
X	49771262	49771344	ENSG00000265152	AF222686.1
2	85913176	85914170	ENSG00000203363	AC012454.4
16	68776383	68776491	ENSG00000200558	RNA5SP429
6	4599521	4602654	ENSG00000260673	RP4-529N6.2
6	111244769	111245310	ENSG00000219329	RP11-397G5.2
10	32391450	32392221	ENSG00000234335	RPS4XP11
11	125519641	125519782	ENSG00000252255	RNU2-35P
3	168621154	168639784	ENSG00000242268	RP11-368I23.2
17	28190420	28193110	ENSG00000263477	RP11-338L22.2
19	13004947	13005694	ENSG00000240616	AD000092.3
X	49773039	49773122	ENSG00000207785	MIR500A
16	68848233	68857429	ENSG00000260798	RP11-354M1.2
3	138724648	139076065	ENSG00000175110	MRPS22
16	31372599	31373016	ENSG00000261245	RP11-120K18.3
HSCHR1_1_CTG31	153693804	153694099	ENSG00000266380	Metazoa_SRP
8	103254268	103254847	ENSG00000253328	SUMO2P19
11	125742926	125744423	ENSG00000260209	RP11-680F20.10
6	111284669	111284772	ENSG00000238775	snoU13
6	146348782	146758734	ENSG00000152822	GRM1
6	4610890	4611538	ENSG00000205444	RP4-529N6.1
2	140582465	140583446	ENSG00000223554	AC078851.1
5	32134844	32134940	ENSG00000200065	Y_RNA
4	111984739	111985383	ENSG00000251312	AC004062.2
X	49773572	49773636	ENSG00000208015	MIR362
5	66475441	66476415	ENSG00000270107	CTD-2306M10.1
HSCHR1_1_CTG31	153706999	153708022	ENSG00000262994	RP11-216N14.10
6	111290976	111291075	ENSG00000266032	AL357515.1
16	68856490	68856973	ENSG00000260459	FTLP14
5	133541305	133706738	ENSG00000006837	CDKL3
6	41068761	41108571	ENSG00000161912	ADCY10P1
11	48453769	48454699	ENSG00000184789	OR4C10P
11	76405087	76418685	ENSG00000204529	GUCY2EP
22	21820712	21825558	ENSG00000206140	TMEM191C
5	32174577	32175378	ENSG00000272086	CTD-2186M15.3
2	140584261	140584350	ENSG00000221074	AC078851.2
11	2356362	2357006	ENSG00000236264	RPL26P30
6	111329473	111329579	ENSG00000207431	RNU6-906P
X	49774330	49774413	ENSG00000211538	MIR501
7	99245817	99277621	ENSG00000106258	CYP3A5
4	112252568	112252674	ENSG00000200963	RNU6-289P
4	148653214	148993931	ENSG00000071205	ARHGAP10
2	140740253	140740553	ENSG00000240977	RN7SL283P
11	125773142	125808811	ENSG00000255027	RP11-680F20.9
6	111368071	111368724	ENSG00000218803	GSTM2P1
HSCHR1_1_CTG31	153715959	153716060	ENSG00000262469	Y_RNA
X	49775279	49775357	ENSG00000239057	MIR500B
6	4643996	4644088	ENSG00000238801	snoU13
4	112473010	112473329	ENSG00000241722	RP11-255I10.1
Y	28344478	28354295	ENSG00000235014	REREP2Y
11	48485605	48486529	ENSG00000254925	OR4C9P
2	140861152	140889349	ENSG00000224028	AC073928.2
HSCHR1_1_CTG31	153736558	153740934	ENSG00000263130	RP11-216N14.8
6	4702697	4704013	ENSG00000217385	PSMC1P11
11	104813593	104840163	ENSG00000196954	CASP4
X	49777849	49777945	ENSG00000207970	MIR660
5	32222038	32222453	ENSG00000230829	CTD-2186M15.1
11	8968841	8986558	ENSG00000175348	TMEM9B
16	68919479	68919580	ENSG00000199979	Y_RNA
HSCHR1_1_CTG31	153740690	153741883	ENSG00000263275	RP11-216N14.9
Y	28390498	28390720	ENSG00000225876	AC024067.1
19	18390563	18392432	ENSG00000130522	JUND
17	37356536	37360980	ENSG00000108298	RPL19
X	49779206	49779291	ENSG00000272080	MIR502
HSCHR1_1_CTG31	153743831	153743934	ENSG00000262698	snoU13
16	68961450	68982164	ENSG00000260999	RP11-521L9.1
5	85630842	85631626	ENSG00000248195	CTC-261N6.3
2	140974566	140974808	ENSG00000227149	AC092156.3
11	125797011	125798724	ENSG00000263906	RP11-680F20.11
11	48507915	48508377	ENSG00000255215	OR4R1P
16	31413886	31416020	ENSG00000260757	RP11-120K18.2
Y	28393531	28393668	ENSG00000251796	SNORA70
11	2393868	2393980	ENSG00000199550	Y_RNA
HSCHR1_1_CTG31	153775427	153775528	ENSG00000262710	Y_RNA
X	49920807	49921019	ENSG00000181977	PYY3
4	112561651	112569964	ENSG00000248656	RP11-255I10.2
11	65360326	65363467	ENSG00000173338	KCNK7
16	68967723	68971628	ENSG00000266801	RP11-521L9.2
11	125809107	125813597	ENSG00000255124	RP11-680F20.5
17	32907768	32966337	ENSG00000181291	TMEM132E
11	2425745	2429138	ENSG00000230483	AC124057.5
6	4774760	4775642	ENSG00000236336	RP3-430A16.1
3	168645263	168645707	ENSG00000272797	RP11-368I23.3
2	140975220	140977937	ENSG00000231567	MTND2P19
HSCHR1_1_CTG31	153784880	153791798	ENSG00000262299	RP11-216N14.5
19	13031134	13031218	ENSG00000266721	MIR5695
6	111412416	111412535	ENSG00000200926	RNU6-960P
Y	28424070	28500565	ENSG00000229238	PPP1R12BP1
X	49935841	49935941	ENSG00000202495	Y_RNA
11	48513578	48513968	ENSG00000255113	OR4A48P
2	85955317	85955460	ENSG00000199687	RNU1-38P
16	69040955	69041058	ENSG00000202497	RNU6-898P
5	32234872	32234981	ENSG00000199731	RNU6-1079P
3	168645957	168646386	ENSG00000273177	RP11-368I23.4
4	112723957	112761042	ENSG00000250855	RP11-269F21.1
6	111548950	111580237	ENSG00000231046	RP11-428F8.2
19	13041336	13044110	ENSG00000266975	CTC-425F1.2
16	69059763	69060546	ENSG00000271129	RP11-123C5.5
19	41307202	41404187	ENSG00000268797	CTC-490E21.12
5	32309768	32309874	ENSG00000207052	RNU6-378P
6	4979306	4979728	ENSG00000217030	RP11-428J1.2
3	168720862	168723254	ENSG00000241383	RP11-152C17.1
4	112725574	112730850	ENSG00000248432	RP11-269F21.2
11	48517900	48518832	ENSG00000255304	OR4A46P
5	32379513	32379573	ENSG00000222961	AC008949.1
11	57508825	57510986	ENSG00000211450	C11orf31
19	13054932	13055301	ENSG00000267458	CTC-425F1.4
HSCHR1_1_CTG31	153841813	153843121	ENSG00000262025	RP11-216N14.7
6	111599135	111599945	ENSG00000230177	RP5-1112D6.4
2	86042253	86052514	ENSG00000229498	AC105053.3
16	69067578	69069945	ENSG00000244378	RPS2P45
4	112748037	112993854	ENSG00000249815	RP11-269F21.3
11	125810391	125811088	ENSG00000254790	RP11-680F20.4
2	140978153	140979054	ENSG00000223921	MTND1P27
8	30611753	30612056	ENSG00000271081	RP11-465K4.4
16	31460856	31464814	ENSG00000261474	RP11-452L6.1
2	34917357	34928447	ENSG00000272027	RP11-529E15.1
3	169165655	169194840	ENSG00000241479	RP11-641D5.2
4	112989166	112989682	ENSG00000250556	CCDC34P1
19	13069669	13069761	ENSG00000222492	AC092069.1
12	54673977	54680872	ENSG00000135486	HNRNPA1
6	137464968	137494785	ENSG00000164485	IL22RA2
8	30778576	30778851	ENSG00000253204	RP5-1009N12.1
16	31468032	31471057	ENSG00000260267	RP11-452L6.5
2	141440929	141441457	ENSG00000236440	AC117947.1
6	5030206	5043683	ENSG00000272142	RP11-428J1.5
6	111618329	111619713	ENSG00000271789	RP5-1112D6.7
5	32394484	32394581	ENSG00000207956	MIR579
11	48533825	48534772	ENSG00000254832	OR4A40P
19	13124476	13125325	ENSG00000267417	CTC-239J10.1
11	125820011	125826214	ENSG00000254967	RP11-680F20.6
16	69209574	69209680	ENSG00000207083	RNU6-22P
X	123331593	123331699	ENSG00000252693	SNORA40
4	112998754	112999556	ENSG00000250307	TUBB8P3
5	32522864	32523971	ENSG00000249142	CTD-2290P7.1
16	69225026	69225126	ENSG00000200164	Y_RNA
X	1581465	1656000	ENSG00000182162	P2RY8
8	30840975	30841837	ENSG00000253793	RP11-293D9.2
6	111630406	111634720	ENSG00000272356	RP5-1112D6.8
19	13180610	13182188	ENSG00000267610	AC007787.2
16	69274452	69275832	ENSG00000265113	RP11-70O5.2
9	123555829	123561848	ENSG00000214654	RP11-27I1.4
4	154631277	154681387	ENSG00000145428	RNF175
5	85649621	85664672	ENSG00000248363	CTC-261N6.1
13	25254549	25285921	ENSG00000075673	ATP12A
19	13242385	13243224	ENSG00000266897	AC005546.2
2	141655992	141656675	ENSG00000238065	AC010740.1
6	111674905	111675386	ENSG00000220392	FCF1P5
11	48547616	48548523	ENSG00000255534	OR4A43P
3	171318195	171528740	ENSG00000075651	PLD1
11	76423440	76430652	ENSG00000254761	RP11-672A2.1
16	69477143	69478193	ENSG00000261527	RP11-343C2.10
2	34960042	34962185	ENSG00000232153	AC073218.3
17	79349801	79359160	ENSG00000262223	RP11-1055B8.3
2	175260458	175294303	ENSG00000144306	SCRN3
5	32646670	32652082	ENSG00000250885	CTD-2004A9.1
2	141750112	141750228	ENSG00000201892	Y_RNA
16	69497747	69500167	ENSG00000260108	RP11-140H17.1
11	76470960	76479267	ENSG00000254632	RP11-21L23.4
HSCHR6_MHC_SSTO	31684774	31688353	ENSG00000228128	DDAH2
X	123338349	123339656	ENSG00000234564	HSPA8P20
X	50108408	50213737	ENSG00000204466	DGKK
6	111681844	111682810	ENSG00000229276	REV3L-IT1
2	141924826	141924926	ENSG00000252015	RNU6-904P
6	5031990	5054657	ENSG00000271978	RP11-428J1.4
2	119599747	119605254	ENSG00000163064	EN1
11	48600988	48601888	ENSG00000213607	OR4A45P
6	111751463	111752984	ENSG00000218676	BRD7P4
16	69599711	69599771	ENSG00000223109	MIR1538
19	40175884	40185217	ENSG00000269460	AC093063.3
2	141965651	141965945	ENSG00000233329	AC068287.1
21	45905460	45910171	ENSG00000228709	AP001065.15
6	5045818	5046335	ENSG00000252419	RMRPP2
2	86047558	86047735	ENSG00000252321	RN7SKP83
11	76493625	76494106	ENSG00000255100	RP11-21L23.3
19	18417040	18434084	ENSG00000130520	LSM4
16	69736968	69738555	ENSG00000260772	RP11-311C24.1
19	41349443	41356352	ENSG00000255974	CYP2A6
19	40184565	40186898	ENSG00000268088	AC093063.2
16	69742475	69742578	ENSG00000238683	snoU13
X	100298553	100349465	ENSG00000225839	TRMT2B-AS1
9	123574753	123575123	ENSG00000270917	RP11-27I1.6
6	5066029	5067216	ENSG00000220685	RP11-530A18.1
2	35024917	35410755	ENSG00000226994	AC012593.1
11	48611312	48612239	ENSG00000255297	OR4A41P
21	45926690	45935738	ENSG00000235890	TSPEAR-AS1
16	69743777	69744486	ENSG00000261602	CTD-2033A16.1
X	100446104	100446398	ENSG00000231643	GHc-210E9.2
2	142396413	142396532	ENSG00000265224	AC012353.1
4	113037666	113038059	ENSG00000240459	RP11-477G18.1
19	40188544	40188713	ENSG00000240320	AC006133.3
2	86116403	86118103	ENSG00000232504	AC105053.4
2	142754946	142755056	ENSG00000266259	AC012003.1
16	69760916	69776466	ENSG00000262136	CTD-2033A16.3
HG1308_PATCH	130146082	130332402	ENSG00000266779	COPG2
11	76511408	76515599	ENSG00000261578	RP11-21L23.2
2	142888747	142895399	ENSG00000244125	AC078882.1
17	79091095	79139877	ENSG00000181409	AATK
11	48631615	48632552	ENSG00000254674	OR4A42P
19	40325098	40337054	ENSG00000105202	FBL
6	5148467	5148556	ENSG00000265083	MIR3691
11	76589276	76589362	ENSG00000212030	AP002498.1
11	2949503	2950685	ENSG00000181649	PHLDA2
2	143070509	143070577	ENSG00000239131	AC016706.1
6	111804714	111919505	ENSG00000231889	TRAF3IP2-AS1
11	76666461	76689663	ENSG00000254988	CTD-2547H18.1
6	5224961	5225030	ENSG00000264541	AL162381.1
11	48649098	48650045	ENSG00000255053	OR4A44P
2	143300987	143301544	ENSG00000228134	AC092578.1
19	40448563	40449634	ENSG00000187534	CTC-471F3.4
5	85676478	85677244	ENSG00000250124	CTC-261N6.2
5	32781644	32781745	ENSG00000272174	AC026703.2
1	50902700	50902978	ENSG00000271782	RP5-850O15.4
6	5291263	5291621	ENSG00000220446	RP3-520B18.1
11	77024651	77025077	ENSG00000224829	CTD-2589O24.1
5	32888096	32888251	ENSG00000251062	CTD-2218G20.1
5	85698283	85698778	ENSG00000251585	CTD-2299E8.1
1	103817769	103828355	ENSG00000232753	RP11-347K2.1
2	143611664	143613567	ENSG00000229781	AC013444.1
21	46020522	46021649	ENSG00000256212	AL773602.1
1	50927141	50936822	ENSG00000225767	RP5-850O15.3
6	5451916	5458308	ENSG00000269985	RP1-232P20.1
6	41176292	41190382	ENSG00000184106	TREML3P
11	62931248	62997124	ENSG00000196600	SLC22A25
7	20042346	20042909	ENSG00000213860	RPL21P75
1	50965430	50965529	ENSG00000202140	Y_RNA
11	77277979	77278039	ENSG00000238880	RNU7-59P
2	143704869	143705655	ENSG00000270390	RP11-470B22.1
5	32925745	33298016	ENSG00000250697	CTD-2066L21.3
16	28857921	28885526	ENSG00000178188	SH2B1
1	51048076	51048183	ENSG00000207194	RNU6-1026P
11	77306156	77306224	ENSG00000271767	AP002789.1
19	40497851	40497946	ENSG00000221233	AC007842.1
2	143763269	143763360	ENSG00000221169	AC013444.2
12	125549925	125627873	ENSG00000081760	AACS
11	48901663	48906789	ENSG00000255551	RP11-56P9.5
6	150070579	150132556	ENSG00000120265	PCMT1
11	77402695	77402796	ENSG00000206816	Y_RNA
1	51215968	51216025	ENSG00000252825	RNU6-1253P
19	40526292	40526948	ENSG00000268166	CTC-471F3.6
1	45959538	45965751	ENSG00000236624	CCDC163P
2	143850625	143851733	ENSG00000224288	AC013437.2
2	86131402	86131850	ENSG00000272564	RP11-548P2.2
11	77428757	77429456	ENSG00000254985	RSF1-IT2
7	20135760	20170098	ENSG00000267055	RP11-486P11.1
19	40529291	40531409	ENSG00000269069	CTC-471F3.5
1	51246012	51246822	ENSG00000230585	PHBP12
11	48903275	48923733	ENSG00000254728	RP11-56P9.10
HSCHR6_MHC_QBL	32218297	32297155	ENSG00000206310	C6orf10
1	103820969	103835986	ENSG00000234037	RP11-347K2.2
7	20181539	20193154	ENSG00000228598	MACC1-AS1
5	32947549	32962573	ENSG00000248279	CTD-2218G20.2
11	77445520	77446071	ENSG00000227376	FTH1P16
6	99845927	99873207	ENSG00000132424	PNISR
9	123587106	123616651	ENSG00000226752	PSMD5-AS1
2	143851802	143852284	ENSG00000226839	MTND6P11
12	117645947	117889975	ENSG00000089250	NOS1
5	85916323	85916385	ENSG00000199262	MIR3607
2	143852358	143854124	ENSG00000224852	MTND5P24
4	141541919	141677274	ENSG00000109436	TBC1D9
19	40554664	40596832	ENSG00000269749	AC005614.5
16	69790439	69791840	ENSG00000260290	CTD-2033A16.2
X	1710486	1721407	ENSG00000197976	AKAP17A
21	46095785	46098003	ENSG00000229880	IMMTP1
2	86362993	86363129	ENSG00000208772	SNORD94
16	96407	103628	ENSG00000161980	POLR3K
7	20257200	20261323	ENSG00000233834	AC005083.1
1	103957501	103968087	ENSG00000230759	RP11-153F1.2
6	5609460	5610428	ENSG00000218574	HNRNPA1P37
6	41207258	41207364	ENSG00000212176	RNA5SP207
6	41215107	41217387	ENSG00000225690	TREML5P
19	40596661	40600313	ENSG00000269296	AC005614.3
2	143854408	143855576	ENSG00000232772	MTND4P22
1	51312140	51312509	ENSG00000237130	MRPS6P2
11	48914808	48920255	ENSG00000254920	RP11-56P9.6
19	55361898	55378662	ENSG00000240403	KIR3DL2
5	33009100	33025830	ENSG00000249102	CTD-2066L21.1
8	30989055	30989318	ENSG00000253579	SUMO2P16
16	69814940	69815031	ENSG00000252670	Y_RNA
19	40627218	40628075	ENSG00000230086	VN1R96P
21	46122136	46122706	ENSG00000236382	KRTAP10-13P
6	41237613	41237977	ENSG00000218809	RP1-229K20.5
16	69819897	69820016	ENSG00000252443	SNORA62
15	92937058	93011958	ENSG00000140557	ST8SIA2
5	85958961	85959067	ENSG00000207013	RNU6-804P
1	51525509	51525577	ENSG00000265538	MIR4421
6	41270204	41270310	ENSG00000206745	RNU6-643P
1	13162645	13165443	ENSG00000229978	RP13-221M14.3
5	33011428	33017713	ENSG00000251281	CTD-2066L21.2
Y	17659096	17705211	ENSG00000227166	STSP1
16	69966984	69967083	ENSG00000208017	MIR140
2	86387079	86387189	ENSG00000200241	Y_RNA
19	40710019	40710106	ENSG00000221051	AC118344.1
1	51572894	51573003	ENSG00000200262	Y_RNA
6	41275904	41276303	ENSG00000213461	RP13-235E23.1
19	40779396	40781386	ENSG00000205041	CTC-425O23.2
17	48240884	48242677	ENSG00000261959	RP11-893F2.14
1	51623460	51624143	ENSG00000213478	CFL1P2
11	48928655	48930498	ENSG00000255527	RP11-56P9.4
5	33090232	33090455	ENSG00000250672	CTD-2017D15.1
1	103960701	104068105	ENSG00000224613	RP11-153F1.1
8	31024594	31034683	ENSG00000253961	RP11-363L24.3
21	46222492	46224632	ENSG00000236519	AL773604.8
6	5665218	5695505	ENSG00000270174	RP1-256G22.2
6	41323187	41323246	ENSG00000238867	AL136967.1
15	93608815	93609835	ENSG00000258611	RP11-368J22.2
17	48248789	48258539	ENSG00000188662	HILS1
2	35034320	35034623	ENSG00000264352	RN7SL602P
6	111816194	111816916	ENSG00000220506	RP3-415N12.1
5	86042635	86045589	ENSG00000250544	CTC-493L21.1
1	51654135	51654223	ENSG00000239101	AL162430.2
19	40788450	40788548	ENSG00000207631	MIR641
2	35223345	35225227	ENSG00000237320	AC019064.1
6	5788579	5788932	ENSG00000217239	RP1-182O16.1
15	93800427	93803704	ENSG00000258888	RP11-326A13.1
1	51656555	51656630	ENSG00000221492	AL162430.1
6	41462591	41516359	ENSG00000234753	RP11-328M4.2
2	143855692	143855986	ENSG00000236300	AC013437.4
6	111921078	111923498	ENSG00000255389	C6orf3
19	40805385	40805491	ENSG00000206674	RNU6-945P
8	31077410	31078500	ENSG00000229211	RP11-363L24.2
1	13171871	13173157	ENSG00000236179	RP13-221M14.4
16	31498691	31499813	ENSG00000260740	AC026471.6
1	51660767	51700768	ENSG00000203356	RP11-296A18.3
11	48967246	48973447	ENSG00000249910	TRIM51CP
19	40844966	40845071	ENSG00000207281	Y_RNA
15	93829464	93829552	ENSG00000212063	AC112693.1
1	104066184	104066501	ENSG00000222069	RN7SKP285
1	51696925	51697028	ENSG00000238618	snoU13
19	40848236	40848348	ENSG00000206925	Y_RNA
16	31519792	31520569	ENSG00000260625	RP11-452L6.7
6	5817654	5818599	ENSG00000216360	RP1-182O16.2
2	143856053	143856398	ENSG00000227557	MTND3P9
15	93844645	93844876	ENSG00000258971	RP11-326A13.3
5	33162285	33162913	ENSG00000240376	RP11-36C20.1
6	111967530	111967630	ENSG00000239015	snoU13
8	31133112	31241795	ENSG00000253377	RP11-566H8.3
21	46340966	46349593	ENSG00000227039	ITGB2-AS1
1	104112175	104113296	ENSG00000236085	ACTG1P4
19	40949343	40949994	ENSG00000268366	CTC-492K19.4
2	143856467	143857502	ENSG00000225476	AC013437.6
1	51716270	51717144	ENSG00000233406	RP11-296A18.5
6	112221692	112223054	ENSG00000227012	RP1-97J1.2
5	33229841	33255659	ENSG00000251443	RP11-113I22.1
19	41112673	41112955	ENSG00000266164	RN7SL758P
1	13182960	13184326	ENSG00000179412	HNRNPCP5
8	31196713	31203995	ENSG00000254095	RP11-566H8.2
11	48981480	48983362	ENSG00000254517	RP11-56P9.8
2	86420149	86420231	ENSG00000265420	MIR4779
17	48286333	48291820	ENSG00000249406	RP11-893F2.5
19	41213960	41214068	ENSG00000223284	RNU6-195P
1	44457031	44462200	ENSG00000159214	CCDC24
6	5851739	5870453	ENSG00000233064	RP3-380B8.4
14	89821404	89822915	ENSG00000258699	RP11-356K23.2
16	31558019	31558558	ENSG00000261648	CTD-2014E2.2
6	112475967	112487670	ENSG00000237234	RP1-142L7.5
2	35444443	35444670	ENSG00000196085	AC013442.1
19	41314430	41317295	ENSG00000233622	CYP2T2P
12	119326239	119326369	ENSG00000201042	SNORA38
16	70010200	70099851	ENSG00000196696	PDXDC2P
15	93855786	94112712	ENSG00000257060	RP11-266O8.1
16	31558126	31559058	ENSG00000213547	VN1R64P
14	89866339	89875813	ENSG00000258380	RP11-33N16.2
17	48290294	48292718	ENSG00000263176	RP11-893F2.15
2	143858499	143858924	ENSG00000231766	AC013437.7
2	35696471	35696552	ENSG00000265301	MIR548AD
5	125695824	125832186	ENSG00000155324	GRAMD3
16	31560464	31564888	ENSG00000261475	CTD-2014E2.6
2	86422713	86423172	ENSG00000273080	RP11-301O19.1
X	123414380	123415272	ENSG00000232054	NPM1P34
6	5918793	5919077	ENSG00000239472	RN7SL221P
6	26383324	26395102	ENSG00000124508	BTN2A2
17	48292055	48292781	ENSG00000251085	RP11-893F2.6
5	33424131	33440725	ENSG00000249572	CTD-2203K17.1
1	13196270	13199067	ENSG00000224199	WI2-2994D6.1
4	113092371	113092683	ENSG00000243280	RP11-477G18.2
9	5765076	5833117	ENSG00000099219	ERMP1
19	41324626	41332677	ENSG00000237118	CYP2F2P
7	142919130	142920162	ENSG00000221937	TAS2R40
2	86574185	86574318	ENSG00000202537	U8
6	112517642	112517748	ENSG00000207044	RNU6-1226P
6	5972645	5974245	ENSG00000215057	PKMP5
1	104210693	104210890	ENSG00000234441	RP5-1108M17.5
2	35696671	35696774	ENSG00000207255	RNU6-1117P
2	143919647	143929741	ENSG00000257284	RP11-190J23.1
6	112538841	112540771	ENSG00000270661	RP1-142L7.9
17	48313206	48313490	ENSG00000249838	SUMO2P7
2	86591259	86591388	ENSG00000251974	SNORA19
5	33502177	33503240	ENSG00000249360	CTD-2233C11.3
1	148555979	148596267	ENSG00000243452	NBPF15
6	41470182	41487590	ENSG00000226917	RP11-328M4.3
6	112555366	112555959	ENSG00000271208	RP1-142L7.8
1	51730588	51731746	ENSG00000236434	RP11-296A18.6
16	103010	107669	ENSG00000161981	SNRNP25
1	104256345	104262493	ENSG00000227408	AMYP1
19	41337126	41343115	ENSG00000269843	CTC-490E21.10
17	48322257	48322365	ENSG00000239135	snoU13
5	86093502	86096097	ENSG00000248701	CTC-493L21.2
2	144052990	144238358	ENSG00000228655	AC096558.1
4	113150717	113152752	ENSG00000260526	RP11-73K9.2
17	48358938	48365216	ENSG00000251179	RP11-893F2.9
1	51795326	51800996	ENSG00000261664	RP11-275F13.1
2	35696782	35696907	ENSG00000229013	AC083939.1
17	45726842	45762871	ENSG00000108424	KPNB1
6	41566461	41566526	ENSG00000266494	MIR4641
1	43232940	43263968	ENSG00000164008	C1orf50
5	66563850	66566010	ENSG00000251206	CTD-2187J20.1
2	86742327	86742431	ENSG00000200563	RNU6-640P
14	89878656	90421003	ENSG00000259053	RP11-33N16.3
8	31354939	31356128	ENSG00000253275	RP11-566H8.1
6	41634644	41635387	ENSG00000230913	NPM1P51
6	112557294	112671296	ENSG00000226440	RP11-506B6.6
19	41396731	41406413	ENSG00000130612	CYP2G1P
12	92562176	92562653	ENSG00000239201	RPL21P106
19	46498339	46524576	ENSG00000104983	CCDC61
1	13351482	13354323	ENSG00000233394	RP11-248D7.2
2	62373548	62374288	ENSG00000242735	AC018462.3
5	33519721	33522335	ENSG00000250583	CTD-2233C11.2
4	113194124	113194472	ENSG00000272567	RP11-73K9.3
8	31455615	31455720	ENSG00000222468	RNA5SP261
1	51837942	51838896	ENSG00000232027	RP11-275F13.3
6	24705089	24721064	ENSG00000112308	C6orf62
15	93960079	93965805	ENSG00000258909	RP11-164C12.2
9	123965437	123965712	ENSG00000243738	RN7SL181P
11	65365226	65382853	ENSG00000173327	MAP3K11
22	21827289	21871822	ENSG00000183506	PI4KAP2
2	86789193	86845889	ENSG00000228363	AC015971.2
2	144053155	144329674	ENSG00000257640	RP11-570L15.2
7	142919163	142919360	ENSG00000268170	AC073342.1
12	92564129	92564229	ENSG00000199895	Y_RNA
6	6046676	6046777	ENSG00000264121	AL157775.1
4	113195228	113195309	ENSG00000222306	Y_RNA
X	123460025	123460108	ENSG00000226532	RP5-1052M9.1
10	124608594	124639157	ENSG00000213185	FAM24B
12	92815307	92877456	ENSG00000266923	RP11-693J15.4
6	6169567	6169642	ENSG00000263572	MIR5683
14	89883698	89886137	ENSG00000258920	FOXN3-AS1
4	113277291	113280975	ENSG00000251441	RTEL1P1
2	144276436	144355571	ENSG00000258268	RP11-570L15.1
1	156499122	156499221	ENSG00000238843	snoU13
4	55087293	55087639	ENSG00000242670	RP11-601I15.1
2	35949825	35950208	ENSG00000234587	MRPL50P1
8	31883735	31996991	ENSG00000253974	NRG1-IT1
8	103268620	103270049	ENSG00000272037	KB-431C1.5
9	124000395	124002367	ENSG00000214651	RP11-477J21.2
12	92860227	92885867	ENSG00000205056	RP11-693J15.5
1	156557648	156557747	ENSG00000265960	AL365181.1
15	93973888	93974446	ENSG00000258787	RP11-164C12.1
5	66675206	67101066	ENSG00000249364	RP11-434D9.1
4	55199059	55222121	ENSG00000248184	RP11-231C18.1
1	104469189	104470428	ENSG00000225191	RP11-97C18.1
8	103400754	103400863	ENSG00000238533	snoU13
2	144398325	144413748	ENSG00000231758	AC092652.1
11	1151580	1222364	ENSG00000215182	MUC5AC
1	156584534	156585080	ENSG00000272971	RP11-284F21.11
2	36526531	36526973	ENSG00000233752	AC009414.1
19	18451397	18480760	ENSG00000130517	PGPEP1
8	103430207	103431181	ENSG00000253923	KB-1980E6.2
1	51847980	51848086	ENSG00000206595	RNU6-877P
4	55242169	55242919	ENSG00000248518	RP11-231C18.2
6	6346698	6623004	ENSG00000216863	LY86-AS1
5	33888161	33888267	ENSG00000201623	RNU6-923P
1	13379149	13381237	ENSG00000231219	RP11-219C24.8
6	112646955	112647951	ENSG00000216663	RP11-506B6.5
1	51927393	51929088	ENSG00000238140	RP11-253A20.1
6	41688134	41701770	ENSG00000231102	RP11-298J23.5
15	94133096	94304028	ENSG00000258631	RP11-739G5.1
2	36581892	36582257	ENSG00000260025	RP11-490M8.1
1	156607575	156610796	ENSG00000272068	RP11-284F21.9
8	103433425	103433550	ENSG00000221387	RNU6ATAC8P
2	144433734	144498863	ENSG00000257277	RP11-434H14.1
4	55306669	55312890	ENSG00000251264	RP11-545H22.1
6	41732030	41732198	ENSG00000269387	RP11-298J23.8
6	112677043	112677916	ENSG00000219773	RP11-506B6.3
8	103463991	103464711	ENSG00000271612	HSPE1P14
1	51983981	52027301	ENSG00000227070	RP11-191G24.1
X	123466768	123467226	ENSG00000229825	RP5-1052M9.4
6	41759148	41759215	ENSG00000268745	RP11-298J23.9
5	33970968	33972733	ENSG00000250914	RP11-1084J3.1
9	124042141	124045008	ENSG00000239593	RP11-477J21.6
X	123822354	123822688	ENSG00000236880	RP3-384D21.2
2	144524189	144533642	ENSG00000257226	CTD-2252P21.1
8	103515981	103516365	ENSG00000240724	RPS12P15
6	41800592	41800731	ENSG00000206977	SNORA8
1	13384735	13384841	ENSG00000207511	RNU6-771P
2	44395108	44471523	ENSG00000138032	PPM1B
1	52004297	52004401	ENSG00000252032	RNU6-1281P
4	113377080	113378941	ENSG00000248697	TOX4P1
X	124062368	124062466	ENSG00000238626	snoU13
1	156611458	156614679	ENSG00000272405	RP11-284F21.10
6	41836360	41837469	ENSG00000227516	RP5-973N23.4
6	112682639	112684039	ENSG00000215807	KRT18P65
1	13411551	13414482	ENSG00000237700	RP11-219C24.6
2	144557036	144577168	ENSG00000236356	AC079584.2
X	124337654	124338187	ENSG00000232599	RP1-161N10.1
4	55469378	55473298	ENSG00000250456	AC006552.1
11	125827795	125828547	ENSG00000264299	RP11-680F20.12
1	202995626	203047868	ENSG00000143847	PPFIA4
2	70523107	70529222	ENSG00000035141	FAM136A
6	41885154	41885264	ENSG00000207371	Y_RNA
1	104615632	104616159	ENSG00000243500	RP11-364B6.2
15	94261771	94614049	ENSG00000258754	CTD-3049M7.1
4	55702327	55711568	ENSG00000249727	RP11-273B19.2
1	40505905	40538321	ENSG00000131236	CAP1
1	156616299	156631216	ENSG00000229953	RP11-284F21.7
8	32028898	32145082	ENSG00000253222	NRG1-IT2
1	52027538	52060569	ENSG00000227742	CALR4P
2	144654831	144654929	ENSG00000200287	Y_RNA
6	41986146	41986252	ENSG00000206875	RNU6-761P
6	112683050	112683141	ENSG00000266485	AL365214.1
8	103545469	103545567	ENSG00000252593	RNU6-1224P
11	125937434	125938496	ENSG00000254759	NAP1L1P1
4	55711734	55725407	ENSG00000251256	RP11-273B19.1
6	41997791	41999120	ENSG00000223946	RP11-533O20.2
2	144694640	144721723	ENSG00000232377	AC016910.1
2	36740398	36740875	ENSG00000273090	RP11-78I14.1
9	124043046	124047808	ENSG00000235865	GSN-AS1
4	113436541	113468037	ENSG00000249509	RP11-402J6.1
8	103633737	103634559	ENSG00000253382	POU5F1P2
6	112686906	112688646	ENSG00000217770	FEM1AP3
1	104615645	104619709	ENSG00000215869	RP11-364B6.1
1	156657487	156661789	ENSG00000237588	RP11-66D17.3
2	62395997	62398298	ENSG00000271657	RP11-270B14.1
12	92924236	92925100	ENSG00000258262	RP11-693J15.3
X	124421625	124421692	ENSG00000263886	AL953885.1
6	42059976	42061997	ENSG00000261068	RP11-7K24.3
2	36816784	36818696	ENSG00000256845	AC007401.1
1	156682004	156682966	ENSG00000223356	RP11-66D17.5
4	55809796	55822985	ENSG00000248317	RP11-463H12.2
X	124460746	124461870	ENSG00000213489	RP13-147D17.1
2	62432961	62433052	ENSG00000266097	MIR5192
1	104695928	104696452	ENSG00000228347	FTLP17
2	145208235	145208545	ENSG00000213410	AC009951.2
1	13429634	13430113	ENSG00000228229	RP11-219C24.10
8	103700545	103701134	ENSG00000250684	KB-1042C11.1
2	36883465	36884084	ENSG00000270677	RP11-294L11.1
7	141503501	141504452	ENSG00000239648	MTND1P3
8	32049544	32049669	ENSG00000252261	RNA5SP262
2	145218679	145221645	ENSG00000176824	AC009951.1
5	33997149	33997829	ENSG00000250767	RP11-1084J3.3
12	92938668	92938763	ENSG00000238865	snoU13
2	62489524	62489806	ENSG00000239958	RN7SL51P
6	42379938	42380134	ENSG00000221252	U3
4	55842326	55842538	ENSG00000244422	RPL38P3
19	41414377	41416754	ENSG00000198251	CTC-490E21.13
X	124796899	124796989	ENSG00000222518	AL645819.1
5	86180048	86180698	ENSG00000242477	CTD-2161E19.1
2	62492130	62492233	ENSG00000238809	snoU13
15	28000021	28344504	ENSG00000104044	OCA2
12	93251855	93253049	ENSG00000258012	RP11-603K19.1
6	42467448	42467760	ENSG00000237107	RP11-256G5.1
5	124704456	124705035	ENSG00000248147	RP11-395P13.1
8	86568695	86575726	ENSG00000205176	REXO1L1P
1	156905923	156906036	ENSG00000211581	MIR765
11	125970400	125972308	ENSG00000261257	RP11-673E11.2
X	125243745	125249545	ENSG00000237208	RP11-13E5.2
9	124137519	124214455	ENSG00000227355	RP11-162D16.2
7	141511605	141512057	ENSG00000240677	MYL6P4
2	62576083	62577874	ENSG00000270335	RP11-642D6.1
2	37094541	37094638	ENSG00000252756	RNU6-577P
4	55877000	55877099	ENSG00000264332	AC111194.1
5	124705858	124706617	ENSG00000249677	RP11-395P13.3
1	13607431	13611550	ENSG00000204485	XX-FW84067D5.1
1	105976616	105977443	ENSG00000225036	RP11-414B7.1
1	156955549	156955841	ENSG00000266160	RN7SL612P
6	42473238	42473344	ENSG00000238611	snoU13
11	126030609	126045930	ENSG00000254833	RP11-50B3.2
8	32114012	32114139	ENSG00000200246	RNA5SP263
6	112797740	112802838	ENSG00000232299	RP1-105O18.1
5	34158226	34158872	ENSG00000271771	RP11-1250I15.3
4	55898132	55898238	ENSG00000252815	RNU6-410P
3	155755490	156256545	ENSG00000169282	KCNAB1
8	103745863	103745947	ENSG00000266799	AP003356.1
5	124712527	124713132	ENSG00000250402	RP11-395P13.4
2	62690262	62691205	ENSG00000228541	AC093159.1
6	42631900	42632006	ENSG00000206848	RNU6-890P
2	171669723	171717661	ENSG00000128683	GAD1
1	157029024	157030554	ENSG00000237842	RP11-110J1.2
7	141559618	141559669	ENSG00000265523	AC073647.1
8	32298262	32300241	ENSG00000254049	NRG1-IT3
5	1544222	1551825	ENSG00000251532	CTD-2245E15.3
2	37186505	37186605	ENSG00000252518	RNU6-846P
4	55919227	55958701	ENSG00000250646	RP11-530I17.1
2	145275664	145279058	ENSG00000238057	ZEB2-AS1
6	112797928	112798029	ENSG00000239095	snoU13
6	42694972	42695438	ENSG00000213435	ATP6V0CP3
11	126049392	126049593	ENSG00000254771	RP11-50B3.1
5	86263138	86433529	ENSG00000249061	RP11-72L22.1
8	103817745	103822199	ENSG00000253669	KB-1732A1.1
8	86747543	86749570	ENSG00000223524	REXO1L11P
7	141562660	141563537	ENSG00000240031	OR9A3P
2	62718313	62718601	ENSG00000241625	RN7SL18P
2	37375673	37376447	ENSG00000224891	AC007899.3
6	112853384	112853487	ENSG00000252215	AL357514.1
5	124718552	124719148	ENSG00000250269	RP11-395P13.5
2	62734680	62734958	ENSG00000233702	AC107083.1
4	55929902	55930196	ENSG00000244034	RN7SL424P
6	112937905	112939082	ENSG00000225580	RP1-159M24.1
11	126078506	126078922	ENSG00000254694	RP11-50B3.4
6	6347314	6347614	ENSG00000241216	SNAPC5P1
5	124731072	124731673	ENSG00000251554	RP11-395P13.6
X	125605688	125606386	ENSG00000230916	RP11-10B2.1
8	86756718	86758745	ENSG00000255940	REXO1L10P
1	157043049	157044495	ENSG00000224520	KRT8P45
4	56081793	56082079	ENSG00000239545	RN7SL822P
7	62693413	62694623	ENSG00000226075	PHKG1P1
7	141586948	141587892	ENSG00000237621	OR9A1P
6	113147141	113147672	ENSG00000271498	RP11-505K1.1
5	124828954	124937920	ENSG00000260192	RP11-756H20.1
11	126084155	126084373	ENSG00000222067	RNU4-86P
17	28210024	28210127	ENSG00000239129	snoU13
6	6534930	6535864	ENSG00000218868	CNN3P1
4	56085511	56086140	ENSG00000250812	RP11-530I17.2
6	42908102	42916098	ENSG00000231113	RP3-475N16.1
5	66759637	66771420	ENSG00000250978	RP11-357D18.1
8	32623643	32625477	ENSG00000272327	RP11-1002K11.1
5	34164803	34244901	ENSG00000215158	RP11-1023L17.1
11	126114930	126115175	ENSG00000240098	RN7SL351P
6	113292695	113292801	ENSG00000201386	RNU6-1163P
5	125198439	125198886	ENSG00000249950	CTC-394G3.1
5	86398420	86398663	ENSG00000251951	RN7SKP34
11	126148152	126148472	ENSG00000243607	RPL35AP26
11	104864962	104893895	ENSG00000137757	CASP5
6	113332139	113332617	ENSG00000218490	FCF1P10
6	6680542	6683866	ENSG00000261211	RP1-80N2.3
X	125606711	125606867	ENSG00000231501	MTND4LP1
HSCHR6_MHC_QBL	32318107	32332375	ENSG00000229597	BTNL2
7	142941186	142967947	ENSG00000197448	GSTK1
5	86410696	86410771	ENSG00000265919	MIR4280
8	86999552	87166457	ENSG00000147614	ATP6V0D2
5	125221978	125222446	ENSG00000249904	CTC-394G3.2
5	1568637	1594735	ENSG00000185986	SDHAP3
7	141611017	141611743	ENSG00000244292	OR9N1P
17	48463506	48463607	ENSG00000206824	Y_RNA
6	6692977	6711235	ENSG00000226281	RP1-80N2.2
4	56160657	56160765	ENSG00000206839	RNU6-746P
6	42924083	42924503	ENSG00000181524	RPL24P4
X	1733894	1761974	ENSG00000196433	ASMT
1	106130197	106161580	ENSG00000230768	RP11-251P6.1
5	125302470	125303778	ENSG00000241888	RPSAP37
8	32769011	32769116	ENSG00000212407	RNU6-663P
17	48473799	48475249	ENSG00000253102	RP1-117B12.4
4	56179178	56180091	ENSG00000250464	RP11-148K14.1
6	113543368	113545274	ENSG00000216904	SOCS5P5
8	103866683	103868303	ENSG00000253385	KB-1254G8.1
2	86813263	86813353	ENSG00000252453	AC015971.1
X	125606792	125606865	ENSG00000264338	AL359973.1
14	51104412	51104699	ENSG00000243103	RN7SL452P
7	62693493	62702023	ENSG00000244550	RP5-905H7.3
6	6758509	6759524	ENSG00000224532	RP3-470L22.1
5	125412493	125615493	ENSG00000248752	RP11-114J13.1
11	126151552	126151649	ENSG00000238855	snoU13
14	51129229	51129896	ENSG00000269906	RP11-248J18.2
17	48527540	48528086	ENSG00000262759	MRPS21P9
8	32853696	32902373	ENSG00000247134	RP11-11N9.4
2	145324002	145337001	ENSG00000232606	AC010090.1
8	103904104	103905836	ENSG00000253263	KB-1507C5.3
2	62759718	62760194	ENSG00000229503	AC092155.1
11	126162817	126164149	ENSG00000254905	RP11-712L6.7
6	43001635	43002143	ENSG00000272223	RP1-20C7.6
6	6795148	6795635	ENSG00000219986	BTF3P7
5	125515270	125529543	ENSG00000248107	CTC-339D2.1
7	62701968	62708699	ENSG00000240651	SEPT7P4
4	56217979	56218575	ENSG00000251111	FCF1P8
6	113678205	113689146	ENSG00000223811	RP11-437J19.1
8	103935599	103936483	ENSG00000244052	RPL5P24
5	86590008	86590290	ENSG00000241243	RN7SL629P
7	141940559	141946886	ENSG00000240268	MOXD2P
11	126413842	126480843	ENSG00000257271	KIRREL3-AS1
11	48997053	49003247	ENSG00000220948	TRIM51GP
1	157098154	157098463	ENSG00000235700	CYCSP52
15	94368287	94368388	ENSG00000258627	RP11-76E17.1
6	43003936	43004238	ENSG00000240625	RN7SL403P
19	41430124	41456565	ENSG00000256612	CYP2B7P
1	13632348	13635279	ENSG00000224581	XX-FW84067D5.2
6	113749742	113754623	ENSG00000232316	RP1-124C6.1
9	124207269	124262306	ENSG00000204136	GGTA1P
5	125532528	125532608	ENSG00000265637	AC010235.1
17	48580773	48585689	ENSG00000249451	RP11-94C24.6
1	157155178	157157195	ENSG00000229961	RP11-71G12.1
19	13250431	13251961	ENSG00000267512	CTC-250I14.3
X	125606868	125607264	ENSG00000232177	MTND4P24
6	39297766	39693181	ENSG00000164627	KIF6
6	43042069	43042477	ENSG00000272170	RP11-387M24.5
6	6901255	6918948	ENSG00000223342	RP3-429O6.1
11	126522747	126551999	ENSG00000254607	RP11-115C10.1
1	106240661	106240840	ENSG00000227850	SEPT2P1
5	125769197	125826063	ENSG00000250602	RP11-517I3.1
1	157202021	157206926	ENSG00000228239	RP11-85G21.1
15	94380840	94396210	ENSG00000259123	RP11-76E17.2
2	62779598	62780569	ENSG00000232144	PSAT1P2
1	203698709	203698833	ENSG00000221643	SNORA77
7	62723443	62723834	ENSG00000236638	RP5-905H7.4
8	103962695	103962792	ENSG00000201216	Y_RNA
17	48614655	48616115	ENSG00000250286	RP11-94C24.8
6	6938835	6939130	ENSG00000240936	RN7SL554P
6	113836189	113836285	ENSG00000222677	AL513123.1
19	13263885	13265007	ENSG00000267598	CTC-250I14.6
8	103973041	103973148	ENSG00000265898	AP003354.1
1	157250506	157252858	ENSG00000271736	RP11-85G21.3
6	43181539	43191598	ENSG00000245261	RP3-330M21.5
X	125863087	125864209	ENSG00000226414	RP11-375A20.1
1	203774749	203775391	ENSG00000227417	RP11-397P13.6
6	113852320	113864995	ENSG00000236347	RP11-346D19.1
6	6993424	6995787	ENSG00000203498	RP11-556O15.1
1	52172810	52173809	ENSG00000236973	GAPDHP51
1	157257493	157257843	ENSG00000237189	RP11-85G21.2
15	94406338	94421585	ENSG00000258476	RP11-76E17.3
10	87359312	88126250	ENSG00000182771	GRID1
8	103991013	104012412	ENSG00000254281	KB-1507C5.4
11	49007423	49013433	ENSG00000254764	TRIM53CP
5	66760350	66760436	ENSG00000222939	AC079467.1
7	62751896	62764434	ENSG00000185037	ZNF733P
6	43277969	43278095	ENSG00000219222	RP11-480N24.3
1	106433315	106434052	ENSG00000237897	RP11-90H3.2
6	7040693	7040779	ENSG00000251762	snoU13
6	113902703	113903149	ENSG00000218208	RP11-367G18.2
8	104028972	104029817	ENSG00000253663	NPM1P52
2	37421525	37421880	ENSG00000233159	AC007390.4
2	87098424	87149816	ENSG00000233673	ANAPC1P1
1	157599729	157600518	ENSG00000236731	RP4-801G22.2
11	126790084	126810555	ENSG00000254938	RP11-688I9.4
5	66904482	66904958	ENSG00000239870	RP11-83M16.1
4	56230138	56262014	ENSG00000249700	SRD5A3-AS1
19	13268773	13269602	ENSG00000213253	CTC-250I14.1
6	7183316	7185520	ENSG00000225092	RP11-405O10.2
17	48633568	48639469	ENSG00000250107	CACNA1G-AS1
5	125888994	125889094	ENSG00000200347	RNU6-963P
1	247875115	247887066	ENSG00000239395	RP11-634B7.5
1	13839715	13842765	ENSG00000259961	RP4-597A16.2
1	203804713	203805040	ENSG00000223505	RP11-397P13.7
11	49035495	49037446	ENSG00000205044	RP11-56P9.11
2	62788193	62788558	ENSG00000230595	RSL24D1P2
5	125963709	125964011	ENSG00000230929	RP11-395C3.1
2	37436018	37439820	ENSG00000272054	RP11-423P10.2
11	126810642	126814986	ENSG00000254960	KIRREL3-AS2
6	7187815	7187919	ENSG00000201483	Y_RNA
8	104032415	104033656	ENSG00000254236	KB-1639H6.2
6	43295872	43296214	ENSG00000220614	RP11-480N24.4
15	94425311	94429972	ENSG00000258831	RP11-76E17.4
2	37552483	37553940	ENSG00000232028	AC007391.2
1	106434361	106436139	ENSG00000232952	RP11-90H3.1
5	66928094	66942617	ENSG00000249736	RP11-83M16.5
6	7276264	7299105	ENSG00000238221	RP11-69L16.4
1	13881496	13882189	ENSG00000215909	RP4-597A16.3
8	104097879	104098818	ENSG00000253795	MTND1P5
5	1594741	1611582	ENSG00000271119	CTD-2012J19.3
15	94440141	94440256	ENSG00000222409	AC103996.1
6	113924117	113924227	ENSG00000266650	AL357519.2
5	125999029	125999260	ENSG00000213630	RP11-772E11.1
22	17618401	17646177	ENSG00000069998	CECR5
1	203841702	203843315	ENSG00000236430	KRT8P29
3	125443382	125444288	ENSG00000228963	OR7E93P
1	247938212	247939138	ENSG00000228336	OR9H1P
2	62817390	62889789	ENSG00000226622	AC092155.4
2	37558913	37559019	ENSG00000207364	RNU6-939P
15	94443930	94527379	ENSG00000258785	CTD-2643K12.2
19	18485541	18499986	ENSG00000130513	GDF15
5	126073130	126073687	ENSG00000249768	HSPE1P10
11	49092304	49092552	ENSG00000254801	CTD-2132H18.3
6	7331519	7331909	ENSG00000219375	RP11-69L16.3
6	113944737	113971276	ENSG00000230943	RP11-367G18.1
2	37662653	37662751	ENSG00000253078	RNU6-1116P
6	43331217	43331957	ENSG00000179157	RPS2P28
1	13949679	13949779	ENSG00000222952	RNA5SP41
1	52174734	52175612	ENSG00000232846	SLC25A6P3
7	62787052	62814704	ENSG00000226587	RP5-905H7.9
1	106470246	106565834	ENSG00000233047	RP11-24P14.1
5	126087655	126112178	ENSG00000251072	RP11-434D11.4
3	125453138	125454041	ENSG00000239978	OR7E53P
2	37827279	37873841	ENSG00000236213	AC006369.2
1	157606090	157610091	ENSG00000233712	RP4-801G22.3
1	13950397	13950497	ENSG00000266358	AL359771.1
7	150065278	150071133	ENSG00000214022	REPIN1
1	247990788	247991804	ENSG00000232908	HSD17B7P1
8	104101024	104102899	ENSG00000253556	KB-1639H6.7
11	49103459	49104649	ENSG00000229361	UBTFL7
6	7339072	7339801	ENSG00000220472	RP11-69L16.5
5	96149731	96271513	ENSG00000247121	CTD-2260A17.2
2	145425534	145940216	ENSG00000226674	TEX41
X	100543905	100543999	ENSG00000222203	Y_RNA
1	13983806	13986405	ENSG00000237445	CTA-520D8.2
8	32871599	32872544	ENSG00000254346	MTND1P6
11	77449725	77450613	ENSG00000255409	RSF1-IT1
20	3639939	3644046	ENSG00000125861	GFRA4
7	62803089	62803578	ENSG00000227298	RP5-905H7.5
11	9002123	9025596	ENSG00000175352	NRIP3
1	14022565	14022694	ENSG00000253085	SCARNA11
X	100580392	100580498	ENSG00000202024	RNU6-934P
2	37971476	37974189	ENSG00000236572	AC006369.3
5	126091008	126091109	ENSG00000252185	RNU6-752P
1	247996651	247997590	ENSG00000230576	OR6R1P
6	114026035	114026125	ENSG00000221559	AL357519.1
15	94448634	94651167	ENSG00000259724	CTD-2643K12.3
1	45965725	45976739	ENSG00000132763	MMACHC
18	47793252	47808144	ENSG00000141644	MBD1
X	100592713	100593277	ENSG00000270813	NANOGNBP3
1	14450728	14450830	ENSG00000252151	RNU6-1265P
1	203872851	203873147	ENSG00000232917	HSPE1P6
5	126478774	126478939	ENSG00000214743	MRPS5P3
6	43331958	43332032	ENSG00000226558	RP11-213N20.1
6	7341087	7342289	ENSG00000230570	RP11-69L16.6
3	125455059	125455146	ENSG00000265166	AF186996.1
1	52190447	52190568	ENSG00000212624	SNORA26
6	114102518	114102667	ENSG00000253091	U3
11	49113956	49114319	ENSG00000255452	RP11-107P7.1
5	34190161	34193758	ENSG00000215156	RP11-1023L17.2
1	106615869	106627121	ENSG00000237480	RP5-947P14.1
1	14548386	14549613	ENSG00000231606	RP11-344F13.1
7	62806218	62807110	ENSG00000232165	RP5-905H7.6
11	77524365	77524722	ENSG00000219529	AP000580.1
1	248099363	248100815	ENSG00000226191	RP11-438H8.8
X	100594905	100595922	ENSG00000183911	RPL21P132
5	126506227	126507958	ENSG00000250080	CTB-88F18.2
6	43441924	43442030	ENSG00000207076	RNU6-1113P
3	125465927	125466941	ENSG00000179170	OR7E97P
19	13486743	13486827	ENSG00000252177	AC005513.1
6	49936390	49937338	ENSG00000214642	DEFB113
6	114113032	114158556	ENSG00000231912	RP1-249H1.2
1	52259637	52264824	ENSG00000266993	RP4-657D16.3
1	157661552	157666249	ENSG00000227217	RP11-367J7.3
5	66932210	66934770	ENSG00000249238	RP11-83M16.2
1	14675450	14677518	ENSG00000234593	RP4-704D23.1
2	98281054	98281194	ENSG00000201806	RNU4-8P
6	43486918	43487462	ENSG00000271754	RP3-337H4.9
19	13882932	13884932	ENSG00000267633	CTB-5E10.3
11	77540700	77583308	ENSG00000254459	RP11-91P24.7
5	1598242	1598362	ENSG00000248126	CTD-2012J19.2
10	75182017	75182454	ENSG00000229659	RP11-345K20.2
4	56254116	56254438	ENSG00000273257	RP11-177J6.1
11	49119715	49122720	ENSG00000254412	RP11-107P7.6
3	125474929	125475305	ENSG00000239432	GS1-388B5.8
2	38044058	38045104	ENSG00000225402	AC010878.3
6	7481327	7482827	ENSG00000233503	HNRNPLP1
1	157678876	157679433	ENSG00000231700	RP11-367J7.4
5	126512388	126512742	ENSG00000271585	CTB-88F18.4
6	43506559	43507440	ENSG00000219470	RP3-337H4.6
1	52266700	52266979	ENSG00000272175	RP4-657D16.6
11	77561650	77562557	ENSG00000254691	RP11-91P24.5
7	62809532	62810437	ENSG00000227545	RP5-905H7.10
1	106623423	106624001	ENSG00000230932	RP5-947P14.2
6	114160463	114160808	ENSG00000219758	RP1-249H1.3
5	66985861	66986265	ENSG00000250669	RP11-83M16.3
4	56277189	56277313	ENSG00000203615	AC069200.1
19	13907388	13907747	ENSG00000267582	CTD-3252C9.2
8	104103491	104103737	ENSG00000253977	KB-1639H6.8
X	118892576	118894164	ENSG00000187808	SOWAHD
1	52302013	52302082	ENSG00000212076	MIR761
2	98443711	98444013	ENSG00000235734	HMGN1P36
1	203923768	203924908	ENSG00000237379	CBX1P3
3	125493557	125516796	ENSG00000272840	RP11-379B18.6
11	77577458	77581137	ENSG00000255449	RP11-91P24.6
19	13925880	13926133	ENSG00000266770	RN7SL619P
4	56278803	56278905	ENSG00000239040	Y_RNA
16	1562980	1564676	ENSG00000260646	LA16c-385E7.1
5	66988640	66989028	ENSG00000249721	RP11-83M16.4
1	107086964	107087366	ENSG00000270342	RP11-478L17.1
1	52325450	52325807	ENSG00000230604	TSEN15P2
17	48640564	48641144	ENSG00000250976	RP11-94C24.11
1	157693970	157694810	ENSG00000232366	VDAC1P9
6	7506436	7506782	ENSG00000219993	RP11-288G3.3
10	75188425	75188494	ENSG00000266344	AL353731.1
15	94576887	94577406	ENSG00000258895	CTD-2643K12.1
1	248102275	248102961	ENSG00000224830	OR2X1P
1	15018625	15019109	ENSG00000235829	TBCAP2
11	49132308	49132772	ENSG00000255338	RP11-107P7.2
4	56367762	56367875	ENSG00000238585	Y_RNA
19	13945330	13947173	ENSG00000267519	MIR24-2
3	125506731	125506989	ENSG00000239804	RP11-379B18.1
11	77579768	77580241	ENSG00000241782	RP11-91P24.1
16	1629243	1630309	ENSG00000260954	LA16c-425C2.1
5	126515448	126515592	ENSG00000250956	CTB-88F18.3
6	43511881	43512007	ENSG00000252218	SCARNA15
4	56406669	56407002	ENSG00000223305	RN7SKP30
1	248138043	248138955	ENSG00000237492	OR2L9P
20	44650356	44688784	ENSG00000124140	SLC12A5
5	34373133	34373955	ENSG00000249380	RP11-1325J9.1
1	203968373	203968471	ENSG00000211554	AC096645.1
3	125509247	125509395	ENSG00000221737	MIR548I1
6	43529609	43530156	ENSG00000271970	RP3-337H4.10
6	114162001	114162089	ENSG00000238563	snoU13
2	62953771	62953875	ENSG00000252436	Y_RNA
5	126596628	126596690	ENSG00000265104	AC011416.1
1	52331305	52331381	ENSG00000212174	Y_RNA
10	124670217	124672627	ENSG00000203795	FAM24A
19	13947254	13947331	ENSG00000207808	MIR27A
6	7516833	7518073	ENSG00000234115	RP11-288G3.4
4	56413279	56414056	ENSG00000272969	RP11-528I4.2
X	118920467	118925606	ENSG00000198918	RPL39
10	121334199	121356541	ENSG00000151923	TIAL1
X	100682381	100682483	ENSG00000221132	AL035422.1
2	63053199	63085573	ENSG00000226605	AC007098.1
6	114189178	114194516	ENSG00000227502	RP1-249H1.4
11	77626036	77626321	ENSG00000255115	RP11-91P24.3
1	52366592	52366643	ENSG00000265769	AL589663.1
5	126801514	126801810	ENSG00000249577	CTD-2195M15.1
6	43555967	43559099	ENSG00000203362	RP3-337H4.8
4	154701744	154710272	ENSG00000145423	SFRP2
1	107322845	107323057	ENSG00000270976	RP11-110F24.1
16	1630528	1660329	ENSG00000260989	LA16c-395F10.2
3	125513949	125514728	ENSG00000242229	RPS3AP14
1	157830987	157831250	ENSG00000227425	MRPS21P2
1	248153569	248154506	ENSG00000224227	OR2L1P
5	34651562	34651993	ENSG00000271874	CTD-2024P10.2
6	155153831	155578857	ENSG00000146426	TIAM2
15	94624327	94624420	ENSG00000212022	AC080032.1
4	56664802	56664897	ENSG00000251923	RNU6-276P
6	49976851	49989694	ENSG00000203970	DEFB110
19	13947401	13947473	ENSG00000207980	MIR23A
11	49138571	49146122	ENSG00000254993	RP11-107P7.5
X	100698695	100699091	ENSG00000234557	RP1-164F3.8
1	107345377	107346049	ENSG00000233449	RP11-233E12.4
1	52439082	52439207	ENSG00000200839	RNA5SP48
10	75255283	75279828	ENSG00000221817	RP11-137L10.6
2	98529517	98529580	ENSG00000238719	RNU7-96P
6	7540684	7541571	ENSG00000261189	RP3-512B11.3
6	43673686	43674488	ENSG00000218107	RP1-261G23.4
4	56686169	56703548	ENSG00000250821	RP11-345F18.1
15	94711578	94711980	ENSG00000258570	RP11-452K20.1
16	1675629	1676161	ENSG00000226890	LA16c-395F10.1
15	51973550	52013223	ENSG00000104112	SCG3
1	204001575	204010393	ENSG00000176754	LINC00303
19	13985513	13985622	ENSG00000207613	MIR181C
5	66995257	67198428	ENSG00000250421	RP11-83M16.6
1	248160302	248160398	ENSG00000199442	Y_RNA
11	77726761	77727541	ENSG00000254829	RP11-7I15.3
3	125534925	125535129	ENSG00000241346	RP11-379B18.3
1	52446145	52446486	ENSG00000229032	RP11-91A18.1
4	145567173	145666423	ENSG00000164161	HHIP
2	98822614	98824187	ENSG00000231635	ATP5BP1
6	114225302	114242806	ENSG00000175967	RP11-544L8__B.4
2	29005383	29073477	ENSG00000163806	SPDYA
1	248166431	248167370	ENSG00000232215	OR2L6P
1	107347096	107348654	ENSG00000232551	RP11-233E12.2
19	13985689	13985825	ENSG00000207585	MIR181D
2	38053390	38103417	ENSG00000237803	LINC00211
6	43690523	43705571	ENSG00000236961	RP1-261G23.5
16	1763528	1764209	ENSG00000261399	LA16c-329F2.1
11	77733979	77734767	ENSG00000254675	RP11-7I15.4
11	49155205	49156352	ENSG00000254567	RP11-107P7.4
6	7620655	7621111	ENSG00000236512	RP3-336K20__B.2
1	157894855	157918861	ENSG00000236957	RP11-451O13.1
2	63167051	63167417	ENSG00000237162	RP11-443F16.1
X	100792472	100794263	ENSG00000237682	RP3-514P16.1
19	14141667	14142369	ENSG00000267670	CTB-55O6.4
4	56751761	56751867	ENSG00000202358	RNU6-652P
1	248192422	248192523	ENSG00000200085	Y_RNA
1	15442448	15478960	ENSG00000175147	TMEM51-AS1
6	43738166	43738353	ENSG00000272114	RP1-261G23.7
4	56796148	56796239	ENSG00000222954	AC110611.1
11	77844466	77844568	ENSG00000252494	RNU6-126P
15	94816725	94817234	ENSG00000258632	RP11-354B3.1
5	1599035	1634120	ENSG00000188002	RP11-43F13.1
1	52461412	52461709	ENSG00000264613	RN7SL290P
1	248209090	248209191	ENSG00000200982	Y_RNA
16	108058	126354	ENSG00000007384	RHBDF1
6	43819494	43820070	ENSG00000223469	RP11-344J7.2
9	129849611	129885162	ENSG00000136859	ANGPTL2
4	56963556	56963670	ENSG00000200741	RNA5SP161
19	14181154	14182052	ENSG00000228887	EEF1DP1
1	52499063	52509951	ENSG00000223390	RP11-91A18.4
11	49327266	49401221	ENSG00000255532	CTD-2026G22.1
4	113451527	113451828	ENSG00000248439	RP11-402J6.2
2	63271057	63275775	ENSG00000231609	AC009501.4
1	248246936	248247898	ENSG00000197067	OR2T32P
6	7938663	7939555	ENSG00000217746	RP1-303A1.1
4	57154651	57154750	ENSG00000252489	RNU6-197P
3	125546081	125607918	ENSG00000241288	RP11-379B18.5
11	126858354	126858438	ENSG00000266215	MIR3167
6	43963460	44042389	ENSG00000237686	RP5-1120P11.1
4	57186885	57187500	ENSG00000250324	MRPL22P1
5	126813987	126814429	ENSG00000271766	CTD-2195M15.3
6	36283534	36304662	ENSG00000189325	C6orf222
1	52516590	52518355	ENSG00000228369	TXNDC12-AS1
16	1784986	1785067	ENSG00000265820	MIR3177
11	77850817	77886369	ENSG00000246174	KCTD21-AS1
5	140894583	140998622	ENSG00000131504	DIAPH1
4	113486144	113486554	ENSG00000250966	RP11-402J6.3
11	126862348	126865354	ENSG00000255317	RP11-688I9.2
5	126847156	126848534	ENSG00000250859	HNRNPKP1
16	1801560	1802263	ENSG00000261207	LA16c-361A3.3
4	57197343	57197383	ENSG00000251823	RNA5SP162
6	7986730	7988425	ENSG00000219294	PIP5K1P1
19	18501954	18508427	ENSG00000175489	LRRC25
1	107360861	107380789	ENSG00000237460	RP11-233E12.1
1	52615777	52616089	ENSG00000241745	RN7SL788P
5	126987385	126999721	ENSG00000248799	CTC-548H10.2
4	57222301	57223098	ENSG00000242083	RPL7AP31
16	1891021	1893548	ENSG00000260541	LA16c-429E7.1
5	34656517	34657355	ENSG00000250234	CTD-2024P10.1
1	52625933	52626272	ENSG00000228407	RP4-800M22.1
11	126872805	126875953	ENSG00000218109	KIRREL3-AS3
6	8329888	8342688	ENSG00000232234	RP11-203H2.1
19	14229918	14230349	ENSG00000267783	CTB-55O6.10
1	248285234	248286184	ENSG00000177233	OR2M1P
6	43980738	43980838	ENSG00000265518	AL109615.1
X	100852488	100853649	ENSG00000204072	RP4-545K15.3
15	95024040	95027181	ENSG00000260359	RP11-4F5.2
4	113567632	113571207	ENSG00000249532	MIR302B
16	1925658	1925735	ENSG00000265999	AL499628.1
2	98913401	98913488	ENSG00000216112	AC092675.1
4	57253791	57254319	ENSG00000269921	RP11-646I6.5
1	107991091	107991177	ENSG00000238883	AC114491.1
10	119321595	119331968	ENSG00000235198	CTA-109P11.1
6	44041650	44045689	ENSG00000231881	RP5-1120P11.3
5	34837654	34839383	ENSG00000272323	CTD-2517O10.6
2	98963458	98967603	ENSG00000227987	AC092675.4
15	95143243	95144050	ENSG00000259331	RP11-57P19.1
16	1939115	1940435	ENSG00000259947	XX-DJ76P10__A.2
1	108047825	108048070	ENSG00000224550	RP11-270C12.3
6	114290865	114792869	ENSG00000228624	RP3-399L15.3
6	8342170	8343254	ENSG00000234763	RP11-203H2.2
19	14247991	14282079	ENSG00000267169	CTB-55O6.12
8	11203257	11205011	ENSG00000255020	AF131216.5
6	44056979	44057433	ENSG00000183239	RP5-1120P11.4
4	57262478	57263037	ENSG00000270147	RP11-646I6.6
1	248647546	248648785	ENSG00000229255	RP11-407H12.8
15	95398703	95400143	ENSG00000260521	CTD-2576F9.1
1	52627858	52628698	ENSG00000223429	RP4-800M22.2
11	126873298	126874130	ENSG00000256527	AP002833.1
1	108318796	108318878	ENSG00000265536	AL591042.1
10	119494824	119495918	ENSG00000234952	RP11-328K15.1
5	127039082	127277326	ENSG00000230561	CTC-228N24.1
4	57330324	57330745	ENSG00000270109	RP11-393M11.2
1	157995340	158000956	ENSG00000226520	KIRREL-IT1
1	15518324	15519341	ENSG00000215720	RP1-21O18.3
1	108507065	108537229	ENSG00000230489	VAV3-AS1
10	119585414	119590029	ENSG00000263041	RP11-355F22.1
15	95398815	95400240	ENSG00000270017	CTD-2576F9.2
19	14323864	14324131	ENSG00000240803	RN7SL231P
6	44184676	44185973	ENSG00000262179	RP1-302G2.5
2	38177144	38294184	ENSG00000235848	RMDN2-AS1
4	57459170	57461847	ENSG00000248590	GLDCP1
6	8652370	8654079	ENSG00000251164	HULC
19	14365001	14404017	ENSG00000267723	CTD-2189E23.1
5	67096568	67185924	ENSG00000249894	RP11-434D9.2
8	104104852	104104949	ENSG00000265667	AP003550.1
1	158101834	158110429	ENSG00000231666	RP11-404O13.1
1	108561275	108561393	ENSG00000264753	AL390036.1
11	126891649	126923448	ENSG00000255546	RP11-168K9.1
11	49426527	49437299	ENSG00000123447	TYRL
5	67263273	67263379	ENSG00000223149	AC010376.1
X	100877973	100879154	ENSG00000228275	ARMCX3-AS1
1	248661609	248661929	ENSG00000271934	OR2AS2P
8	104133260	104145194	ENSG00000250929	KB-1639H6.4
1	15653176	15670372	ENSG00000233485	RP3-467K16.2
15	95577613	95578966	ENSG00000258433	RP11-255M2.1
4	113569030	113569097	ENSG00000199169	MIR367
1	108614104	108617141	ENSG00000226822	RP11-356N1.2
1	52645520	52646225	ENSG00000224255	PDCL3P6
10	119776998	119805321	ENSG00000231104	RP11-354M20.3
5	34860888	34861611	ENSG00000250140	CTD-2517O10.5
2	145445980	145447752	ENSG00000234940	AC023128.1
8	11236904	11237200	ENSG00000242483	RN7SL293P
4	113569160	113569227	ENSG00000199145	MIR302D
11	49427742	49428266	ENSG00000254496	CBX3P8
6	8784411	8785678	ENSG00000230939	RP11-314C16.1
11	78035804	78155095	ENSG00000254420	RP11-452H21.1
1	15660662	15661960	ENSG00000236045	RP3-467K16.7
15	95623324	95676088	ENSG00000258773	RP11-255M2.2
1	248712057	248727140	ENSG00000224521	RP11-438F14.3
12	119431662	119431956	ENSG00000244112	RN7SL508P
8	104166842	104166917	ENSG00000265657	MIR3151
1	204100190	204101094	ENSG00000261065	RP11-74C13.4
3	39508689	39570970	ENSG00000168314	MOBP
8	87060602	87100850	ENSG00000147613	PSKH2
X	100882858	100883508	ENSG00000261101	RP4-545K15.5
4	113569339	113569407	ENSG00000207927	MIR302A
1	158145640	158147545	ENSG00000227295	ELL2P1
2	99310572	99311953	ENSG00000236564	YWHAQP5
11	78099107	78103451	ENSG00000254649	RP11-452H21.2
12	119438581	119439647	ENSG00000256031	RP11-364C11.3
1	15729475	15735929	ENSG00000228140	RP3-467K16.4
4	57576226	57576780	ENSG00000241250	RPL17P20
2	145512343	145513565	ENSG00000235352	AC023128.2
1	204110536	204112137	ENSG00000230550	RP11-74C13.3
4	113569519	113569586	ENSG00000199102	MIR302C
1	108742548	108744113	ENSG00000260879	RP11-483I13.5
11	78135028	78140882	ENSG00000251323	RP11-452H21.4
6	44221943	44222022	ENSG00000265700	MIR4647
HSCHR6_MHC_QBL	29011990	29013017	ENSG00000206525	OR2W1
HSCHR6_MHC_DBB	30121295	30130785	ENSG00000235960	TRIM15
8	11249920	11250026	ENSG00000199368	RNU6-1084P
4	57627085	57627651	ENSG00000227040	RP11-533F5.2
4	113606211	113606659	ENSG00000220924	OSTCP4
15	95819690	95870358	ENSG00000248441	CTD-2536I1.1
1	108803818	108816311	ENSG00000238122	RP11-483I13.2
1	158165423	158165921	ENSG00000229914	RP11-404O13.4
1	52655588	52655981	ENSG00000236004	RP4-800M22.4
5	34883162	34883625	ENSG00000241829	RPL21P54
8	11409997	11410500	ENSG00000269954	RP11-148O21.6
6	44403378	44403459	ENSG00000266619	MIR4642
1	204152134	204152665	ENSG00000225522	RP11-203F10.1
2	145635301	145639600	ENSG00000268580	RP11-514A9.1
4	57660516	57660808	ENSG00000240545	RN7SL492P
12	119468844	119554766	ENSG00000257095	RP11-364C11.2
8	104169218	104311000	ENSG00000247081	RP11-318M2.2
6	9124454	9162010	ENSG00000225775	RP11-354I10.1
11	63137261	63177766	ENSG00000149742	SLC22A9
6	44492996	44494491	ENSG00000237530	RP3-449H6.1
2	146051845	146089415	ENSG00000235435	AC064865.1
4	113614203	113627966	ENSG00000250046	RP11-148B6.2
1	15868660	15868799	ENSG00000251866	SCARNA21
2	102313312	102511149	ENSG00000071054	MAP4K4
4	57672000	57672295	ENSG00000265894	RN7SL357P
X	100888994	100889100	ENSG00000207291	RNU6-30P
1	204246133	204247076	ENSG00000231691	RP11-203F10.5
1	248712745	248713063	ENSG00000227102	OR2AS1P
1	158167712	158173667	ENSG00000176320	RP11-404O13.5
4	57684384	57684480	ENSG00000251799	Y_RNA
1	15892106	15892451	ENSG00000272510	RP4-680D5.8
Y	18174646	18174709	ENSG00000252664	AC017020.1
8	11410733	11411716	ENSG00000254774	RP11-148O21.3
1	52717734	52718445	ENSG00000237663	DNAJC19P7
11	78244222	78269611	ENSG00000255084	RP11-843A23.1
HSCHR6_MHC_QBL	29053987	29055092	ENSG00000206524	OR2B3
4	57827093	57827539	ENSG00000269949	RP11-738E22.3
Y	18250128	18250259	ENSG00000252689	SNORA20
6	44866448	44867032	ENSG00000270900	NUDT19P4
1	15912631	15930121	ENSG00000237301	RP4-680D5.2
1	204315904	204316386	ENSG00000219133	RP11-203F10.6
1	108815565	108918572	ENSG00000241361	SLC25A24P1
1	158236543	158237110	ENSG00000230942	HMGN1P5
1	248758226	248758334	ENSG00000201602	Y_RNA
4	113614615	113614948	ENSG00000248633	WRBP1
2	146092638	146092740	ENSG00000253036	snR65
X	100938779	100939448	ENSG00000223753	GHc-602D8.2
6	10118685	10119486	ENSG00000216368	RP3-486D24.1
4	57860241	57860336	ENSG00000238579	snoU13
5	127120310	127122734	ENSG00000251032	RP11-483H11.1
6	45126607	45127248	ENSG00000219384	RP11-491H9.3
12	119611870	119614289	ENSG00000256884	RP11-64B16.3
1	248764717	248765170	ENSG00000271701	RP11-438F14.10
2	38302791	38408997	ENSG00000232973	CYP1B1-AS1
2	146094798	146095625	ENSG00000214064	RPL6P5
4	57868858	57868958	ENSG00000251703	RNU6-998P
8	11413760	11415531	ENSG00000255518	RP11-148O21.4
1	15931077	15931538	ENSG00000235084	CHCHD2P6
4	113659828	113660262	ENSG00000241002	RP11-119H12.1
1	248855492	248862411	ENSG00000229703	XX-CR54.1
19	46522411	46526323	ENSG00000008438	PGLYRP1
X	151283466	151307028	ENSG00000266560	RP11-1007I13.4
11	78290300	78290401	ENSG00000252033	RNU6-311P
17	46985731	47006418	ENSG00000159202	UBE2Z
1	45976708	45988719	ENSG00000117450	PRDX1
6	45165411	45165507	ENSG00000207769	MIR586
4	57938849	57939298	ENSG00000250384	UBE2CP3
7	139993493	140104233	ENSG00000157800	SLC37A3
4	113676973	113677073	ENSG00000202536	Y_RNA
11	78292720	78293201	ENSG00000254697	COPS8P3
6	50011288	50016364	ENSG00000180872	DEFB112
1	158414858	158415804	ENSG00000203758	OR10T1P
6	10214114	10214595	ENSG00000229765	RP11-339A7.1
1	204346978	204404974	ENSG00000226330	RP11-739N20.2
X	100946553	100946658	ENSG00000212584	RNU6-587P
2	146326862	146345592	ENSG00000225107	AC092484.1
6	45388816	45389742	ENSG00000271857	RP1-244F24.1
8	145736667	145743229	ENSG00000160957	RECQL4
11	532242	537287	ENSG00000174775	HRAS
4	57972409	57972511	ENSG00000238541	snoU13
5	68389473	68426896	ENSG00000145740	SLC30A5
HSCHR6_MHC_QBL	29079675	29080610	ENSG00000206522	OR2J3
Y	18360815	18360921	ENSG00000252173	RNU6-109P
8	11415975	11417529	ENSG00000255354	RP11-148O21.2
15	95976324	96051076	ENSG00000259134	LINC00924
2	99378401	99388543	ENSG00000226791	AC109826.1
6	45541083	45544507	ENSG00000261080	RP1-166H4.2
1	204363669	204363902	ENSG00000237848	RP11-739N20.3
22	24981588	24989175	ENSG00000178026	FAM211B
2	146358475	146360991	ENSG00000226218	AC079163.1
17	48704393	48709301	ENSG00000251239	CTB-22K21.2
4	57975928	58071676	ENSG00000245067	IGFBP7-AS1
9	124256797	124257097	ENSG00000240299	RN7SL187P
11	78460295	78467525	ENSG00000254563	RP11-673F18.1
X	100975313	100976682	ENSG00000229090	RP1-232L22__A.1
6	45613841	45613912	ENSG00000252738	RNU6-515P
1	248881947	248885506	ENSG00000232694	XX-CR54.3
6	10222269	10222394	ENSG00000221583	RNU6ATAC21P
17	48770809	48772810	ENSG00000262967	RP11-294J22.6
6	45986482	45986588	ENSG00000212468	RNU6-754P
1	158423988	158425063	ENSG00000236257	EI24P2
HSCHR6_MHC_QBL	29141323	29142363	ENSG00000234746	OR2J2
11	78684766	78684854	ENSG00000266550	AP002958.1
1	15934573	15934640	ENSG00000252417	RNU7-179P
1	248885294	248885502	ENSG00000242529	AHCYP8
1	204497973	204498820	ENSG00000236779	RP11-430C7.2
1	52719293	52719848	ENSG00000213735	ANAPC10P1
8	58305105	58305441	ENSG00000243050	RPL30P10
5	127174178	127193496	ENSG00000250603	CTC-228N24.2
6	137518621	137540586	ENSG00000027697	IFNGR1
6	10365826	10366815	ENSG00000216781	RP1-290I10.2
6	46064830	46097443	ENSG00000231769	RP1-8B1.4
1	15941138	15941362	ENSG00000236500	RP4-680D5.4
9	124282095	124282703	ENSG00000213467	HMGB1P37
11	2965667	3013607	ENSG00000205531	NAP1L4
11	78803893	78809048	ENSG00000255345	CTD-2337I7.1
1	204531541	204531649	ENSG00000200408	RNA5SP74
2	146583853	146585398	ENSG00000234119	AC079248.1
8	11433822	11438851	ENSG00000170983	LINC00208
HG1308_PATCH	130332302	130351086	ENSG00000266159	TSGA13
16	31565426	31566233	ENSG00000260883	VN1R65P
HSCHR6_MHC_MCF	33338586	33342580	ENSG00000224399	SLC39A7
1	158444244	158464676	ENSG00000236656	RP11-144L1.4
HSCHR6_MHC_QBL	32365090	32370300	ENSG00000206308	HLA-DRA
2	99398873	99399011	ENSG00000201070	RNU4-84P
1	52819159	52819549	ENSG00000272100	RP11-155O18.6
1	16009368	16009623	ENSG00000271742	RP4-680D5.9
2	225243415	225266802	ENSG00000124019	FAM124B
1	204572163	204585693	ENSG00000240710	RP11-430C7.4
15	96006821	96036999	ENSG00000258489	RP11-398J10.2
8	58405443	58504118	ENSG00000253821	RP11-246K15.1
2	99457138	99457199	ENSG00000238830	RNU7-46P
6	46172466	46175123	ENSG00000229349	ACTG1P9
1	16010967	16011053	ENSG00000264048	AL121992.1
X	48911101	48927509	ENSG00000147144	CCDC120
6	50681541	50740701	ENSG00000008197	TFAP2D
19	46543006	46580376	ENSG00000204869	IGFL4
11	65383244	65404910	ENSG00000197136	PCNXL3
1	52834349	52834916	ENSG00000224680	PLA2G12AP1
1	249065834	249067991	ENSG00000229663	AL672296.1
HSCHR6_MHC_QBL	29143289	29163375	ENSG00000258138	AL935156.1
1	16049214	16063391	ENSG00000237938	RP11-288I21.1
X	101033942	101035511	ENSG00000178146	RP1-232L22__B.1
12	69979114	69995350	ENSG00000166226	CCT2
9	124302155	124302241	ENSG00000252940	AL357936.1
8	58469144	58469195	ENSG00000252057	RNU7-174P
1	204595903	204598840	ENSG00000240219	RP11-430C7.5
5	86595504	86595614	ENSG00000207452	RNU6-606P
15	96289033	96289223	ENSG00000222076	RNU2-3P
1	52877114	52877194	ENSG00000239063	snoU13
6	46406047	46406356	ENSG00000226541	RP11-795J1.2
8	11647514	11647897	ENSG00000227203	SUB1P1
8	58506725	58717588	ENSG00000253322	RP11-388G22.1
9	124337170	124338493	ENSG00000229854	RP11-524G24.2
1	16066546	16076391	ENSG00000224459	RP11-169K16.4
1	53020490	53020945	ENSG00000272371	RP11-25O10.2
1	204622230	204622314	ENSG00000252731	AL161793.1
5	35034257	35034347	ENSG00000212082	AC010368.1
6	10409573	10416679	ENSG00000229950	TFAP2A-AS1
15	96571318	96590159	ENSG00000259348	RP11-4G2.1
HSCHR6_MHC_QBL	29384966	29408622	ENSG00000220550	OR10C1
1	158461009	158461950	ENSG00000198703	OR10R3P
4	58020743	58022618	ENSG00000250192	RP11-300M6.1
6	46459789	46500495	ENSG00000236466	RP11-795J1.1
1	204633000	204633741	ENSG00000228153	RP11-23I7.1
5	86672073	86672997	ENSG00000272367	CTC-428H11.2
1	249120576	249120642	ENSG00000264500	MIR3124
1	53038786	53039488	ENSG00000236290	EEF1GP7
2	146672658	146688714	ENSG00000233842	AC062031.1
5	35081325	35082094	ENSG00000250886	CTD-2046J7.1
1	16119291	16119780	ENSG00000224321	RP11-169K16.6
16	31574403	31579037	ENSG00000261741	CTD-2014E2.5
8	58658708	58662758	ENSG00000254139	CTD-2339F6.1
2	6868309	6910442	ENSG00000205837	LINC00487
15	96592504	96607655	ENSG00000259702	RP11-236L14.1
1	43272723	43282954	ENSG00000177868	CCDC23
1	204676448	204676558	ENSG00000252650	RNA5SP75
1	249153363	249158995	ENSG00000227237	AL672294.1
5	127276118	127418864	ENSG00000245937	CTC-228N24.3
X	2137557	2420846	ENSG00000169084	DHRSX
4	58219165	58219495	ENSG00000243920	RPS26P24
6	114340785	114341647	ENSG00000216723	NUDT19P3
9	124577953	124581731	ENSG00000261534	RP11-244O19.1
1	53174794	53175114	ENSG00000233664	NDUFS5P3
2	146902724	146902785	ENSG00000251905	RNU7-2P
19	7696497	7698634	ENSG00000174788	PCP2
1	204697119	204697234	ENSG00000251861	SCARNA20
1	16133679	16134194	ENSG00000233954	RP11-169K16.7
2	113864791	113891593	ENSG00000136689	IL1RN
16	67691415	67694713	ENSG00000102977	ACD
1	204873875	204873946	ENSG00000252946	SNORD112
2	146951864	146952389	ENSG00000230559	RPL17P12
1	158484575	158485715	ENSG00000227445	OR10R1P
1	249206889	249206994	ENSG00000200495	RNU6-1205P
6	114405332	114405956	ENSG00000216471	RPSAP43
6	46638181	46655902	ENSG00000242973	RP11-446F17.3
1	53180071	53180365	ENSG00000239640	RN7SL62P
X	151307355	151355329	ENSG00000231937	RP11-329E24.6
4	58292038	58332152	ENSG00000248505	RP11-319E12.1
1	204915736	204916297	ENSG00000229657	RP11-494K3.2
1	249230780	249231242	ENSG00000233084	AL672183.2
Y	28507136	28507239	ENSG00000252948	RNU6-1314P
X	101166502	101167045	ENSG00000235196	RP1-3E10.2
1	53219994	53220134	ENSG00000252018	RNU2-30P
5	86716158	86716264	ENSG00000200462	RNU6-727P
6	114541845	114541950	ENSG00000212333	RNA5SP213
5	35429166	35429378	ENSG00000201368	U3
5	156802749	156811958	ENSG00000248544	CTB-47B11.3
2	147234995	147235681	ENSG00000227134	AC093084.1
5	35633065	35633126	ENSG00000238441	RNU7-130P
1	53237866	53238320	ENSG00000228929	RP11-159C21.4
6	114598549	114598642	ENSG00000221599	AL136446.1
8	58802135	58803368	ENSG00000253376	RP11-44D19.1
Y	28546758	28547377	ENSG00000233843	CYCSP48
1	16154724	16155167	ENSG00000178715	RP11-169K16.8
6	10423373	10426409	ENSG00000228478	RP1-290I10.3
1	108918460	108953436	ENSG00000243967	NBPF5P
5	35678586	35827120	ENSG00000248969	CTD-2113L7.1
6	114670647	114671812	ENSG00000218089	DNAJA1P4
X	101170562	101170668	ENSG00000252810	RNU6-345P
X	151419044	151419148	ENSG00000252205	RNU6-764P
MT	577	647	ENSG00000210049	MT-TF
5	86957859	86974964	ENSG00000249362	CTD-2316B1.1
MT	648	1601	ENSG00000211459	MT-RNR1
15	96670598	96870590	ENSG00000247809	NR2F2-AS1
19	46623328	46627931	ENSG00000188624	IGFL3
8	11703663	11703900	ENSG00000269899	RP11-589N15.2
MT	1602	1670	ENSG00000210077	MT-TV
X	151560691	151560771	ENSG00000207957	MIR105-1
5	156849447	156849881	ENSG00000253155	CTB-47B11.1
MT	1671	3229	ENSG00000210082	MT-RNR2
MT	3230	3304	ENSG00000209082	MT-TL1
HSCHR6_MHC_QBL	29393173	29424735	ENSG00000206517	OR11A1
1	205031380	205031470	ENSG00000251696	AL583832.1
5	35896290	35896392	ENSG00000248349	RP11-79C6.1
2	147345012	147346878	ENSG00000198526	PABPC1P2
8	58890917	58896685	ENSG00000205293	RP11-1112C15.1
X	101244454	101244845	ENSG00000235976	RP1-197J16.1
1	158493462	158495628	ENSG00000231434	RP11-144L1.8
6	10429488	10435107	ENSG00000183674	LINC00518
1	53270780	53270884	ENSG00000206627	RNU6-969P
6	46726033	46728895	ENSG00000236164	RP11-268F1.3
1	205060291	205061074	ENSG00000271580	RP11-536L3.4
12	93277549	93278476	ENSG00000257195	HNRNPA1P50
MT	3307	4262	ENSG00000198888	MT-ND1
2	114415485	114416252	ENSG00000144158	RP11-395L14.17
2	67624451	67637677	ENSG00000143971	ETAA1
6	114798514	114809916	ENSG00000232395	RP3-399L15.1
MT	4263	4331	ENSG00000210100	MT-TI
1	53346888	53347402	ENSG00000242391	RP4-631H13.2
MT	4329	4400	ENSG00000210107	MT-TQ
6	46871208	46876815	ENSG00000225730	RP3-365O12.2
5	35938924	35940095	ENSG00000249748	RP11-79C6.3
MT	4402	4469	ENSG00000210112	MT-TM
1	205103774	205104078	ENSG00000236108	RP11-383G10.1
1	16160560	16174642	ENSG00000179743	RP11-169K16.9
2	147591069	147591606	ENSG00000271583	RP11-638D14.1
1	53386094	53386268	ENSG00000230953	RP4-631H13.6
X	151561893	151562001	ENSG00000211583	MIR767
MT	4470	5511	ENSG00000198763	MT-ND2
1	205171319	205171870	ENSG00000213041	RP11-383G10.3
12	93346415	93346521	ENSG00000202534	RNU6-1329P
5	87008952	87029086	ENSG00000248708	CTD-2316B1.2
MT	5512	5579	ENSG00000210117	MT-TW
2	147595317	147607878	ENSG00000231040	AC103881.1
1	16237392	16237492	ENSG00000238818	snoU13
MT	5587	5655	ENSG00000210127	MT-TA
8	58943893	58945241	ENSG00000253523	RP11-1112C15.2
5	156992972	156996106	ENSG00000253519	AC106801.1
6	114844615	114857039	ENSG00000226079	RP3-399L15.2
MT	5657	5729	ENSG00000210135	MT-TN
1	158664329	158665299	ENSG00000231237	OR6K1P
12	93392994	93413596	ENSG00000257345	RP11-511B23.1
1	16244193	16244403	ENSG00000270620	RP1-134O19.3
MT	5761	5826	ENSG00000210140	MT-TC
6	47336679	47336966	ENSG00000271328	RP11-157D6.1
MT	5826	5891	ENSG00000210144	MT-TY
9	124646915	124725998	ENSG00000237548	TTLL11-IT1
1	205202949	205205995	ENSG00000225063	RP11-383G10.5
X	151562884	151562964	ENSG00000207818	MIR105-2
5	157006505	157006607	ENSG00000252068	RNU6-390P
5	36071893	36072181	ENSG00000251591	CTD-2197M16.1
11	49455025	49455990	ENSG00000226268	RP11-61N20.3
1	53390921	53391095	ENSG00000231866	RP4-631H13.4
6	115188037	115188140	ENSG00000251882	RNU6-475P
17	43471275	43511787	ENSG00000159314	ARHGAP27
19	41381344	41388657	ENSG00000198077	CYP2A7
8	11753359	11754379	ENSG00000255144	RP11-589N15.1
6	47430587	47430652	ENSG00000266330	AL355353.1
2	114425055	114426198	ENSG00000175509	RP11-395L14.13
8	59004001	59018853	ENSG00000253116	RP11-648L3.2
20	3648612	3662893	ENSG00000149451	ADAM33
6	115679662	115679916	ENSG00000219619	RP11-126M14.1
1	205320375	205320599	ENSG00000235363	SNRPGP10
MT	5904	7445	ENSG00000198804	MT-CO1
6	47444979	47445308	ENSG00000270761	RP11-385F7.1
2	147637477	147655786	ENSG00000227902	AC062032.1
5	36147994	36148090	ENSG00000207756	MIR580
MT	7446	7514	ENSG00000210151	MT-TS1
1	53394346	53394444	ENSG00000264834	MIR1273F
MT	7518	7585	ENSG00000210154	MT-TD
9	124882361	124882446	ENSG00000266583	MIR4478
5	157031715	157032645	ENSG00000254336	AC008694.2
5	36155221	36155324	ENSG00000201223	RNU6-1305P
X	151648049	151649496	ENSG00000223940	KRT8P8
1	53400602	53400689	ENSG00000266188	MIR5095
1	158693903	158694902	ENSG00000180437	OR6K4P
4	155153399	155412930	ENSG00000197410	DCHS2
11	57509635	57560715	ENSG00000254732	RP11-691N7.6
MT	7586	8269	ENSG00000198712	MT-CO2
6	47456803	47456906	ENSG00000199762	Y_RNA
1	205342380	205356568	ENSG00000226235	LEMD1-AS1
5	87514708	87515080	ENSG00000197071	AC010243.1
8	11777409	11778318	ENSG00000254948	OR7E158P
12	93397191	93609455	ENSG00000257322	RP11-511B23.2
5	36221157	36222004	ENSG00000245711	NADK2-AS1
MT	8295	8364	ENSG00000210156	MT-TK
2	148081539	148081643	ENSG00000238860	snoU13
8	59025748	59026181	ENSG00000242595	RP11-648L3.1
1	16296127	16296689	ENSG00000234607	RP11-5P18.1
1	53405986	53406085	ENSG00000265815	MIR1273G
5	1614951	1616449	ENSG00000232615	CTD-2012J19.1
6	47530358	47530754	ENSG00000216813	RP11-812I20.2
MT	8366	8572	ENSG00000228253	MT-ATP8
2	148165910	148166016	ENSG00000207225	RNU6-692P
1	108926358	108963917	ENSG00000238118	SLC25A24P2
14	64319683	64693165	ENSG00000054654	SYNE2
9	125018212	125018309	ENSG00000272317	AL162424.2
1	53409208	53409602	ENSG00000237279	RP4-631H13.5
6	115954706	115955355	ENSG00000228777	RP11-282C5.1
6	10434549	10457014	ENSG00000229401	RP1-290I10.7
2	148224198	148224282	ENSG00000221289	AC013406.1
9	125061389	125061642	ENSG00000264227	RN7SL227P
5	36485445	36485542	ENSG00000222178	RNA5SP181
MT	8527	9207	ENSG00000198899	MT-ATP6
14	77228532	77249354	ENSG00000071246	VASH1
1	205417430	205417526	ENSG00000199059	MIR135B
11	49580098	49831971	ENSG00000205035	RP11-707M1.1
2	119699742	119752236	ENSG00000019169	MARCO
X	101261856	101262267	ENSG00000226119	RP1-197J16.2
2	148229701	148229811	ENSG00000207161	Y_RNA
1	158711936	158713205	ENSG00000226949	OR6K5P
6	116359919	116360658	ENSG00000186743	TPI1P3
5	36588608	36588763	ENSG00000242292	CTD-2282P23.1
MT	9207	9990	ENSG00000198938	MT-CO3
HSCHR6_MHC_QBL	29424845	29431993	ENSG00000206516	OR2H1
X	151851487	151852303	ENSG00000234454	RP1-14D6.2
1	205425057	205438152	ENSG00000224717	RP11-576D8.4
2	148253006	148253108	ENSG00000202074	RNU6-715P
21	46349568	46350027	ENSG00000273027	LL21NC02-1C16.1
1	16314677	16314936	ENSG00000231353	RP11-5P18.3
10	48736874	48827966	ENSG00000183675	PTPN20B
MT	9991	10058	ENSG00000210164	MT-TG
6	10439950	10440027	ENSG00000263705	MIR5689
2	114426743	114430768	ENSG00000233479	AC017074.1
21	34001069	34100359	ENSG00000159082	SYNJ1
2	148471024	148471123	ENSG00000253083	RNA5SP106
1	108963311	108975806	ENSG00000224698	RP11-131J3.1
1	53458868	53459374	ENSG00000236360	RP11-334A14.2
MT	10059	10404	ENSG00000198840	MT-ND3
6	47683019	47683337	ENSG00000252711	RN7SKP116
21	46356218	46356869	ENSG00000272825	LL21NC02-1C16.2
6	10460139	10460774	ENSG00000238076	MRPL48P1
MT	10405	10469	ENSG00000210174	MT-TR
12	93415382	93415488	ENSG00000207365	Y_RNA
2	148567915	148568346	ENSG00000229143	AC009480.4
9	125086887	125087594	ENSG00000269979	RP11-498E2.7
6	47697563	47708477	ENSG00000226594	RP11-550C4.6
11	57510986	57519253	ENSG00000233436	BTBD18
2	38359779	38366088	ENSG00000229160	AC009229.6
5	1708900	1708983	ENSG00000263746	MIR4277
5	96211643	96255420	ENSG00000164308	ERAP2
2	99718481	99719215	ENSG00000231822	AC019097.7
1	16316366	16321246	ENSG00000224966	TBC1D3P6
1	109044980	109046077	ENSG00000227832	ST13P21
MT	10470	10766	ENSG00000212907	MT-ND4L
12	93429037	93429520	ENSG00000270506	RP11-511B23.4
12	54392806	54393794	ENSG00000250451	HOXC-AS1
1	205535844	205535927	ENSG00000253097	RNU2-19P
1	53460398	53461698	ENSG00000226147	TUBBP10
5	1725264	1728287	ENSG00000260066	CTD-2587M23.1
1	158765804	158766003	ENSG00000229724	OR2AQ1P
21	46409779	46414001	ENSG00000234880	LINC00163
MT	10760	12137	ENSG00000198886	MT-ND4
12	93477374	93477451	ENSG00000256393	AC138123.2
2	100021680	100022305	ENSG00000273306	RP11-527J8.1
6	47720564	47720976	ENSG00000216616	RP11-550C4.4
7	141965650	141972054	ENSG00000186163	U66059.29
1	205564169	205564275	ENSG00000206762	RNU6-418P
5	36666316	36725297	ENSG00000250155	CTD-2353F22.1
MT	12138	12206	ENSG00000210176	MT-TH
5	157109993	157117274	ENSG00000253798	AC008694.3
6	10474733	10478735	ENSG00000231056	RP1-290I10.5
2	148634991	148635097	ENSG00000212389	RNU6-1275P
MT	12207	12265	ENSG00000210184	MT-TS2
MT	12266	12336	ENSG00000210191	MT-TL2
1	205594611	205595281	ENSG00000236942	RP11-6B6.3
1	109051196	109051865	ENSG00000226483	RP5-964H19.2
2	148656970	148660525	ENSG00000223911	AC009480.3
12	93484298	93501376	ENSG00000257746	RP11-202G11.2
11	126936897	126971215	ENSG00000255087	RP11-168K9.2
6	10511269	10514779	ENSG00000237685	RP11-360O19.4
2	114435279	114461655	ENSG00000227359	AC017074.2
6	116458221	116458735	ENSG00000218428	NIP7P3
2	38374557	38374663	ENSG00000199603	RNU6-951P
MT	12337	14148	ENSG00000198786	MT-ND5
9	125093146	125093622	ENSG00000270102	RP11-498E2.8
2	6968645	6980595	ENSG00000225964	AC017076.5
6	146864829	146876101	ENSG00000118508	RAB32
X	2404455	2419008	ENSG00000214717	ZBED1
2	38420490	38420771	ENSG00000273006	RP11-314C9.2
6	10514515	10515206	ENSG00000216359	RP11-360O19.1
5	157174512	157174715	ENSG00000253630	CTC-370J7.1
1	109276878	109277347	ENSG00000232971	RP11-293A10.3
2	148698549	148698640	ENSG00000265049	AC009480.1
MT	14149	14673	ENSG00000198695	MT-ND6
6	116565350	116565891	ENSG00000236326	RP3-486I3.5
4	73921797	73935472	ENSG00000163626	COX18
MT	14674	14742	ENSG00000210194	MT-TE
1	158778189	158779125	ENSG00000180409	OR10AA1P
12	93491027	93491120	ENSG00000221617	AC138123.1
4	113709239	113710034	ENSG00000241741	RPL7AP30
21	46414277	46415100	ENSG00000261706	AP001505.9
1	53535610	53551174	ENSG00000232993	RP11-334A14.5
8	59168330	59184678	ENSG00000253281	RP11-716D16.1
2	149018143	149018277	ENSG00000212181	SNORA48
2	38430505	38466732	ENSG00000227292	AC009229.5
14	19377522	19378606	ENSG00000257115	OR11H12
12	93517839	93518319	ENSG00000257210	NACAP3
MT	14747	15887	ENSG00000198727	MT-CYB
2	114438688	114438794	ENSG00000202427	RNU6-744P
1	109309463	109310206	ENSG00000228076	RP11-475E11.2
4	113718206	113719847	ENSG00000250500	RP11-119H12.3
6	116575370	116577906	ENSG00000237021	RP3-486I3.7
11	126989221	127009630	ENSG00000272981	CTD-2234N14.2
6	10574982	10575460	ENSG00000217181	RP11-360O19.5
MT	15888	15953	ENSG00000210195	MT-TT
2	149053225	149054248	ENSG00000224007	AC019070.1
21	46419122	46424642	ENSG00000224930	LINC00162
10	119805790	119969663	ENSG00000177640	CASC2
MT	15956	16023	ENSG00000210196	MT-TP
2	114478867	114478945	ENSG00000265429	MIR4782
5	36861838	36862319	ENSG00000272103	CTD-2653M23.3
1	205700349	205700480	ENSG00000201944	SNORA72
19	14378619	14380189	ENSG00000267406	CTD-2189E23.2
1	53538782	53539061	ENSG00000227644	HIGD1AP11
3	169201459	169201868	ENSG00000213178	RP11-641D5.1
1	16332655	16333166	ENSG00000233078	RP11-5P18.5
5	157236106	157236212	ENSG00000206819	RNU6-260P
1	205904256	205904896	ENSG00000227687	RP4-681L3.2
2	38458710	38459459	ENSG00000227770	RPL7P12
19	14416270	14481008	ENSG00000266913	CTC-548K16.2
11	127060664	127093344	ENSG00000272642	CTD-2234N14.1
4	174514823	174515707	ENSG00000261672	RP11-475B2.1
12	93568142	93575608	ENSG00000258171	RP11-511B23.3
16	30389755	30393863	ENSG00000270466	SEPT1
Y	9293012	9344176	ENSG00000225516	AC006156.1
1	109399839	109401146	ENSG00000203897	SPATA42
2	149352727	149352897	ENSG00000232238	AC017080.1
5	157358266	157358571	ENSG00000244331	CTB-47B8.1
5	1851064	1851611	ENSG00000249966	CTD-2194D22.1
6	116579656	116580278	ENSG00000233558	RP3-486I3.4
1	158848536	158853290	ENSG00000229849	RP11-393K10.1
6	10674891	10675001	ENSG00000201048	Y_RNA
1	53580248	53584281	ENSG00000235563	RP11-334A14.8
9	125134884	125135104	ENSG00000269970	RP11-498E2.9
6	47791126	47791286	ENSG00000200340	RNU1-105P
5	36885308	36886599	ENSG00000249850	KRT18P31
1	206135293	206137984	ENSG00000229874	RP11-312O7.2
6	10743557	10747896	ENSG00000272097	RP11-421M1.8
21	46491648	46494080	ENSG00000235374	SSR4P1
15	96714810	96717568	ENSG00000259359	RP11-327J17.2
1	16361673	16366524	ENSG00000232456	RP11-5P18.10
4	141780961	142134031	ENSG00000170153	RNF150
6	48116939	48117741	ENSG00000226068	HNRNPA3P4
2	114586967	114588696	ENSG00000244063	AC024704.2
11	127140957	127206928	ENSG00000273409	RP11-480C22.1
22	25115001	25170687	ENSG00000184571	PIWIL3
19	14444555	14454725	ENSG00000267147	CTC-548K16.1
1	53676128	53679447	ENSG00000236723	RP5-1024G6.2
5	87564712	87732502	ENSG00000247828	TMEM161B-AS1
4	113747463	113748763	ENSG00000234841	RP11-119H12.4
5	1856084	1856682	ENSG00000250417	CTD-2194D22.2
14	47311134	48143999	ENSG00000272781	MDGA2
4	174537087	174538057	ENSG00000234801	MORF4
2	149583260	149583404	ENSG00000222126	RNU2-9P
12	93659405	93659508	ENSG00000238361	snoU13
12	93659793	93659872	ENSG00000201502	SNORD74
19	14513529	14519535	ENSG00000267379	CTC-548K16.5
2	114588626	114600933	ENSG00000228857	AC104653.1
1	53686335	53689925	ENSG00000259818	RP5-1024G6.7
2	149621133	149621373	ENSG00000223962	UBBP3
1	16481706	16483824	ENSG00000227959	RP11-276H7.2
12	57106212	57125412	ENSG00000196531	NACA
3	62764851	62765460	ENSG00000225662	RP11-1036F1.1
11	64494383	64512928	ENSG00000068831	RASGRP2
1	179833916	179834311	ENSG00000258664	IFRG15
4	113801454	113803486	ENSG00000251126	RP11-119H12.6
2	38512552	38513552	ENSG00000213594	GAPDHP25
1	206164084	206166270	ENSG00000236889	RP11-38J22.1
6	116601362	116691436	ENSG00000240050	RP1-93H18.1
12	93708585	93709717	ENSG00000257512	RP11-486A14.1
7	141985579	141988698	ENSG00000241881	U66059.58
19	14569213	14570178	ENSG00000267474	CTC-548K16.6
1	53704282	53708455	ENSG00000226754	RP5-1024G6.5
1	159029039	159029116	ENSG00000265589	AL359753.1
6	10753024	10753159	ENSG00000222383	RNA5SP203
HSCHR6_MHC_QBL	31910261	31917261	ENSG00000206357	NELFE
11	127275923	127276227	ENSG00000222774	RN7SKP121
19	14599758	14600691	ENSG00000224543	SNRPGP15
1	44457172	44497139	ENSG00000196517	SLC6A9
1	159050923	159051585	ENSG00000233473	RAD1P2
9	125163249	125165185	ENSG00000233616	RP11-542K23.10
HSCHR6_MHC_QBL	29454362	29455626	ENSG00000206515	MAS1L
15	96779014	96779932	ENSG00000259763	RP11-327J17.1
6	10882013	10884582	ENSG00000235051	RP11-637O19.2
4	174554879	174555522	ENSG00000213370	RANP6
17	12626199	12661542	ENSG00000273452	AC005358.1
11	127277746	127278043	ENSG00000223315	RN7SKP279
21	46654255	46678645	ENSG00000182586	LINC00334
7	141987080	141991423	ENSG00000242115	PRSS3P3
1	43282795	43310660	ENSG00000164010	ERMAP
15	32898619	32907361	ENSG00000262728	AC123768.4
10	75288809	75288915	ENSG00000207327	RNU6-883P
11	127527463	127527772	ENSG00000254591	RP11-822P1.1
9	125165686	125211256	ENSG00000229245	RP11-542K23.7
14	19553365	19590078	ENSG00000222036	POTEG
2	149624039	149646351	ENSG00000231079	AC105402.4
4	113802874	113803288	ENSG00000228814	RP11-119H12.5
8	32872779	32874561	ENSG00000254090	MTND2P32
15	96876490	96876536	ENSG00000222651	MIR1469
1	159148263	159148349	ENSG00000222552	RNA5SP60
1	206180054	206180443	ENSG00000225483	RP11-38J22.2
X	151876743	151883038	ENSG00000197463	CSAG3
19	14640355	14640452	ENSG00000207707	MIR639
10	75297561	75298149	ENSG00000237139	RP11-137L10.5
1	16485761	16488378	ENSG00000224621	RP11-276H7.3
5	37085158	37085954	ENSG00000244073	RPS4XP6
12	93710911	93771512	ENSG00000257252	RP11-486A14.2
18	29992145	29993199	ENSG00000262477	AC021224.1
4	174798622	174834403	ENSG00000250043	RP11-161D15.2
19	14694907	14695204	ENSG00000243488	RN7SL337P
5	157403774	157403964	ENSG00000222626	RNU2-48P
1	159165775	159177763	ENSG00000225670	CTA-134P22.2
11	127810808	127811549	ENSG00000254612	RP11-676M6.1
6	11043757	11078459	ENSG00000230314	ELOVL2-AS1
1	53708036	53710212	ENSG00000270172	RP5-1024G6.8
5	37130532	37130802	ENSG00000271378	CTD-2284O10.3
4	113900746	113993118	ENSG00000248152	RP11-650J17.1
1	16524349	16524852	ENSG00000234166	ARHGEF19-AS1
6	116765323	116766023	ENSG00000272403	RP1-93H18.7
19	14699169	14699465	ENSG00000243066	RN7SL842P
5	157411666	157416998	ENSG00000253743	MARK2P11
2	7045855	7046432	ENSG00000271947	RP11-439M11.1
19	14732446	14733054	ENSG00000269378	ITGB1P1
6	48181340	48182530	ENSG00000216835	RBMXP1
1	206214526	206223548	ENSG00000226780	RP11-38J22.3
4	113952443	113955707	ENSG00000249373	RP11-650J17.2
9	125233637	125238096	ENSG00000231465	RP11-542K23.9
2	149627593	149627950	ENSG00000228848	AC105402.2
7	141999017	141999300	ENSG00000242736	TRBV1
1	109529585	109529867	ENSG00000237349	RP5-1065J22.2
8	32897041	32897311	ENSG00000253393	RANP9
6	116774177	116774728	ENSG00000217241	CBX3P9
11	128050322	128053449	ENSG00000273415	RP11-702B10.2
5	1884080	1884763	ENSG00000249116	CTD-2194D22.3
3	62781801	62782094	ENSG00000244632	RN7SL863P
1	53733607	53734273	ENSG00000234578	RP4-784A16.1
19	14903121	14903589	ENSG00000256210	AC005255.3
7	142157378	142157849	ENSG00000227550	TRBV7-5
2	38633861	38742882	ENSG00000231367	AC016995.3
1	206261008	206261093	ENSG00000252692	SNORD60
3	62800057	62800166	ENSG00000252449	RNU6-139P
1	16542404	16554522	ENSG00000237276	ANO7P1
X	125866419	125866503	ENSG00000263686	AL391375.1
4	114135137	114138326	ENSG00000196656	AC004057.1
1	53753696	53755378	ENSG00000228838	RP4-784A16.2
4	174818403	174850676	ENSG00000250708	RP11-161D15.1
6	116778486	116779832	ENSG00000218153	KRT18P22
7	142190638	142191080	ENSG00000211739	TRBV12-2
1	109534878	109535489	ENSG00000244716	RP11-20O24.4
11	128078724	128111334	ENSG00000272575	RP11-702B10.1
X	126524324	126526508	ENSG00000230538	RP3-428A13.1
2	100136565	100136694	ENSG00000222274	AC018690.1
1	206288156	206306131	ENSG00000240754	RP11-38J22.6
2	149629822	149630366	ENSG00000226340	AC105402.3
19	14962844	14963756	ENSG00000269552	AC005255.5
6	11079248	11079346	ENSG00000238896	snoU13
1	53757463	53757810	ENSG00000225030	RP4-784A16.3
2	100721381	100723966	ENSG00000230393	AC092667.2
7	142197570	142198069	ENSG00000241657	TRBV11-2
2	114605710	114605813	ENSG00000239077	snoU13
9	125370315	125371079	ENSG00000228914	OR1H1P
6	11155162	11155383	ENSG00000271245	RP4-761I2.5
19	14974598	14975527	ENSG00000172148	AC005255.6
8	33053355	33053455	ENSG00000265562	AC104037.1
20	60962172	60963576	ENSG00000171858	RPS21
2	149649447	149649513	ENSG00000263656	AC105402.1
2	114645780	114647327	ENSG00000270019	RP11-141B14.1
1	159246293	159247282	ENSG00000215846	MPTX1
16	1944686	1944937	ENSG00000263769	RN7SL367P
6	116778895	116778985	ENSG00000265516	Z84488.1
1	53770208	53773134	ENSG00000232762	RP4-784A16.4
4	114340996	114341290	ENSG00000239279	RN7SL184P
19	7701767	7712759	ENSG00000076944	STXBP2
2	100824716	100867946	ENSG00000232084	LINC01104
6	11173685	11259332	ENSG00000247925	RP3-510L9.1
8	33084366	33084665	ENSG00000253993	RP11-451O18.1
2	149925110	149925424	ENSG00000228236	TXNP5
16	2012335	2012467	ENSG00000206811	SNORA10
4	114341479	114341642	ENSG00000206820	RNU1-138P
19	14997651	14997927	ENSG00000269678	OR7A18P
6	116781902	116784855	ENSG00000244158	RP1-93H18.6
5	157413154	157414714	ENSG00000213414	CTB-47B8.5
1	206506678	206506789	ENSG00000229509	RP11-421E17.4
11	9041071	9159661	ENSG00000175356	SCUBE2
HSCHR6_MHC_SSTO	31688317	31697500	ENSG00000223639	CLIC1
1	109572689	109572941	ENSG00000228665	RP11-20O24.1
16	2012974	2013107	ENSG00000207405	SNORA64
4	114761206	114761392	ENSG00000250229	RP11-397D21.1
X	126794612	126796511	ENSG00000260683	CTD-2076M15.1
2	150177107	150177950	ENSG00000224337	FAM8A3P
6	48817560	48817639	ENSG00000221175	AL391538.1
11	128396037	128400284	ENSG00000254588	RP11-1007G5.2
2	7052408	7058840	ENSG00000228203	RNF144A-AS1
6	11417583	11481472	ENSG00000233656	RP11-716O23.1
4	174845358	174912012	ENSG00000251216	RP11-161D15.3
16	2013746	2014096	ENSG00000255513	AC005363.9
15	52015208	52043782	ENSG00000140280	LYSMD2
8	33196385	33196484	ENSG00000252735	RNU6-528P
1	53793905	53802181	ENSG00000225675	RP4-784A16.5
17	48241575	48253292	ENSG00000108823	SGCA
19	15002707	15003616	ENSG00000268834	OR7A1P
6	48919707	48920418	ENSG00000271162	RP1-57E3.1
9	125372194	125401964	ENSG00000234156	RP11-64P14.7
16	31579707	31580796	ENSG00000261614	YBX3P1
14	90042560	90043821	ENSG00000259073	FOXN3-AS2
2	114737146	114764879	ENSG00000234199	AC010982.1
6	116813460	116818262	ENSG00000234117	RP11-259P20.1
X	126862715	126864839	ENSG00000235274	RP1-107N3.1
1	206552219	206554954	ENSG00000233501	SRGAP2-AS1
6	11487459	11515943	ENSG00000242753	RP11-716O23.2
6	49045349	49045688	ENSG00000218337	RP4-724P12.1
1	53814160	53814905	ENSG00000226938	RP11-117D22.1
5	37209466	37212483	ENSG00000228212	OFD1P17
12	54410894	54429145	ENSG00000273046	RP11-834C11.14
1	109589450	109590104	ENSG00000228054	RANP5
2	100993883	100993994	ENSG00000270699	RP11-292K15.1
5	157505107	157505772	ENSG00000253422	CTB-47B8.4
2	68268262	68338080	ENSG00000197223	C1D
17	37366789	37382125	ENSG00000141750	STAC2
16	2014960	2015510	ENSG00000255198	SNHG9
2	150296411	150296941	ENSG00000223604	AC007394.3
1	206677281	206677789	ENSG00000261000	RP11-534L20.5
6	117369833	117370001	ENSG00000217089	RPS29P13
4	175015811	175141549	ENSG00000248174	RP11-148L24.1
5	37246277	37246581	ENSG00000242493	RN7SL37P
1	53832340	53833917	ENSG00000230138	RP11-117D22.2
14	90052006	90052105	ENSG00000252522	Y_RNA
6	49241241	49241435	ENSG00000217631	RP1-142O9.2
16	31612914	31614852	ENSG00000260010	ZNF720P1
7	36363830	36429734	ENSG00000164542	KIAA0895
5	37286551	37287079	ENSG00000270558	CTD-2124B8.2
14	90088262	90088551	ENSG00000201027	RN7SKP107
1	206702248	206703039	ENSG00000234981	RP11-534L20.4
2	150443710	150704747	ENSG00000231969	AC144449.1
6	11503742	11503904	ENSG00000202313	RNU1-64P
2	114737486	114740835	ENSG00000243179	AC110769.3
2	101041810	101042569	ENSG00000238029	AC012493.1
1	109630593	109633480	ENSG00000273382	RP5-1065J22.8
HSCHR6_MHC_QBL	32417557	32430644	ENSG00000196101	HLA-DRB3
14	90117137	90117247	ENSG00000252655	Y_RNA
5	37327237	37327298	ENSG00000251880	RNU7-75P
6	11514425	11516699	ENSG00000218020	PRKRIRP5
8	59337147	59339244	ENSG00000250031	RP11-114M5.1
Y	28555962	28566682	ENSG00000188399	ANKRD36P1
6	49312460	49312521	ENSG00000252457	RNU7-65P
8	33218361	33218933	ENSG00000272338	RP11-722E23.2
1	159248831	159249791	ENSG00000248642	OR10J2P
5	157600609	157603430	ENSG00000253792	CTC-436K13.5
14	90178855	90179167	ENSG00000200312	RN7SKP255
9	125448212	125450651	ENSG00000226783	TLK1P1
12	54413694	54416373	ENSG00000260597	AC012531.25
2	150467182	150467288	ENSG00000207270	RNU6-601P
5	37377151	37378073	ENSG00000250455	RP11-648M2.1
2	101125739	101126077	ENSG00000204637	AC068538.2
6	117381845	117381962	ENSG00000200248	RNA5SP214
4	175056206	175075788	ENSG00000250957	RP11-248N22.1
HSCHR6_MHC_MCF	33342783	33344972	ENSG00000232357	HSD17B8
14	90203309	90204735	ENSG00000259050	CHORDC2P
12	54427734	54427829	ENSG00000207571	MIR615
1	109642815	109643241	ENSG00000270066	SCARNA2
8	33293786	33294218	ENSG00000254061	RP11-359B20.1
2	114747587	114747673	ENSG00000215984	AC110769.1
1	206807994	206808967	ENSG00000237605	RP11-343H5.6
6	117620527	117620801	ENSG00000251814	RN7SKP18
6	49325859	49328093	ENSG00000219374	EEF1A1P42
5	37505790	37506959	ENSG00000248216	RP11-648M2.2
2	150624020	150715705	ENSG00000162947	AC007364.1
18	21032787	21066567	ENSG00000101782	RIOK3
5	157602404	157627024	ENSG00000253673	CTC-436K13.1
Y	18398127	18398238	ENSG00000265197	AC053516.1
6	117622618	117622921	ENSG00000222713	RN7SKP51
6	11607785	11608214	ENSG00000271897	RP11-679B17.2
12	54452038	54516018	ENSG00000248265	RP11-834C11.3
5	37620087	37620190	ENSG00000222743	RNU6-1190P
4	175085592	175090064	ENSG00000251213	RP11-248N22.2
1	109646157	109647388	ENSG00000251484	RP5-1065J22.4
5	154237113	154256353	ENSG00000155508	CNOT8
12	119619853	119621064	ENSG00000256609	RP11-64B16.4
X	2609220	2659350	ENSG00000002586	CD99
8	59416147	59416627	ENSG00000254103	RP11-114M5.3
6	18224099	18265054	ENSG00000124795	DEK
2	114763018	114763232	ENSG00000212182	U3
2	38658436	38660715	ENSG00000235009	AC093822.1
6	117752754	117753605	ENSG00000219703	RP1-92C8.2
6	11710052	11710193	ENSG00000207419	SNORA67
12	49950327	49961936	ENSG00000187778	MCRS1
1	206855308	206855380	ENSG00000252853	SNORD112
1	53878821	53905693	ENSG00000236253	SLC25A3P1
1	16567708	16567893	ENSG00000233929	MT1XP1
4	175276005	175297596	ENSG00000249875	RP11-51M24.1
2	114879851	114880870	ENSG00000235242	AC010982.2
Y	18448163	18448269	ENSG00000252323	RNU6-184P
X	126930105	126930714	ENSG00000224548	RP1-107N3.2
1	109750416	109750470	ENSG00000238310	RNU7-122P
1	148739443	148758311	ENSG00000203827	NBPF16
6	11810835	11811481	ENSG00000234427	RP3-413H6.2
16	31659628	31660543	ENSG00000237185	VN1R66P
16	2034878	2040358	ENSG00000261790	AC005606.14
X	151889195	151890140	ENSG00000231447	RP1-14D6.7
1	206869182	206869614	ENSG00000224114	RP11-343H5.4
1	110082528	110086459	ENSG00000254942	RP5-1160K1.8
4	175344946	175345015	ENSG00000265846	MIR4276
12	54470622	54475687	ENSG00000250654	RP11-834C11.7
14	90358132	90358788	ENSG00000230997	RAB42P1
5	157615985	157616919	ENSG00000254047	CTC-436K13.4
1	159315956	159438858	ENSG00000228560	RP11-550P17.5
8	59500979	59501323	ENSG00000242970	AC068522.4
6	11861859	11863203	ENSG00000215124	RP3-420J14.1
8	33370993	33371096	ENSG00000239039	SNORD13
X	48928813	48931730	ENSG00000243279	PRAF2
1	110134156	110134262	ENSG00000206832	RNU6V
4	175444852	175461495	ENSG00000250596	RP11-440I14.2
16	31692168	31693422	ENSG00000260631	RBM22P12
Y	28654360	28725837	ENSG00000215506	TPTE2P4
1	206921325	206921437	ENSG00000199349	Y_RNA
1	159320883	159321816	ENSG00000248442	OR10J7P
X	127232011	127232508	ENSG00000236042	RP1-203C2.2
1	110138847	110140403	ENSG00000225113	RP5-1160K1.3
16	2047655	2048375	ENSG00000260107	AC005606.15
2	115017627	115018803	ENSG00000231926	SEPHS1P7
1	207079273	207079738	ENSG00000271680	RP11-564A8.8
17	73163408	73179078	ENSG00000188612	SUMO2
4	175457791	175461935	ENSG00000251584	RP11-440I14.3
16	2063182	2063475	ENSG00000265386	RN7SL219P
14	90574019	90574339	ENSG00000258544	RP11-750I4.2
5	37700433	37700539	ENSG00000206743	RNU6-484P
X	151895976	151903136	ENSG00000242599	CSAG4
1	110141515	110141589	ENSG00000207709	MIR197
2	151027937	151157594	ENSG00000230645	AC016682.1
8	33380672	33380809	ENSG00000253232	RP11-359B20.5
1	16695645	16696025	ENSG00000226457	RP11-430L17.1
1	207080964	207081574	ENSG00000226945	RP11-564A8.4
16	2140196	2140285	ENSG00000221656	MIR1225
5	37802073	37802167	ENSG00000238335	AC008869.1
1	110171039	110172927	ENSG00000228703	RP5-1160K1.6
6	44214824	44221620	ENSG00000096384	HSP90AB1
6	117766553	117766604	ENSG00000221434	AL132671.1
4	175460340	175461406	ENSG00000250760	RP11-440I14.4
11	63228876	63258666	ENSG00000168004	HRASLS5
2	151091406	151113521	ENSG00000231420	AC113610.1
X	127256712	127257474	ENSG00000235334	RP1-203C2.3
6	117772293	117774688	ENSG00000226181	RP1-92C8.3
5	37840540	37875901	ENSG00000248587	GDNF-AS1
16	31708718	31708928	ENSG00000260472	CTD-2358C21.2
16	2141437	2145426	ENSG00000259933	RP11-304L19.1
1	110193992	110194721	ENSG00000235045	RPL7P8
4	175844964	175845189	ENSG00000250200	RP13-577H12.3
14	90643566	90643674	ENSG00000201351	Y_RNA
1	207212039	207212145	ENSG00000238401	snoU13
2	151409046	151428735	ENSG00000236049	AC104777.2
6	117778897	117779001	ENSG00000207461	RNU6-253P
5	157652360	157661384	ENSG00000253449	CTC-436K13.6
10	32398789	32400594	ENSG00000235113	RP11-241I20.4
1	207323522	207323626	ENSG00000226565	RP11-164O23.5
14	90833041	90833523	ENSG00000242571	RPL21P11
8	33397558	33397655	ENSG00000252505	SNORA70
1	54154422	54154485	ENSG00000239007	RNU7-95P
6	117954869	117966250	ENSG00000218233	NEPNP
4	175848458	175848542	ENSG00000265493	AC105914.1
1	203052260	203055164	ENSG00000122180	MYOG
2	38708920	38710012	ENSG00000213553	RPLP0P6
13	25338290	25454059	ENSG00000132972	RNF17
1	54236691	54236826	ENSG00000201003	SNORA58
8	33397703	33398011	ENSG00000253995	RP11-10D7.5
Y	28695572	28695890	ENSG00000224240	CYCSP49
16	31710997	31711786	ENSG00000260568	CTD-2358C21.3
8	59574800	59574903	ENSG00000238433	snoU13
6	11990576	11992245	ENSG00000225102	RP11-456H18.1
4	175898722	175900532	ENSG00000250431	RP13-577H12.2
1	159335951	159336879	ENSG00000251686	OR10J8P
Y	9324922	9327689	ENSG00000238074	TSPY6P
1	54294465	54294534	ENSG00000264454	AL049745.1
10	32400572	32400717	ENSG00000234811	RP11-241I20.5
1	110235739	110236364	ENSG00000260246	AC000032.2
8	59726971	59727111	ENSG00000201231	RNU4-50P
2	115038661	115038752	ENSG00000238520	snoU13
9	125524123	125524512	ENSG00000232387	SKA2P1
1	207338841	207357255	ENSG00000224462	C4BPAP1
2	151422648	151424594	ENSG00000237220	AC104777.3
16	2144831	2147027	ENSG00000261123	RP11-304L19.3
8	59904279	59905497	ENSG00000254048	RP11-328K2.1
5	157683145	157685444	ENSG00000253424	CTC-436K13.3
1	16787443	16794976	ENSG00000226029	RP4-798A10.2
6	49533637	49547879	ENSG00000216998	CYP2AC1P
6	118320138	118320611	ENSG00000230202	RP11-632C17__A.1
1	54307220	54307505	ENSG00000229687	RP4-654H19.2
14	90847542	90847596	ENSG00000238758	AL512791.1
6	12007903	12009089	ENSG00000229896	RP11-456H18.2
X	127261068	127262190	ENSG00000235239	RP1-203C2.4
4	175938167	175940365	ENSG00000249411	RP11-391J13.1
2	115177702	115177879	ENSG00000222923	RNU2-41P
10	32462612	32462672	ENSG00000252482	RNU7-22P
14	90868867	90871579	ENSG00000258424	RP11-471B22.2
1	110268442	110317874	ENSG00000241720	RP4-735C1.4
16	2162336	2163343	ENSG00000261240	RP11-304L19.4
2	151451616	151476581	ENSG00000232359	AC104777.1
2	115586009	115591125	ENSG00000231538	DPP10-AS3
Y	28732789	28737748	ENSG00000227629	SLC25A15P1
10	32477251	32477745	ENSG00000217094	PPIAP31
8	60031599	60033905	ENSG00000167912	RP11-25K19.1
6	118773632	118776155	ENSG00000216809	RP11-57K17.1
1	46016215	46035721	ENSG00000117448	AKR1A1
14	90918407	90921461	ENSG00000258678	RP11-1078H9.1
5	157702719	157705821	ENSG00000253134	CTC-436K13.2
1	54440642	54441704	ENSG00000219102	HNRNPA3P12
8	33437730	33438026	ENSG00000240189	RN7SL621P
16	2169208	2170249	ENSG00000260447	RP11-304L19.2
2	151468895	151491862	ENSG00000224048	AC104777.4
16	31711911	31721097	ENSG00000131797	CLUHP3
1	110353264	110353620	ENSG00000224927	NDUFA5P10
14	90921574	90925249	ENSG00000233208	LINC00642
4	176207756	176211918	ENSG00000249284	RP11-287F9.1
2	115591407	115593165	ENSG00000235717	DPP10-AS2
5	67382989	67383322	ENSG00000253801	CTD-2060F24.1
5	1887446	1900607	ENSG00000249326	CTD-2194D22.4
16	2181852	2181951	ENSG00000200059	Y_RNA
6	12319685	12319824	ENSG00000218893	SUMO2P12
10	32520777	32521173	ENSG00000233190	RPS24P13
2	87112198	87112854	ENSG00000213605	AC111200.2
5	37899465	37920971	ENSG00000248539	CTD-2194L12.2
2	27505260	27530307	ENSG00000138100	TRIM54
8	33462374	33896526	ENSG00000253642	RP11-317N12.1
6	118822593	118824069	ENSG00000169075	BRD7P3
1	54481327	54481616	ENSG00000197015	AL353898.1
1	16793931	16825752	ENSG00000080947	CROCCP3
16	2183120	2183205	ENSG00000265867	MIR4516
5	157851593	157879766	ENSG00000254350	RP11-542A14.1
5	67454889	67454974	ENSG00000252108	RNU6-1232P
16	2185978	2186130	ENSG00000264397	MIR3180-5
2	70674412	70781325	ENSG00000163235	TGFA
1	54492356	54494172	ENSG00000272091	RP4-758J24.5
5	67455046	67455721	ENSG00000213864	EEF1B2P2
5	37939467	37948057	ENSG00000250032	CTD-2194L12.3
6	12406718	12407013	ENSG00000223321	RN7SKP293
8	11786101	11787072	ENSG00000206014	OR7E161P
16	2204798	2205359	ENSG00000260260	RP11-304L19.5
1	54498816	54500553	ENSG00000203276	AL353898.2
10	32555217	32558402	ENSG00000227253	RP11-166N17.1
2	115888512	115918920	ENSG00000235026	DPP10-AS1
2	38762400	38763391	ENSG00000271443	RP11-541E12.1
11	2629558	2721224	ENSG00000269821	KCNQ1OT1
4	176267509	176324261	ENSG00000248551	RP11-287F9.2
5	67670593	67670955	ENSG00000251044	CTD-2582M21.1
9	125599836	125601099	ENSG00000233425	KRT18P67
6	118910233	118910797	ENSG00000217330	SSXP10
1	110370977	110414058	ENSG00000228420	RP4-735C1.6
6	12514342	12515006	ENSG00000212802	RPL15P3
11	49839330	49847105	ENSG00000254487	RP11-707M1.7
1	54519752	54519827	ENSG00000264208	MIR4781
17	26125832	26220391	ENSG00000266202	RP1-66C13.4
9	129986544	130155939	ENSG00000136895	GARNL3
Y	28740998	28780799	ENSG00000237917	PARP4P1
11	2792586	2792807	ENSG00000236041	COX6CP18
5	67726254	67730308	ENSG00000248884	CTC-537E7.3
5	37948593	37951157	ENSG00000251518	CTD-2130F23.2
4	176379440	176387848	ENSG00000249945	RP11-598D14.1
1	54555529	54555766	ENSG00000225183	RP4-758J24.4
5	1933977	1959290	ENSG00000248994	RP11-259O2.1
1	110426798	110428886	ENSG00000235005	RP11-195M16.1
X	151922445	151928738	ENSG00000184324	CSAG2
X	127447259	127448026	ENSG00000235735	RPL7AP72
5	37953504	37967066	ENSG00000248533	CTD-2130F23.1
X	101263497	101264019	ENSG00000234901	MTND6P13
4	176394153	176394259	ENSG00000221136	AC131094.1
11	49846391	49848276	ENSG00000255268	RP11-707M1.9
14	90955356	90957981	ENSG00000259789	RP11-1078H9.6
1	110438595	110440483	ENSG00000261055	RP11-195M16.3
2	63310143	63314457	ENSG00000270437	RP11-511I11.2
16	2205024	2205106	ENSG00000206630	SNORD60
8	104240653	104241542	ENSG00000253851	RP11-318M2.3
4	176415765	176417151	ENSG00000251174	TSEN2P1
9	5881596	6007901	ENSG00000183354	KIAA2026
14	91031485	91031569	ENSG00000252748	AL096869.1
1	54565641	54565897	ENSG00000237611	AL353898.3
1	110600962	110605177	ENSG00000258634	RP4-773N10.4
1	159375213	159376199	ENSG00000249197	OR10J9P
2	151839020	151859988	ENSG00000228064	AC023469.2
16	2255031	2255137	ENSG00000252958	AC009065.3
2	38828740	38829320	ENSG00000235586	AC011247.3
8	104395306	104396082	ENSG00000266289	RP11-1C8.6
5	67819705	67825834	ENSG00000249588	CTC-537E7.1
1	54751078	54753044	ENSG00000225632	RP5-997D24.3
16	2261998	2262864	ENSG00000261532	RP11-304L19.8
2	151974469	152042723	ENSG00000236885	AC018731.3
10	129347613	129350935	ENSG00000214285	NPS
6	33172419	33174608	ENSG00000204228	HSD17B8
12	54475902	54496477	ENSG00000249388	RP11-834C11.6
6	119078681	119104583	ENSG00000225549	RP11-210H10__A.1
8	104397189	104397295	ENSG00000207399	RNU6-1011P
4	176496019	176497291	ENSG00000248574	ADAM20P2
11	2861365	2882798	ENSG00000229414	KCNQ1-AS1
11	49854692	49860872	ENSG00000219061	TRIM51FP
5	38025799	38184034	ENSG00000250003	CTD-2116N24.1
5	67827517	67829357	ENSG00000248359	CTC-537E7.2
16	2285690	2286914	ENSG00000259780	RP11-304L19.12
X	101428072	101439994	ENSG00000251525	TCP11X3P
2	152042702	152043109	ENSG00000213201	FABP5P10
X	127457598	127734446	ENSG00000225689	RP1-30E17.2
8	104476617	104481213	ENSG00000261670	RP11-1C8.5
9	125642492	125642602	ENSG00000212447	SNORD90
7	20336331	20351335	ENSG00000226097	AC099342.1
4	114864412	114865476	ENSG00000249304	RP11-26P13.2
5	1963723	1967268	ENSG00000248597	RP11-259O2.2
Y	19304706	19305532	ENSG00000228518	SURF6P1
2	63335253	63335564	ENSG00000232403	RP11-511I11.1
1	54881929	54886533	ENSG00000232245	RP4-705F19.1
1	110625310	110652341	ENSG00000258673	RP4-773N10.6
8	104493494	104493847	ENSG00000271830	RP11-1C8.7
11	2891263	2893335	ENSG00000237941	KCNQ1DN
12	54478916	54519776	ENSG00000250432	RP11-834C11.5
6	12583147	12585636	ENSG00000234015	RP11-125M16.1
2	38895830	38898563	ENSG00000232518	AC074366.3
4	115025094	115025381	ENSG00000248716	RP11-362M19.1
5	68128412	68257985	ENSG00000249335	CTC-340D7.1
1	54970341	54970443	ENSG00000265404	AC099796.1
5	157891473	157891686	ENSG00000272085	RP11-542A14.2
8	104495626	104513904	ENSG00000253477	RP11-1C8.4
16	127006	135852	ENSG00000103152	MPG
2	152224848	152224925	ENSG00000264684	MIR4773-2
12	119632655	119633199	ENSG00000213144	RP11-64B16.2
X	127574907	127575763	ENSG00000226802	RP11-72I18.1
5	1968208	1969127	ENSG00000249731	RP11-259O2.3
1	54982085	54982932	ENSG00000235741	RP5-866L20.1
6	119255950	119352706	ENSG00000253194	RP11-351A11.1
17	79361930	79364056	ENSG00000262877	RP11-1055B8.4
6	12753907	12754003	ENSG00000223291	AL354680.1
5	38081774	38081845	ENSG00000238836	AC074129.1
1	54990497	54990604	ENSG00000237173	RP5-866L20.2
2	152228517	152228798	ENSG00000242113	RN7SL124P
2	63344986	63346677	ENSG00000242412	DBIL5P2
6	43211418	43255997	ENSG00000146216	TTBK1
22	21878047	21878123	ENSG00000252799	snoU13
9	125699902	125702612	ENSG00000261094	RP11-355O1.11
6	13214288	13214451	ENSG00000206702	RNU1-11P
Y	19576759	19577094	ENSG00000271595	TCEB1P35
2	87157373	87157877	ENSG00000231351	AC111200.7
6	119379045	119379139	ENSG00000222649	Y_RNA
1	54991059	54991126	ENSG00000252646	SNORD112
2	38990676	38992363	ENSG00000227238	TTC39DP
2	152954842	152965716	ENSG00000225214	AC079790.2
5	157912198	157961446	ENSG00000254135	RP11-32D16.1
11	537527	554916	ENSG00000161328	LRRC56
22	21899186	21899328	ENSG00000252143	SCARNA17
4	115577915	115578010	ENSG00000207931	MIR577
1	110708808	110715111	ENSG00000227091	RP5-1028L10.1
6	119390212	119390308	ENSG00000207982	MIR548B
12	119663639	119696822	ENSG00000256311	RP11-64B16.5
1	55002469	55003431	ENSG00000227453	HNRNPA1P63
22	21899414	21899496	ENSG00000252605	SCARNA18
6	13265093	13295818	ENSG00000215022	RP1-257A7.4
8	104571327	104571617	ENSG00000255105	RP11-5A11.1
1	159436111	159453166	ENSG00000224943	RP11-180D21.3
4	115634735	115636076	ENSG00000250215	CIR1P2
2	152988069	152988359	ENSG00000234272	RPL30P2
6	119480462	119480641	ENSG00000220139	RP3-354N19.1
22	21899633	21899933	ENSG00000222352	RN7SKP221
5	68150737	68150912	ENSG00000250289	VWA8P1
11	2985001	2985123	ENSG00000207008	SNORA54
11	49872181	49884080	ENSG00000254714	RP11-163O19.1
8	60049931	60050061	ENSG00000206853	SNORA51
8	104580831	104581206	ENSG00000254644	RP11-5A11.2
22	21995133	21995573	ENSG00000273342	KB-1440D3.14
7	142216290	142216732	ENSG00000244661	TRBV12-1
10	129535499	129539450	ENSG00000186766	FOXI2
8	87226281	87333375	ENSG00000164893	SLC7A13
5	68169781	68169914	ENSG00000212249	U8
1	55087150	55094111	ENSG00000230728	RP11-240D10.4
11	3050624	3062490	ENSG00000247473	CARS-AS1
8	60368444	60368569	ENSG00000201763	RNA5SP267
8	104677523	104677622	ENSG00000238687	snoU13
1	159527158	159527990	ENSG00000231100	RP11-740C1.2
22	22007270	22007347	ENSG00000212102	MIR301B
1	203059782	203136533	ENSG00000163485	ADORA1
Y	19612838	19626898	ENSG00000224989	FAM41AY1
6	49785143	49788155	ENSG00000235122	RP3-417L20.4
1	110720265	110721341	ENSG00000235526	RP5-1028L10.2
5	68259073	68263672	ENSG00000250066	RP11-141O11.1
8	33499099	33499457	ENSG00000253684	RP11-10D7.2
8	60470087	60470414	ENSG00000254150	RP11-379I19.2
7	142245303	142245572	ENSG00000239944	TRBV8-2
8	104780509	104781257	ENSG00000239344	RP11-771F20.1
1	55258558	55260578	ENSG00000237453	RP11-67L3.2
3	62912046	62912557	ENSG00000226082	RP11-24H1.1
22	22007593	22007674	ENSG00000207751	MIR130B
2	116225632	116226514	ENSG00000230391	RPSAP23
6	146920101	147136598	ENSG00000118492	ADGB
X	151953177	151953993	ENSG00000226170	U82671.12
1	110751456	110752609	ENSG00000224965	KCNC4-AS1
6	49791425	49792495	ENSG00000226707	RP11-719J20.1
11	3069589	3069751	ENSG00000201616	RNU1-91P
8	104863827	104863916	ENSG00000216113	AP001572.1
9	125708267	125708373	ENSG00000222351	Y_RNA
6	119590298	119590879	ENSG00000216316	RP3-354N19.3
22	22016223	22016652	ENSG00000272954	KB-1440D3.13
4	115720487	115720783	ENSG00000240637	RN7SL808P
8	60473886	60506260	ENSG00000253260	RP11-379I19.1
8	33573302	33573586	ENSG00000263794	RN7SL457P
11	49875632	49880954	ENSG00000255550	RP11-163O19.11
2	63459588	63460712	ENSG00000233716	AC074367.1
8	105432721	105433132	ENSG00000179577	AP003471.1
7	142259059	142259331	ENSG00000242771	TRBV5-2
6	13290250	13290722	ENSG00000272379	RP1-257A7.5
1	55352548	55353674	ENSG00000242396	RP11-67L3.5
11	3105623	3106673	ENSG00000236710	AC108448.2
4	116064138	116064459	ENSG00000251308	MRPS33P3
19	15014044	15014985	ENSG00000269787	OR7A3P
1	110815106	110815229	ENSG00000200536	SNORA25
22	22077172	22077471	ENSG00000244671	RN7SL280P
1	159551410	159552438	ENSG00000271890	OR10AE1P
8	11856596	11856977	ENSG00000255174	RP11-481A20.4
X	152163780	152164039	ENSG00000264933	RN7SL190P
8	33579823	33580597	ENSG00000253569	VENTXP5
6	50061424	50066995	ENSG00000226733	RP11-397G17.1
5	38148582	38153817	ENSG00000248461	CTD-2207A17.1
3	62936105	63110738	ENSG00000244342	LINC00698
2	87161585	87161945	ENSG00000226114	AC111200.8
8	105437587	105437666	ENSG00000222158	AP003471.2
6	13486526	13487084	ENSG00000237786	GFOD1-AS1
22	22146723	22146813	ENSG00000200985	RNA5SP493
1	159568088	159569017	ENSG00000158731	OR10J6P
X	152197130	152198791	ENSG00000234200	U82671.8
1	110828997	110881793	ENSG00000227963	RP5-1074L1.1
7	142273056	142273334	ENSG00000243889	TRBV8-1
11	49893378	49895619	ENSG00000255214	RP11-163O19.10
2	153140864	153140974	ENSG00000199884	Y_RNA
X	127848484	127849768	ENSG00000218728	KRT18P44
9	125791652	125792032	ENSG00000213216	RP11-355O1.7
8	105447681	105447774	ENSG00000266734	AP003471.3
17	79374516	79374578	ENSG00000266392	MIR4740
22	22239621	22240012	ENSG00000225544	KB-1027C11.4
8	11860909	11861591	ENSG00000254507	RP11-481A20.10
1	55353236	55354523	ENSG00000233203	RP11-67L3.4
4	116549968	116550863	ENSG00000250693	RPF2P2
11	49896497	49898190	ENSG00000255190	TRIM51DP
5	158410014	158411797	ENSG00000253811	CTD-2363C16.1
2	153246451	153247144	ENSG00000213197	AC012066.1
8	60513937	60526334	ENSG00000253879	RP11-379I19.3
8	105496597	105496693	ENSG00000208032	MIR548A3
7	142344427	142344887	ENSG00000251578	TRBV21-1
12	56598285	56615717	ENSG00000181852	RNF41
17	79418130	79418214	ENSG00000266189	MIR3186
5	38282366	38291088	ENSG00000248730	EGFLAM-AS4
12	119825792	120105884	ENSG00000248636	RP11-768F21.1
6	13521498	13522277	ENSG00000218265	RPS4XP7
5	68266266	68325992	ENSG00000249352	7SK
1	207352641	207357407	ENSG00000243636	RP11-164O23.7
6	119648446	119648550	ENSG00000200732	RNU6-194P
8	105578314	105578657	ENSG00000253454	NDUFA5P2
8	33716998	33717741	ENSG00000240738	RP1-273G13.1
1	110912776	110915625	ENSG00000273373	RP5-1074L1.4
6	50481748	50488817	ENSG00000233470	RP11-524K22.1
22	22292609	22297799	ENSG00000224086	LL22NC03-86G7.1
6	120336325	120336403	ENSG00000265725	MIR3144
5	158412814	158414207	ENSG00000253456	CTD-2363C16.2
7	142349249	142349699	ENSG00000240578	TRBV22-1
8	11882753	11883107	ENSG00000255016	RP11-481A20.8
4	116685255	116685975	ENSG00000248488	PGAM4P2
2	38996407	38997266	ENSG00000232114	AC018693.5
1	159674773	159675397	ENSG00000223603	CRPP1
10	129676105	129691211	ENSG00000180745	CLRN3
6	120847440	120847546	ENSG00000206857	RNU6-214P
8	105767334	105767403	ENSG00000263732	AC012564.1
X	152220509	152220772	ENSG00000229979	U82670.9
2	117444794	117444963	ENSG00000271667	RP11-338I24.1
6	50555320	50604918	ENSG00000230472	RP1-28O17.1
6	121007767	121007888	ENSG00000200310	RNA5SP215
11	3210776	3211159	ENSG00000234791	AC108448.3
11	49904551	49905645	ENSG00000254800	RP11-163O19.3
9	125824124	125825591	ENSG00000225078	RP11-123N4.4
X	127972419	127972812	ENSG00000223995	RPL32P35
19	15027228	15028192	ENSG00000198367	OR7A11P
8	105993392	105993807	ENSG00000243939	RP11-200A13.1
15	52043758	52108565	ENSG00000128872	TMOD2
11	65405568	65418401	ENSG00000213445	SIPA1
2	63745026	63746647	ENSG00000203415	AC016734.1
8	11891155	11892121	ENSG00000254817	OR7E160P
X	152387936	152393740	ENSG00000235675	AC151961.1
4	116841863	116843134	ENSG00000250363	KRT18P21
1	55446623	55457947	ENSG00000233271	RP11-12C17.2
7	142389237	142389691	ENSG00000239992	TRBVA
6	121102366	121102658	ENSG00000216710	COX6A1P3
5	158527491	158544486	ENSG00000245812	RP11-175K6.1
Y	9365489	9368291	ENSG00000236424	TSPY10
6	13547936	13548245	ENSG00000202351	RN7SKP204
2	153395711	153395941	ENSG00000270776	RP11-17G11.1
1	207399143	207402547	ENSG00000232621	C4BPAP2
Y	19628716	19630918	ENSG00000228578	TUBB1P2
8	106002536	106002920	ENSG00000253997	RP11-200A13.3
6	13614343	13615387	ENSG00000261071	RP1-223E5.4
2	63849309	63849965	ENSG00000228305	AC016734.2
1	55683534	55699850	ENSG00000231090	RP11-101C11.1
22	22345496	22398332	ENSG00000197549	PRAMENP
11	3239562	3244361	ENSG00000236301	MRGPRG-AS1
2	153707167	153707338	ENSG00000234932	AC009969.1
5	38345449	38346653	ENSG00000249071	EGFLAM-AS3
8	60672606	60672822	ENSG00000253413	RP11-960H2.2
11	104896170	104972158	ENSG00000137752	CASP1
6	13680312	13680373	ENSG00000252966	RNU7-91P
6	121675500	121675606	ENSG00000206598	RNU6-1286P
8	33827079	33827397	ENSG00000188512	RP1-273G13.2
17	33254878	33308097	ENSG00000132141	CCT6B
17	28299532	28300045	ENSG00000264435	RP11-338L22.3
6	13817713	13817966	ENSG00000233075	AL023583.1
HSCHR6_MHC_QBL	32481203	32511820	ENSG00000206306	HLA-DRB1
11	49913814	49915329	ENSG00000255111	RP11-163O19.8
6	121699943	121700044	ENSG00000207403	Y_RNA
6	50824968	50825375	ENSG00000060303	RPS17P5
1	55688052	55689045	ENSG00000231095	GYG1P3
8	106023335	106023796	ENSG00000240271	RP11-200A13.2
17	28339051	28339136	ENSG00000264715	AC104996.1
2	39037574	39038796	ENSG00000223922	ASS1P2
6	121702618	121703006	ENSG00000220447	RP1-276J11.2
6	13825663	13826805	ENSG00000272209	RP3-500L14.2
5	68334345	68339648	ENSG00000250237	CTC-498J12.1
X	152415692	152416269	ENSG00000231600	AC151960.1
8	106155088	106200834	ENSG00000254041	RP11-574O7.1
X	101514031	101516680	ENSG00000226613	GHc-1077H7.2
7	1509913	1545489	ENSG00000164880	INTS1
17	28386070	28386165	ENSG00000207011	RNY4P13
2	153733334	153734281	ENSG00000226213	UBQLN4P2
8	60733683	60733992	ENSG00000253723	RP11-960H2.1
2	117484029	117484347	ENSG00000224869	AC062016.1
2	87257800	87303536	ENSG00000231259	AC125232.1
1	110925441	110974982	ENSG00000224699	LAMTOR5-AS1
6	13949326	13949897	ENSG00000220868	MRPL35P1
17	28386072	28386165	ENSG00000267482	RNY4P13
2	63869589	63871172	ENSG00000229920	RPS4XP5
17	28386357	28392695	ENSG00000265289	AC104984.4
8	106207218	106209197	ENSG00000253318	TMCC1P1
6	14005151	14007132	ENSG00000233981	RP3-380E11.2
1	159728960	159729379	ENSG00000235226	RP11-419N10.5
2	117508734	117509224	ENSG00000226341	AC062016.2
6	121710470	121711503	ENSG00000272714	RP1-276J11.3
19	15037870	15038836	ENSG00000176923	OR7A15P
11	3247291	3254068	ENSG00000224513	AC109309.4
17	28395650	28396649	ENSG00000266876	RP11-1148O4.1
2	117575662	117576337	ENSG00000235871	AC062016.3
6	14156693	14156754	ENSG00000238987	RNU7-133P
HSCHR6_MHC_QBL	33196314	33211013	ENSG00000206281	TAPBP
15	96897466	96946964	ENSG00000259275	RP11-522B15.3
6	121775127	121775267	ENSG00000199458	RNU4-35P
6	50865328	50865938	ENSG00000216913	RP4-753D5.3
3	62384022	62861054	ENSG00000163618	CADPS
19	41497204	41524303	ENSG00000197408	CYP2B6
6	14230006	14231801	ENSG00000230631	RP11-359N11.1
1	149400131	149400542	ENSG00000203818	HIST2H3PS2
X	128175513	128177160	ENSG00000234592	RP11-41L14.1
9	125871773	125877756	ENSG00000236901	MIR600HG
1	55691314	55691396	ENSG00000265822	MIR4422
2	117781494	117782443	ENSG00000230158	MTND1P28
1	159821696	159821762	ENSG00000212161	SNORD64
5	68364752	68365027	ENSG00000249183	SUMO2P4
11	3297275	3297620	ENSG00000236987	NDUFA5P8
6	121799419	121801054	ENSG00000219784	RP1-172I22.1
8	106300058	106300593	ENSG00000243171	RP11-273P3.1
1	16840617	16840780	ENSG00000206652	RNU1-1
17	28417384	28444515	ENSG00000265394	RP11-1148O4.2
1	159836744	159837475	ENSG00000272668	RP11-190A12.8
X	152435330	152439737	ENSG00000237736	U82670.4
5	38399916	38403515	ENSG00000248572	EGFLAM-AS2
X	128542359	128542598	ENSG00000226339	RPS26P56
1	55833139	55834447	ENSG00000231900	GOT2P1
6	14280358	14285376	ENSG00000226673	LINC01108
8	106674580	106697993	ENSG00000253420	RP11-642D21.2
15	96931443	96932285	ENSG00000259614	RP11-522B15.6
1	16841140	16842249	ENSG00000261135	RP4-798A10.7
17	28444097	28444190	ENSG00000266919	MIR3184
4	116843171	117218316	ENSG00000248173	RP11-659O3.1
2	154015452	154016197	ENSG00000214025	ATP5F1P4
5	68408939	68432221	ENSG00000248664	CTC-498J12.3
1	159869769	159869869	ENSG00000266458	hsa-mir-4259
6	14391462	14393519	ENSG00000237346	RP3-448I9.2
17	28444097	28444190	ENSG00000199071	MIR423
5	158636929	158675804	ENSG00000253256	CTB-11I22.1
8	11901015	11901179	ENSG00000254700	RP11-1236K1.11
1	16847189	16848291	ENSG00000224174	RP4-798A10.4
1	207422412	207482466	ENSG00000237074	RP11-6J21.2
11	3343092	3343432	ENSG00000232390	NDUFA5P1
6	121863632	121863772	ENSG00000201379	RNU4-76P
17	79428039	79428963	ENSG00000263271	RP11-1055B8.8
8	106682219	106691259	ENSG00000254141	RP11-642D21.1
6	50880425	50880969	ENSG00000230204	FTH1P5
17	28449447	28453136	ENSG00000265739	RP11-354P11.3
8	60962146	60987274	ENSG00000254775	RP11-27P7.1
12	112079950	112123790	ENSG00000089234	BRAP
1	159931008	159948851	ENSG00000224259	LINC01133
17	79478052	79478135	ENSG00000266077	AC139149.1
6	121901478	121901667	ENSG00000222659	RNU2-8P
1	207688630	207688688	ENSG00000253044	AL691452.1
2	154028501	154058240	ENSG00000224612	AC011901.2
4	116964563	116965201	ENSG00000250442	EIF3KP3
6	14394557	14404520	ENSG00000234540	RP3-448I9.1
5	158654723	158672135	ENSG00000253315	CTB-11I22.2
17	28471080	28471808	ENSG00000266987	RP11-354P11.8
8	11944905	11944954	ENSG00000252029	RNA5SP253
17	79480089	79480210	ENSG00000229947	RP13-766D20.1
8	61054380	61054701	ENSG00000254954	SLC2A13P1
6	121962155	121962367	ENSG00000220326	RP11-129H15.1
2	39088862	39090275	ENSG00000225284	AC018693.6
8	106749508	106749993	ENSG00000243601	RP11-152P17.1
1	43312280	43318148	ENSG00000164011	ZNF691
1	207725270	207779900	ENSG00000236911	RP11-78B10.2
15	96936375	96948419	ENSG00000259542	RP11-522B15.4
2	154064600	154064677	ENSG00000226338	AC079150.2
17	79481073	79494802	ENSG00000229848	RP13-766D20.2
8	11952685	11957045	ENSG00000255544	DEFB108P3
8	33831219	33867113	ENSG00000254194	RP1-273G13.3
17	28531336	28533486	ENSG00000264125	RP11-354P11.4
2	117782653	117783694	ENSG00000230950	MTND2P21
1	16860381	16862144	ENSG00000233421	U1
4	117016266	117018222	ENSG00000249259	RP11-166J5.1
2	63911439	63911844	ENSG00000234488	AC096664.1
11	3357951	3361860	ENSG00000254592	RP5-1173A5.1
6	14597745	14599921	ENSG00000229646	RP11-330A16.1
X	152459852	152462342	ENSG00000235219	CTC-233O10.1
22	25202236	25323545	ENSG00000167037	SGSM1
2	154194219	154213936	ENSG00000227708	AC079150.3
2	39111701	39111807	ENSG00000207295	RNU6-851P
17	28565759	28579255	ENSG00000266120	RP11-354P11.2
17	60501228	60527454	ENSG00000087995	METTL2A
11	3394759	3394851	ENSG00000263365	AC123788.1
5	38425138	38427478	ENSG00000249491	EGFLAM-AS1
2	63922527	63922669	ENSG00000221085	AC096664.3
1	203136939	203144941	ENSG00000133055	MYBPH
6	14646766	14646869	ENSG00000206960	RNU6-793P
17	79540516	79540628	ENSG00000207021	Y_RNA
1	207818579	207830755	ENSG00000244703	CD46P1
1	149438750	149459549	ENSG00000203817	FAM72C
17	28573775	28573838	ENSG00000252112	SNORD63
19	15163741	15163885	ENSG00000223201	AC004699.1
1	55838383	55838989	ENSG00000232198	RP4-633H17.2
5	68455863	68456123	ENSG00000265968	RN7SL103P
2	154227126	154227578	ENSG00000214024	AC012501.1
5	158657202	158657330	ENSG00000252458	SNORA68
4	117115153	117115907	ENSG00000250627	TTC39CP1
17	79643031	79643116	ENSG00000263853	AC139530.1
2	39164021	39164299	ENSG00000265905	RN7SL96P
6	14977019	15090234	ENSG00000234261	RP11-146I2.1
X	101680349	101682995	ENSG00000231590	RP11-353J17.3
19	15234971	15236985	ENSG00000268564	AC003956.1
1	16875146	16879026	ENSG00000225710	RP5-875O13.6
17	28615089	28615195	ENSG00000222679	RNU6-1267P
2	63944256	63945033	ENSG00000228872	AC096664.2
8	61297147	61429354	ENSG00000251396	RP11-163N6.2
X	128570507	128570624	ENSG00000201518	RNA5SP513
5	158737941	158789842	ENSG00000249738	AC008697.1
15	96981800	96987496	ENSG00000259312	RP11-522B15.5
3	180320646	180588793	ENSG00000145075	CCDC39
17	28671521	28671622	ENSG00000207132	Y_RNA
9	126164804	126164882	ENSG00000207991	MIR601
2	39219420	39220998	ENSG00000229692	SOS1-IT1
6	121974941	121975836	ENSG00000218180	SLC25A5P7
8	34032404	34042413	ENSG00000254302	RP11-431M3.1
2	154277191	154278471	ENSG00000242575	AC012501.3
12	120018597	120018700	ENSG00000222647	AC002070.1
17	28687481	28687584	ENSG00000201255	RNU6-990P
1	16875409	16875482	ENSG00000266584	AL355149.1
11	3402191	3430208	ENSG00000223756	TSSC2
15	96984796	96985543	ENSG00000250825	PGAM1P12
12	120068895	120069191	ENSG00000252886	RN7SKP197
1	55842199	55842525	ENSG00000199831	RN7SKP291
6	15103177	15104361	ENSG00000216754	RP1-190J20.2
19	15251943	15252849	ENSG00000267961	OR10B1P
X	128928970	128930939	ENSG00000240143	RP4-753P9.3
1	159990090	159990517	ENSG00000237409	RP11-226L15.1
9	126254163	126255435	ENSG00000237336	RP11-230L22.4
5	68456633	68456766	ENSG00000220986	SNORA50
X	118967985	118986961	ENSG00000125351	UPF3B
1	16943886	16944224	ENSG00000271732	RP5-1182A14.5
2	154278130	154449801	ENSG00000227400	AC012501.2
12	120151439	120151529	ENSG00000221323	MIR1178
1	55864187	55864293	ENSG00000252162	RNU6-830P
5	38429994	38430262	ENSG00000248234	CTD-2108O9.4
5	68471651	68471754	ENSG00000238334	snoU13
2	117784113	117784600	ENSG00000228898	AC012365.3
1	55950544	55950645	ENSG00000272051	Y_RNA
12	120397228	120397558	ENSG00000226729	RPL35AP30
6	51250080	51250647	ENSG00000270306	RP3-437C15.2
17	28856706	28869434	ENSG00000264958	ALOX12P1
5	68609198	68609699	ENSG00000213830	CFL1P5
2	154303327	154303397	ENSG00000200377	SNORD56
9	126347663	126347736	ENSG00000222722	AL161790.1
5	38461029	38468441	ENSG00000251257	CTD-2263F21.1
1	56046710	56200675	ENSG00000234810	RP11-466L17.1
6	122001118	122001605	ENSG00000219135	RP11-129H15.3
1	159994743	159996584	ENSG00000260766	RP11-226L15.5
10	115594488	115614142	ENSG00000198924	DCLRE1A
2	154617963	154619159	ENSG00000236917	DNAJA1P2
15	96991384	96991723	ENSG00000242295	RP11-522B15.1
19	18529674	18545372	ENSG00000130511	SSBP4
10	32570614	32571757	ENSG00000226842	RP11-166N17.3
1	16944751	16971178	ENSG00000215908	CROCCP2
8	11973291	12008698	ENSG00000255052	FAM66D
8	34085957	34204249	ENSG00000253108	RP1-84O15.2
12	120486234	120486332	ENSG00000272464	snoU13
2	117897291	117897351	ENSG00000239185	RNU7-190P
1	160032278	160049611	ENSG00000225279	RP11-536C5.2
9	126498716	126514220	ENSG00000230826	RP11-417B4.2
1	110999127	110999976	ENSG00000270380	RP11-470L19.5
10	32635427	32636107	ENSG00000233825	RP11-135A24.4
12	120494839	120494984	ENSG00000255575	RP1-267D11.1
6	51274879	51275335	ENSG00000232702	RP3-437C15.1
6	15113199	15113450	ENSG00000242989	RN7SL332P
HSCHR6_MHC_MCF	33346636	33350863	ENSG00000231115	RING1
2	63978831	63979764	ENSG00000229221	HNRNPA1P66
2	117938468	117939138	ENSG00000227291	AC092170.1
HSCHR6_MHC_QBL	32538584	32544863	ENSG00000206305	HLA-DQA1
19	15256026	15256129	ENSG00000252661	RNU6-782P
1	56289480	56333921	ENSG00000233147	RP11-90C4.1
1	149553003	149553787	ENSG00000198161	PPIAL4C
6	15149930	15150030	ENSG00000264687	AL050335.1
19	15331826	15333108	ENSG00000269635	AC004257.1
8	34086812	34106464	ENSG00000254033	RP11-431M3.2
6	122004071	122005418	ENSG00000217139	RP11-129H15.4
6	51329488	51329563	ENSG00000212532	SNORD66
10	32635792	32635874	ENSG00000222309	AL391839.1
15	93014884	93044347	ENSG00000183643	C15orf32
2	39309730	39309833	ENSG00000206985	RNU6-198P
1	160171989	160178659	ENSG00000227741	RP11-536C5.7
1	207831799	207832487	ENSG00000226289	RP11-57I17.3
6	15244154	15245231	ENSG00000271888	RP11-560J1.2
9	126521499	126522054	ENSG00000229115	RP11-417B4.3
10	32636325	32663416	ENSG00000229327	RP11-135A24.2
2	155002618	155002720	ENSG00000266512	AC008166.1
15	96992072	96992979	ENSG00000259534	RP11-522B15.7
6	51401953	51402341	ENSG00000214641	RP11-793K1.1
2	64110383	64110525	ENSG00000251775	ACA59
2	39325290	39325586	ENSG00000225900	HSPE1P13
6	31644461	31651817	ENSG00000204428	LY6G5C
1	56381282	56410636	ENSG00000230250	RP11-90C4.2
1	111023374	111033899	ENSG00000240194	CYMP
X	128955798	128955898	ENSG00000266440	AL359542.1
19	42801185	42807698	ENSG00000079462	PAFAH1B3
1	207935929	207936608	ENSG00000234219	RP11-454L1.2
2	155088231	155088342	ENSG00000212001	AC009297.1
5	68629756	68630076	ENSG00000215006	CHCHD2P2
4	124317950	124324910	ENSG00000164056	SPRY1
5	158745050	158745175	ENSG00000221601	RNU4ATAC2P
X	129003040	129091504	ENSG00000235189	RP4-537K23.4
X	152468714	152468765	ENSG00000266108	AC152005.1
6	15248046	15248865	ENSG00000235488	JARID2-AS1
15	97029812	97030121	ENSG00000222617	RN7SKP254
X	101801662	101803141	ENSG00000176318	FOXN3P1
2	155143102	155143938	ENSG00000230251	PHBP4
1	160175167	160175254	ENSG00000265381	AL121987.1
9	5890802	5910606	ENSG00000120215	MLANA
1	56404387	56404953	ENSG00000227104	PIGQP1
10	32683486	32683593	ENSG00000200484	RNU6-1244P
5	158875564	158893284	ENSG00000253298	AC008703.1
15	97094611	97094747	ENSG00000259340	CTD-2027G2.1
9	126605315	126605965	ENSG00000234881	PIGFP2
X	152537078	152543260	ENSG00000224931	AC152010.1
2	64313484	64315380	ENSG00000228079	AC012368.1
1	160231534	160232568	ENSG00000228606	RP11-574F21.2
8	34180510	34181160	ENSG00000215264	RP1-84O15.1
10	32800264	32800665	ENSG00000231245	C1DP1
6	51464521	51487682	ENSG00000228689	RP3-335N17.2
5	38556888	38671318	ENSG00000244968	LIFR-AS1
1	207974863	208042495	ENSG00000203709	C1orf132
12	93744392	93744492	ENSG00000239073	snoU13
6	15315151	15315257	ENSG00000201367	RNU6-522P
1	56410760	56415792	ENSG00000233079	RP11-90C4.3
2	155292365	155313950	ENSG00000224675	AC009227.2
12	93854501	93854602	ENSG00000200011	Y_RNA
6	15324598	15324703	ENSG00000201519	RNU6-645P
1	56611393	56620896	ENSG00000235612	RP1-158P9.1
X	152583141	152586144	ENSG00000225110	LL0XNC01-16G2.1
15	97300217	97301826	ENSG00000214424	FAM149B1P1
12	93903263	93903544	ENSG00000243015	RN7SL737P
10	33176189	33178239	ENSG00000273038	RP11-479G22.8
6	15935013	15935546	ENSG00000214027	ARPC3P5
6	122179325	122179914	ENSG00000220184	HMGB3P18
2	118515139	118561750	ENSG00000238207	AC009312.1
6	51840458	51840755	ENSG00000240641	RN7SL580P
12	93923336	93923765	ENSG00000258271	RP11-356O22.4
2	64370373	64479993	ENSG00000225889	AC074289.1
X	129005285	129011543	ENSG00000238040	SALL4P2
5	158952946	158953018	ENSG00000266432	AC008703.2
6	51926413	51926504	ENSG00000264206	AL590391.1
1	149675978	149676609	ENSG00000203815	FAM231D
9	126768556	126771675	ENSG00000236668	RP11-85O21.2
6	15995175	16000028	ENSG00000232947	RP11-401E14.2
X	152616931	152617034	ENSG00000239037	snoU13
8	11985616	11986807	ENSG00000254923	RP11-1236K1.8
1	56673239	56674128	ENSG00000229871	RP4-710M16.1
6	52009147	52009232	ENSG00000207604	MIR206
1	160236130	160237015	ENSG00000224261	RP11-179G5.1
10	33233409	33233927	ENSG00000228816	AK3P5
2	118591513	118599234	ENSG00000236255	AC009404.2
2	155316369	155317332	ENSG00000238004	AC009227.3
X	152621191	152621414	ENSG00000232249	LL0XNC01-37G1.2
6	122532794	122532957	ENSG00000199932	RNU1-18P
15	97315235	97326542	ENSG00000259282	SPATA8-AS1
6	16107853	16108824	ENSG00000217585	RP1-13D10.5
6	122964533	122965916	ENSG00000272472	RP11-95G17.2
Y	25847479	25850592	ENSG00000267935	AC016752.1
2	155446919	155447040	ENSG00000223290	RNA5SP107
11	49919819	49920738	ENSG00000254408	OR4A1P
X	152662421	152664307	ENSG00000214897	U82695.5
6	52011612	52015917	ENSG00000225613	MIR133BHG
6	123066419	123066693	ENSG00000240606	RN7SL564P
1	56713966	56724243	ENSG00000260971	RP11-504A18.1
2	39355967	39356068	ENSG00000202309	Y_RNA
2	155552974	155554329	ENSG00000235949	AC061961.2
1	160287193	160287496	ENSG00000235082	SUMO1P3
2	39510798	39510932	ENSG00000252473	SNORA67
6	123180823	123181133	ENSG00000232362	ATP5LP2
3	169331298	169341739	ENSG00000242795	RP11-3K16.2
6	16141787	16141855	ENSG00000263712	MIR4639
5	159175240	159188068	ENSG00000254199	AC008691.1
2	155797053	155797579	ENSG00000228837	CBX3P6
1	56843005	56843090	ENSG00000223307	AC119674.1
11	49936565	49937196	ENSG00000254472	OR4A49P
5	37288239	37371283	ENSG00000113569	NUP155
6	52013721	52013839	ENSG00000199080	MIR133B
12	75784850	75826468	ENSG00000180481	GLIPR1L2
2	39550469	39550945	ENSG00000273035	RP11-449G16.1
19	40353963	40440533	ENSG00000090920	FCGBP
X	152669306	152669599	ENSG00000265170	RN7SL667P
15	97385299	97385614	ENSG00000223120	RN7SKP181
6	16148518	16148676	ENSG00000251793	U3
9	126772809	126773393	ENSG00000231227	RP11-85O21.4
11	3412010	3412982	ENSG00000189398	OR7E12P
3	169427083	169427553	ENSG00000244381	RP11-3K16.1
2	39620663	39620759	ENSG00000252239	RNU6-1185P
1	56880635	56881638	ENSG00000223956	RP4-710M16.2
10	33247773	33371030	ENSG00000229656	RP11-462L8.1
6	52111258	52112160	ENSG00000218363	SLC25A20P1
15	97634492	97634582	ENSG00000215948	AC055873.1
6	16161157	16161642	ENSG00000218073	RP1-13D10.2
1	208047140	208052418	ENSG00000226202	RP11-328D5.1
8	61299821	61300554	ENSG00000226301	PDCL3P1
2	155822025	155824515	ENSG00000230991	AC092625.1
1	160295894	160296006	ENSG00000202078	Y_RNA
5	159203779	159298391	ENSG00000253311	AC011343.1
X	101804893	101826623	ENSG00000196970	NXF4
6	16163608	16163993	ENSG00000217078	RP1-13D10.3
11	49938943	49940030	ENSG00000254637	OR4A18P
15	97815407	97862518	ENSG00000259403	RP11-315L6.1
1	160362558	160362699	ENSG00000201608	RNU4-42P
9	126793903	126794803	ENSG00000234921	RP11-85O21.5
2	155945951	155946050	ENSG00000223197	RNU6-1001P
1	208428635	208428721	ENSG00000226843	RP11-2P2.1
3	169437975	169438081	ENSG00000206777	RNU6-637P
6	123732857	123792904	ENSG00000235535	RP11-532N4.2
6	16171837	16172262	ENSG00000216364	MRPL42P2
1	160473166	160473246	ENSG00000223009	AL138930.1
2	156119970	156120236	ENSG00000232982	AC092662.2
11	3431582	3443726	ENSG00000166492	FAM86GP
1	111030302	111032880	ENSG00000235407	RP11-470L19.2
1	208780445	208785537	ENSG00000261453	RP11-565N2.1
3	169482308	169482848	ENSG00000270141	TERC
1	160506863	160541248	ENSG00000234425	RP11-528G1.2
2	118617003	118692518	ENSG00000125631	HTR5BP
3	125551272	125551371	ENSG00000221681	AC092902.1
6	16205245	16205351	ENSG00000251831	RNU6-1114P
6	52442105	52448783	ENSG00000225791	TRAM2-AS1
15	97839111	97975324	ENSG00000259485	CTD-2147F2.1
X	152689210	152691934	ENSG00000259886	U82695.10
15	93160673	93353114	ENSG00000185442	FAM174B
5	87570075	87570193	ENSG00000207129	RNA5SP187
1	111195564	111195653	ENSG00000221538	AL365361.1
11	49941864	49942966	ENSG00000254940	OR4A19P
1	208800086	208801430	ENSG00000259815	RP11-565N2.2
6	16232462	16232561	ENSG00000207193	Y_RNA
1	160515438	160515535	ENSG00000264286	AL138930.2
11	63273556	63284246	ENSG00000133317	LGALS12
8	34641570	34722316	ENSG00000254344	RP11-258J10.1
3	125567066	125628215	ENSG00000241278	ENPP7P4
2	156120675	156121335	ENSG00000229701	MTND2P20
1	111196182	111199662	ENSG00000259834	RP11-284N8.3
6	16428675	16428754	ENSG00000265642	AL034375.1
3	15173355	15173715	ENSG00000228874	AC090954.5
1	160639938	160640769	ENSG00000235101	SETP9
15	97896727	97897015	ENSG00000242863	RN7SL677P
11	49944601	49945438	ENSG00000254624	OR4R3P
2	39663778	39892483	ENSG00000231312	AC007246.3
1	208870714	208871043	ENSG00000227887	RPS26P13
5	68645763	68646272	ENSG00000271045	RP11-1113N2.4
5	87677774	87678542	ENSG00000240083	RPS3AP22
11	3490549	3552558	ENSG00000254757	RP13-726E6.1
3	169487437	169489831	ENSG00000269889	RP11-816J6.3
6	16761369	16762883	ENSG00000229931	RP1-151F17.1
5	68751402	68751659	ENSG00000263737	RN7SL476P
8	34731677	34732151	ENSG00000243181	RP11-734J24.1
1	111307030	111307128	ENSG00000199710	Y_RNA
8	61334378	61334454	ENSG00000255840	AC022555.1
17	48774005	48774121	ENSG00000201340	Y_RNA
5	68765710	68765963	ENSG00000244717	RPS27P14
6	124061579	124061677	ENSG00000216015	AL354936.1
1	149754227	149764074	ENSG00000150337	FCGR1A
11	50060063	50062069	ENSG00000255199	RP11-227P3.1
1	111390699	111391563	ENSG00000237415	NRBF2P3
11	3502750	3602441	ENSG00000255367	RP13-726E6.2
8	34827724	34827817	ENSG00000265560	AC098612.1
1	57004124	57004583	ENSG00000236776	RPL21P23
3	169494980	169498122	ENSG00000269984	RP11-362K14.5
1	16972069	16976914	ENSG00000186301	MST1P2
3	39850405	40301812	ENSG00000170011	MYRIP
6	124144385	124150430	ENSG00000237321	RP11-374A22.1
2	156126145	156126399	ENSG00000227682	ATP5A1P2
3	125626848	125629115	ENSG00000248787	RP11-666A20.4
11	50129327	50149612	ENSG00000255442	RP11-347H15.1
9	127021529	127023435	ENSG00000235204	RP11-121A14.2
3	169511283	169511754	ENSG00000270135	RP11-362K14.7
8	35382694	35383281	ENSG00000232024	LSM12P1
6	16764577	16767114	ENSG00000272341	RP1-151F17.2
8	61397741	61397799	ENSG00000252753	RNU6-1202P
1	160640568	160653698	ENSG00000228863	RP11-404F10.2
1	208902033	208906529	ENSG00000232812	RP11-459K23.2
1	111396560	111397513	ENSG00000232791	OR11I1P
6	125230239	125284185	ENSG00000236548	RP11-510H23.1
5	68773299	68798293	ENSG00000249295	RP11-241G9.3
11	3552650	3552838	ENSG00000255522	RP13-726E6.3
21	46707967	46711653	ENSG00000215447	BX322557.10
3	169512750	169514001	ENSG00000270096	RP11-362K14.6
6	52522171	52522449	ENSG00000270382	RP1-152L7.9
2	156167535	156167921	ENSG00000233709	MTND4P28
X	152864795	152869808	ENSG00000260081	RP11-66N11.8
6	17381598	17382351	ENSG00000219314	RP1-273P12.1
1	57051285	57051915	ENSG00000224980	RP11-377K22.3
15	65134082	65223118	ENSG00000249240	AC069368.3
3	169620768	169622048	ENSG00000240128	KRT18P43
9	127025155	127028088	ENSG00000227200	RP11-121A14.3
8	38268656	38326352	ENSG00000077782	FGFR1
20	60963688	60982341	ENSG00000149679	CABLES2
5	87678589	87678724	ENSG00000206958	SNORA70
6	125691357	125695470	ENSG00000226409	RP11-735G4.1
2	156168209	156169939	ENSG00000233039	MTND5P30
11	50205725	50206932	ENSG00000236919	RP11-347H15.6
5	68774820	68775092	ENSG00000266477	RN7SL616P
11	3570975	3571749	ENSG00000237226	RPS3AP39
10	124690419	124713919	ENSG00000119965	C10orf88
4	155456158	155471587	ENSG00000171566	PLRG1
3	125635463	125648867	ENSG00000171084	FAM86JP
1	209145799	209148652	ENSG00000236950	RP5-1051D14.1
6	52529946	52533953	ENSG00000216775	RP1-152L7.5
16	134273	188859	ENSG00000103148	NPRL3
5	68826440	68826544	ENSG00000212260	RNU6-724P
1	160667760	160668001	ENSG00000227239	AL121985.1
8	61464516	61465595	ENSG00000255321	RP11-91I20.4
4	125585207	125633887	ENSG00000151458	ANKRD50
1	111478991	111484975	ENSG00000261654	RP11-96K19.4
6	17531130	17531883	ENSG00000184612	RPL7P26
5	68834988	68835091	ENSG00000238740	snoU13
6	125746773	125766329	ENSG00000228704	RP11-138M12.1
1	111486089	111495470	ENSG00000232811	RP11-96K19.2
5	159377500	159378505	ENSG00000248626	GAPDHP40
3	15175890	15176037	ENSG00000221424	AC090954.1
1	160817800	160818292	ENSG00000226003	RP11-312J18.3
8	61544068	61548830	ENSG00000228862	RP11-91I20.3
16	70010291	70030091	ENSG00000226232	RP11-419C5.2
3	169649786	169651017	ENSG00000244039	RP11-379K17.2
5	68902926	68919876	ENSG00000248477	RP11-848G14.2
3	15182887	15183664	ENSG00000227578	RPS3AP53
5	87678765	87679077	ENSG00000250306	CTC-498M16.3
2	156169952	156170470	ENSG00000233248	MTND6P9
1	111505924	111507271	ENSG00000273010	RP11-96K19.5
11	3578572	3578719	ENSG00000221019	AC127526.1
6	34759857	34850915	ENSG00000065060	UHRF1BP1
6	125899704	126070336	ENSG00000237742	RP11-624M8.1
5	159435452	159435553	ENSG00000199398	Y_RNA
X	152869952	152870803	ENSG00000217889	KRT18P48
11	3580887	3581252	ENSG00000223688	RPS24P14
10	88195013	88281572	ENSG00000062650	WAPAL
1	57085082	57085222	ENSG00000225475	RP11-377K22.2
4	117300075	117300425	ENSG00000250272	TRMT112P1
1	160864770	160865866	ENSG00000213080	RP11-312J18.5
1	209320612	209328446	ENSG00000232537	RP11-385M4.1
5	159450747	159451052	ENSG00000223908	AC068657.2
2	156170578	156170880	ENSG00000229935	AC092662.6
21	46713200	46717269	ENSG00000223768	LINC00205
6	17582265	17582536	ENSG00000218359	SUMO2P13
5	159556217	159556280	ENSG00000239048	AC008706.1
1	111550322	111558152	ENSG00000225672	CCNT2P1
8	61565061	61566120	ENSG00000254869	RP11-91I20.2
9	127112735	127112810	ENSG00000264237	AL137846.1
3	169657141	169684522	ENSG00000239219	RP11-379K17.4
2	156186933	156187039	ENSG00000206718	RNU6-546P
22	22380474	22380991	ENSG00000253239	IGLVI-70
5	159622751	159631833	ENSG00000247699	CTB-127C13.1
15	65134088	65160206	ENSG00000241839	PLEKHO2
2	64412212	64432619	ENSG00000230923	LINC00309
21	46720160	46725172	ENSG00000184274	LINC00315
11	3612507	3612845	ENSG00000230851	AP006294.2
9	127277217	127278335	ENSG00000231149	RP11-10J18.3
6	17619764	17619865	ENSG00000206881	RNU6-190P
1	57289352	57292593	ENSG00000229913	RP11-378I13.1
1	203148059	203155877	ENSG00000133048	CHI3L1
4	117347139	117352048	ENSG00000248139	CUL4AP1
6	17706488	17707575	ENSG00000272269	RP11-500C11.3
2	156868129	156881125	ENSG00000226383	AC093375.1
5	87704799	87734907	ENSG00000250156	CTC-498M16.2
1	160901529	160904170	ENSG00000232188	RP11-312J18.6
1	209346359	209346720	ENSG00000228081	RP11-385M4.2
6	125995499	126041364	ENSG00000224506	RP1-293L8.2
X	48929385	48958108	ENSG00000196998	WDR45
6	17722017	17722134	ENSG00000201415	RNA5SP204
11	3620825	3621936	ENSG00000238161	OR7E117P
22	22387143	22387592	ENSG00000254355	IGLVI-68
1	160902255	160919712	ENSG00000198358	RP11-544M22.1
6	17737689	17737790	ENSG00000201442	Y_RNA
2	64435632	64435850	ENSG00000270354	RP11-547M24.1
21	46756622	46758580	ENSG00000229382	BX322557.13
22	17660194	17702879	ENSG00000093072	CECR1
22	22390743	22394463	ENSG00000225070	LL22NC03-23C6.13
1	57429559	57462430	ENSG00000236341	RP5-1103B4.3
2	118691601	118692365	ENSG00000224967	AC009303.3
1	209405541	209406764	ENSG00000224540	RP11-385M4.3
3	15193340	15247466	ENSG00000230524	COL6A4P1
HSCHR6_MHC_DBB	30839458	30858654	ENSG00000230456	DDR1
6	17894075	17894300	ENSG00000203518	AL023807.1
HSCHR19LRC_PGF2_CTG1	54767831	54767939	ENSG00000262719	U6
6	126119002	126140004	ENSG00000232131	NCOA7-AS1
HSCHR6_MHC_QBL	29523310	29600897	ENSG00000206511	GABBR1
X	152871972	152872343	ENSG00000213391	RP11-66N11.6
1	111584456	111584547	ENSG00000252760	RNA5SP54
2	156889759	156890592	ENSG00000235548	AC073551.1
3	169663775	169664542	ENSG00000244193	RP11-379K17.5
22	22393042	22393525	ENSG00000249333	LL22NC03-23C6.12
HSCHR19LRC_PGF2_CTG1	54785989	54786060	ENSG00000263702	CU104682.1
5	159674524	159675224	ENSG00000253772	RP11-34P1.1
21	46758505	46761905	ENSG00000237664	LINC00316
16	70044654	70099848	ENSG00000255185	PDXDC2P
5	68927790	68932312	ENSG00000250138	RP11-848G14.5
1	57431953	57432035	ENSG00000221591	AL161740.1
6	17953803	17954161	ENSG00000220920	RP3-525L6.2
9	127360986	127361859	ENSG00000231744	RP11-164H5.1
1	111723996	111724113	ENSG00000272982	RP5-1180E21.4
HSCHR19LRC_PGF2_CTG1	54961459	54961528	ENSG00000266167	CU467612.1
4	117410520	117436302	ENSG00000250791	RP11-55L3.1
6	126196314	126196644	ENSG00000222445	RN7SKP56
1	160905327	160905916	ENSG00000233691	RP11-312J18.7
3	185361527	185542844	ENSG00000073792	IGF2BP2
X	152876149	152878380	ENSG00000228616	RP11-66N11.7
1	57852248	57853122	ENSG00000227935	RP6-102O10.1
22	22398016	22398340	ENSG00000253794	IGLV10-67
1	111727037	111727683	ENSG00000273221	RP5-1180E21.5
2	157266656	157266758	ENSG00000238543	snoU13
11	128484235	128485131	ENSG00000270160	RP11-264E20.2
3	169696324	169703503	ENSG00000240373	SEC62-AS1
6	126300958	126301080	ENSG00000251920	RNA5SP216
10	102767440	102790890	ENSG00000186862	PDZD7
2	157278707	157278811	ENSG00000238481	snoU13
1	111792876	111799337	ENSG00000236040	CHIAP1
1	209441143	209441568	ENSG00000225712	ATP5G2P1
6	18273396	18273497	ENSG00000199715	Y_RNA
5	38557604	38557663	ENSG00000265304	MIR3650
6	33176272	33180499	ENSG00000204227	RING1
22	22400828	22400989	ENSG00000228161	LL22NC03-23C6.15
3	169775089	169775217	ENSG00000201342	RNU4-38P
14	91033839	91036320	ENSG00000258935	RP11-1078H9.2
6	126498339	126523385	ENSG00000231842	RP11-527F13.1
11	3631131	3658789	ENSG00000182048	TRPC2
1	161004624	161004796	ENSG00000232879	RP11-544M22.3
6	18307204	18307310	ENSG00000200681	RNU6-263P
11	128485762	128491701	ENSG00000255465	RP11-264E20.1
21	46796106	46796297	ENSG00000228930	MTCO1P3
1	58071519	58071878	ENSG00000236888	RPS20P5
2	64557620	64559265	ENSG00000238012	AC114752.1
2	157634218	157634884	ENSG00000238069	RPLP0P7
3	169780032	169780739	ENSG00000242583	RP11-379K17.9
HSCHR3_1_CTG2_1	151462242	151489665	ENSG00000261846	AADACL2
5	38682172	38685228	ENSG00000251189	CTD-2196P11.2
7	150065879	150109558	ENSG00000196456	ZNF775
4	117519317	117520767	ENSG00000213493	ACTN4P1
22	22412845	22413304	ENSG00000253874	IGLVIV-66-1
8	61573379	61577089	ENSG00000255289	RP11-91I20.1
6	18363648	18365654	ENSG00000217414	RP11-528A10.2
1	43391052	43424530	ENSG00000117394	SLC2A1
2	118752973	118770295	ENSG00000235066	AC009303.1
1	161054255	161057361	ENSG00000228917	RP11-544M22.8
2	95831177	95850065	ENSG00000163067	ZNF2
HSCHR6_MHC_COX	31752537	31762128	ENSG00000236826	LSM2
2	64565201	64568781	ENSG00000238201	AC114752.3
21	46798116	46799550	ENSG00000228355	BX322559.3
5	38710469	38720375	ENSG00000249911	RP11-122C5.1
3	169805598	169807378	ENSG00000268220	RP11-379K17.12
1	209498801	209501877	ENSG00000227940	RP11-372M18.1
11	128499548	128556817	ENSG00000245008	RP11-744N12.3
4	145888264	146019693	ENSG00000164162	ANAPC10
4	117760435	117760541	ENSG00000201752	RNU6-119P
1	58222756	58222848	ENSG00000238773	AL137855.1
6	18366967	18368875	ENSG00000218976	RP11-528A10.1
2	87282781	87282923	ENSG00000266931	RP11-1252D15.1
6	126579067	126579501	ENSG00000213133	PPP1R14BP5
1	161110998	161111126	ENSG00000238934	ACA64
3	169867633	169867739	ENSG00000199536	RNU6-315P
4	117779249	117780129	ENSG00000271053	RP11-97F8.1
21	46827301	46829980	ENSG00000224574	COL18A1-AS2
8	11989926	11991953	ENSG00000226430	USP17L7
10	129705325	129884119	ENSG00000132334	PTPRE
4	58357556	58361399	ENSG00000251459	RP11-319E12.2
1	161123550	161129139	ENSG00000224985	RP11-297K8.2
3	169962570	169962669	ENSG00000200118	Y_RNA
5	159685260	159685592	ENSG00000254373	RP11-34P1.2
4	118171080	118171344	ENSG00000223605	AC107399.1
5	68790040	69006341	ENSG00000253203	GUSBP3
8	12008404	12008643	ENSG00000254866	DEFB109P3
3	170063466	170071749	ENSG00000239628	RP11-543D10.2
4	118235753	118281795	ENSG00000224932	AC107399.2
6	52552728	52568623	ENSG00000220377	RP1-152L7.3
1	161196976	161197051	ENSG00000263548	MIR5187
2	157871684	157871769	ENSG00000263848	AC108057.1
5	38736157	38845931	ENSG00000249740	CTD-2127H9.1
5	159718795	159719067	ENSG00000243654	RN7SL295P
1	209541007	209553035	ENSG00000231648	RP11-372M18.2
4	58358435	58358539	ENSG00000238925	snoU13
17	26205340	26221778	ENSG00000232859	LYRM9
1	161337812	161341754	ENSG00000235477	RP11-122G18.5
2	87345657	87348103	ENSG00000230395	AC092651.1
11	128561567	128565918	ENSG00000254703	SENCR
2	158067359	158068051	ENSG00000213194	AC016732.2
5	159753700	159753976	ENSG00000270612	RP11-34P1.4
3	170128300	170136403	ENSG00000242578	RP11-469J4.3
9	127369438	127369735	ENSG00000241246	RN7SL302P
21	46839631	46844985	ENSG00000183535	COL18A1-AS1
4	58462106	58472038	ENSG00000251049	RP11-685F15.1
1	111822681	111828738	ENSG00000203878	CHIAP2
6	126805777	126805859	ENSG00000207632	MIR588
8	12029711	12036084	ENSG00000205879	FAM90A2P
9	127420746	127460910	ENSG00000224020	MIR181A2HG
1	161344552	161345130	ENSG00000273075	RP11-122G18.8
2	118755517	118757824	ENSG00000273185	RP11-98C1.1
6	126911433	126911539	ENSG00000201613	RNU6-200P
4	58471860	58524966	ENSG00000250333	RP11-4O3.1
17	73201754	73231853	ENSG00000125450	NUP85
3	170213416	170214425	ENSG00000241416	KRT8P13
15	52121825	52239492	ENSG00000138594	TMOD3
6	126923502	126924795	ENSG00000220548	VIMP1
1	161348497	161349148	ENSG00000236484	RRM2P2
9	127454721	127454830	ENSG00000207595	MIR181A2
1	58326204	58346577	ENSG00000226759	DAB1-AS1
4	58586201	58590821	ENSG00000249831	RP11-4O3.2
4	118281781	118294008	ENSG00000228358	AC113617.1
5	38763260	38764391	ENSG00000248577	RP11-122C5.2
3	170371635	170372048	ENSG00000213174	RP11-373E16.1
11	128750220	128750563	ENSG00000255369	RP11-740D6.3
4	58969313	58969600	ENSG00000248660	SRIP1
6	18402182	18402283	ENSG00000238458	snoU13
11	128863132	128863235	ENSG00000212597	RNU6-876P
HSCHR3_1_CTG2_1	151352138	151352251	ENSG00000262230	AC069067.2
6	18572015	18572111	ENSG00000207775	MIR548A1
2	197504278	197628214	ENSG00000144395	CCDC150
2	158155319	158155670	ENSG00000222404	RN7SKP281
19	46646363	46664556	ENSG00000204866	IGFL2
3	170374351	170379912	ENSG00000244738	RP11-373E16.3
11	128900354	128900467	ENSG00000206847	Y_RNA
4	58983924	58984236	ENSG00000249105	RP11-25L5.2
9	127455989	127456077	ENSG00000207737	MIR181B2
HSCHR3_1_CTG2_1	151354962	151375744	ENSG00000262411	RP11-454C18.1
8	12036206	12040228	ENSG00000249889	ALG1L11P
1	209602165	209606183	ENSG00000230937	MIR205HG
2	158236236	158236926	ENSG00000230562	FAM133DP
11	129072861	129072965	ENSG00000199260	RNU6-874P
21	47013568	47017005	ENSG00000233922	AL133493.2
3	170458140	170459154	ENSG00000239739	RP11-373E16.4
6	19143926	19144391	ENSG00000217379	RP11-254A17.1
5	38783682	38792856	ENSG00000250629	RP11-122C5.3
HSCHR3_1_CTG2_1	151479769	151656501	ENSG00000262466	RP11-454C18.2
11	129165181	129166376	ENSG00000255259	ZNF123P
9	127532402	127535206	ENSG00000236643	RP11-175D17.3
1	161371079	161371185	ENSG00000206921	RNU6-481P
5	87729709	87794514	ENSG00000271904	CTC-498M16.4
11	1244296	1283406	ENSG00000117983	MUC5B
19	42806250	42814973	ENSG00000188368	PRR19
3	170559884	170559961	ENSG00000222411	RNY5P3
5	39022513	39022660	ENSG00000249089	AIG1P1
4	59390680	59402493	ENSG00000250340	RP11-577G20.1
1	161375858	161376872	ENSG00000215840	RP11-122G18.7
3	170670639	170671686	ENSG00000240704	KLF7P1
6	150139934	150186199	ENSG00000120256	LRP11
6	126964634	126965536	ENSG00000217325	PRELID1P1
4	59428330	59431287	ENSG00000250078	RP11-577G20.2
2	158298062	158298151	ENSG00000216054	AC019201.1
5	39169312	39170437	ENSG00000251215	GOLGA5P1
15	97913601	97971182	ENSG00000259664	CTD-2147F2.2
3	63082050	63083387	ENSG00000242841	KRT8P35
2	158582220	158592517	ENSG00000234584	AC019186.1
4	59646791	59849870	ENSG00000251339	RP11-506N2.1
11	129407764	129408009	ENSG00000240121	RPS27P20
HSCHR6_MHC_MCF	33388442	33410197	ENSG00000224455	VPS52
9	6011043	6015618	ENSG00000137040	RANBP6
2	158711782	158711858	ENSG00000215934	AC013731.1
HSCHR6_MHC_QBL	32547665	32562350	ENSG00000257538	AL935026.1
15	98015356	98015482	ENSG00000251729	RNA5SP401
11	78902603	78904205	ENSG00000254885	RP11-802F5.1
7	62814411	62814743	ENSG00000227923	RP5-905H7.7
2	158734195	158735077	ENSG00000270557	RP11-546J1.1
1	161482966	161574889	ENSG00000273112	RP11-25K21.6
6	127004181	127004992	ENSG00000217404	RPS4XP9
3	170712659	170712822	ENSG00000199488	RNU1-70P
15	98058517	98065041	ENSG00000259524	RP11-461F11.1
3	170824453	170824548	ENSG00000207963	MIR569
11	129657959	129658085	ENSG00000255188	RP11-507F16.1
11	79113066	79113153	ENSG00000211997	MIR708
3	63188894	63189124	ENSG00000240359	UBL5P3
7	62814835	62819684	ENSG00000229301	RP5-905H7.8
2	158769284	158769397	ENSG00000251980	RNU6-436P
2	64567893	64567973	ENSG00000264297	MIR4433
9	127649689	127649828	ENSG00000199313	RNU4-82P
3	171157315	171157416	ENSG00000222506	Y_RNA
11	79133213	79133270	ENSG00000266570	MIR5579
11	129872833	129874251	ENSG00000233220	LINC00167
2	158774224	158774883	ENSG00000271320	RP11-1152H14.1
3	171185873	171187422	ENSG00000240497	RP11-185E8.1
3	63320463	63320543	ENSG00000252662	AC099545.1
6	19290550	19321252	ENSG00000231662	RP11-686D16.1
1	161506361	161507948	ENSG00000224203	RPS23P10
2	64574327	64574875	ENSG00000236148	AC114752.2
5	39520533	39524810	ENSG00000271334	CTD-2078B5.2
15	98096514	98103932	ENSG00000259582	RP11-461F11.3
7	62827805	62828534	ENSG00000236284	VN1R31P
11	79316011	79323344	ENSG00000255209	RP11-258O13.1
1	111860222	111866603	ENSG00000229283	RP5-1125M8.2
3	63409272	63535727	ENSG00000241359	SYNPR-AS1
2	87352513	87423770	ENSG00000204745	AC083899.3
11	129878481	129879660	ENSG00000255057	RP11-567M21.3
9	127659112	127659211	ENSG00000264641	AL354928.1
6	19348412	19349307	ENSG00000218643	RPL5P20
3	171222034	171222140	ENSG00000207114	RNU6-348P
4	59850000	59912677	ENSG00000251266	RP11-340A13.2
1	111866455	111866697	ENSG00000232240	RP5-1125M8.3
2	158817922	158819400	ENSG00000228937	AC005539.2
11	79403423	79403573	ENSG00000221551	AP000478.1
16	70064249	70064325	ENSG00000239118	MIR1972-2
7	62837707	62838611	ENSG00000230361	VN1R32P
1	58513847	58514963	ENSG00000229887	HNRNPA1P6
3	171252212	171252404	ENSG00000234594	RP11-263C16.2
3	63531116	63531211	ENSG00000252301	RNA5SP134
4	148999913	149365850	ENSG00000151623	NR3C2
15	98419519	98421616	ENSG00000259870	RP11-753A21.2
11	79698556	79700673	ENSG00000254471	RP11-885L14.1
14	91108982	91115238	ENSG00000259163	RP11-1078H9.5
3	138737873	138739768	ENSG00000184814	PRR23B
9	127730573	127731223	ENSG00000177736	RP11-474P12.3
2	27530268	27531313	ENSG00000163794	UCN
7	62840844	62846167	ENSG00000230600	RP11-73B2.2
17	48838390	48844918	ENSG00000167117	LINC00483
6	127639028	127639118	ENSG00000251768	RNA5SP217
HSCHR6_MHC_QBL	32555534	32563145	ENSG00000206302	HLA-DQB1
3	171411001	171411104	ENSG00000238359	snoU13
4	59852905	59853878	ENSG00000249382	RP11-340A13.1
6	19438514	19438649	ENSG00000201523	RNA5SP205
15	98525739	98534372	ENSG00000259478	RP11-753A21.1
3	63727969	63813121	ENSG00000224479	AC136289.1
10	75385754	75386548	ENSG00000268584	RP11-464F9.20
6	137813336	137815531	ENSG00000177468	OLIG3
2	158842301	158842406	ENSG00000212410	RNU6-932P
X	2670091	2734539	ENSG00000124343	XG
11	80032664	80038955	ENSG00000254434	CTD-2555I5.1
3	171594142	171618530	ENSG00000234717	TMEM212-AS1
4	126237554	126414087	ENSG00000196159	FAT4
6	127676901	127677934	ENSG00000213131	YWHAZP4
6	19535175	19839311	ENSG00000226786	RP1-167F1.2
9	127912932	127913868	ENSG00000232630	PRPS1P2
1	161526080	161526868	ENSG00000224515	RP11-5K23.5
11	129902759	129903115	ENSG00000255262	TCEB2P2
2	158922057	158922571	ENSG00000231158	PTP4A1P1
1	111895897	111910031	ENSG00000234020	CHIAP3
7	142403511	142403995	ENSG00000249912	TRBV26
7	62849186	62854035	ENSG00000232817	RP11-73B2.4
11	80239004	80239110	ENSG00000200146	RNU6-544P
3	171612226	171613030	ENSG00000235943	TMEM212-IT1
9	127956928	127958100	ENSG00000235332	RP11-366O20.5
1	58521805	58522152	ENSG00000223416	RPS26P15
2	158984469	158990500	ENSG00000237327	UPP2-IT1
1	161576081	161578007	ENSG00000225217	HSPA7
11	80364473	80365032	ENSG00000255014	ARL6IP1P3
7	142419212	142419752	ENSG00000241911	TRBVB
15	98563824	98565007	ENSG00000258483	AC144835.1
9	128003942	128019297	ENSG00000239705	RP11-65N13.8
6	19612986	19614267	ENSG00000214012	KRT18P38
7	142430182	142430588	ENSG00000244273	PGBD4P1
3	171943218	171943662	ENSG00000237483	RP11-423E7.1
4	59912738	59940974	ENSG00000250375	RP11-340A13.3
16	2290488	2291819	ENSG00000261663	RP11-304L19.11
10	75390314	75391248	ENSG00000272791	RP11-464F9.22
3	138760944	138763734	ENSG00000233701	PRR23C
2	159023162	159092681	ENSG00000227480	CCDC148-AS1
11	129910260	129910966	ENSG00000255535	RP11-679I18.4
14	91141462	91142638	ENSG00000258437	RP11-661G16.1
4	142142041	142155851	ENSG00000109445	ZNF330
19	42817477	42829214	ENSG00000167619	TMEM145
2	64622354	64680932	ENSG00000223935	AC008074.3
11	80462243	80473869	ENSG00000255178	RP11-686G23.2
15	98569271	98569368	ENSG00000252477	RNU6-134P
16	2317788	2317881	ENSG00000207715	AC009065.2
9	128026124	128026369	ENSG00000214593	RP11-65N13.6
4	60018552	60041864	ENSG00000249111	RP11-622J8.1
15	98589896	98836406	ENSG00000259199	CTD-2544M6.1
2	159276467	159281815	ENSG00000234890	HNRNPDLP2
11	129952103	129952367	ENSG00000215565	AP003041.1
HG1308_PATCH	130394889	130397715	ENSG00000266265	KLF14
1	58525811	58545946	ENSG00000235038	RP11-393I23.4
14	91163677	91165718	ENSG00000258716	RP11-661G16.2
16	2318156	2323419	ENSG00000260778	MIR940
4	60399504	60399616	ENSG00000199780	Y_RNA
6	136172834	136516712	ENSG00000171408	PDE7B
11	3685045	3685141	ENSG00000201279	Y_RNA
11	80668360	80668677	ENSG00000254437	RP11-170L9.1
6	13266774	13328815	ENSG00000145979	TBC1D7
11	129952390	129952676	ENSG00000244451	RPL34P21
10	75413797	75434477	ENSG00000271848	RP11-464F9.21
3	171955116	171955384	ENSG00000243398	RN7SL141P
11	3686394	3686489	ENSG00000200201	Y_RNA
2	159303676	159303973	ENSG00000243723	RN7SL393P
4	60416860	60496042	ENSG00000249392	RP11-725D20.1
15	98617896	98617992	ENSG00000222361	RNU6-1186P
9	128066199	128066305	ENSG00000200554	RNU6-1020P
11	3713273	3713375	ENSG00000238686	snoU13
2	159390712	159390796	ENSG00000251721	snoZ5
HG1308_PATCH	130121332	130124233	ENSG00000266212	RP11-2E11.5
14	91232875	91233333	ENSG00000213315	CTD-3035D6.1
11	81263268	81263558	ENSG00000254747	RP11-664H7.1
1	161587782	161589375	ENSG00000231586	RPS23P9
1	58550091	58550231	ENSG00000230546	RP11-393I23.3
19	46733009	46734500	ENSG00000188293	IGFL1
9	128134604	128135045	ENSG00000227845	RP11-184B22.2
11	3736002	3736105	ENSG00000251934	RNU6-1143P
15	98628856	98646941	ENSG00000259611	CTD-2544M6.2
4	60633534	60657832	ENSG00000249892	RP11-525J21.1
2	159404937	159405736	ENSG00000227331	AC005042.2
6	127683658	127684548	ENSG00000220744	RPL5P18
6	19638271	19639039	ENSG00000217314	UQCRFS1P3
1	58694354	58694675	ENSG00000233216	RP11-414C16.1
17	48874727	48875012	ENSG00000248702	RP11-294J22.5
11	3802625	3802686	ENSG00000238304	RNU7-50P
7	20367922	20371370	ENSG00000271133	CTA-293F17.1
14	91288709	91294472	ENSG00000258884	CTD-3035D6.2
11	3837982	3843130	ENSG00000250404	AC090587.2
16	2320714	2320773	ENSG00000266643	MIR3677
17	35849937	35873603	ENSG00000161326	DUSP14
1	209701800	209741018	ENSG00000224260	RP1-272L16.1
11	130154918	130155728	ENSG00000255358	RP11-567O18.1
14	51171061	51172229	ENSG00000258491	ZFP64P1
10	75434053	75490272	ENSG00000242288	RP11-464F9.1
1	59018585	59019005	ENSG00000270209	RP4-592A1.4
11	81266952	81267467	ENSG00000255316	RP11-664H7.2
4	60698893	60698994	ENSG00000201676	Y_RNA
16	2324621	2324692	ENSG00000264004	MIR4717
2	159514849	159591514	ENSG00000204380	AC005042.4
15	98661400	98661549	ENSG00000259266	RP11-183E24.1
9	128275183	128275486	ENSG00000243845	RN7SL30P
14	91557421	91557482	ENSG00000252644	RNU7-30P
3	63846321	63847495	ENSG00000240549	THOC7-AS1
4	60699781	60699885	ENSG00000201775	RNU6-1325P
9	6215805	6257983	ENSG00000137033	IL33
11	3875548	3876739	ENSG00000228661	AC090587.5
1	59031301	59031604	ENSG00000264128	RN7SL713P
16	2382314	2382733	ENSG00000243445	RP11-715J22.1
9	128329858	128335302	ENSG00000227068	RP11-12A16.3
14	91592769	91592897	ENSG00000221102	SNORA11B
2	29072687	29093167	ENSG00000171103	TRMT61B
4	61529667	61529756	ENSG00000216027	AC095061.1
6	19642656	19642760	ENSG00000200957	RNU6-801P
1	16993280	16993443	ENSG00000207513	RNU1-3
1	59096513	59097202	ENSG00000185839	RP4-592A1.2
14	91614372	91614663	ENSG00000266343	RN7SL506P
4	61616304	61655717	ENSG00000249066	RP11-593F5.2
11	130165536	130166841	ENSG00000255220	DDX18P5
11	3875842	3876629	ENSG00000229368	AC090587.4
9	128357948	128358907	ENSG00000214761	HNRNPA1P15
11	81553477	81553711	ENSG00000270701	RP11-876F14.2
6	19690056	19753344	ENSG00000237404	RP3-471C18.2
14	91724643	91725347	ENSG00000260810	CTD-2547L24.4
7	20416954	20417024	ENSG00000200753	SNORD56
1	17007750	17007823	ENSG00000264742	AL021920.1
2	159542415	159610287	ENSG00000228586	AC005042.5
6	127737680	127738097	ENSG00000220522	RP1-177A13.1
4	61649833	61650414	ENSG00000248237	RP11-593F5.1
6	138188351	138204449	ENSG00000118503	TNFAIP3
HSCHR6_MHC_COX	31119738	31131037	ENSG00000233911	POU5F1
7	20621695	20622829	ENSG00000179460	EEF1A1P27
1	17012116	17012550	ENSG00000236698	EIF1AXP1
11	81590893	82429124	ENSG00000245832	RP11-179A16.1
1	161641768	161644614	ENSG00000234211	RP11-25K21.1
2	203096419	203096572	ENSG00000224463	AC079354.6
3	125677399	125677660	ENSG00000241439	RP11-666A20.3
15	28356186	28567298	ENSG00000128731	HERC2
2	159559799	159559972	ENSG00000231675	AC005042.3
6	19730658	19734798	ENSG00000227116	RP3-471C18.1
1	59187951	59188044	ENSG00000222168	Y_RNA
4	61788337	61788402	ENSG00000265829	MIR548AG1
20	60985293	61002589	ENSG00000130701	RBBP8NL
16	2389151	2476700	ENSG00000238098	ABCA17P
1	59230521	59230607	ENSG00000264081	AL136985.1
14	51190495	51190990	ENSG00000270062	RP11-248J18.3
3	125775766	125777071	ENSG00000248607	RP11-158I23.1
11	130180075	130180369	ENSG00000272412	Metazoa_SRP
2	159710267	159711088	ENSG00000243792	OR7E89P
4	62009374	62019680	ENSG00000240152	RP11-16N2.1
19	41452252	41453355	ENSG00000269353	AC092071.1
1	59250823	59365384	ENSG00000234807	LINC01135
15	93426526	93571237	ENSG00000173575	CHD2
3	125787907	125787990	ENSG00000265911	AC117422.1
9	128506033	128508831	ENSG00000229582	RP11-423C15.3
6	52553459	52553796	ENSG00000271227	RP1-152L7.8
6	127756781	127757334	ENSG00000220694	RP3-403A15.1
14	51288598	51290219	ENSG00000258843	RP11-286O18.1
11	130184888	130263688	ENSG00000175773	RP11-121M22.1
1	161653485	161655042	ENSG00000213075	RPL31P11
17	8869213	8870387	ENSG00000266389	CTB-41I6.1
6	19802395	19804983	ENSG00000228412	RP4-625H18.2
7	20628613	20629708	ENSG00000231525	AC002486.2
2	159718823	159719797	ENSG00000251491	OR7E28P
3	125803063	125814192	ENSG00000250012	RP11-124N2.1
15	65204101	65251042	ENSG00000166839	ANKDD1A
2	203141154	203141241	ENSG00000212534	SNORD70
6	52604388	52609454	ENSG00000237674	GSTA7P
17	8870840	8880312	ENSG00000265975	CTB-41I6.2
14	106452671	106453170	ENSG00000211934	IGHV1-2
10	75458909	75490245	ENSG00000271816	RP11-574K11.28
2	25956622	26101385	ENSG00000143970	ASXL2
11	81601783	81601878	ENSG00000264110	MIR4300
9	128819859	128921892	ENSG00000232413	RP11-343J18.2
14	51311343	51311430	ENSG00000252945	snoU83B
4	62077370	62077921	ENSG00000241261	RPL17P19
4	176711458	176733340	ENSG00000249106	RP11-806K15.1
2	203142831	203142915	ENSG00000212309	SNORD70
1	59278480	59279014	ENSG00000272226	RP11-63G10.3
19	41530172	41533625	ENSG00000213908	CYP2A7P1
2	159731154	159732182	ENSG00000188668	OR7E90P
11	81682036	81698855	ENSG00000254511	RP11-876F14.1
14	51314840	51332377	ENSG00000258687	RP11-218E20.2
1	17013834	17046652	ENSG00000268869	ESPNP
3	125822483	125826912	ENSG00000250218	ALDH1L1-AS1
2	203156055	203156144	ENSG00000271852	SNORD11B
17	9074385	9082435	ENSG00000262966	RP11-85B7.2
9	129032400	129038197	ENSG00000228392	RP11-343J18.1
1	59304120	59316926	ENSG00000231740	RP11-63G10.2
4	62285964	62293939	ENSG00000205682	RP11-798L4.1
11	82283051	82283122	ENSG00000252592	SNORD112
1	149754245	149783928	ENSG00000203814	HIST2H2BF
11	130414538	130414751	ENSG00000255155	RP11-535N6.2
14	51378944	51380076	ENSG00000258745	RP11-218E20.5
6	127954103	127956466	ENSG00000219284	RP11-151M7.1
2	203157772	203157859	ENSG00000238317	SNORD11
17	26368763	26523407	ENSG00000087095	NLK
7	20681181	20681571	ENSG00000223866	AC002486.3
2	159792310	159792497	ENSG00000222300	RNU2-21P
19	15346330	15346819	ENSG00000270143	AC004257.3
11	82314785	82354461	ENSG00000255246	RP11-179A16.2
4	62641167	62641568	ENSG00000226439	RP11-621K7.1
2	203198162	203198451	ENSG00000264275	RN7SL753P
10	35535953	35860852	ENSG00000108100	CCNY
2	68350068	68384692	ENSG00000243667	WDR92
1	59348540	59362375	ENSG00000232453	RP4-794H19.1
2	159860287	159861065	ENSG00000213189	BTF3L4P2
17	9186491	9208968	ENSG00000263708	RP11-85B7.4
11	130416694	130417324	ENSG00000236616	BAK1P2
14	106471246	106471723	ENSG00000211935	IGHV1-3
2	203200747	203201450	ENSG00000226261	AC064836.3
9	129170320	129170689	ENSG00000253079	NRON
3	125879126	125879288	ENSG00000272020	U1
6	36322419	36356164	ENSG00000010030	ETV7
10	75463493	75473339	ENSG00000272140	RP11-574K11.29
19	15449759	15450048	ENSG00000270802	AC005776.1
6	127976005	127976423	ENSG00000218187	RP11-325O24.1
1	209796789	209796855	ENSG00000264831	MIR4260
11	82400571	82400944	ENSG00000227097	RP11-742N3.1
1	161669296	161669397	ENSG00000199595	Y_RNA
9	129189172	129189249	ENSG00000252985	SNORD116
17	9355514	9373331	ENSG00000225751	AC087501.1
3	125898908	125929012	ENSG00000246022	ALDH1L1-AS2
1	161705598	161705889	ENSG00000241347	RN7SL466P
11	130659126	130660920	ENSG00000255352	PPP1R10P1
9	129278696	129281087	ENSG00000233721	RP11-205K6.1
4	62772031	62772126	ENSG00000202169	Y_RNA
2	20646835	20649200	ENSG00000143878	RHOB
1	209834709	209897470	ENSG00000227591	RP1-28O10.1
2	159883548	159883654	ENSG00000202029	RNU6-580P
6	127980569	127981483	ENSG00000260212	RP11-325O24.5
1	161735115	161736017	ENSG00000226889	RP11-474I16.8
2	159912606	159913371	ENSG00000226878	GSTM3P2
1	59465348	59466166	ENSG00000228121	PHBP3
19	15456879	15459228	ENSG00000273218	LLNLR-246C6.1
9	129289897	129292622	ENSG00000226078	RP11-205K6.2
6	20042686	20043171	ENSG00000229700	RP1-130G2.1
11	65421067	65430565	ENSG00000173039	RELA
11	82502704	82528188	ENSG00000255382	RP11-718B12.2
19	15489887	15492005	ENSG00000268189	AC005785.2
4	176883212	176883636	ENSG00000248249	RP11-598O12.1
9	129293194	129293270	ENSG00000221768	AL356309.1
1	161860623	161861986	ENSG00000229808	RP11-456P18.2
14	106478110	106478603	ENSG00000211936	IGHV4-4
3	139074442	139108574	ENSG00000184432	COPB2
10	75466248	75466371	ENSG00000252072	RNA5SP320
6	52630078	52643145	ENSG00000217228	RP1-152L7.1
1	209917718	209918559	ENSG00000236136	ADORA2BP
4	62937470	63031272	ENSG00000248692	RP11-84A1.3
10	70715884	70744829	ENSG00000165732	DDX21
9	129338809	129338909	ENSG00000221173	AL161908.1
17	9368059	9370739	ENSG00000262815	RP11-565F19.4
1	59486059	59510286	ENSG00000230812	RP4-794H19.4
10	75473354	75473609	ENSG00000224005	AC022400.1
2	225334867	225450110	ENSG00000036257	CUL3
11	130714086	130735456	ENSG00000254842	RP11-890B15.2
2	203201462	203201923	ENSG00000272966	RP11-686O6.1
2	160242878	160261147	ENSG00000223642	AC008277.1
19	15560359	15560419	ENSG00000269782	MIR1470
11	82516396	82517551	ENSG00000255063	RP11-718B12.1
6	127980835	127981724	ENSG00000219699	RP11-325O24.2
4	176933189	176935568	ENSG00000250372	MARK2P4
17	9450615	9451858	ENSG00000263051	RP11-565F19.3
6	20212318	20317970	ENSG00000227803	RP11-239H6.2
7	20866945	20867372	ENSG00000219451	RPL23P8
2	203221844	203222140	ENSG00000242696	RN7SL40P
1	209960324	209961038	ENSG00000232222	RP3-434O14.8
9	129351873	129375979	ENSG00000224842	RP11-123K19.1
1	111922913	111923193	ENSG00000236012	HIGD1AP12
19	15626153	15627647	ENSG00000269765	CTB-187L3.1
17	28877511	28878207	ENSG00000263860	RP11-218M11.3
17	9456640	9459013	ENSG00000271851	RP11-565F19.2
2	203239655	203240327	ENSG00000273456	RP11-686O6.2
16	70113032	70113527	ENSG00000241183	RP11-106J23.1
4	118334618	118335435	ENSG00000237684	RPSAP35
10	75475601	75490227	ENSG00000242338	BMS1P4
6	20421812	20422118	ENSG00000240869	RN7SL128P
1	162008806	162009357	ENSG00000227818	RP11-227F8.2
5	159895275	159914433	ENSG00000253522	MIR146A
3	125985639	126010122	ENSG00000250934	RP11-71E19.1
8	35719641	35828183	ENSG00000253452	RP11-473J6.1
6	20422549	20422632	ENSG00000252949	AL136303.1
2	203369735	203370066	ENSG00000270915	RP11-27M5.1
1	210404801	210407392	ENSG00000203706	SERTAD4-AS1
1	149784826	149785236	ENSG00000183598	HIST2H3D
17	9493219	9493799	ENSG00000241654	RPL19P18
17	28880715	28885980	ENSG00000264242	RP11-271K11.1
4	118349552	118612343	ENSG00000236922	AC092661.1
4	176959234	176959339	ENSG00000264130	AC110794.1
1	162126897	162126972	ENSG00000266144	MIR4654
6	20438052	20440409	ENSG00000224707	E2F3-IT1
2	203385124	203385712	ENSG00000236047	AC073410.1
11	82546551	82548264	ENSG00000254441	RP11-718B12.5
1	59520069	59521721	ENSG00000241042	RP11-145M4.1
4	177019314	177019436	ENSG00000201516	SNORA51
16	70190243	70207351	ENSG00000247228	RP11-296I10.3
1	162286642	162287584	ENSG00000227094	RP11-565P22.2
14	106494135	106494597	ENSG00000211937	IGHV2-5
6	20452600	20452704	ENSG00000222431	RNU6-141P
3	126007710	126012867	ENSG00000251448	RP11-71E19.2
4	177229419	177241609	ENSG00000248980	RP11-87F15.2
16	67694849	67696681	ENSG00000102981	PARD6A
X	153194695	153200676	ENSG00000102030	NAA10
2	118756321	118757056	ENSG00000272895	RP11-98C1.2
1	59521671	59543788	ENSG00000235215	RP11-145M4.2
6	20500406	20500507	ENSG00000201683	Y_RNA
X	129444046	129444152	ENSG00000202304	RNU6-1130P
1	162308433	162308532	ENSG00000252262	RNA5SP61
2	118773958	118774243	ENSG00000243510	RN7SL111P
2	160300628	160301424	ENSG00000270893	RP11-311B14.1
6	20722559	20723886	ENSG00000225832	RP3-348I23.3
X	129464831	129465043	ENSG00000225046	RP1-20I3.3
1	162312336	162312430	ENSG00000207729	MIR556
1	40538379	40563375	ENSG00000131238	PPT1
11	130736149	130740142	ENSG00000255455	RP11-890B15.3
1	111925482	111934441	ENSG00000227179	PGCP1
19	15674885	15695520	ENSG00000269516	CYP4F23P
6	128349031	128406393	ENSG00000227945	RP11-103C16.2
1	59522315	59553867	ENSG00000237352	RP11-145M4.3
4	118495667	118497329	ENSG00000213492	NT5C3AP1
3	126111875	126113694	ENSG00000249833	RP11-71E19.5
2	160318928	160319767	ENSG00000225369	AC009506.2
2	118889704	118943962	ENSG00000226856	AC093901.1
1	162415339	162415676	ENSG00000227243	SLAMF6P1
4	177552543	177554382	ENSG00000248480	RP11-313E19.1
2	160392755	160392857	ENSG00000207117	Y_RNA
1	149804221	149811339	ENSG00000183941	HIST2H4A
11	130874025	130874324	ENSG00000242673	RN7SL167P
8	35861834	35952564	ENSG00000253524	RP11-89M20.2
1	162511122	162511418	ENSG00000227941	UQCRBP2
6	128752086	128753913	ENSG00000228972	RP1-86D1.2
4	177590772	177627299	ENSG00000248388	RP11-313E19.2
2	160471807	160473593	ENSG00000224152	AC009506.1
6	20756334	20800925	ENSG00000233848	RP3-348I23.2
11	82554927	82555027	ENSG00000238995	snoU13
11	130981830	130981910	ENSG00000221516	AP002806.1
1	59597608	59664293	ENSG00000224609	RP11-470E16.1
16	70236257	70236362	ENSG00000261145	RP11-296I10.5
4	62971378	62971767	ENSG00000225405	RP11-84A1.1
4	118755556	118791103	ENSG00000229565	AC108056.1
1	210438981	210440587	ENSG00000228110	ST13P19
6	128768543	128770446	ENSG00000182404	RP1-86D1.3
11	82668465	82669258	ENSG00000242279	RP11-659G9.1
11	131056917	131059648	ENSG00000236129	AP002856.4
1	162530017	162531098	ENSG00000259788	RP11-359K18.3
17	28884750	28885520	ENSG00000266775	RP11-218M11.6
X	129611043	129658231	ENSG00000229702	RP1-274L7.1
6	128821672	128822321	ENSG00000224733	RP1-86D1.5
9	129403035	129403572	ENSG00000238010	RP11-123K19.2
1	162562893	162563544	ENSG00000272574	RP11-359K18.4
19	41556354	41568349	ENSG00000268101	CYP2G2P
4	177787768	177796611	ENSG00000249458	RP11-624A4.1
6	20993705	20993799	ENSG00000252046	RNU6-150P
4	119114560	119115906	ENSG00000251463	FKBP4P1
1	17067011	17067174	ENSG00000207389	RNU1-4
2	20760208	20850849	ENSG00000118960	HS1BP3
11	131074894	131085058	ENSG00000227125	AP002856.6
8	87354967	87490649	ENSG00000123124	WWP1
20	57414773	57486247	ENSG00000087460	GNAS
5	159901409	159901490	ENSG00000265237	MIR3142
17	28891075	28892594	ENSG00000259928	RP11-218M11.1
11	82674723	82750157	ENSG00000254698	RP11-659G9.3
11	50227332	50228444	ENSG00000255500	RP11-347H15.2
2	160527219	160568946	ENSG00000226266	AC009961.3
6	21354642	21355527	ENSG00000227089	RP1-135L22.1
1	162747520	162747802	ENSG00000243173	RN7SL861P
15	52230222	52264003	ENSG00000166477	LEO1
6	128826270	128827421	ENSG00000227112	RP1-86D1.4
11	554855	560779	ENSG00000185522	C11orf35
2	203478937	203479427	ENSG00000223619	AC009960.1
5	160040880	160066190	ENSG00000253687	CTC-348L5.1
4	177796856	177801759	ENSG00000250263	RP11-765K14.1
11	82751848	82752445	ENSG00000254522	RP11-113K21.1
1	17076728	17077459	ENSG00000227684	CROCCP4
11	131104433	131121711	ENSG00000237612	AP002856.7
4	63114012	63114488	ENSG00000241344	RPL21P47
16	70253477	70279519	ENSG00000261556	RP11-296I10.6
10	115614420	115676953	ENSG00000196865	NHLRC2
11	50246832	50254505	ENSG00000255042	RP11-347H15.5
5	160091594	160091688	ENSG00000239192	AC011363.1
6	21522707	21524003	ENSG00000231754	RP11-204E9.1
1	162794585	162819257	ENSG00000230739	RP11-331H2.4
4	178102596	178102895	ENSG00000222859	RN7SKP136
1	59754975	59755312	ENSG00000270457	RP11-467C18.1
4	119199864	119200978	ENSG00000269893	SNHG8
6	128901258	128902029	ENSG00000213130	EEF1DP5
1	210477029	210477885	ENSG00000233455	RP4-667H12.4
4	63157280	63158055	ENSG00000250249	RP11-30P21.2
17	28894718	28898766	ENSG00000231870	KRT17P3
16	28889726	28915830	ENSG00000196296	ATP2A1
5	160112358	160119896	ENSG00000254391	CTC-529G1.1
19	41579709	41580012	ENSG00000271299	CTD-2356P16.6
4	178264158	178278186	ENSG00000249084	RP11-376O6.2
1	60198899	60198968	ENSG00000266150	MIR4711
11	131123317	131220812	ENSG00000231698	AP002856.5
1	60220419	60254854	ENSG00000226883	RP4-782L23.2
8	35978916	35979201	ENSG00000254309	RP11-89M20.1
1	210547498	210547611	ENSG00000200972	RNU5A-8P
9	129462577	129463312	ENSG00000269909	RP11-489N22.3
4	178366133	178598280	ENSG00000250131	RP11-130F10.1
2	203479576	203480252	ENSG00000233888	AC009960.2
2	119591276	119592686	ENSG00000258910	RP11-19E11.1
1	60238467	60254520	ENSG00000231816	RP4-782L23.1
6	21602359	21602614	ENSG00000220771	RP3-322L4.2
1	210635689	210636356	ENSG00000270936	RP5-879K22.1
8	36124003	36124282	ENSG00000252663	RN7SKP201
2	101172512	101172782	ENSG00000266005	RN7SL611P
11	50249920	50250104	ENSG00000255001	RP11-347H15.3
11	82752506	82752640	ENSG00000207221	SNORA70E
4	63355213	63355936	ENSG00000248847	RP11-26C10.1
2	101193931	101194019	ENSG00000238328	snoU13
8	36135281	36136404	ENSG00000253504	RP11-593P24.2
19	41640627	41643213	ENSG00000268529	CYP2T3P
2	160545728	160546802	ENSG00000230783	AC009961.2
15	98665792	98674836	ENSG00000259320	RP11-183E24.2
2	203480492	203481163	ENSG00000235433	AC009960.4
11	50257750	50263827	ENSG00000254518	RP11-347H15.4
2	101207612	101207786	ENSG00000227259	HMGN2P22
1	211032519	211035627	ENSG00000224668	IPO8P1
8	36136478	36137001	ENSG00000254384	MTND6P19
4	178378265	178378382	ENSG00000201931	RNA5SP172
5	160358785	160365633	ENSG00000253417	RP11-109J4.1
2	101217328	101217618	ENSG00000265839	RN7SL360P
2	160668745	160670520	ENSG00000227055	AC009961.5
15	98825304	98829136	ENSG00000259041	RP11-167B3.1
4	178465631	178465718	ENSG00000221499	AC078881.1
4	63376187	63376489	ENSG00000248336	HMGN1P11
8	36137009	36137214	ENSG00000253685	RP11-593P24.3
1	17081405	17096732	ENSG00000186715	MST1L
1	60440431	60440726	ENSG00000265535	RN7SL475P
2	101223490	101225820	ENSG00000234988	AC068538.4
4	178607827	178612222	ENSG00000251416	RP11-140M13.1
4	63461095	63461180	ENSG00000265085	AC110810.1
2	161253340	161253479	ENSG00000252465	RMRPP3
1	60563087	60563648	ENSG00000229332	PGBD4P8
8	36165763	36165882	ENSG00000253610	RP11-139F9.1
12	113376157	113411054	ENSG00000111331	OAS3
15	99010069	99010641	ENSG00000259507	RP11-719C20.1
5	160657057	160657154	ENSG00000221002	AC022120.1
1	211305930	211306716	ENSG00000234233	KCNH1-IT1
4	63682544	63684512	ENSG00000180673	EXOC5P1
11	82783108	82817761	ENSG00000246067	RAB30-AS1
2	161264321	161264393	ENSG00000263948	MIR4785
11	50266852	50320877	ENSG00000254840	RP11-574M7.1
2	119706882	119710559	ENSG00000259094	RP11-77A13.1
1	60580547	60615351	ENSG00000238242	RP11-575B7.3
9	129480522	129480612	ENSG00000266403	AL161731.1
15	99190180	99190600	ENSG00000259424	RP11-35O15.1
X	129628939	129630562	ENSG00000221930	FAM45B
2	161734058	161734359	ENSG00000244372	RN7SL423P
6	21665003	22214734	ENSG00000272168	CASC15
5	127445178	127446686	ENSG00000250329	KDELC1P1
6	52670411	52678258	ENSG00000223622	GSTA6P
1	211346819	211347193	ENSG00000234004	RP11-543B16.1
9	129976314	129984186	ENSG00000228487	RP13-225O21.2
5	161114353	161116414	ENSG00000253403	RP11-348M17.2
9	6328349	6331900	ENSG00000170777	TPD52L3
4	178650792	178829090	ENSG00000251504	LINC01099
2	161905117	161907057	ENSG00000232337	AC009313.2
4	63994029	64009599	ENSG00000251055	RP11-257A22.1
1	61005921	61106163	ENSG00000226476	RP11-776H12.1
6	128905535	128905636	ENSG00000206982	Y_RNA
15	99327655	99327731	ENSG00000264480	MIR4714
2	203481423	203481935	ENSG00000237542	AC009960.5
19	41675766	41676071	ENSG00000224476	RPL36P16
4	64215832	64217190	ENSG00000231442	LARP1BP1
2	119927398	119927691	ENSG00000264833	RN7SL468P
6	128934346	128934452	ENSG00000238938	snoU13
15	99423888	99436764	ENSG00000259621	RP11-654A16.1
1	61125303	61291256	ENSG00000231252	RP11-436K8.1
5	161178454	161178774	ENSG00000118990	GLRXP3
2	161952742	162016735	ENSG00000224467	AC009313.1
2	101276661	101277140	ENSG00000226034	NANOGNBP1
6	128960333	128960798	ENSG00000220110	RP1-6P5.2
21	34106210	34144169	ENSG00000159086	PAXBP1
HSCHR6_MHC_QBL	32624040	32627805	ENSG00000257213	AL773543.1
4	64334419	64359996	ENSG00000250775	RP11-12K22.1
1	162949341	162949583	ENSG00000227667	RP11-331H2.3
5	127706792	127706905	ENSG00000207290	Y_RNA
15	99497378	99646030	ENSG00000259475	RP11-654A16.3
2	120001998	120006647	ENSG00000229867	STEAP3-AS1
5	127999671	128078522	ENSG00000248634	CTC-573M9.1
3	128997671	129025029	ENSG00000183624	HMCES
8	36167102	36167208	ENSG00000206871	RNU6-533P
4	65263412	65263505	ENSG00000252104	RNU6-191P
4	178752503	178752589	ENSG00000252388	snoU13
2	203482007	203482350	ENSG00000233134	AC009960.7
8	36178557	36178922	ENSG00000254320	RP11-593P24.4
4	179037875	179038015	ENSG00000253000	RNU1-45P
2	162079296	162111179	ENSG00000235724	AC009299.2
2	101286354	101292500	ENSG00000234169	AC092168.3
9	130062372	130063261	ENSG00000229369	RP13-225O21.5
2	27532360	27548547	ENSG00000115204	MPV17
4	65296627	65298933	ENSG00000250768	RP11-204H9.2
1	61405911	61436448	ENSG00000237928	RP4-668G5.1
15	99669037	99672011	ENSG00000261054	RP11-6O2.4
4	179207849	179208439	ENSG00000241877	RP11-84H6.1
HSCHR6_MHC_DBB	30142515	30171491	ENSG00000226060	TRIM26
1	163131465	163182813	ENSG00000232892	RP11-267N12.1
1	211355498	211356446	ENSG00000223562	RP11-543B16.3
HSCHR6_MHC_QBL	32637805	32643664	ENSG00000225103	HLA-DQA2
5	161851384	161854351	ENSG00000254173	RP11-96G10.1
8	36394909	36636682	ENSG00000253363	RP11-962G15.1
19	41696852	41697134	ENSG00000264423	RN7SL718P
7	142468264	142471794	ENSG00000250591	PRSS3P1
5	128433381	128433459	ENSG00000264563	MIR4633
4	179327849	179327984	ENSG00000201727	RNA5SP173
11	50368213	50381487	ENSG00000214883	RP11-574M7.2
19	15722434	15722720	ENSG00000267135	AD000091.3
15	99679522	99685575	ENSG00000261616	RP11-6O2.3
2	120234024	120244922	ENSG00000231013	AC013275.2
19	41727331	41727956	ENSG00000269652	CTD-2195B23.3
4	179607040	179607110	ENSG00000212191	SNORD65
2	101338683	101339344	ENSG00000228488	AC092168.4
1	211380389	211381286	ENSG00000226986	RP11-543B16.2
1	163207004	163208987	ENSG00000225755	RP11-267N12.2
15	99697436	99701345	ENSG00000259921	AC022819.3
4	179990591	179990748	ENSG00000250839	RP11-296L20.1
6	129082862	129082953	ENSG00000202200	Y_RNA
19	15722467	15722934	ENSG00000225067	RPL23AP2
19	41792320	41792599	ENSG00000239868	RN7SL34P
5	128732755	128732840	ENSG00000265691	MIR4460
22	25331077	25342662	ENSG00000206069	TMEM211
8	36438698	36439109	ENSG00000244708	RPL23P10
15	99797744	99797875	ENSG00000264771	AC022819.1
4	180310288	180386459	ENSG00000250993	RP11-404J23.1
4	65472136	65472331	ENSG00000251430	RP11-63H19.1
19	41905277	41906270	ENSG00000268987	CTC-435M10.10
2	101439123	101463682	ENSG00000232034	AC092168.2
X	129679560	129680448	ENSG00000271677	RP1-274L7.3
6	129250140	129251133	ENSG00000220884	MESTP1
15	99797837	99800220	ENSG00000259706	HSP90B2P
4	65473421	65474549	ENSG00000251385	RP11-63H19.2
19	41931264	41932142	ENSG00000268475	CTC-435M10.6
4	180778006	180778734	ENSG00000248921	RP11-774G5.1
1	211384331	211384424	ENSG00000221488	AC092017.1
2	203482418	203482710	ENSG00000241221	AC009960.6
5	128795252	128796382	ENSG00000249421	ADAMTS19-AS1
5	161904897	161904999	ENSG00000201474	RNU6-164P
1	111973668	111975690	ENSG00000260948	RP11-552M11.8
5	87803363	87986858	ENSG00000245526	LINC00461
9	130129049	130129676	ENSG00000271833	RP11-356B19.11
HSCHR6_MHC_DBB	32602484	32612425	ENSG00000233209	HLA-DQB1
8	36621963	36622069	ENSG00000199985	RNA5SP264
4	181494617	181495180	ENSG00000251025	RP11-751A18.1
5	161985691	162050467	ENSG00000254186	RP11-167P20.1
2	162101250	162105561	ENSG00000227403	AC009299.3
1	111980136	111980659	ENSG00000233337	UBE2FP3
19	41960074	42006559	ENSG00000267107	AC011526.1
8	36746000	36746825	ENSG00000219491	TPT1P8
2	101589110	101593623	ENSG00000230140	AC016738.3
6	52712708	52735127	ENSG00000230375	RP11-392A23.4
19	15724058	15725364	ENSG00000266951	AD000091.2
1	211556145	211605878	ENSG00000153363	LINC00467
1	163214295	163291684	ENSG00000232995	RP11-267N12.3
5	162188839	162189319	ENSG00000254351	ARL2BPP5
19	46800303	46846690	ENSG00000124440	HIF3A
20	61038553	61051026	ENSG00000130700	GATA5
1	203181955	203242769	ENSG00000133063	CHIT1
11	51264009	51264094	ENSG00000264637	AC110283.1
2	120328476	120328576	ENSG00000265553	AC013275.1
X	50388118	50388209	ENSG00000265211	AL121865.1
1	111981260	111983986	ENSG00000243960	RP11-552M11.4
9	130210780	130210909	ENSG00000201302	SNORA65
11	51393464	51394433	ENSG00000255078	OR4A6P
1	61549127	61549202	ENSG00000263380	AC096534.1
X	129779697	129780299	ENSG00000238188	RP5-875H3.2
X	50392641	50392740	ENSG00000222303	RNU6-935P
5	128836054	129241610	ENSG00000251680	CTC-575N7.1
5	162439271	162864332	ENSG00000250061	RP11-541P9.3
2	203482706	203483604	ENSG00000227454	MTND4P30
9	130233154	130233266	ENSG00000200788	Y_RNA
1	61590405	61590874	ENSG00000270742	RP4-802A10.1
4	181652317	181680191	ENSG00000249883	RP11-460H9.1
X	50648438	50648866	ENSG00000226881	H3F3AP5
1	111989420	111989530	ENSG00000199890	Y_RNA
9	130452966	130453074	ENSG00000264329	MIR3911
8	36845495	36845930	ENSG00000243503	AC090453.1
11	51425921	51426830	ENSG00000255349	OR4A7P
19	42012068	42012814	ENSG00000268034	AC005795.1
1	112032939	112033045	ENSG00000200360	RNU6-792P
11	82783444	82808238	ENSG00000255503	RP11-113K21.4
4	181985242	182080302	ENSG00000248197	LINC00290
8	12038198	12038263	ENSG00000266637	AC145124.1
14	91800057	91800167	ENSG00000265856	AL133153.1
8	36924959	36926936	ENSG00000254038	RP11-419C23.1
1	112142277	112151345	ENSG00000231346	LINC01160
X	50674114	50674548	ENSG00000238190	HMGB1P15
11	82817622	82818003	ENSG00000255010	RP11-113K21.3
11	51451070	51451982	ENSG00000227547	OR4A2P
14	91884610	91887520	ENSG00000258798	RP11-895M11.3
8	12051976	12053789	ENSG00000255495	FAM85A
2	162138413	162139129	ENSG00000225813	AC009299.4
1	61714617	61719182	ENSG00000237853	RP5-833A20.1
6	22085773	22086147	ENSG00000222515	RN7SKP240
19	42027403	42028349	ENSG00000269800	PLEKHA3P1
2	101610138	101618706	ENSG00000223947	AC016738.4
X	130115564	130192120	ENSG00000228659	RP1-23K20.2
4	182158511	182158717	ENSG00000248770	RP11-665C14.1
6	22135186	22147422	ENSG00000260455	CASC14
15	41913422	42062141	ENSG00000174197	MGA
11	82822102	82822484	ENSG00000254965	RP11-113K21.2
14	91885793	91886095	ENSG00000258446	RP11-895M11.2
8	12063268	12063898	ENSG00000254527	ENPP7P12
2	120456199	120457733	ENSG00000229326	AC069154.4
9	130548112	130548202	ENSG00000266070	MIR3960
5	129310584	129310694	ENSG00000221562	RNU6ATAC10P
4	182182314	182186182	ENSG00000249460	RP11-665C14.2
2	162197325	162197837	ENSG00000232320	AC009299.5
6	129478668	129480265	ENSG00000219642	BMPR1APS1
8	36952668	36952908	ENSG00000253650	SMARCE1P4
5	129450102	129450203	ENSG00000199455	RNA5SP191
6	22213535	22214466	ENSG00000219404	RP11-524C21.1
1	149811110	149812765	ENSG00000203811	HIST2H3C
16	2502582	2502978	ENSG00000260095	RP11-715J22.3
4	119321669	119321989	ENSG00000230671	NDUFS5P5
14	92069517	92069777	ENSG00000268295	RP11-248B24.4
X	50773422	50774357	ENSG00000227493	RP11-104D21.1
1	112190913	112192166	ENSG00000215867	KRT18P57
8	12147580	12153689	ENSG00000237215	ABC12-47043100G14.2
11	51455830	51456700	ENSG00000254464	OR4A3P
4	182443813	182444154	ENSG00000225356	RP11-433O3.1
2	101684840	101685118	ENSG00000271532	RP11-426K3.1
2	203483908	203484619	ENSG00000233311	AC009960.3
19	42037566	42038534	ENSG00000268355	AC006129.1
8	37188190	37189502	ENSG00000253123	RP11-527N22.1
2	162206728	162206871	ENSG00000221590	AC009299.1
16	2506253	2509980	ENSG00000260874	RP11-715J22.4
6	22221010	22222624	ENSG00000261568	RP11-524C21.2
1	62094703	62094793	ENSG00000264551	AC099791.1
19	15726029	15741448	ENSG00000186526	CYP4F8
11	82843098	82845779	ENSG00000255051	BCAS2P1
HSCHR6_MHC_SSTO	31697728	31720408	ENSG00000237333	MSH5
5	129475724	129477643	ENSG00000248610	HSPA8P4
2	162266065	162266181	ENSG00000271924	5S_rRNA
4	182741172	182751126	ENSG00000251336	RP11-540E16.2
1	62119866	62120580	ENSG00000223920	RP11-430G17.1
2	175296966	175351822	ENSG00000163328	GPR155
6	22260653	22318027	ENSG00000260049	RP3-404K8.2
14	92070746	92071663	ENSG00000258774	NANOGP7
8	12191153	12191202	ENSG00000252535	RNA5SP254
9	130578345	130584799	ENSG00000225032	RP11-228B15.4
2	162279170	162280088	ENSG00000224076	AC009487.4
8	37262957	37264242	ENSG00000253746	RP11-527N22.2
3	130745694	131069309	ENSG00000114670	NEK11
8	12198935	12203285	ENSG00000254623	DEFB108P4
4	119388745	119476483	ENSG00000154608	CEP170P1
11	51458685	51459614	ENSG00000254769	OR4A4P
1	17177752	17179624	ENSG00000223643	RP11-108M9.1
19	42041545	42043266	ENSG00000270164	AC006129.4
1	62207670	62208096	ENSG00000271200	RP11-430G17.3
X	130268062	130268364	ENSG00000241198	RN7SL191P
6	22589366	22594062	ENSG00000228772	RP1-309H15.2
X	152927611	152928147	ENSG00000237793	RPL18AP16
X	50825664	50834074	ENSG00000230926	RP11-104D21.2
1	62282091	62282194	ENSG00000200575	RNU6-414P
16	2514951	2518214	ENSG00000259895	RP11-715J22.2
12	17142060	17142870	ENSG00000256211	RP11-1018J11.1
6	31654726	31671221	ENSG00000204427	ABHD16A
14	92175455	92176961	ENSG00000258962	RP11-747H7.1
1	62318171	62318274	ENSG00000212360	RNU6-1177P
1	112193053	112193159	ENSG00000201028	RNU6-151P
6	22744624	23032009	ENSG00000233358	RP1-209A6.1
1	163229640	163230449	ENSG00000237756	RP11-77M5.1
16	2526559	2527062	ENSG00000260293	RP11-715J22.6
11	51461564	51462160	ENSG00000255560	OR4R2P
2	162280526	162285285	ENSG00000251621	AC009487.5
X	50838690	50914232	ENSG00000230317	RP11-104D21.3
1	62504514	62504783	ENSG00000236646	LAMTOR5P1
8	37278859	37411701	ENSG00000253161	RP11-150O12.1
1	211590367	211591276	ENSG00000236809	SNX25P1
8	12213645	12216900	ENSG00000215339	ZNF705C
2	101710031	101710285	ENSG00000265860	RN7SL548P
11	82891186	82895562	ENSG00000254676	RP11-727A23.4
1	112282463	112290420	ENSG00000227811	FAM212B-AS1
1	149813505	149814478	ENSG00000183558	HIST2H2AA3
16	2581923	2582006	ENSG00000266232	MIR3178
1	163355655	163355726	ENSG00000252740	SNORD112
6	23102908	23103774	ENSG00000218476	RP11-108N13.1
2	101768122	101771872	ENSG00000272902	RP11-299H21.1
1	17181902	17185779	ENSG00000230239	RP11-108M9.2
22	25348697	25593415	ENSG00000197077	KIAA1671
11	51483325	51484243	ENSG00000255312	OR4C7P
2	162357396	162364216	ENSG00000226121	AHCTF1P1
1	211608414	211608675	ENSG00000261252	RP11-318L16.6
1	163392195	163392954	ENSG00000225122	RP11-408E1.1
2	101889398	101889511	ENSG00000212283	SNORD89
1	211615616	211616148	ENSG00000238137	ARPC3P2
9	130594914	130595022	ENSG00000222421	Y_RNA
1	62538120	62538411	ENSG00000242860	RN7SL180P
7	20875050	21062767	ENSG00000232790	LINC01162
HSCHR6_MHC_QBL	31917249	31927920	ENSG00000206353	SKIV2L
6	52737812	52744738	ENSG00000230845	RP11-392A23.5
5	129613318	129613386	ENSG00000263954	AC004769.1
9	130596230	130596321	ENSG00000222296	Y_RNA
9	6413151	6507054	ENSG00000147854	UHRF2
1	62544458	62544531	ENSG00000263908	MIR3116-2
2	203638443	203639083	ENSG00000240761	AC098831.4
2	162415054	162415156	ENSG00000238570	snoU13
2	101925912	101925996	ENSG00000264857	MIR5696
1	211665597	211666259	ENSG00000223649	RP11-359E8.3
11	51526871	51527800	ENSG00000237610	OR4C50P
1	62654803	62655625	ENSG00000234204	PIGPP2
2	162425012	162426695	ENSG00000226946	AC062022.1
6	23125209	23125315	ENSG00000207394	RNU6-1060P
1	163438286	163438395	ENSG00000200327	RNA5SP62
8	61721294	61722165	ENSG00000254432	RP11-33I11.2
19	42829761	42882921	ENSG00000105429	MEGF8
5	129722314	129722373	ENSG00000252514	RNU7-53P
11	82895533	82904836	ENSG00000247137	RP11-727A23.5
2	64677230	64677658	ENSG00000237217	AC008074.5
14	92181260	92181474	ENSG00000200042	U3
19	42051554	42061832	ENSG00000268027	AC006129.2
6	23337939	23346788	ENSG00000235743	RP11-439H9.1
1	163479274	163479385	ENSG00000212527	RNA5SP63
2	162436582	162437860	ENSG00000235716	KRT18P46
2	101992049	101992517	ENSG00000226058	AC092570.1
1	211756357	211757067	ENSG00000261314	RP11-359E8.5
14	92223103	92226142	ENSG00000260711	RP11-747H7.3
1	17185444	17185516	ENSG00000263811	MIR3675
6	129758020	129758125	ENSG00000252554	RNU6-861P
1	163738576	163738928	ENSG00000228289	RP4-640E24.1
2	203705054	203706504	ENSG00000233579	KRT8P15
2	64713487	64728038	ENSG00000223863	AC008074.4
1	211809248	211816209	ENSG00000228792	RP11-354K1.2
1	62656194	62656598	ENSG00000234088	RPS15AP7
8	61818618	61819011	ENSG00000271377	RP11-33I11.3
1	112396384	112399527	ENSG00000232558	KCND3-IT1
6	129800760	129802555	ENSG00000233351	RP1-69D17.3
6	23649724	23650002	ENSG00000219453	RP4-810F7.1
5	129865112	129865582	ENSG00000249312	ARL2BPP4
2	162775292	162775376	ENSG00000253046	AC092841.1
9	130603391	130603501	ENSG00000222455	RNA5SP296
1	163892907	163893109	ENSG00000212538	U3
2	203789332	203790627	ENSG00000232479	AC010900.2
14	19983559	20020272	ENSG00000187537	POTEM
1	22004791	22110099	ENSG00000090686	USP48
1	17197440	17200587	ENSG00000228549	U1
14	92492910	92493231	ENSG00000259020	RP11-529H20.3
2	162787709	162787976	ENSG00000234732	RPEP5
2	64749321	64751227	ENSG00000260101	RP11-568N6.1
X	2746829	2800859	ENSG00000056998	GYG2
1	211813037	211827923	ENSG00000227764	RP11-354K1.1
1	164312242	164313101	ENSG00000225719	NMNAT1P2
8	61822612	61879116	ENSG00000254777	AC022182.1
17	37415384	37558776	ENSG00000108306	FBXL20
1	112451958	112453553	ENSG00000237556	KCND3-AS1
6	129847771	129873732	ENSG00000226149	RP1-69D17.4
19	18545198	18549111	ENSG00000105655	ISYNA1
9	130630143	130649066	ENSG00000257524	RP11-203J24.9
1	149822643	149823191	ENSG00000203812	HIST2H2AA4
Y	26191376	26194166	ENSG00000172352	CDY1B
5	68949075	68950161	ENSG00000248769	RP11-974F13.5
6	23856926	23857046	ENSG00000218512	SPTLC1P2
2	162929766	162931679	ENSG00000230918	AC008063.2
X	130338102	130338978	ENSG00000237650	OR11Q1P
2	203859917	203860126	ENSG00000270664	RP11-544H14.1
X	50905696	50906509	ENSG00000237926	RP13-346H10.2
2	102095852	102103284	ENSG00000223826	AC092570.2
X	101854440	101969599	ENSG00000271147	RP4-769N13.6
19	42106090	42112339	ENSG00000239736	CEACAMP3
5	162466297	162466605	ENSG00000249449	MRP63P6
X	51099796	51139314	ENSG00000229151	RP11-348F1.3
1	43610824	43622067	ENSG00000186973	FAM183A
2	64806026	64806131	ENSG00000252414	RNU6-100P
2	203904831	203905622	ENSG00000232994	RPL7P14
2	162933867	162934161	ENSG00000231445	TIMM8AP1
X	130458372	130459224	ENSG00000185903	OR11N1P
6	23972107	23973169	ENSG00000220748	RP1-59B16.1
2	40013593	40482349	ENSG00000227028	SLC8A1-AS1
5	129934041	129934472	ENSG00000249418	AC005741.2
1	211826798	211826891	ENSG00000222080	AL356310.1
2	162944769	162946582	ENSG00000224674	EIF3EP2
2	203917008	203917141	ENSG00000202059	SNORA1
X	51139363	51208513	ENSG00000226530	RP11-348F1.2
2	64834109	64843616	ENSG00000233694	AC007365.1
16	202686	204502	ENSG00000130656	HBZ
6	130068882	130068964	ENSG00000211996	Z97352.1
3	172143640	172144879	ENSG00000236686	BZW1P1
1	62673808	62674114	ENSG00000237227	RP5-1155K23.4
1	211833531	211834619	ENSG00000224763	FDPSP8
2	203926037	203927126	ENSG00000228513	AC023271.1
7	62854127	62854487	ENSG00000223889	RP11-73B2.3
1	164320510	164320625	ENSG00000199849	RNU5F-6P
6	130077443	130078257	ENSG00000218689	RPL5P21
2	162949939	162951364	ENSG00000233397	AC008063.3
X	130475421	130476426	ENSG00000229082	OR5AW1P
3	172240018	172240234	ENSG00000224611	AC007919.18
6	24002052	24002658	ENSG00000219582	HNRNPA1P58
2	102125992	102126684	ENSG00000237549	AC092570.3
1	164326004	164326601	ENSG00000213070	HMGB3P6
1	17215033	17216144	ENSG00000238142	RP11-108M9.4
X	51244942	51253857	ENSG00000234766	RP11-56H2.2
7	62854166	62882424	ENSG00000227305	RP11-340I6.3
3	63989698	63997824	ENSG00000239653	PSMD6-AS2
8	37337607	37338327	ENSG00000253388	RP11-150O12.2
1	112532392	112541464	ENSG00000231437	RP11-88H9.2
5	130325590	130326121	ENSG00000244192	RP11-114H7.1
2	163016272	163029426	ENSG00000236841	AC007750.5
17	65373575	65693372	ENSG00000154217	PITPNC1
2	203939408	203939865	ENSG00000225124	AC023271.2
6	24166501	24166602	ENSG00000251830	SNORD46
1	62677229	62677338	ENSG00000200174	Y_RNA
19	40476912	40487348	ENSG00000013275	PSMC4
X	130532028	130532946	ENSG00000242610	OR5BH1P
3	63993758	63994368	ENSG00000271843	RP11-245J9.5
6	24365879	24365982	ENSG00000202050	RNU6-391P
2	204055503	204056000	ENSG00000204196	AC011737.2
7	62854655	62855817	ENSG00000234387	RP11-340I6.1
1	62763821	62763928	ENSG00000201153	RNU6-371P
2	102137296	102138438	ENSG00000232556	AC092570.4
8	37373928	37374539	ENSG00000253414	RP11-150O12.6
1	211849104	211863445	ENSG00000231057	RP11-122M14.1
X	152931681	152931970	ENSG00000244335	RN7SL687P
7	142977050	142985141	ENSG00000178826	TMEM139
1	17215590	17216097	ENSG00000235241	RP11-108M9.5
19	42111696	42112026	ENSG00000269266	DNAJC19P2
1	62996307	62996544	ENSG00000270549	RP11-293K19.1
6	24598240	24600018	ENSG00000218186	KRT8P43
2	163353446	163353561	ENSG00000212312	RNA5SP109
3	63997640	64001922	ENSG00000243410	RP11-245J9.4
1	164608802	164608908	ENSG00000207082	RNU6-171P
X	153001080	153031933	ENSG00000232725	U52111.14
7	36429415	36493400	ENSG00000011426	ANLN
1	63106793	63107338	ENSG00000213703	RP5-849H19.2
6	150204511	150219238	ENSG00000164520	RAET1E
1	17222475	17222638	ENSG00000207005	RNU1-2
1	164649322	164650036	ENSG00000269887	RP11-477H21.2
6	130104914	130105190	ENSG00000219666	RP11-174C7.1
2	163625446	163654482	ENSG00000237750	AC007740.1
6	24701135	24702021	ENSG00000272345	RP1-30M3.5
3	64005184	64005601	ENSG00000272181	RP11-245J9.6
5	130329946	130331857	ENSG00000250405	RP11-114H7.2
X	130538484	130538576	ENSG00000216047	AL135784.1
7	62858424	62859335	ENSG00000234467	SLC25A1P2
12	66217911	66360075	ENSG00000149948	HMGA2
6	52804524	52822319	ENSG00000243236	RP1-214M20.2
6	24706975	24707379	ENSG00000272402	RP1-30M3.6
9	130631694	130631774	ENSG00000263979	MIR4672
1	17230834	17231271	ENSG00000272426	RP11-108M9.6
19	42144937	42145267	ENSG00000268997	DNAJC19P3
8	37417884	37422884	ENSG00000254111	RP11-150O12.5
3	64053640	64088807	ENSG00000241111	RP11-129B22.1
15	52244303	52358462	ENSG00000069956	MAPK6
5	69171098	69274436	ENSG00000198237	RP11-98J23.2
8	61850264	61852430	ENSG00000255397	AC022182.2
1	164738353	164743878	ENSG00000233693	RP11-506O24.1
1	149824181	149825836	ENSG00000203852	HIST2H3A
7	62861763	62862649	ENSG00000227426	VN1R33P
1	17305421	17331586	ENSG00000226526	RP1-37C10.3
2	102789081	102798568	ENSG00000226925	AC007271.3
6	24742530	24752149	ENSG00000224164	RP3-369A17.4
2	204124327	204124618	ENSG00000264041	RN7SL670P
1	63154153	63176365	ENSG00000235545	RP11-230B22.1
1	211889270	211898744	ENSG00000226868	RP11-122M14.3
15	99824830	99825781	ENSG00000259228	HNRNPA1P62
2	204180113	204180594	ENSG00000238285	MRPL50P2
1	112719856	112903150	ENSG00000231246	RP5-965F6.2
3	64057484	64057695	ENSG00000200222	U3
19	42146027	42146970	ENSG00000269354	AC005626.3
7	62865220	62865778	ENSG00000224368	RP11-73B2.5
6	130122053	130123359	ENSG00000218725	RP11-174C7.2
1	17484692	17484779	ENSG00000252180	Y_RNA
X	130558273	130559188	ENSG00000234288	OR1AA1P
5	130344276	130344435	ENSG00000248955	RP11-114H7.3
3	64064037	64073039	ENSG00000189196	LINC00994
1	164797673	164799189	ENSG00000271917	RP11-506O24.2
1	211965455	211965748	ENSG00000241395	RN7SL344P
X	153106706	153107020	ENSG00000184844	CYCSP45
2	204193182	204193949	ENSG00000256458	RP11-363J17.1
1	112738124	112738228	ENSG00000239111	snoU13
1	63361680	63367310	ENSG00000234318	RP4-771M4.3
1	17516278	17524112	ENSG00000204362	RP11-380J14.1
8	145743376	145750557	ENSG00000160959	LRRC14
1	211976359	211976446	ENSG00000212205	Y_RNA
1	164823468	164823569	ENSG00000201987	Y_RNA
1	44584522	44600812	ENSG00000171872	KLF17
6	24750899	24751853	ENSG00000218806	RP3-369A17.2
7	62910197	62917065	ENSG00000197990	ZNF734P
1	112905903	112906203	ENSG00000234388	TXNP3
2	102866317	102866715	ENSG00000205716	AC007248.6
8	37454998	37457376	ENSG00000254290	RP11-150O12.3
1	63370851	63371153	ENSG00000237163	RP4-771M4.2
1	164890555	164890866	ENSG00000225487	RP11-403P14.1
15	99878062	99878686	ENSG00000259257	RP11-616M17.1
1	212003188	212027045	ENSG00000229258	RP11-552D8.1
2	164008761	164009817	ENSG00000230282	RPL7P61
2	204499300	204500739	ENSG00000233459	AC125238.2
6	52843956	52844053	ENSG00000252106	Y_RNA
3	64084949	64086798	ENSG00000241572	PRICKLE2-AS1
5	39571580	39572741	ENSG00000251515	CCDC11P1
1	17604384	17604470	ENSG00000266634	MIR3972
9	130696782	130703231	ENSG00000227218	RP11-203J24.8
19	42156601	42156888	ENSG00000268582	AC005794.1
6	52860418	52860748	ENSG00000202198	RN7SK
1	63466168	63478142	ENSG00000229537	RP11-5P4.1
8	12219527	12268510	ENSG00000227888	FAM66A
2	204536898	204537146	ENSG00000233031	AC125238.3
17	48917418	48918987	ENSG00000261976	RP11-506D12.5
15	99935384	99936798	ENSG00000259590	RP11-20G13.3
6	52955759	52956056	ENSG00000242865	RN7SL244P
11	55034884	55035112	ENSG00000255543	RP11-72M10.2
5	131142816	131281391	ENSG00000239642	AC034228.7
2	204629018	204630316	ENSG00000224791	KRT18P39
6	52990445	52990944	ENSG00000261745	RP11-506E9.3
15	99936818	99941520	ENSG00000259760	RP11-20G13.2
5	39719086	39721615	ENSG00000250492	INTS6P1
3	64089146	64091732	ENSG00000241101	PRICKLE2-AS2
HSCHR6_MHC_QBL	33211032	33214569	ENSG00000206280	ZBTB22
1	112913626	112913729	ENSG00000238761	snoU13
6	24840195	24840293	ENSG00000263391	AL512428.1
2	164145505	164145606	ENSG00000200902	RNU6-627P
17	48925311	48926631	ENSG00000243521	RPL5P33
8	61878361	61880334	ENSG00000254802	AC022182.3
19	42261806	42290801	ENSG00000268833	AC011513.4
X	130571029	130571644	ENSG00000230973	RP1-154J13.2
15	99967214	99971233	ENSG00000259341	RP11-20G13.1
1	113060421	113061063	ENSG00000273483	RP4-671G15.2
6	24948108	24948572	ENSG00000217083	RP1-245M18.2
2	164606083	165208733	ENSG00000237844	AC092684.1
2	204629430	204629521	ENSG00000211573	AC125238.1
7	62940976	62941367	ENSG00000230132	RP5-1193P9.2
1	17698691	17728195	ENSG00000256049	PADI6
3	64160077	64160823	ENSG00000239926	PRDX3P4
2	204637354	204638225	ENSG00000213925	NPM1P33
15	100091587	100092322	ENSG00000241562	RPL7P5
11	55046923	55052999	ENSG00000255283	RP11-72M10.4
1	164949272	164949374	ENSG00000201270	RNU6-755P
19	42333746	42334992	ENSG00000269119	HNRNPA1P52
1	212109591	212109976	ENSG00000233626	RP11-565J7.1
1	113168528	113168846	ENSG00000235299	MRPL53P1
6	53012606	53012727	ENSG00000251930	U3
1	63489878	63491329	ENSG00000227485	RP11-5P4.2
1	164953139	164953229	ENSG00000212086	AL390119.1
2	204646760	204646866	ENSG00000206970	RNU6-474P
9	130159421	130170703	ENSG00000136856	SLC2A8
2	165070049	165070924	ENSG00000226847	PRPS1P1
6	24976647	24977210	ENSG00000214975	PPIAP29
6	53018593	53018696	ENSG00000253026	RNU6-464P
1	165041710	165041781	ENSG00000252359	SNORD112
8	62114909	62115779	ENSG00000213881	NPM1P6
15	100221991	100222082	ENSG00000201724	Y_RNA
17	48260650	48278993	ENSG00000108821	COL1A1
1	63543752	63544702	ENSG00000229225	RP11-5P4.3
2	204930429	204932086	ENSG00000235951	AC009965.1
1	113177341	113177406	ENSG00000252750	RNU7-70P
6	53061518	53061957	ENSG00000219074	SOD1P1
15	100291924	100292010	ENSG00000221691	AC090825.2
1	165179864	165182327	ENSG00000224702	RP11-38C18.2
HSCHR6_MHC_QBL	32652598	32660056	ENSG00000196610	HLA-DQB2
7	62956177	62962914	ENSG00000164740	SEPT7P5
5	39888678	39889161	ENSG00000248651	GCSHP1
1	113195210	113195310	ENSG00000238975	snoU13
16	203891	216767	ENSG00000206177	HBM
13	25457171	25497018	ENSG00000151849	CENPJ
2	165178443	165178733	ENSG00000229641	CYP2C56P
1	63604921	63628824	ENSG00000203605	RP11-335E6.2
2	64871746	64873832	ENSG00000226756	AC007365.3
1	212198903	212199024	ENSG00000212187	SNORA26
1	113236310	113239243	ENSG00000225075	RP11-426L16.3
8	62177183	62204598	ENSG00000254222	RP11-787D18.2
14	106518400	106518932	ENSG00000211938	IGHV3-7
3	64173220	64186641	ENSG00000226017	PRICKLE2-AS3
X	153121158	153121222	ENSG00000251846	SNORD36
17	9542085	9548642	ENSG00000265349	RP11-55L4.2
1	212224829	212225371	ENSG00000220749	RPL21P28
8	12231875	12233055	ENSG00000254423	RP11-351I21.7
19	42337740	42340005	ENSG00000267839	AC020956.3
11	55047425	55047765	ENSG00000255110	RP11-72M10.8
6	25015180	25042398	ENSG00000272053	RP11-367G6.3
1	63624754	63628307	ENSG00000271593	RP11-335E6.4
1	113258294	113260418	ENSG00000261595	RP11-426L16.9
15	100330361	100347132	ENSG00000182397	DNM1P46
8	62212723	62213628	ENSG00000253711	RP11-787D18.1
2	112656056	112787138	ENSG00000153208	MERTK
17	48944040	48987098	ENSG00000229980	TOB1-AS1
7	62969681	62970543	ENSG00000228645	PHKG1P2
17	9550337	9550977	ENSG00000262296	RP11-55L4.1
2	165280035	165280116	ENSG00000264074	AC110086.1
6	53071396	53073495	ENSG00000218713	RP1-34L19.1
4	182756018	182756261	ENSG00000251742	RN7SKP13
11	55049978	55050453	ENSG00000254696	RP11-72M10.7
5	40052393	40053426	ENSG00000250048	LINC00603
8	12236188	12237774	ENSG00000255556	RP11-351I21.6
11	82896563	82898078	ENSG00000269939	RP11-727A23.11
3	64430158	64431152	ENSG00000243993	RP11-14D22.2
19	42412671	42414249	ENSG00000268041	CTD-2575K13.6
1	165185217	165188341	ENSG00000238022	RP11-38C18.3
1	113290717	113291097	ENSG00000234790	RP11-426L16.7
2	204955180	204974572	ENSG00000234714	AC009965.2
6	25023475	25024711	ENSG00000220517	ASS1P1
2	64892741	64893198	ENSG00000227791	AC007365.4
17	9756065	9756623	ENSG00000265593	NPM1P45
1	63652007	63652121	ENSG00000252259	RNA5SP49
X	153234776	153235538	ENSG00000235802	HCFC1-AS1
2	165543797	165544106	ENSG00000224331	AC019181.3
16	31720434	31723305	ENSG00000261731	CTD-2358C21.4
6	130140782	130141315	ENSG00000219302	RP11-174C7.3
2	103027703	103028568	ENSG00000236785	AC007248.7
17	9974207	9974321	ENSG00000221486	AC000003.1
14	106539079	106539577	ENSG00000211939	IGHV1-8
1	212250955	212251027	ENSG00000264358	MIR3122
8	12250718	12257875	ENSG00000242296	DEFB109P1
1	149825607	149832714	ENSG00000182217	HIST2H4B
11	82920441	82920676	ENSG00000255541	RP11-727A23.8
1	63655660	63782902	ENSG00000224209	LINC00466
5	69194694	69199025	ENSG00000251158	RP11-98J23.1
16	31799523	31802314	ENSG00000259810	AC002519.8
1	212272863	212273018	ENSG00000252879	RN7SKP98
6	130454555	130465515	ENSG00000227678	RP11-73O6.3
2	103048749	103048826	ENSG00000264764	MIR4772
11	55059359	55065746	ENSG00000166007	TRIM51HP
22	25595817	25603330	ENSG00000100053	CRYBB3
8	62490779	62492230	ENSG00000254285	KRT8P3
5	40066753	40067302	ENSG00000249668	KRT18P56
2	205092860	205099708	ENSG00000237271	AC009498.1
6	53084059	53084222	ENSG00000206908	RNU1-136P
8	12270336	12271882	ENSG00000270074	LINC00965
1	212341549	212363601	ENSG00000229983	RP11-15I11.2
2	119913819	119916465	ENSG00000144119	C1QL2
2	103050417	103051800	ENSG00000236525	AC007278.2
7	63016976	63022966	ENSG00000214660	SLC29A4P2
6	53100419	53101095	ENSG00000219163	HMGB1P20
4	182795591	183066402	ENSG00000177822	AC108142.1
11	82920473	82924421	ENSG00000254551	RP11-727A23.7
6	25031243	25031510	ENSG00000244618	RN7SL334P
2	205171565	205172087	ENSG00000236681	DSTNP5
8	12272589	12275599	ENSG00000251402	FAM90A25P
2	65003238	65003321	ENSG00000253082	AC007365.2
6	130755410	130755498	ENSG00000266556	AL137251.1
16	31812906	31813818	ENSG00000260722	VN1R67P
2	103055173	103056935	ENSG00000234389	AC007278.3
17	47006678	47022479	ENSG00000159210	SNF8
19	42582740	42584259	ENSG00000268525	CTB-59C6.3
X	153246548	153246628	ENSG00000265176	MIR3202-1
1	212398620	212412319	ENSG00000226251	RP11-15I11.3
6	53141791	53141869	ENSG00000264056	MIR5685
9	130801414	130819641	ENSG00000230848	RP11-379C10.1
6	25042067	25056892	ENSG00000229313	RP3-425P12.5
2	65044512	65044808	ENSG00000239891	RN7SL341P
1	113362792	113393265	ENSG00000215866	RP11-426L16.8
6	130895141	130895257	ENSG00000202438	Y_RNA
2	103489798	103512180	ENSG00000236757	AC007251.2
5	40260759	40267759	ENSG00000250585	LINC00604
10	75490320	75497069	ENSG00000250959	GLUD1P3
6	53201741	53202144	ENSG00000217527	RPS16P5
8	62544239	62544571	ENSG00000222898	RN7SKP97
2	65061190	65061291	ENSG00000199964	Y_RNA
6	131018457	131018923	ENSG00000229923	RP11-102N11.1
6	25053855	25057301	ENSG00000223623	RP3-425P12.1
2	205243818	205244515	ENSG00000225304	AC106901.1
1	165446078	165551392	ENSG00000237463	RP11-280O1.2
8	62627347	62627418	ENSG00000264408	MIR4470
16	31814268	31819294	ENSG00000261457	AC002519.6
5	69281031	69281328	ENSG00000249230	CDH12P2
19	42636707	42641251	ENSG00000254887	CTC-378H22.1
Y	19664680	19691634	ENSG00000230663	FAM224B
14	92511119	92516990	ENSG00000261372	RP11-529H20.6
7	63028121	63045453	ENSG00000223566	TNRC18P2
3	113005777	113160457	ENSG00000206530	WDR52
Y	28772667	28773306	ENSG00000231514	FAM58CP
X	153285371	153285440	ENSG00000211524	MIR718
2	103583866	103600887	ENSG00000224095	AC108051.1
5	40269660	40269821	ENSG00000199361	RNU1-150P
2	65073264	65090760	ENSG00000234572	AC007880.1
12	120593238	120593303	ENSG00000266704	MIR4498
6	131505465	131506626	ENSG00000218857	RP1-209B5.2
1	63715591	63717442	ENSG00000228734	RP11-335E6.3
Y	59001391	59001635	ENSG00000235857	CTBP2P1
5	40320420	40320517	ENSG00000265615	AC108105.1
6	25061853	25063735	ENSG00000230372	RP3-425P12.2
11	3877292	3877371	ENSG00000263421	MIR4687
8	62671653	62678528	ENSG00000251127	RP11-280G9.1
8	12278541	12282509	ENSG00000250794	ALG1L12P
Y	19669744	19669856	ENSG00000252315	RNA5SP520
5	40655065	40655196	ENSG00000199552	SNORA63
2	205334799	205338560	ENSG00000236634	AC016903.1
11	3913623	3914120	ENSG00000230593	AC090804.1
5	131280101	131303913	ENSG00000234758	AC034228.4
1	63727784	63728378	ENSG00000223683	AL138935.1
12	120609843	120609930	ENSG00000263913	AC004812.1
5	40790179	40790306	ENSG00000212567	SNORA57
6	53214956	53215503	ENSG00000271367	RP3-483K16.4
1	212470790	212472921	ENSG00000230063	RP11-384C4.6
14	92524896	92525877	ENSG00000259634	RP11-529H20.5
9	130853248	130856736	ENSG00000230536	RP11-379C10.4
5	40832758	40832837	ENSG00000212296	SNORD72
Y	19671654	19671769	ENSG00000252012	RNA5SP521
2	205340079	205372395	ENSG00000237843	AC016903.2
2	165544153	165544287	ENSG00000206869	SNORA70F
6	53219486	53219863	ENSG00000219863	RPL31P28
12	54492975	54493086	ENSG00000202146	Y_RNA
1	113392650	113420493	ENSG00000224167	RP3-522D1.1
X	153562310	153563387	ENSG00000231830	XX-FW83128A1.2
5	162843531	162843737	ENSG00000250114	CTB-95B16.1
5	40911169	40911230	ENSG00000253098	RNU7-161P
4	146019084	146050331	ENSG00000164163	ABCE1
2	206118028	206118227	ENSG00000223890	AC008171.1
11	3943797	3943933	ENSG00000206976	SNORA7
1	212472837	212505055	ENSG00000234915	RP11-384C4.7
2	165697259	165705844	ENSG00000233255	AC019181.2
12	54519882	54526627	ENSG00000250742	RP11-834C11.4
5	40967607	40967865	ENSG00000248120	RP11-301A5.2
5	69370673	69370944	ENSG00000265577	RN7SL9P
11	3982507	3982768	ENSG00000255232	RP11-438N5.4
7	150147718	150176480	ENSG00000171115	GIMAP8
10	75491582	75493396	ENSG00000235316	DUSP8P5
5	162910071	162921064	ENSG00000251018	RP11-80G7.1
2	103603781	103605023	ENSG00000227680	AC108051.2
2	206621193	206628730	ENSG00000225216	AC007362.3
2	165714942	165715056	ENSG00000199508	RNA5SP110
1	212482393	212482860	ENSG00000225338	RP11-384C4.3
5	41585984	41587889	ENSG00000251478	CTD-2122P11.1
1	113433389	113433544	ENSG00000228040	RP3-522D1.2
12	120639094	120650941	ENSG00000255857	PXN-AS1
19	42637597	42637665	ENSG00000266226	MIR4323
5	69390202	69424261	ENSG00000179978	RP11-1319K7.1
2	165752187	165752287	ENSG00000223318	RNA5SP111
X	101854585	101914640	ENSG00000270050	RP4-769N13.7
20	61147660	61167971	ENSG00000174407	C20orf166
10	124713897	124757029	ENSG00000179988	PSTK
9	130870860	130871604	ENSG00000269988	RP11-395P17.11
11	3994111	3995467	ENSG00000255141	HNRNPA1P76
2	120674894	120675000	ENSG00000238368	snoU13
12	54538853	54541009	ENSG00000260470	RP11-834C11.11
19	42648206	42648277	ENSG00000252356	SNORD112
7	63071823	63072082	ENSG00000266487	RN7SL855P
2	165848494	165947803	ENSG00000236283	AC013463.2
1	212526158	212526292	ENSG00000201544	SNORA16B
2	120750775	120751187	ENSG00000233741	AC016691.2
5	131339285	131342715	ENSG00000223548	AC034228.3
8	62697606	62856739	ENSG00000254119	RP11-705O24.1
19	41594377	41602100	ENSG00000197838	CYP2A13
7	63081468	63081547	ENSG00000265214	MIR4283-1
X	101870401	101870748	ENSG00000227211	RP5-1100E15.4
19	42656721	42661675	ENSG00000259436	CTC-378H22.2
12	54555849	54558236	ENSG00000257534	RP11-834C11.10
1	212530760	212531695	ENSG00000229832	RP11-384C4.2
1	63786555	63790112	ENSG00000230798	RP4-792G4.2
2	206642540	206644433	ENSG00000180672	AC007362.1
1	113466045	113466959	ENSG00000229020	AKR7A2P1
6	53233468	53233807	ENSG00000218049	RPL31P33
5	163136216	163136520	ENSG00000224012	RP11-756G12.1
22	22415489	22415950	ENSG00000254075	IGLVV-66
2	166005705	166005983	ENSG00000264047	RN7SL455P
1	212640158	212641085	ENSG00000224535	RP11-61J19.2
6	25081548	25166793	ENSG00000168405	CMAHP
22	22424636	22425118	ENSG00000254161	IGLVIV-65
2	103628237	103636356	ENSG00000224850	AC108051.3
10	79626633	79629368	ENSG00000204049	AL391421.1
22	25615489	25627836	ENSG00000244752	CRYBB2
6	53243301	53243659	ENSG00000218261	RP11-96J19.1
9	130873450	130881013	ENSG00000234771	RP11-395P17.3
2	166141763	166142558	ENSG00000233204	MAPRE1P3
2	120932461	120974120	ENSG00000224789	AC012363.4
6	53246317	53247001	ENSG00000271338	RP11-96J19.4
8	12280513	12280578	ENSG00000265826	AC087203.1
19	42697230	42697281	ENSG00000265122	AC010247.1
12	54556923	54562379	ENSG00000248576	RP11-834C11.8
1	212719036	212729407	ENSG00000228067	RP11-61J19.3
5	131347141	131348892	ENSG00000231585	AC034228.2
2	206765354	206765682	ENSG00000201875	RN7SKP178
X	101933635	101933741	ENSG00000252294	RNU6-589P
1	165466961	165467585	ENSG00000230748	RP11-541H12.1
22	22429777	22430077	ENSG00000253242	IGLVIV-64
5	163223071	163223171	ENSG00000251998	RNU6-168P
1	113499037	113542118	ENSG00000226419	SLC16A1-AS1
2	206813815	206814869	ENSG00000213739	AC007679.1
8	12305522	12368787	ENSG00000255549	ENPP7P6
8	106792474	107072752	ENSG00000251003	RP11-152P17.2
2	103726217	103792718	ENSG00000229209	AC073987.1
1	43629846	43736607	ENSG00000117395	EBNA1BP2
5	163314512	163314833	ENSG00000271679	CTB-107P3.1
17	34261522	34270703	ENSG00000161572	LYZL6
2	40156250	40157138	ENSG00000235653	AC007253.1
11	4010387	4010693	ENSG00000224555	RP11-438N5.2
6	131790199	131790676	ENSG00000219776	RPL21P67
6	53280092	53280405	ENSG00000253010	RN7SKP256
2	166651361	166666520	ENSG00000235192	AC009495.2
2	65128974	65132271	ENSG00000237638	AC007386.2
HSCHR6_MHC_QBL	32718320	32735268	ENSG00000206299	TAP2
22	22434180	22434673	ENSG00000253752	IGLVI-63
2	120949821	120949933	ENSG00000202046	Y_RNA
1	165550850	165551713	ENSG00000237783	RP11-306I1.1
6	53283250	53283535	ENSG00000271373	NANOGP3
19	42901280	43156507	ENSG00000213904	LIPE-AS1
1	63803934	63804043	ENSG00000252784	Y_RNA
2	120968630	120969291	ENSG00000236878	AC012363.7
5	131415759	131415826	ENSG00000253067	snoZ6
2	166651367	166702601	ENSG00000229195	AC009495.4
15	52401460	52404972	ENSG00000137875	BCL2L10
1	212731175	212733073	ENSG00000260805	RP11-61J19.4
1	149856010	149858232	ENSG00000184678	HIST2H2BE
2	65133999	65134272	ENSG00000244534	RN7SL211P
2	103892362	103892596	ENSG00000227623	AC073987.2
22	22440972	22441521	ENSG00000253823	IGLV1-62
1	63825494	63826850	ENSG00000236674	RP4-792G4.3
10	33312296	33312575	ENSG00000234163	RP11-479G22.6
2	40973627	40994592	ENSG00000233128	AC007317.1
HG544_PATCH	17631958	17659376	ENSG00000261677	PTPLA
2	166670725	166670864	ENSG00000221234	AC009495.1
2	65135721	65135820	ENSG00000238696	snoU13
2	206854309	206865582	ENSG00000225610	AC007679.3
X	101960712	101961168	ENSG00000230320	RP4-769N13.2
1	165567700	165592568	ENSG00000236206	RP11-306I1.2
16	222846	223709	ENSG00000188536	HBA2
6	53321245	53321330	ENSG00000212065	AL591034.1
2	65187187	65187768	ENSG00000227394	AC007386.3
2	166689558	166695608	ENSG00000232411	AC009495.3
11	4040178	4040348	ENSG00000240385	RPS29P20
5	163546104	163661103	ENSG00000253331	CTC-207P7.1
5	131483184	131485252	ENSG00000227616	AC063976.1
22	22457629	22459267	ENSG00000225741	LL22NC03-88E1.17
1	212789050	212789295	ENSG00000264590	RN7SL512P
14	20187174	20296531	ENSG00000176294	OR4N2
6	53367983	53371717	ENSG00000249379	RP1-27K12.4
5	41870132	41871059	ENSG00000248668	OXCT1-AS1
2	206872604	206872698	ENSG00000252485	Vault
1	113550876	113589677	ENSG00000236066	RP11-389O22.1
1	212797626	212800113	ENSG00000235862	RP11-338C15.5
1	165631822	165631924	ENSG00000206990	Y_RNA
12	121407641	121410095	ENSG00000272214	AC079602.1
9	131007000	131007109	ENSG00000207581	MIR199B
2	120969303	120970438	ENSG00000227788	AC012363.8
8	12333971	12334631	ENSG00000270154	RP11-419I17.1
7	134671259	134832715	ENSG00000146856	AGBL3
22	22469236	22472374	ENSG00000182502	ABHD17AP5
5	69428506	69428800	ENSG00000253492	CDH12P3
2	206890317	206890421	ENSG00000207386	Y_RNA
X	153628622	153628756	ENSG00000207165	SNORA70
11	4158346	4159487	ENSG00000255276	RRM1-AS1
8	106838798	106846266	ENSG00000253526	RP11-152P17.3
2	38814	46870	ENSG00000184731	FAM110C
1	165640493	165640962	ENSG00000230175	RP11-466F5.3
HG104_HG975_PATCH	144915764	144923144	ENSG00000260533	NRBP2
15	100331332	100333052	ENSG00000259655	CTD-2054N24.1
3	134316643	134979309	ENSG00000154928	EPHB1
9	131007226	131007309	ENSG00000264823	MIR3154
2	65221880	65221994	ENSG00000252892	RNU6-548P
X	51360961	51361446	ENSG00000224109	CENPVP3
1	63995288	63995569	ENSG00000264271	RN7SL488P
2	206905156	206905569	ENSG00000237041	AC007679.4
X	153656537	153656795	ENSG00000197180	BX936347.1
5	163636637	163638898	ENSG00000253538	CTB-32P11.1
2	166790367	166806401	ENSG00000224490	TTC21B-AS1
1	17733256	17733878	ENSG00000227751	RP1-20B21.4
6	135281516	135424194	ENSG00000112339	HBS1L
1	113554309	113615727	ENSG00000238198	RP11-31F15.2
20	3667617	3687775	ENSG00000088827	SIGLEC1
11	4167512	4168525	ENSG00000231548	OR55B1P
1	64002382	64002441	ENSG00000251720	RNU7-123P
1	212820638	212821097	ENSG00000226036	RP11-338C15.2
2	65257861	65264631	ENSG00000232613	AC007386.4
X	153722476	153722545	ENSG00000264783	BX664739.1
2	119981384	120023228	ENSG00000115107	STEAP3
X	51425000	51425485	ENSG00000227997	CENPVP2
2	41370920	41384695	ENSG00000237442	HNRNPA1P57
8	106941354	106941466	ENSG00000201627	Y_RNA
X	102024089	102140334	ENSG00000223546	LINC00630
2	120970511	120970851	ENSG00000233286	MTND3P10
1	113667943	113669505	ENSG00000237278	RLIMP2
1	64121414	64121716	ENSG00000244256	RN7SL130P
2	104110699	104112300	ENSG00000236596	AC092568.1
X	153724167	153724463	ENSG00000264484	RN7SL697P
1	17740127	17740190	ENSG00000266727	AC004824.1
11	4208370	4223885	ENSG00000254480	RP11-23F23.2
8	107227991	107229446	ENSG00000213708	SLC16A14P1
X	51453887	51455227	ENSG00000223591	CENPVP1
5	131593364	131609147	ENSG00000131435	PDLIM4
1	64254392	64254975	ENSG00000177452	RP4-597J3.1
X	153724534	153724819	ENSG00000264631	RN7SL742P
7	20883246	20883580	ENSG00000234839	RPS26P30
1	17776259	17776359	ENSG00000239020	snoU13
14	20215587	20216528	ENSG00000182652	OR4Q3
10	33323585	33323852	ENSG00000265319	RN7SL847P
6	53426087	53481969	ENSG00000231683	RP1-27K12.2
6	131963958	131964106	ENSG00000252560	RNU4-18P
X	153746164	153746955	ENSG00000261773	WI2-89031B12.1
5	69435402	69503572	ENSG00000254701	RP11-1415C14.4
1	165645547	165646018	ENSG00000225272	RP11-466F5.4
1	18044182	18076473	ENSG00000236648	RP11-473A10.2
9	131019986	131020068	ENSG00000221297	AL590708.1
1	212827341	212838776	ENSG00000237980	RP11-338C15.3
X	153809189	153810261	ENSG00000231342	ATF4P2
6	132101861	132102452	ENSG00000216917	RP5-988G15.1
2	206949329	206951288	ENSG00000227946	AC007383.3
X	51600064	51601162	ENSG00000236576	RP11-22B10.3
7	21255159	21255449	ENSG00000243633	RN7SL542P
9	131067440	131067794	ENSG00000272960	RP11-339B21.15
1	18392151	18400906	ENSG00000261781	RP11-174G17.2
5	41895170	41895701	ENSG00000240281	CTD-2062O1.1
1	64308862	64309356	ENSG00000228056	CFL1P3
8	107277663	107280969	ENSG00000254021	RP11-778D12.2
X	153834111	153834203	ENSG00000232155	AF277315.19
9	131068269	131068629	ENSG00000273281	RP11-339B21.14
16	31819247	31820165	ENSG00000180663	VN1R3
14	20248401	20249516	ENSG00000176299	OR4M1
7	21259832	21261047	ENSG00000225308	ASS1P11
1	212865606	212865709	ENSG00000207491	RNU6-423P
1	165667987	165679205	ENSG00000215838	RP11-466F5.6
X	153850679	153851751	ENSG00000213338	ATF4P1
Y	19733139	19737712	ENSG00000238191	CLUHP1
11	4231584	4233321	ENSG00000255387	RP11-23F23.3
1	18493423	18505840	ENSG00000230035	RP11-174G17
X	51613802	51613905	ENSG00000252377	RNU6-504P
1	212997369	212997847	ENSG00000236905	RP11-348H3.2
5	131499296	131499458	ENSG00000235775	AC063976.2
9	131078616	131079188	ENSG00000272696	RP11-339B21.13
8	107282372	107285127	ENSG00000254615	RP11-395G23.3
10	79734907	79789303	ENSG00000148606	POLR3A
1	203274619	203278730	ENSG00000159388	BTG2
X	51646434	51646946	ENSG00000228827	RP11-234P3.2
5	131514927	131516821	ENSG00000224015	AC063976.3
1	46049518	46084566	ENSG00000132780	NASP
22	22509975	22510335	ENSG00000236118	LL22NC03-30E12.10
2	206980271	206987047	ENSG00000231955	AC007383.4
X	153868251	153876549	ENSG00000224882	IKBKGP1
1	113711616	113712025	ENSG00000233839	RP11-389O22.4
1	18712323	18715008	ENSG00000225387	RP11-422P22.1
16	31874954	31876197	ENSG00000261284	RBM22P13
11	4254516	4255099	ENSG00000237565	SSU72P5
5	163723702	164598649	ENSG00000241956	CTC-340A15.2
14	20344391	20345468	ENSG00000165762	OR4K2
22	22511775	22512024	ENSG00000233720	LL22NC03-30E12.11
7	150211918	150218161	ENSG00000179144	GIMAP7
2	104144078	104145719	ENSG00000221849	AC018880.1
2	41823526	41823632	ENSG00000221372	AC010739.1
1	18839612	18839881	ENSG00000235282	RP1-8B22.1
2	206980834	206981224	ENSG00000237580	GCSHP3
6	132113312	132113371	ENSG00000266807	MIR548H5
2	65385796	65385994	ENSG00000272025	SNORA74
11	4263286	4263871	ENSG00000255194	SSU72P2
2	41961517	41961596	ENSG00000252281	snoZ247
22	22522682	22523027	ENSG00000227710	LL22NC03-30E12.13
15	100331397	100331649	ENSG00000241588	RN7SL484P
1	149858525	149858961	ENSG00000184260	HIST2H2AC
9	131104432	131105049	ENSG00000223551	TMSB4XP4
1	64494566	64494672	ENSG00000207190	RNU6-809P
6	132140943	132141231	ENSG00000219532	RP3-323K23.3
1	165675793	165676521	ENSG00000273365	RP11-466F5.10
2	65432137	65433396	ENSG00000172974	AC007318.5
2	166813909	167158294	ENSG00000236107	AC010127.3
2	42046887	42047894	ENSG00000236090	LDHAP3
8	107532702	107669776	ENSG00000253582	RP11-649G15.2
15	100332502	100332584	ENSG00000221511	AC090825.1
1	64532312	64532413	ENSG00000200508	Y_RNA
8	12384247	12384350	ENSG00000221714	AC130352.1
1	165738166	165744413	ENSG00000224358	RP11-466F5.8
2	207026602	207026681	ENSG00000207047	SNORD51
22	22525369	22525942	ENSG00000224465	SOCS2P2
HSCHR6_MHC_QBL	33215186	33225897	ENSG00000206279	DAXX
14	20388741	20389818	ENSG00000176281	OR4K5
1	213025450	213031430	ENSG00000198468	FLVCR1-AS1
15	100510420	100514215	ENSG00000254744	CTD-3076O17.1
5	41951415	41952295	ENSG00000239694	CTD-2156G10.1
8	12427859	12428639	ENSG00000242607	RPS3AP34
Y	19734941	19735035	ENSG00000252038	AC068704.1
1	44679127	44686353	ENSG00000178028	DMAP1
1	64560125	64636980	ENSG00000223949	RP11-24J23.2
5	131520569	131528501	ENSG00000237714	P4HA2-AS1
8	107709655	107710241	ENSG00000253676	TAGLN2P1
2	207026952	207027083	ENSG00000207406	SNORA41
11	4299935	4300422	ENSG00000236175	SSU72P6
8	62734040	62737811	ENSG00000253834	RP11-705O24.3
22	25747385	25801344	ENSG00000100068	LRP5L
1	165788590	165789024	ENSG00000230659	RP11-466F5.9
22	22533618	22533867	ENSG00000254308	IGLVIV-59
2	207086039	207086358	ENSG00000222496	RN7SKP200
HG544_PATCH	17686124	17757913	ENSG00000260045	STAM
1	113741447	113741880	ENSG00000236887	RP11-389O22.5
2	104240088	104240288	ENSG00000231723	AC018880.2
8	12435514	12435661	ENSG00000238460	AC068587.2
11	63304281	63313934	ENSG00000133321	RARRES3
8	62802398	62806765	ENSG00000254120	RP11-705O24.2
22	22536972	22537275	ENSG00000253637	IGLVV-58
7	21420981	21421124	ENSG00000195024	RNU1-15P
2	207100960	207101595	ENSG00000159186	AC007383.6
11	4308732	4309313	ENSG00000186223	SSU72P4
1	18921908	18922130	ENSG00000225478	RP1-8B22.2
8	107742023	107742084	ENSG00000251892	RNU7-84P
14	20403767	20404842	ENSG00000155249	OR4K1
8	12437796	12438572	ENSG00000255122	RP11-303G3.6
1	149859019	149859466	ENSG00000184270	HIST2H2AB
6	132141474	132141793	ENSG00000200895	RN7SKP245
20	61272071	61274656	ENSG00000167046	RP11-93B14.6
9	131153740	131154295	ENSG00000272593	RP11-339B21.11
2	65600834	65607819	ENSG00000232693	AC012370.2
8	108185428	108186037	ENSG00000254146	HMGB1P46
1	213026622	213026768	ENSG00000235182	RP11-348H3.4
7	21440538	21441231	ENSG00000229949	AC005094.2
X	153882820	153883599	ENSG00000226141	AF277315.13
1	165865116	165869920	ENSG00000236364	RP11-525G13.2
2	42077343	42077741	ENSG00000236533	AC009413.2
11	4351095	4351679	ENSG00000186232	SSU72P3
6	132147121	132149553	ENSG00000237115	RP1-131F15.2
5	131535149	131539180	ENSG00000224431	AC063976.7
19	41620337	41634271	ENSG00000197446	CYP2F1
2	166980004	166980107	ENSG00000238813	Y_RNA
22	22540331	22541009	ENSG00000236323	BMP6P1
2	207124352	207124642	ENSG00000224070	HMGN1P6
1	213028517	213028708	ENSG00000236317	RP11-348H3.5
1	165910472	165911006	ENSG00000271527	RP11-7G12.2
8	108266635	108266726	ENSG00000211995	AP000428.1
2	167037162	167037476	ENSG00000222376	RN7SKP152
1	64850081	64850142	ENSG00000238653	RNU7-62P
8	62822543	62823361	ENSG00000253544	RP11-705O24.4
12	112123857	112194903	ENSG00000111271	ACAD10
14	20443603	20444818	ENSG00000169488	OR4K15
2	167215240	167215343	ENSG00000238662	snoU13
5	69510769	69511950	ENSG00000251007	RP11-1415C14.1
1	65045530	65045606	ENSG00000264470	MIR4794
8	108659507	108660260	ENSG00000248838	PGAM1P13
8	12485985	12486765	ENSG00000244289	RPS3AP35
2	207124790	207124938	ENSG00000252716	RN7SKP260
15	100516686	100520979	ENSG00000259219	CTD-3076O17.2
22	22552960	22553411	ENSG00000253126	IGLVI-56
6	132223103	132241705	ENSG00000236673	RP11-69I8.2
11	4359893	4360475	ENSG00000229542	SSU72P7
2	167746012	167746394	ENSG00000225182	AC092601.1
2	207274811	207275633	ENSG00000180105	AC017081.2
8	12493613	12493761	ENSG00000238323	AC068587.1
X	153887064	153887956	ENSG00000237619	OR3B1P
1	19209696	19209769	ENSG00000265606	MIR4695
22	22574039	22574525	ENSG00000253935	IGLVIV-53
1	165991452	165992264	ENSG00000226292	RP11-7G12.1
6	53493178	53496192	ENSG00000235899	RP11-345L23.1
1	65384126	65384366	ENSG00000234784	RP11-182I10.1
6	33218049	33239824	ENSG00000223501	VPS52
X	153996803	153996934	ENSG00000206948	SNORA36A
12	75874460	75897633	ENSG00000139278	GLIPR1
9	131154291	131155789	ENSG00000207955	MIR219-2
2	207284016	207284962	ENSG00000234491	HNRNPA1P51
15	100614286	100614395	ENSG00000252957	RNA5SP402
5	69515745	69580686	ENSG00000253816	RP11-1415C14.3
5	41963970	41964071	ENSG00000199487	Y_RNA
22	22577580	22578959	ENSG00000228050	TOP3BP1
1	19223565	19223642	ENSG00000221662	MIR1290
1	113992322	113993350	ENSG00000232499	RP11-512F24.1
1	213602051	213602420	ENSG00000228646	RPL31P13
14	20470322	20471265	ENSG00000196383	OR4Q2
2	42084411	42084512	ENSG00000207218	Y_RNA
15	100666311	100669948	ENSG00000259356	RP11-90E5.1
6	132272086	132398533	ENSG00000227220	RP11-69I8.3
11	4399512	4400457	ENSG00000175800	OR52B3P
1	19398604	19402005	ENSG00000272084	RP5-1126H10.2
8	63023083	63032457	ENSG00000253789	CTD-2571E19.1
6	53605547	53611820	ENSG00000227885	RP11-79N23.1
7	63092986	63096995	ENSG00000226401	RP5-965K10.3
22	22583115	22584865	ENSG00000234726	LL22NC03-123E1.5
1	213665644	213719790	ENSG00000225233	RP11-554K11.2
5	41967241	41968468	ENSG00000249266	MTHFD2P6
8	108896722	108896839	ENSG00000200806	RNA5SP275
1	203309756	203320617	ENSG00000122176	FMOD
1	19410046	19410145	ENSG00000266098	AL137127.1
22	22638312	22641586	ENSG00000272216	LL22NC03-2H8.5
6	53655673	53659072	ENSG00000228614	RP13-476E20.1
14	20482419	20483352	ENSG00000169484	OR4K14
1	166011481	166011587	ENSG00000207341	RNA5SP64
6	132406224	132420419	ENSG00000236166	RP3-523C21.2
6	43263432	43273276	ENSG00000137204	SLC22A7
1	213783039	213783183	ENSG00000221026	AL592063.1
8	11655437	11660077	ENSG00000255046	RP11-297N6.4
8	108995344	108996193	ENSG00000253228	NRBF2P4
1	19536995	19567198	ENSG00000230424	RP1-43E13.2
4	128544426	128647892	ENSG00000164066	INTU
7	63159768	63160819	ENSG00000226411	CTD-2526L21.2
1	166050420	166056720	ENSG00000203307	RP11-375H19.2
22	22648098	22649159	ENSG00000234630	LL22NC03-2H8.4
1	114119379	114119521	ENSG00000238256	MTND5P20
1	213904759	213967930	ENSG00000228255	RP11-323I1.1
6	53783772	53785586	ENSG00000271218	RP3-523E19.2
2	207471221	207474536	ENSG00000228577	AC010731.2
1	19623574	19624397	ENSG00000270728	RP4-657E11.10
1	65407662	65408048	ENSG00000233877	RP11-182I10.2
22	17840837	18037850	ENSG00000099954	CECR2
6	132436332	132436403	ENSG00000265669	MIR548AJ1
1	166117019	166134332	ENSG00000230898	RP11-9L18.3
X	154003273	154003401	ENSG00000206693	SNORA56
7	63228635	63231425	ENSG00000271466	CICP24
14	20502003	20502919	ENSG00000176253	OR4K13
17	79668354	79670330	ENSG00000262049	RP13-1032I1.7
2	167980414	167997465	ENSG00000254552	XIRP2-AS1
11	4439290	4440193	ENSG00000237272	OR51R1P
22	22657589	22677203	ENSG00000236850	BMS1P20
2	207504797	207506006	ENSG00000231653	AC010731.3
6	53794820	53862465	ENSG00000236740	RP11-411K7.1
7	21461887	21461986	ENSG00000266862	AC004595.1
X	154045374	154045676	ENSG00000229237	HMGN1P37
17	79801041	79801834	ENSG00000262831	RP11-498C9.2
1	166123980	166124035	ENSG00000215952	MIR921
1	149859440	149872351	ENSG00000178096	BOLA1
8	109143328	109144342	ENSG00000230948	AP001331.1
1	114241506	114242253	ENSG00000232450	RP4-730K3.3
7	21510676	21510764	ENSG00000221783	MIR1183
1	19631570	19631676	ENSG00000200403	RNU6-1099P
2	42098411	42098528	ENSG00000223245	RNU4-63P
6	7541808	7586950	ENSG00000096696	DSP
9	131193877	131194285	ENSG00000273186	RP11-339B21.10
7	63250287	63250476	ENSG00000227397	CTD-2526L21.3
6	132453055	132490514	ENSG00000228495	LINC01013
1	166244866	166246834	ENSG00000215835	RP11-9L18.2
1	19646299	19646554	ENSG00000265192	RN7SL85P
2	168149681	168414843	ENSG00000228222	AC074363.1
11	4452553	4453507	ENSG00000171999	OR52P2P
7	22338213	22338325	ENSG00000251993	RNA5SP227
2	207507142	207514173	ENSG00000235118	AC010731.4
17	79825597	79826428	ENSG00000262413	RP11-498C9.3
14	20528204	20529142	ENSG00000176246	OR4L1
2	42104214	42121179	ENSG00000214691	AC104654.1
1	19750878	19751163	ENSG00000240490	RN7SL277P
HG1308_PATCH	130135635	130138268	ENSG00000271706	hsa-mir-335
7	63303692	63303883	ENSG00000236574	RP11-340I6.4
12	121416346	121440315	ENSG00000135100	HNF1A
1	19837087	19837227	ENSG00000201609	RNU4-28P
2	168487990	168488051	ENSG00000238357	RNU7-148P
HG1308_PATCH	130147501	130148123	ENSG00000270869	RP11-2E11.9
8	63055870	63057328	ENSG00000237810	CTD-2571E19.3
1	65437908	65468159	ENSG00000226891	RP11-182I10.3
6	25140212	25141649	ENSG00000219682	RP3-425P12.4
1	213991094	214160973	ENSG00000230461	PROX1-AS1
2	20866424	20873418	ENSG00000143869	GDF7
1	19858664	19858768	ENSG00000239027	snoU13
HG1308_PATCH	130149781	130151893	ENSG00000270515	RP11-2E11.8
10	90694831	90751147	ENSG00000107796	ACTA2
2	104473428	104496667	ENSG00000232597	AC013727.1
15	52413117	52483566	ENSG00000069966	GNB5
17	79836301	79838982	ENSG00000263731	RP11-498C9.15
2	168570173	168572575	ENSG00000214211	CTAGE14P
7	63336719	63337728	ENSG00000225451	RP11-340I6.5
11	4467872	4467957	ENSG00000221030	AC010930.1
2	65663845	66311773	ENSG00000204929	AC074391.1
HG1308_PATCH	130207103	130210545	ENSG00000270561	COPG2IT1
1	19918296	19923326	ENSG00000235185	RP5-1056L3.1
14	20585566	20586597	ENSG00000176230	OR4K17
1	166304121	166304999	ENSG00000229588	RP11-479J7.2
11	4496043	4497123	ENSG00000225101	OR52K3P
HG1308_PATCH	130308876	130309276	ENSG00000266516	RP11-303K3.1
9	131206866	131208907	ENSG00000228510	RP11-339B21.8
2	104482204	104486146	ENSG00000236141	AC013727.2
6	53863688	53871950	ENSG00000236996	MLIP-IT1
5	42188368	42191625	ENSG00000260786	RP11-112L7.1
17	79836543	79837433	ENSG00000263859	RP11-498C9.16
HG1308_PATCH	130453862	130455378	ENSG00000270461	RP11-36B6.1
6	25152775	25153111	ENSG00000262400	RP11-191A15.1
11	64513861	64527769	ENSG00000068976	PYGM
1	166356964	166421869	ENSG00000225325	RP11-479J7.1
8	109238429	109239773	ENSG00000253754	RP11-35G22.1
X	154115635	154115733	ENSG00000221533	MIR1184-1
HG1308_PATCH	130486522	130486873	ENSG00000266572	AC016831.5
1	114355001	114371793	ENSG00000231128	RP5-1073O3.2
7	22419623	22419720	ENSG00000263927	AC099759.1
4	142557752	142655140	ENSG00000164136	IL15
22	22657589	22664766	ENSG00000272779	LL22NC03-80A10.6
14	20611895	20612821	ENSG00000184394	OR4N5
2	207551241	207552086	ENSG00000213083	AC010731.6
6	53881277	53881575	ENSG00000218143	ERHP2
17	79880775	79882387	ENSG00000264769	RP11-498C9.12
8	109391060	109391774	ENSG00000243287	RPS17P14
5	42465502	42468970	ENSG00000248873	SERBP1P6
11	4536196	4537154	ENSG00000226616	OR52M2P
2	104490768	104694236	ENSG00000256637	RP11-76I14.1
1	19934608	19935062	ENSG00000226396	RPS14P3
8	63385776	63386828	ENSG00000254050	RP11-577N1.1
2	120970920	120971207	ENSG00000243104	AC012363.10
1	65450291	65451770	ENSG00000185031	SLC2A3P2
6	25181587	25181973	ENSG00000217805	RP11-191A15.2
6	143072604	143266338	ENSG00000010818	HIVEP2
2	207565789	207565909	ENSG00000207319	Y_RNA
2	120971207	120972565	ENSG00000234065	MTND4P26
1	166443982	166450802	ENSG00000230231	FMO7P
11	63320242	63330855	ENSG00000133328	HRASLS2
7	22550231	22551618	ENSG00000233476	EEF1A1P6
X	154125836	154126367	ENSG00000224069	CTD-2183H9.7
1	20140860	20145995	ENSG00000235434	RP11-91K11.2
2	207647958	207648032	ENSG00000263468	MIR3130-1
2	168671284	168797654	ENSG00000235335	AC016723.4
2	120972757	120974855	ENSG00000223549	MTND5P28
14	20665495	20666605	ENSG00000196832	OR11G2
8	63394757	63396370	ENSG00000253975	RP11-577N1.2
11	4682083	4682993	ENSG00000180723	OR51A9P
8	109584872	109585403	ENSG00000253657	RP11-25P11.2
22	22693926	22695567	ENSG00000225724	LL22NC03-80A10.11
2	207685914	207687018	ENSG00000260171	RP11-95H11.1
2	42158739	42160863	ENSG00000234362	AC104654.2
6	25192641	25192718	ENSG00000222373	RNY5P5
20	61273797	61317137	ENSG00000101187	SLCO4A1
9	131231236	131235291	ENSG00000225951	ODF2-AS1
6	53893975	53944524	ENSG00000235050	MLIP-AS1
1	65469153	65469770	ENSG00000272506	RP4-535B20.4
HG1308_PATCH	130486859	130487165	ENSG00000265571	AC016831.3
1	114399257	114443859	ENSG00000226167	AP4B1-AS1
6	25203481	25203568	ENSG00000264238	AL590084.1
22	22702157	22702514	ENSG00000232515	LL22NC03-75A1.9
1	20297462	20297760	ENSG00000242688	RN7SL304P
2	207731519	207733013	ENSG00000229321	AC008269.2
2	169088431	169088730	ENSG00000238259	AC067940.1
9	131239184	131239275	ENSG00000264891	AL359091.1
2	183943287	183964733	ENSG00000162999	DUSP19
6	25218916	25219297	ENSG00000219681	RP11-191A15.4
1	65488651	65488757	ENSG00000212257	RNU6-1176P
2	121076583	121083874	ENSG00000235840	AC012363.13
1	20480831	20487061	ENSG00000227066	RP3-340N1.2
8	109593291	109638996	ENSG00000253949	RP11-790J24.1
2	169297416	169297715	ENSG00000239230	RN7SL95P
14	20691791	20692964	ENSG00000176219	OR11H6
6	132593121	132594471	ENSG00000223912	EEF1A1P36
1	65523438	65523525	ENSG00000265996	MIR3671
X	154137160	154147378	ENSG00000237859	EEF1A1P31
22	22720578	22722138	ENSG00000237428	LL22NC03-22A12.9
2	207974711	207974797	ENSG00000253008	MIR2355
2	169307834	169308136	ENSG00000241074	RN7SL813P
5	131646978	131705608	ENSG00000233006	AC034220.3
11	4711988	4713394	ENSG00000197674	OR51C1P
21	47247875	47256333	ENSG00000205424	AL592528.1
6	25245584	25261639	ENSG00000235733	RP3-522P13.3
9	131291180	131314689	ENSG00000228395	RP11-216B9.6
1	65524117	65524191	ENSG00000199135	MIR101-1
2	121300485	121301902	ENSG00000237614	AC073257.2
2	169439453	169439528	ENSG00000265694	MIR4774
8	109664602	109665544	ENSG00000253580	RP11-790J24.2
1	20510735	20512979	ENSG00000225986	UBXN10-AS1
2	207985608	207986768	ENSG00000237892	KLF7-IT1
1	214202236	214204109	ENSG00000272167	RP11-53A1.2
1	114466622	114472114	ENSG00000235527	RP5-1073O3.7
6	54230133	54234769	ENSG00000228231	RP11-124I4.2
1	65532310	65533420	ENSG00000231485	RP4-535B20.1
6	25248491	25249007	ENSG00000271108	KATNBL1P5
2	169462900	169463006	ENSG00000199348	RNU6-766P
1	214517515	214530958	ENSG00000228470	RP11-176D17.3
14	20697561	20698500	ENSG00000258806	OR11H7
5	42466995	42468402	ENSG00000250860	CTD-2265D6.2
22	22725197	22725488	ENSG00000232603	LL22NC03-22A12.12
11	4730799	4731740	ENSG00000272634	OR51F5P
2	121311319	121315685	ENSG00000232140	AC073257.1
6	25261467	25261959	ENSG00000216718	RP3-522P13.1
21	47456966	47459721	ENSG00000224413	AP001476.2
1	65543096	65543814	ENSG00000235804	RP4-535B20.2
6	54349967	54350648	ENSG00000213335	CLNS1AP1
2	208038358	208087514	ENSG00000224342	AC007879.1
1	214656156	214656730	ENSG00000213036	RP11-365D23.4
1	20569588	20571148	ENSG00000228105	RP3-340N1.6
22	22751369	22751861	ENSG00000254175	IGLVI-42
2	121408849	121408950	ENSG00000201006	Y_RNA
8	109907258	110075646	ENSG00000253796	RP11-1084E5.1
14	20710898	20711979	ENSG00000176198	OR11H4
11	4739842	4740789	ENSG00000272664	OR51C4P
1	20620704	20649680	ENSG00000226664	RP4-745E8.2
2	121444211	121468093	ENSG00000229774	AC018866.1
2	169628463	169643471	ENSG00000227617	CERS6-AS1
22	22753184	22753334	ENSG00000254073	IGLVVII-41-1
HG1308_PATCH	130503858	130507379	ENSG00000264307	AC016831.6
11	63340667	63384355	ENSG00000176485	PLA2G16
22	22758539	22759053	ENSG00000253818	IGLV1-41
1	166445009	166459276	ENSG00000234142	RP11-276E17.2
11	55069766	55072536	ENSG00000254828	RP11-72M10.5
9	131306195	131306256	ENSG00000238406	RNU7-171P
2	208051441	208100790	ENSG00000234902	AC007879.2
2	104741726	104763687	ENSG00000228968	AC096554.1
22	22774663	22775647	ENSG00000224144	ASH2LP1
8	110310827	110328742	ENSG00000250267	RP11-122A21.2
6	54467285	54467948	ENSG00000216347	RP3-334F4.2
21	47472510	47473019	ENSG00000228235	AP001476.4
1	20687072	20757727	ENSG00000236963	LINC01141
5	69528819	69530000	ENSG00000250867	RP11-1415C14.2
1	214705538	214706810	ENSG00000215819	KRT18P12
8	110482360	110483346	ENSG00000254185	RP11-419L20.2
22	22780158	22780651	ENSG00000253889	IGLVI-38
6	25272428	25273979	ENSG00000213972	RP3-522P13.2
21	47476430	47477481	ENSG00000226115	AP001476.3
9	6467618	6470375	ENSG00000215066	C9orf38
22	22801024	22802674	ENSG00000230821	KB-288A10.17
1	114544055	114544857	ENSG00000270780	RP4-590F24.1
1	166535415	166549942	ENSG00000238087	FMO8P
17	28900489	28904018	ENSG00000231421	AC006050.2
21	47491999	47492162	ENSG00000233767	PSMA6P3
2	105011460	105012738	ENSG00000233955	AHCYP3
2	208091673	208093032	ENSG00000225916	AC007879.4
9	131413277	131414424	ENSG00000227759	VTI1BP4
8	110608472	110608543	ENSG00000252559	SNORD112
7	142478064	142482416	ENSG00000250606	PRSS3P2
1	203444956	203460480	ENSG00000188783	PRELP
11	55086036	55086941	ENSG00000254663	OR4A11P
1	114749049	114804900	ENSG00000232895	RP4-543J13.1
3	160822484	160971320	ENSG00000169251	NMD3
8	110790141	110794517	ENSG00000255099	RP11-25D10.2
6	132839969	132840434	ENSG00000225343	RPL21P66
1	65558075	65558297	ENSG00000234496	MRPS21P1
2	208100023	208102599	ENSG00000240440	AC007879.3
12	28286182	28732883	ENSG00000123106	CCDC91
21	47513178	47517444	ENSG00000227438	AP001471.1
2	169957253	169957720	ENSG00000235321	AC007556.3
6	150238014	150244257	ENSG00000203722	RAET1G
1	114896608	114897800	ENSG00000271419	RP4-591B8.3
22	22804540	22804990	ENSG00000253631	IGLV7-35
1	40627045	40706593	ENSG00000117000	RLF
1	65620163	65620333	ENSG00000231622	RP4-700A9.1
11	55093232	55094149	ENSG00000254723	OR4A12P
21	47571528	47572561	ENSG00000237338	FTCD-AS1
6	132880163	132880404	ENSG00000235998	TAAR7P
1	214778813	214782183	ENSG00000250536	ABHD17AP3
2	208104374	208110611	ENSG00000229647	AC007879.7
22	22819996	22820323	ENSG00000226595	KB-288A10.19
8	110886142	110886247	ENSG00000222729	RNU2-67P
6	25287660	25287761	ENSG00000207286	Y_RNA
1	115002556	115002982	ENSG00000226984	RP4-591B8.2
2	169971705	169972190	ENSG00000235995	UBE2V1P6
8	110911475	110911991	ENSG00000241385	RP11-25D10.1
6	132915537	132916575	ENSG00000237449	TAAR4P
6	25383827	25383930	ENSG00000207490	RNU6-987P
1	65745139	65772204	ENSG00000229294	RP5-1044H5.1
22	22872116	22872211	ENSG00000239066	snoU13
22	25960816	26125261	ENSG00000100077	ADRBK2
11	55156005	55156948	ENSG00000254891	OR4A9P
21	47604993	47608855	ENSG00000228404	AP001468.58
6	25408123	25408199	ENSG00000253017	AL160037.1
12	93936239	93965544	ENSG00000246985	SOCS2-AS1
22	22922478	22922760	ENSG00000253120	IGLV2-34
8	110986172	110987010	ENSG00000255402	RP11-696P8.2
6	25435508	25435590	ENSG00000238322	snoU13
1	214786303	214786741	ENSG00000224584	RP11-365D23.2
6	54489403	54490286	ENSG00000220773	RP3-334F4.1
11	55179002	55179193	ENSG00000255077	OR4X7P
21	47640183	47641992	ENSG00000223901	AP001469.5
1	20738797	20739746	ENSG00000226487	RP4-749H3.2
6	25678997	25679392	ENSG00000217408	PRELID1P2
9	131425413	131425857	ENSG00000234705	HMGA1P4
2	208104588	208394519	ENSG00000223725	AC007879.5
8	111117305	111118193	ENSG00000240590	RP11-403P13.1
22	22946915	22947635	ENSG00000253920	IGLV3-31
1	65764438	65764663	ENSG00000234144	COX6CP13
5	131701182	131701291	ENSG00000263597	MIR3936
1	20852482	20853244	ENSG00000215520	RPS4XP4
17	48986998	48987593	ENSG00000262006	RP11-700H6.4
16	31882208	31882445	ENSG00000259874	RP11-170L3.2
22	22961042	22961633	ENSG00000253329	IGLV3-30
6	99880190	99969604	ENSG00000123552	USP45
11	55197963	55198470	ENSG00000255493	RP11-131J4.12
5	131755108	131762406	ENSG00000238160	AC116366.5
1	215044077	215045059	ENSG00000185221	GAPDHP24
8	111346972	111361836	ENSG00000253956	RP11-211F2.1
17	49012350	49022074	ENSG00000247011	RP11-700H6.1
7	99011601	99011701	ENSG00000239133	snoU13
16	31905863	31906304	ENSG00000259950	RP11-170L3.4
6	132929364	132930441	ENSG00000179073	TAAR3
1	65881499	65881689	ENSG00000222624	RNU2-15P
22	22972532	22978624	ENSG00000215456	BCRP4
1	115010937	115011904	ENSG00000225650	EIF2S2P5
11	55199433	55199843	ENSG00000254886	OR4A10P
6	25732010	25732390	ENSG00000178762	HIST1H2BPS1
7	99040513	99041119	ENSG00000228335	AC073063.10
1	65952089	65959871	ENSG00000237852	RP4-630A11.3
5	69711179	69743885	ENSG00000226259	GTF2H2B
14	106552285	106552809	ENSG00000211940	IGHV3-9
8	111567637	111568747	ENSG00000253107	CTD-2544L4.1
5	131803839	131803949	ENSG00000202533	Y_RNA
21	47649131	47679304	ENSG00000215424	MCM3AP-AS1
9	6532464	6645650	ENSG00000178445	GLDC
17	49021465	49026111	ENSG00000251665	RP11-700H6.2
2	105027659	105032070	ENSG00000227157	AC068535.2
1	215116466	215116883	ENSG00000223869	RP11-323K10.1
9	131472059	131472318	ENSG00000264438	RN7SL560P
16	70266882	70266985	ENSG00000238734	snoU13
11	55211911	55212814	ENSG00000255196	OR4A17P
1	66037232	66037335	ENSG00000238931	snoU13
16	31963481	31963794	ENSG00000261289	RP11-170L3.5
16	70298072	70298383	ENSG00000265230	RN7SL407P
9	131486724	131495473	ENSG00000223478	RP11-545E17.3
17	28903482	28999807	ENSG00000214719	AC005562.1
1	115033346	115033454	ENSG00000201114	Y_RNA
5	131804582	131808735	ENSG00000234290	AC116366.6
1	20969150	20978686	ENSG00000117242	PINK1-AS
1	66041812	66044063	ENSG00000224570	RP11-430H12.2
6	132996024	132996522	ENSG00000218194	HLFP1
10	93806449	94050844	ENSG00000107864	CPEB3
16	70309972	70310251	ENSG00000265648	RN7SL279P
16	226679	227521	ENSG00000206172	HBA1
2	208125169	208135414	ENSG00000225064	AC007879.6
6	54635381	54635932	ENSG00000220635	KRASP1
11	55234247	55235188	ENSG00000181950	OR4A13P
1	115078616	115080461	ENSG00000236480	PKMP1
HSCHR6_MHC_DBB	32593633	32594538	ENSG00000257313	CR753846.2
2	105028685	105030466	ENSG00000225765	AC068535.3
6	25732725	25733055	ENSG00000216436	HIST1H2APS1
8	111621470	111644623	ENSG00000253122	RP11-238I10.1
17	49119885	49162832	ENSG00000249870	RP11-481C4.1
6	133019922	133020806	ENSG00000218991	CCNG1P1
1	20976856	20977207	ENSG00000257033	AL391357.1
16	70349543	70380650	ENSG00000261777	RP11-529K1.2
8	111779092	111784988	ENSG00000253717	KB-1299A7.2
14	106573233	106573800	ENSG00000211941	IGHV3-11
2	208133999	208134148	ENSG00000221628	MIR1302-4
17	49175535	49175639	ENSG00000238815	snoU13
1	215549827	215550717	ENSG00000232809	VDAC1P10
22	22981648	22986944	ENSG00000183169	POM121L1P
6	133073814	133075090	ENSG00000234484	RP1-55C23.7
1	21019227	21020506	ENSG00000235432	RP5-930J4.5
X	153200716	153210232	ENSG00000102032	RENBP
8	111821623	111822123	ENSG00000253994	KB-1299A7.1
11	55243419	55243904	ENSG00000255294	OR4A50P
17	79885705	79888629	ENSG00000265688	MAFG-AS1
6	25882254	25882623	ENSG00000242387	HIST1H2APS2
1	66226743	66227035	ENSG00000239319	RN7SL854P
17	49326940	49329109	ENSG00000264895	RP11-421E14.2
2	208519505	208519675	ENSG00000223433	AC079767.3
1	21059373	21060445	ENSG00000233069	RP5-930J4.2
HSCHR6_MHC_DBB	32674534	32678299	ENSG00000258015	CR753846.3
10	75500296	75500581	ENSG00000270808	RP11-574K11.27
6	133085799	133086597	ENSG00000271488	RP1-55C23.8
4	150999426	151178609	ENSG00000170390	DCLK2
1	66508183	66516401	ENSG00000227466	RP11-397C12.1
6	54651185	54651290	ENSG00000251946	RNU6-1023P
5	131966281	131999964	ENSG00000223442	AC004041.2
17	49389970	49412526	ENSG00000249383	RP11-1018N14.1
1	21069480	21070455	ENSG00000203394	RP5-930J4.4
10	75534080	75534299	ENSG00000253045	RMRPP1
9	131511637	131511740	ENSG00000239055	snoU13
11	55245027	55245985	ENSG00000254962	OR4A14P
1	203463271	203477992	ENSG00000188770	OPTC
16	31973384	31985682	ENSG00000197476	RP11-170L3.7
6	54704916	54705653	ENSG00000224984	RP11-524H19.2
6	133136446	133136518	ENSG00000206754	SNORD101
10	75556272	75561157	ENSG00000272589	ZSWIM8-AS1
6	25984040	25999395	ENSG00000272558	U91328.21
22	23003769	23004012	ENSG00000253338	IGLV3-29
9	131766781	131767277	ENSG00000267834	RP11-167N5.5
2	170433881	170434256	ENSG00000229827	AC093899.3
16	2604061	2606061	ENSG00000261613	RP11-20I23.13
2	208527099	208531748	ENSG00000224137	AC079767.4
1	21167734	21167795	ENSG00000251914	RNU7-200P
6	133137941	133138016	ENSG00000221500	SNORD100
8	111945492	111946762	ENSG00000254241	RP11-946L20.1
17	49410040	49411451	ENSG00000249982	RP11-1018N14.3
1	115240250	115240545	ENSG00000242769	RN7SL432P
14	106586137	106586667	ENSG00000211942	IGHV3-13
2	217730	266398	ENSG00000035115	SH3YL1
22	23006898	23006993	ENSG00000207834	D86994.2
1	21314807	21314925	ENSG00000221808	MIR1256
1	66560144	66560229	ENSG00000223152	RNU4-88P
1	115270341	115270445	ENSG00000201900	Y_RNA
6	25990989	25991454	ENSG00000272065	U91328.20
16	2604976	2606106	ENSG00000261288	RP11-20I23.11
6	133138358	133138487	ENSG00000200534	SNORA33
11	55258628	55259618	ENSG00000181943	OR4A21P
22	23006943	23007377	ENSG00000253451	IGLV2-28
6	54807965	54809897	ENSG00000261116	RP3-523K23.2
10	75573276	75574495	ENSG00000224195	RP11-574K11.5
17	49412622	49413601	ENSG00000249658	RP11-1018N14.4
HSCHR6_MHC_DBB	32688301	32694153	ENSG00000223793	HLA-DQA2
1	215803368	215803459	ENSG00000202498	SNORD116
1	67094123	67094200	ENSG00000264720	MIR3117
2	208545257	208545363	ENSG00000199251	RNU6-664P
1	21330043	21330427	ENSG00000233072	RPS15AP6
17	72744791	72765492	ENSG00000109062	SLC9A3R1
9	131860133	131862545	ENSG00000234055	RP11-247A12.1
16	70413360	70433405	ENSG00000260111	RP11-529K1.4
16	2611472	2615097	ENSG00000269937	RP11-20I23.8
1	216059924	216074806	ENSG00000229242	RP5-1111A8.3
6	133189357	133189998	ENSG00000220557	HMGB1P13
22	23015622	23016072	ENSG00000253913	IGLV3-26
10	75601591	75606324	ENSG00000229990	RP11-574K11.8
1	67196650	67196741	ENSG00000221655	AL354978.1
2	208546314	208546757	ENSG00000213082	PPP1R14BP2
11	55277217	55278147	ENSG00000254576	OR4C1P
17	49414076	49419932	ENSG00000225860	RP11-1018N14.2
1	115379848	115394074	ENSG00000227970	NR1H5P
16	31975124	31975400	ENSG00000260218	RP11-170L3.6
16	70478577	70478815	ENSG00000240043	RPS27P26
2	170514642	170517867	ENSG00000226072	AC016772.4
6	25992890	26002003	ENSG00000272462	U91328.19
22	23021570	23021818	ENSG00000253779	IGLVVI-25-1
1	67292625	67294241	ENSG00000231080	RP11-342H21.2
8	111949919	112039662	ENSG00000253877	RP11-946L20.2
2	121623953	121624978	ENSG00000271709	RP11-297J22.1
16	2619044	2621937	ENSG00000261140	RP11-20I23.6
22	23032315	23032462	ENSG00000232350	LL22NC03-102D1.16
6	136552162	136571473	ENSG00000146410	MTFR2
1	216245807	216260259	ENSG00000233620	RP11-22M7.2
6	55545440	55545819	ENSG00000220725	RP11-228O6.2
10	75764895	75787673	ENSG00000225761	RP11-417O11.5
1	166572912	166600637	ENSG00000215834	FMO9P
11	63391559	63439393	ENSG00000184743	ATL3
2	121792649	121792794	ENSG00000221321	AC016764.1
14	106610313	106610852	ENSG00000211943	IGHV3-15
3	11597544	11762220	ENSG00000144560	VGLL4
1	67568328	67568462	ENSG00000252433	SNORA31
22	23035263	23035797	ENSG00000223999	LL22NC03-102D1.18
11	3011093	3012563	ENSG00000183562	AC131971.1
2	121798186	121798286	ENSG00000201584	Y_RNA
11	55304478	55305400	ENSG00000233301	OR4C14P
9	131869329	131869430	ENSG00000221521	AL158151.2
17	49512788	49523163	ENSG00000267452	RP11-1018N14.5
20	44689624	44718591	ENSG00000124160	NCOA5
1	67661823	67661926	ENSG00000253074	RNU6-586P
1	21400132	21400246	ENSG00000236073	RP11-487E1.2
2	121839013	121846302	ENSG00000234455	AC067960.1
2	208552684	208552783	ENSG00000200764	Y_RNA
1	67705123	67705210	ENSG00000221733	AL109843.1
17	79890274	79890934	ENSG00000263585	RP11-498C9.13
6	26013469	26013985	ENSG00000272810	U91328.22
22	23036924	23037437	ENSG00000253822	IGLV3-24
8	112111190	112248432	ENSG00000253103	RP11-946L20.4
2	20883788	21022882	ENSG00000118961	C2orf43
2	208618596	208619159	ENSG00000272851	RP11-801F7.1
1	67733284	67733409	ENSG00000252116	RNU4ATAC4P
6	55804588	55805422	ENSG00000214604	NPM1P36
2	121935903	121940156	ENSG00000236145	AC079988.3
16	31987124	32015049	ENSG00000260628	RP11-1166P10.1
17	79899745	79905477	ENSG00000235296	AC137723.5
11	4743970	4745401	ENSG00000271602	KRT8P49
9	131932713	131933219	ENSG00000268707	RP11-247A12.7
11	55441012	55442151	ENSG00000254841	OR4V1P
1	67743735	67744462	ENSG00000228523	RP4-763G1.1
22	23040391	23040485	ENSG00000207830	D86994.1
17	49579849	49580594	ENSG00000187504	RPL7P48
6	26016607	26016829	ENSG00000224447	HIST1H1PS2
1	21487968	21488574	ENSG00000235112	HSPE1P27
2	105049725	105137290	ENSG00000235597	LINC01102
2	208619531	208619605	ENSG00000264900	MIR4775
6	34845555	34855866	ENSG00000064995	TAF11
2	122067571	122067988	ENSG00000232723	AC013399.3
6	26044217	26044585	ENSG00000234816	U91328.2
22	23043245	23043455	ENSG00000253546	IGLVVI-22-1
9	131938086	131939854	ENSG00000268050	RP11-247A12.8
11	4757408	4758308	ENSG00000272559	OR51F3P
14	106621894	106622419	ENSG00000211944	IGHV3-16
6	133318690	133319179	ENSG00000213122	RPL23AP46
11	55450715	55451850	ENSG00000188439	OR4P1P
17	79923508	79924465	ENSG00000264735	RP11-498C9.17
6	56141327	56141594	ENSG00000219095	RP11-323I14__A.1
22	23057775	23057904	ENSG00000254240	IGLVI-20
17	49672867	49673118	ENSG00000265171	RN7SL699P
6	26164300	26164591	ENSG00000217159	LARP1P1
11	4773276	4774174	ENSG00000273051	OR51F4P
17	50303618	50303707	ENSG00000252109	snoZ178
8	112191422	112192101	ENSG00000253489	RP11-114O8.1
1	67882897	67883001	ENSG00000223263	RNU6-387P
3	40351175	40353915	ENSG00000114784	EIF1B
11	55451617	55453636	ENSG00000254804	RP11-674C21.9
17	50467875	50613061	ENSG00000263317	RP11-429O1.1
22	23077063	23077157	ENSG00000264629	D87007.1
1	216367393	216377708	ENSG00000236292	RP5-1099E6.3
1	67995313	67998012	ENSG00000235200	RP4-763G1.2
17	79995781	79997256	ENSG00000264569	RP13-650J16.1
14	106641563	106642056	ENSG00000211945	IGHV1-18
1	21503059	21503122	ENSG00000266867	AL031005.1
6	26195794	26195999	ENSG00000216331	HIST1H1PS1
11	55482472	55483108	ENSG00000254457	OR5D2P
8	112237814	112239278	ENSG00000254124	EEF1A1P37
11	4777875	4778027	ENSG00000201980	SNORA62
1	149874870	149889434	ENSG00000159164	SV2A
22	23081432	23081675	ENSG00000253152	IGLV3-17
6	26202384	26202882	ENSG00000217275	RP1-34B20.4
9	131939050	131972827	ENSG00000204055	RP11-247A12.2
1	21592575	21593744	ENSG00000236936	RP3-329E20.2
1	216374977	216375168	ENSG00000226013	MRPS18BP1
1	68006810	68006916	ENSG00000207504	RNU6-1031P
17	51183095	51183719	ENSG00000262902	RP11-750B16.1
6	56196586	56196915	ENSG00000227602	RP3-445N2.1
11	4807963	4808935	ENSG00000176951	OR51N1P
1	68026756	68027129	ENSG00000238139	RP11-393N21.1
17	80099539	80099649	ENSG00000238947	snoU13
1	217665317	217667625	ENSG00000229841	RP11-361K17.2
22	23098043	23098286	ENSG00000253786	IGLV3-15
17	80111306	80112691	ENSG00000265678	RP11-1376P16.2
6	26233350	26233483	ENSG00000218281	HIST1H2APS3
2	105104916	105126967	ENSG00000234781	LINC01103
6	26272421	26272768	ENSG00000218690	HIST1H2APS4
6	56296748	56298011	ENSG00000220666	RCC2P7
17	51430788	51431495	ENSG00000263252	RP11-146P2.1
1	217954540	217958462	ENSG00000234070	SPATA17-AS1
6	155578643	155635627	ENSG00000029639	TFB1M
17	80117932	80118328	ENSG00000266654	RP11-1376P16.1
X	2822011	2847392	ENSG00000006756	ARSD
11	560404	564021	ENSG00000099849	RASSF7
14	92719837	92730000	ENSG00000258481	RP11-472N19.3
1	68122516	68122812	ENSG00000242482	RN7SL392P
1	21619783	21626267	ENSG00000231105	RP5-1071N3.1
1	166635122	166651433	ENSG00000234984	FMO10P
1	218023745	218023975	ENSG00000228247	UBBP2
14	106667581	106668095	ENSG00000211946	IGHV3-20
1	68125838	68126696	ENSG00000232048	HNRNPCP9
6	26322104	26322520	ENSG00000220875	HIST1H3PS1
7	142486452	142487347	ENSG00000243661	WBP1LP1
5	132024373	132057275	ENSG00000230612	AC004237.1
2	122287998	122290281	ENSG00000265451	RP11-204L24.2
14	92732046	92732151	ENSG00000201097	RNU6-366P
9	131992851	131992996	ENSG00000220992	AL158151.1
2	170584382	170584513	ENSG00000206961	SNORA51
8	112388868	112555202	ENSG00000253434	RP11-1101K5.1
6	26353199	26353264	ENSG00000252399	RNU6-1259P
2	122288457	122288583	ENSG00000264229	RNU4ATAC
9	132020633	132022125	ENSG00000235007	RP11-344B5.4
2	105149231	105149442	ENSG00000199727	U3
2	170623695	170625309	ENSG00000231550	PTCHD3P2
6	56297177	56297240	ENSG00000266793	AL137008.1
1	68238276	68238336	ENSG00000238778	RNU7-80P
6	26365704	26365780	ENSG00000215979	AL021917.1
2	105185275	105185378	ENSG00000221654	AC013402.1
5	163875428	163894408	ENSG00000253236	CTD-2313P7.1
1	21724480	21724855	ENSG00000236216	PPP1R11P1
4	119512928	119554884	ENSG00000260404	RP11-384K6.6
14	93352697	93359851	ENSG00000258742	RP11-862G15.1
6	133409219	133427717	ENSG00000231023	LINC00326
6	56708800	56728876	ENSG00000231441	RP11-472M19.2
14	106691673	106692203	ENSG00000211947	IGHV3-21
5	132152940	132153692	ENSG00000272203	AC004775.5
1	218066242	218094146	ENSG00000231814	LINC00210
17	51511492	51513190	ENSG00000262271	CTD-2535P7.1
1	68297986	68668670	ENSG00000232284	GNG12-AS1
2	105197279	105198348	ENSG00000231626	AC013402.4
8	112392832	112393097	ENSG00000255033	RP11-1101K5.2
6	56735989	56736541	ENSG00000216854	RPL17P26
2	122360649	122360740	ENSG00000222467	Y_RNA
HSCHR6_MHC_MCF	33410160	33414664	ENSG00000226225	RPS18
9	132021341	132023860	ENSG00000241084	RP11-344B5.3
8	112633687	112634026	ENSG00000253156	RP11-58O3.1
5	132184269	132184388	ENSG00000201274	RNA5SP192
6	26421619	26432611	ENSG00000124549	BTN2A3P
1	218205177	218207002	ENSG00000230714	RP11-152L7.1
1	21737953	21739786	ENSG00000228823	RP11-293F5.8
6	56810528	56810635	ENSG00000200224	RNU6-626P
1	40711619	40717363	ENSG00000188800	TMCO2
2	170646603	170647395	ENSG00000214369	AC009967.3
6	133471707	133471955	ENSG00000220113	MTCYBP4
4	119527605	119527708	ENSG00000223225	RNU6-1054P
2	105199610	105201812	ENSG00000236109	AC013402.3
1	115642293	115645279	ENSG00000233730	RP4-666F24.3
6	56840404	56840860	ENSG00000219790	OSTCP6
9	132044737	132048007	ENSG00000224307	RP11-344B5.2
1	218216847	218232482	ENSG00000232100	RP11-152L7.2
1	21742391	21743985	ENSG00000236009	RP11-293F5.1
2	201717732	201729422	ENSG00000013441	CLK1
2	122407226	122485784	ENSG00000236859	NIFK-AS1
14	95883831	95942173	ENSG00000176438	SYNE3
4	119553429	119555914	ENSG00000225892	RP11-384K6.2
8	112754241	112769055	ENSG00000254262	RP11-58O3.2
1	115825655	115910693	ENSG00000228035	RP4-663N10.1
8	12495937	12496111	ENSG00000255253	RP11-303G3.9
6	133756215	133760602	ENSG00000223542	RP1-283K11.3
1	218303137	218303294	ENSG00000201493	RNU1-141P
6	56869318	56869597	ENSG00000218980	FTH1P15
1	218474604	218475314	ENSG00000229016	RP11-224O19.4
1	116014562	116018648	ENSG00000226973	RP4-663N10.2
11	65479467	65487075	ENSG00000172977	KAT5
5	132278624	132280742	ENSG00000235253	AC010240.2
X	102040595	102041532	ENSG00000232282	MTND1P32
X	51664960	51665595	ENSG00000232951	IPO7P1
1	68509013	68509916	ENSG00000235055	RP4-609E1.2
6	133773995	133777743	ENSG00000234567	RP1-283K11.2
1	218511883	218512098	ENSG00000223375	RP11-224O19.5
1	68515043	68515428	ENSG00000228431	ARL5AP3
8	113160971	113161054	ENSG00000222146	RNU4-37P
4	182826943	182827620	ENSG00000251433	RP11-540E16.1
6	36358328	36410666	ENSG00000179165	PXT1
1	21751118	21754460	ENSG00000227001	NBPF2P
8	113487830	113487915	ENSG00000264794	AC024996.1
4	119557056	119559937	ENSG00000248213	CICP16
8	12533544	12533898	ENSG00000254581	RP11-303G3.10
2	29117509	29171088	ENSG00000163811	WDR43
X	51666648	51666836	ENSG00000237528	RP11-234P3.4
8	113551118	113551546	ENSG00000230169	RPL30P16
4	183066005	183111535	ENSG00000248266	RP11-402C9.1
18	21083473	21111746	ENSG00000141452	C18orf8
22	18043139	18073760	ENSG00000182902	SLC25A18
9	132083295	132087184	ENSG00000179082	C9orf106
1	218517538	218519020	ENSG00000232480	RP11-224O19.2
8	37458055	37483391	ENSG00000254306	RP11-150O12.4
1	68523860	68523945	ENSG00000263542	AL157407.1
6	133823390	134213074	ENSG00000227954	RP3-323P13.2
15	42066632	42120053	ENSG00000137802	MAPKBP1
4	183090446	183090531	ENSG00000221227	MIR1305
1	68627444	68628773	ENSG00000234383	CTBP2P8
2	183982241	184026408	ENSG00000163002	NUP35
2	170672789	170672888	ENSG00000252981	U3
4	119561828	119562013	ENSG00000251155	RP11-384K6.4
2	105275795	105281295	ENSG00000230690	AC013402.5
HG104_HG975_PATCH	144940157	144955423	ENSG00000261150	EPPK1
X	130626253	130626860	ENSG00000228450	RP1-154J13.3
4	183469812	183469932	ENSG00000252343	RNU2-34P
1	116028272	116028364	ENSG00000265534	AL512638.1
17	28927814	28942998	ENSG00000248121	SMURF2P1
X	51722319	51723108	ENSG00000232562	TPMTP3
1	218715033	218715241	ENSG00000212610	U3
4	119927187	119927556	ENSG00000249002	RP11-358D17.1
4	183552607	183552841	ENSG00000251714	RN7SKP67
1	21754796	21756030	ENSG00000187952	HS6ST1P1
X	102041741	102043315	ENSG00000229954	MTND2P2
1	116099447	116100096	ENSG00000229101	TCEB1P20
2	170933734	170934804	ENSG00000227176	AC092641.2
8	37483533	37531905	ENSG00000253344	RP11-346L1.2
1	219054942	219055992	ENSG00000226693	RP11-412H9.1
4	183619055	183629195	ENSG00000248816	RP11-18D7.3
4	119990479	119991452	ENSG00000249356	RP11-21I10.2
1	43637820	43720029	ENSG00000243710	WDR65
8	113576104	113576205	ENSG00000238656	snoU13
3	172278678	172313397	ENSG00000223387	RP11-408H1.3
2	105294681	105295131	ENSG00000225669	AC068535.5
15	100884662	100890438	ENSG00000189419	SPATA41
17	18163848	18169866	ENSG00000177427	MIEF2
11	4815008	4816514	ENSG00000231070	OR52Y1P
1	68649201	68649293	ENSG00000221203	MIR1262
8	113655722	113655812	ENSG00000238399	MIR2053
4	183693718	183695084	ENSG00000248694	RP11-18D7.2
X	130696712	130697808	ENSG00000237225	OR13K1P
6	56979692	57039034	ENSG00000226803	RP11-203B9.4
17	51515917	51517082	ENSG00000262518	CTD-2535P7.2
4	120255484	120299388	ENSG00000250412	KLHL2P1
11	4853363	4854302	ENSG00000197984	OR51A8P
12	56615799	56623638	ENSG00000139579	NABP2
1	116107222	116108053	ENSG00000232185	CNOT7P2
8	114388898	114389456	ENSG00000227514	RP11-709P2.1
1	68708157	68708738	ENSG00000229133	RPS7P4
9	132090540	132090680	ENSG00000268615	RP11-65J3.15
4	183747381	183747518	ENSG00000221186	AC114798.1
5	164028008	164028458	ENSG00000253600	CTC-340A15.1
17	51614874	51614965	ENSG00000221534	AC090079.1
2	120059801	120124404	ENSG00000186132	C2orf76
1	219086099	219089526	ENSG00000225561	RP11-412H9.2
X	51806443	51806570	ENSG00000221705	SNORA11E
4	183802930	183803356	ENSG00000272646	RP11-188P17.2
17	28951431	28952512	ENSG00000264943	SH3GL1P2
1	21760811	21764051	ENSG00000186543	CROCCP5
17	51758991	51759472	ENSG00000262384	RP11-312B18.1
19	41698954	41713444	ENSG00000167600	CYP2S1
4	183949754	183950873	ENSG00000250636	RP11-335L23.2
14	51422977	51428720	ENSG00000258711	RP11-218E20.3
X	51933717	51933844	ENSG00000221475	SNORA11D
16	67696848	67701168	ENSG00000124074	ENKD1
1	219259944	219347303	ENSG00000228063	RP11-135J2.4
8	12541663	12542662	ENSG00000177400	OR7E8P
5	132281034	132281146	ENSG00000202417	Y_RNA
4	120288717	120288801	ENSG00000201186	RNU4-33P
8	114419756	114419823	ENSG00000221610	AC107890.1
9	132094579	132121817	ENSG00000233901	RP11-65J3.1
X	52125196	52128757	ENSG00000225957	CTD-2267G17.2
5	132284185	132284410	ENSG00000225364	ATP6V0E1P1
17	51834350	51835231	ENSG00000233380	RPS2P48
17	28956698	28964482	ENSG00000250462	LRRC37BP1
8	114963115	114963227	ENSG00000206719	Y_RNA
4	120312986	120316490	ENSG00000249244	RP11-548H18.2
1	116119850	116120407	ENSG00000270631	RP11-710N8.3
4	183958818	183961272	ENSG00000230219	FAM92A1P2
Y	26753707	26785354	ENSG00000183795	BPY2B
14	51555675	51558006	ENSG00000259055	RP11-1140I5.1
3	172321230	172321796	ENSG00000224426	SLC31A1P1
1	166716616	166717897	ENSG00000232341	RPL4P2
1	68748071	68748305	ENSG00000225242	COX6B1P7
1	116149092	116149390	ENSG00000239984	RN7SL420P
1	21786249	21786575	ENSG00000176378	PFN1P10
8	12553816	12554782	ENSG00000254917	OR7E15P
1	219373256	219373909	ENSG00000225920	RIMKLBP2
6	150263136	150270371	ENSG00000131015	ULBP2
1	116164493	116164626	ENSG00000207502	SNORA42
8	115294296	115308068	ENSG00000254339	RP11-267L5.1
HSCHR6_MHC_DBB	32703042	32710500	ENSG00000228813	HLA-DQB2
3	172389349	172389429	ENSG00000264711	AC007919.1
11	4897787	4898692	ENSG00000198217	OR51H2P
6	133831524	133831831	ENSG00000238059	HSPE1P21
5	132299462	132299856	ENSG00000272023	CTC-350I8.1
1	116399531	116400440	ENSG00000214204	HNRNPA1P43
X	102051179	102052021	ENSG00000237300	RP11-522L3.3
X	52164596	52202209	ENSG00000224556	RP11-485B17.3
15	100913144	100978119	ENSG00000259430	RP11-168G16.2
3	172398504	172399014	ENSG00000231384	AC007919.19
1	21912965	21917680	ENSG00000233431	RP11-63N8.3
1	219395590	219398839	ENSG00000223842	RP11-135J2.3
2	105320216	105321967	ENSG00000228528	AC068057.1
4	183996633	183997186	ENSG00000273180	RP11-335L23.4
4	120330488	120331388	ENSG00000260091	RP11-33B1.4
1	219583023	219585283	ENSG00000228536	RP11-392O17.1
1	166732571	166762004	ENSG00000232148	FMO11P
14	51710808	51710942	ENSG00000201376	SNORA70
6	133861922	133862312	ENSG00000272428	RP11-704J17.5
2	170976506	170976608	ENSG00000252807	RNU6-1006P
4	184015576	184016209	ENSG00000272784	RP11-335L23.5
16	230452	231180	ENSG00000086506	HBQ1
4	120355160	120355263	ENSG00000223208	RNU6-1217P
1	116459118	116459320	ENSG00000271143	RP11-12L8.2
15	101087972	101090358	ENSG00000270127	RP11-526I2.5
1	68841010	68841346	ENSG00000237622	TCEB1P18
14	51720651	51720741	ENSG00000201820	Y_RNA
3	40428647	40470110	ENSG00000168032	ENTPD3
1	219608494	219615984	ENSG00000230024	RP11-95P13.1
6	50786436	50815326	ENSG00000008196	TFAP2B
6	133997867	133998567	ENSG00000218213	FTH1P26
X	52191730	52194281	ENSG00000250084	RP11-485B17.5
5	132323344	132323802	ENSG00000229738	AC010240.3
8	115330629	115331140	ENSG00000253499	RP11-393K19.1
1	21918904	21919041	ENSG00000221781	AL359815.1
4	120361716	120371312	ENSG00000248280	RP11-33B1.2
14	51771134	51795104	ENSG00000258955	LINC00519
4	184018170	184020352	ENSG00000251359	WWC2-AS2
3	172420914	172421015	ENSG00000252082	RNU6-547P
15	101092025	101092127	ENSG00000251819	RNU6-322P
1	68847124	68847340	ENSG00000229440	RP5-1033K19.2
1	22094762	22095068	ENSG00000231978	RP11-132G19.3
15	101093734	101099159	ENSG00000259205	PRKXP1
17	29029526	29029793	ENSG00000241631	RN7SL316P
1	116461997	116468529	ENSG00000228127	RP11-12L8.1
8	115803882	115804158	ENSG00000253756	RP11-192P9.1
6	134142285	134172938	ENSG00000223586	RP4-662A9.2
8	37526416	37526523	ENSG00000223215	RNU6-607P
2	105349692	105349820	ENSG00000207249	SNORA72
14	51800111	51832275	ENSG00000258479	LINC00640
8	12560575	12561565	ENSG00000254724	OR7E10P
HSCHR19LRC_LRC_T_CTG1	54530502	54530601	ENSG00000273236	AC012314.5
1	219730534	219731043	ENSG00000238232	RP11-95P13.2
9	132132452	132132740	ENSG00000242281	RN7SL159P
8	37575097	37591274	ENSG00000253181	RP11-863K10.2
X	52228192	52229056	ENSG00000227319	RBM22P6
1	219782859	219786462	ENSG00000215817	ZC3H11B
2	105363096	105374177	ENSG00000234177	LINC01114
10	33324397	33324592	ENSG00000229878	RP11-479G22.7
1	116556434	116560326	ENSG00000237993	RP11-159M11.2
8	116521829	116523552	ENSG00000227170	AF178030.2
6	26519579	26519686	ENSG00000199289	RNU6-502P
15	101098882	101100003	ENSG00000259540	RP11-526I2.1
4	184090501	184090570	ENSG00000252702	RNU7-158P
9	132142415	132142749	ENSG00000236146	RP11-65J3.6
6	134436373	134436874	ENSG00000216753	HMGA1P7
4	184097914	184098084	ENSG00000252048	U3
1	219836719	219836809	ENSG00000252240	AC096643.1
1	116706905	116708862	ENSG00000235933	RP5-1185H19.2
1	68944812	68949222	ENSG00000233589	RP4-694A7.2
8	12576636	12576704	ENSG00000264512	MIR5692A1
7	63348578	63361113	ENSG00000236299	RP11-340I6.7
6	26522076	26526807	ENSG00000228223	HCG11
1	219935131	219935217	ENSG00000252086	RNA5SP76
4	184154781	184161787	ENSG00000251128	WWC2-AS1
1	22234591	22235073	ENSG00000232037	RP11-26H16.1
6	57179603	57513375	ENSG00000146143	PRIM2
6	134454711	134455004	ENSG00000266875	RN7SL408P
20	44746911	44758502	ENSG00000101017	CD40
15	101100891	101100997	ENSG00000200095	RNU6-181P
1	116821228	116821442	ENSG00000221040	U3
1	220136028	220136206	ENSG00000221673	U3
8	116962736	117337297	ENSG00000249917	LINC00536
6	134527549	134527652	ENSG00000238631	snoU13
9	132192931	132213701	ENSG00000230676	RP11-65J3.3
X	102052459	102053056	ENSG00000237628	RP11-522L3.4
1	68962359	69004310	ENSG00000234264	RP4-694A7.4
8	37604854	37605522	ENSG00000233170	RP11-863K10.4
17	29036317	29117926	ENSG00000264538	SUZ12P
1	220160853	220160956	ENSG00000238798	snoU13
15	101178568	101178662	ENSG00000212306	Y_RNA
14	51811632	51852321	ENSG00000258942	RP11-255G12.2
6	134578173	134578281	ENSG00000200058	RNA5SP218
2	171190438	171207628	ENSG00000231898	AC012594.1
17	60536019	60692842	ENSG00000146872	TLK2
1	40723779	40759856	ENSG00000084073	ZMPSTE24
4	184195614	184195717	ENSG00000238319	snoU13
1	220291195	220291304	ENSG00000207590	MIR215
1	22305444	22305729	ENSG00000264385	RN7SL421P
6	134604230	134604331	ENSG00000201309	Y_RNA
5	42729240	42729621	ENSG00000270513	RP11-116B13.1
15	101185639	101186860	ENSG00000259381	RP11-192M23.1
1	116934869	116961244	ENSG00000203865	ATP1A1OS
13	25591541	25591675	ENSG00000269099	LSP1
4	184250451	184250554	ENSG00000238596	snoU13
1	22313974	22314268	ENSG00000263991	RN7SL386P
8	145747761	145752416	ENSG00000254402	LRRC24
1	220291499	220291583	ENSG00000207624	MIR194-1
10	33346543	33347343	ENSG00000235962	RP11-462L8.2
14	51858846	51863853	ENSG00000258808	RP11-255G12.3
6	36410544	36458920	ENSG00000112078	KCTD20
2	42242765	42252442	ENSG00000226398	AC013480.2
1	22314309	22314412	ENSG00000201919	RNU6-1022P
4	184301498	184302858	ENSG00000250292	RP11-451F20.1
6	134618135	134619833	ENSG00000220378	KRT8P42
1	68980058	68980352	ENSG00000225167	TXNP2
1	166765503	166766420	ENSG00000232223	CNN2P10
1	220310506	220310608	ENSG00000238576	snoU13
1	22330078	22330361	ENSG00000263582	RN7SL768P
8	37766259	37766553	ENSG00000241032	RN7SL709P
13	25670300	25673389	ENSG00000151846	PABPC3
4	184305706	184305773	ENSG00000263395	AC093844.1
19	7733930	7735334	ENSG00000104918	RETN
5	42806496	42807099	ENSG00000272234	CTD-2325A15.5
1	22337143	22337437	ENSG00000263929	RN7SL186P
8	37807254	37807349	ENSG00000264965	AC144573.1
9	132200495	132201397	ENSG00000226355	RP11-65J3.2
1	220317306	220317693	ENSG00000232134	RPS15AP12
14	51902756	51903681	ENSG00000258893	SETP2
4	184340043	184340958	ENSG00000248376	RP11-692E14.1
15	101256454	101368702	ENSG00000259579	RP11-66B24.5
1	22337478	22337581	ENSG00000201273	RNU6-776P
X	130730113	130730812	ENSG00000232787	OR7L1P
5	42892421	42892919	ENSG00000249092	CTD-2325A15.3
8	12584741	12584813	ENSG00000266206	MIR3926-2
1	22350487	22351461	ENSG00000228397	RP1-224A6.3
9	130186661	130207651	ENSG00000196152	ZNF79
4	184404643	184405338	ENSG00000213434	VTI1BP2
Y	19740393	19741282	ENSG00000226353	TAF9P1
15	101386809	101386972	ENSG00000259586	RP11-66B24.3
4	120375946	120473180	ENSG00000245958	RP11-33B1.1
14	51921230	52066670	ENSG00000258537	FRMD6-AS2
8	12623358	12668987	ENSG00000254813	RP11-252C15.1
HSCHR6_MHC_COX	31954522	31957894	ENSG00000233151	CYP21A2
8	37840588	37840891	ENSG00000270865	KB-1836B5.3
12	54625181	54625260	ENSG00000265371	MIR3198-2
2	42370378	42397441	ENSG00000224875	AC083949.1
1	166837985	166838446	ENSG00000225171	DUTP6
1	220373888	220374018	ENSG00000222370	SNORA36B
1	22351681	22357716	ENSG00000218510	LINC00339
12	54649415	54649694	ENSG00000241785	RN7SL390P
8	37920399	37921309	ENSG00000260949	KB-1836B5.1
10	33385185	33405600	ENSG00000233387	RP11-342D11.3
1	220380960	220381624	ENSG00000270585	RP11-568G11.4
12	54656399	54672847	ENSG00000257596	RP11-968A15.2
9	132240835	132240931	ENSG00000264298	AL353803.1
Y	19833478	19835057	ENSG00000226449	CDY5P
1	69521581	69650686	ENSG00000223883	RP11-424D14.1
X	130753023	130753911	ENSG00000235730	OR2AF1P
4	184416091	184425647	ENSG00000232648	RP11-367N14.2
14	51989582	51989685	ENSG00000252400	RNU6-1291P
4	65474623	65475142	ENSG00000249893	MTND6P16
10	33387463	33387564	ENSG00000263576	AL121748.1
1	166864948	166877317	ENSG00000237096	RP4-782G3.1
1	116956388	116956491	ENSG00000212385	RNU6-817P
9	132242884	132244817	ENSG00000261334	RP11-65J3.14
12	54670415	54738867	ENSG00000258344	RP11-968A15.8
14	52071557	52071618	ENSG00000251771	RNU6-1033P
5	42897364	42897934	ENSG00000251163	CTD-2325A15.2
10	33500205	33502732	ENSG00000238258	RP11-342D11.2
4	65475172	65476250	ENSG00000250169	MTND5P13
14	52159470	52159579	ENSG00000251756	RNA5SP385
1	220393633	220393935	ENSG00000270708	RP11-568G11.5
12	54711565	54711671	ENSG00000207381	RNU6-950P
4	184438047	184438680	ENSG00000272744	RP11-367N14.3
15	101389766	101402376	ENSG00000232386	RP11-66B24.2
X	102053324	102054488	ENSG00000228316	RP11-522L3.5
1	166975196	166975314	ENSG00000200036	RNA5SP65
12	54731000	54731098	ENSG00000199122	MIR148B
14	52190821	52190927	ENSG00000207004	RNU6-301P
1	69709055	69715106	ENSG00000235446	RP11-74K19.1
17	33288549	33290205	ENSG00000198783	ZNF830
16	2621571	2622354	ENSG00000260436	RP11-20I23.7
4	65476334	65476627	ENSG00000248259	RP11-63H19.5
13	25735822	25746426	ENSG00000165566	AMER2
Y	19838632	19838960	ENSG00000225896	AC007742.3
1	167010672	167010773	ENSG00000238325	snoU13
1	116966346	117021464	ENSG00000233154	RP4-655J12.4
10	33577234	33577529	ENSG00000244356	RN7SL398P
16	2647882	2649719	ENSG00000261093	CTD-3126B10.1
5	164362168	164362274	ENSG00000206845	RNU6-209P
14	52217278	52229832	ENSG00000259111	RP11-280K24.1
12	54738394	54738645	ENSG00000264028	RN7SL744P
4	184503348	184503454	ENSG00000239116	snoU13
22	23101185	23101279	ENSG00000207835	D87015.1
1	220426912	220427878	ENSG00000218283	MORF4L1P1
1	69898938	69901092	ENSG00000229639	RP3-380B4.1
4	65476698	65477026	ENSG00000249045	RP11-63H19.8
1	167021788	167027779	ENSG00000227907	RP11-102C16.3
2	42667517	42667576	ENSG00000221300	SNORD75
10	33630583	33630833	ENSG00000273012	RP11-90B22.1
4	184574725	184574829	ENSG00000252157	RNU6-479P
14	52223714	52224706	ENSG00000258423	OR7E105P
22	23104787	23105009	ENSG00000253590	IGLV3-13
5	164647583	164668758	ENSG00000254066	CTB-181F24.1
12	54747445	54891472	ENSG00000258137	RP11-753H16.3
8	37956989	37957449	ENSG00000272128	KB-1836B5.4
1	203595689	203713209	ENSG00000058668	ATP2B4
4	65477092	65477606	ENSG00000248328	RP11-63H19.6
5	42908310	42908769	ENSG00000251656	CTD-2201E18.4
4	184596756	184596868	ENSG00000201433	RNU6-335P
10	33867859	33888968	ENSG00000226412	RP11-476F14.1
14	52229774	52230794	ENSG00000258550	OR7E106P
16	2653351	2680495	ENSG00000215154	AC141586.5
15	65255362	65282648	ENSG00000090487	SPG21
1	167131660	167132074	ENSG00000213068	RP11-277B15.1
1	220440048	220441259	ENSG00000213033	AURKAPS1
8	37979892	37979998	ENSG00000253437	RP11-90P5.4
22	23117022	23117184	ENSG00000231392	LL22NC03-24A12.8
5	164776036	165205694	ENSG00000253693	CTC-535M15.2
1	70072538	70073984	ENSG00000270615	RP11-379C1.1
19	15774916	15780636	ENSG00000267241	CYP4F10P
4	65632848	65633615	ENSG00000244669	RP11-158O16.1
Y	19841408	19856476	ENSG00000224166	PRYP1
11	9160372	9286937	ENSG00000184014	DENND5A
4	184627084	184627184	ENSG00000251739	RNU6-1053P
X	102054491	102054811	ENSG00000224471	RP11-522L3.6
2	87421909	87421982	ENSG00000264793	MIR4771-1
X	130780648	130780899	ENSG00000227183	HDGFP1
6	26527291	26527632	ENSG00000261353	CTA-14H9.5
5	165036446	165036684	ENSG00000252794	RN7SKP60
22	23134977	23135071	ENSG00000207833	D86998.1
14	52231994	52292140	ENSG00000258535	RP11-280K24.4
1	70345275	70345577	ENSG00000240692	RN7SL538P
4	184908831	184909903	ENSG00000248206	RP11-739P1.2
4	65779999	65870218	ENSG00000250125	RP11-707A18.1
8	37980792	37982169	ENSG00000240015	RP11-90P5.5
10	33973683	33975992	ENSG00000203565	RP13-259N13.2
10	94050920	94113721	ENSG00000198060	MARCH5
5	165209810	165210139	ENSG00000253512	CTC-535M15.1
6	26612131	26613337	ENSG00000271071	RP11-457M11.6
22	23157168	23157423	ENSG00000226477	LL22NC03-84E4.11
12	120685263	120685594	ENSG00000240925	RPS20P31
1	220487287	220488907	ENSG00000230318	XRCC6P3
15	101390036	101404501	ENSG00000272808	RP11-66B24.7
2	26149471	26205618	ENSG00000084731	KIF3C
1	70385005	70386000	ENSG00000229359	PIN1P1
2	171458172	171458738	ENSG00000214821	HMGB1P4
1	22385690	22390692	ENSG00000230068	CDC42-IT1
10	34048641	34061586	ENSG00000261683	LINC00838
6	134714280	134715038	ENSG00000213118	CHCHD2P4
4	184993556	184994192	ENSG00000250726	RP11-616K6.1
2	42690279	42691137	ENSG00000232526	AC025750.6
8	12651752	12675800	ENSG00000255494	LINC00681
X	52245867	52246128	ENSG00000223395	RBM22P7
1	167145154	167165029	ENSG00000231605	RP11-277B15.2
X	130836678	130964671	ENSG00000213468	RP11-453F18__B.1
22	23165270	23165365	ENSG00000207836	MIR650
2	87448236	87449611	ENSG00000233671	AC083899.1
5	165332131	165332613	ENSG00000253946	CTC-425K20.1
Y	19868881	19870005	ENSG00000229129	ACTG1P2
1	22394833	22395320	ENSG00000271428	RP1-224A6.8
1	220490009	220490941	ENSG00000232883	RP11-302I18.1
19	7741514	7744712	ENSG00000183019	C19orf59
1	70479665	70496905	ENSG00000237919	RP11-181B18.1
6	26630782	26632007	ENSG00000218346	VN1R14P
10	34153241	34153651	ENSG00000226407	RPL23P11
22	23177041	23177293	ENSG00000237127	LL22NC03-84E4.8
14	52238507	52238804	ENSG00000258849	OR7E159P
4	185175662	185176483	ENSG00000240159	RP11-162O12.1
4	65900352	65901735	ENSG00000248447	RP11-633G11.1
1	22427106	22427853	ENSG00000271840	RP1-224A6.9
X	102054870	102056327	ENSG00000226056	MTND4P32
X	52270115	52270985	ENSG00000235073	RBM22P10
6	26634611	26637008	ENSG00000233631	RP11-457M11.2
14	52254179	52254461	ENSG00000259157	RP11-280K24.6
4	185188510	185188584	ENSG00000221523	AC079080.1
2	171475138	171551884	ENSG00000213981	AC007277.3
1	22592732	22592793	ENSG00000266564	MIR4418
4	66008421	66011481	ENSG00000248998	EFTUD1P2
22	23180779	23181049	ENSG00000254077	IGLV3-7
12	66245120	66275947	ENSG00000197301	RP11-366L20.2
15	101402048	101414195	ENSG00000259604	RP11-66B24.1
4	185200089	185200384	ENSG00000244512	RN7SL28P
9	132245730	132275947	ENSG00000204054	LINC00963
14	52433721	52436518	ENSG00000259007	RP11-463J10.3
1	22649333	22649824	ENSG00000234397	RP11-415K20.1
10	34198166	34206723	ENSG00000223470	RP11-490O24.2
2	208686014	208687493	ENSG00000244567	AC096772.6
5	42917516	42918086	ENSG00000249516	CTD-2201E18.2
1	220533073	220533525	ENSG00000226927	RP11-302I18.3
2	122416051	122416549	ENSG00000230993	RPL12P15
1	70645829	70646123	ENSG00000244389	RN7SL242P
4	185220282	185220800	ENSG00000227765	RP11-162O12.2
22	23192550	23192799	ENSG00000253448	IGLV3-6
5	33523640	33892297	ENSG00000151388	ADAMTS12
10	34490908	34491002	ENSG00000199200	Y_RNA
1	70684272	70686706	ENSG00000228988	RP4-677H15.4
2	208733306	208734639	ENSG00000225111	AC083900.1
1	22843967	22846201	ENSG00000237200	ZBTB40-IT1
1	220574464	220577375	ENSG00000260505	RP11-410C4.5
14	52449238	52453937	ENSG00000258854	RP11-463J10.4
X	52293397	52297093	ENSG00000225322	RP11-472D17.1
22	23198720	23198813	ENSG00000207832	D87024.1
10	34777511	34777806	ENSG00000234167	TCEB2P4
1	116971671	116975990	ENSG00000230381	RP4-655J12.5
6	26686469	26688192	ENSG00000261584	RP11-457M11.5
22	23198937	23199213	ENSG00000253234	IGLV2-5
2	42696957	42697406	ENSG00000236913	AC025750.5
1	23046010	23046091	ENSG00000265422	MIR4684
1	220621858	220622195	ENSG00000235163	RP11-410C4.1
4	66082334	66083151	ENSG00000249351	RP11-498E11.2
14	52577840	52596343	ENSG00000258694	RP11-1033H12.1
HSCHR6_MHC_SSTO	31715897	31722583	ENSG00000255419	MSH5-SAPCD1
1	116995158	116995249	ENSG00000200547	Y_RNA
10	34952787	34953029	ENSG00000229235	RP11-8L18.3
1	70825245	70826120	ENSG00000226088	RP11-180O5.2
1	23075310	23075404	ENSG00000216157	AL611946.1
14	52584320	52584713	ENSG00000258981	COX5AP2
1	117035645	117041834	ENSG00000224950	RP5-1086K13.1
22	23200200	23200443	ENSG00000226420	IGLV3-4
2	171579719	171627276	ENSG00000234350	AC007405.4
2	208884362	208884465	ENSG00000212246	RNU6-360P
X	52304893	52307444	ENSG00000233742	RP11-472D17.2
4	185261909	185275130	ENSG00000180712	RP11-290F5.2
6	134749378	134841723	ENSG00000231971	RP11-557H15.3
1	23162206	23163342	ENSG00000225952	RP11-69E9.1
1	167189068	167189749	ENSG00000272205	RP11-277B15.3
2	87528781	87529374	ENSG00000271097	RP11-223J6.1
5	42972726	42973194	ENSG00000250711	CTD-2201E18.1
16	2666122	2693297	ENSG00000205918	PDPK2
2	208896107	208896677	ENSG00000185078	AC093698.1
10	34964563	34964969	ENSG00000215184	RP11-8L18.2
1	70910754	70911219	ENSG00000271992	RP11-42O15.3
22	23215391	23215619	ENSG00000253963	IGLV3-2
14	52622458	52622897	ENSG00000258440	RP11-1033H12.3
1	220628496	220628654	ENSG00000234863	RP11-410C4.2
1	117075558	117076714	ENSG00000177173	NAP1L4P1
4	66439177	66440046	ENSG00000243199	RP11-408P14.1
8	38006259	38021290	ENSG00000253356	RP11-90P5.2
7	22602956	22613615	ENSG00000232759	AC002480.3
1	23189652	23189719	ENSG00000264014	MIR4253
22	23228447	23228559	ENSG00000264824	hsa-mir-5571
1	167348345	167350237	ENSG00000272033	RP11-52A20.2
1	70996209	70997175	ENSG00000233020	RP11-42O15.2
15	101402129	101425534	ENSG00000272639	RP11-66B24.8
6	26839263	26924333	ENSG00000241549	GUSBP2
16	32019759	32096106	ENSG00000261727	RP11-1166P10.6
22	23252998	23253245	ENSG00000254029	IGLC4
14	52753515	52755986	ENSG00000261208	RP11-452D12.1
2	171608221	171609562	ENSG00000128692	EIF2S2P4
8	38023530	38023636	ENSG00000253739	RP11-90P5.7
8	12763347	12763430	ENSG00000264463	AC090133.1
1	23243175	23247993	ENSG00000272796	RP1-74M1.3
2	208918885	208918982	ENSG00000251941	RNA5SP116
1	167426620	167427898	ENSG00000233411	RP11-104L21.2
4	66535679	66563747	ENSG00000250846	RP11-807H7.1
6	24775159	24786327	ENSG00000112312	GMNN
13	25802307	25862147	ENSG00000139505	MTMR6
22	23257805	23258097	ENSG00000254030	IGLC5
2	87586177	87586367	ENSG00000225049	AC068279.2
8	38059217	38061756	ENSG00000248585	RP11-90P5.1
5	165455572	165456316	ENSG00000254252	RPL7P20
2	208921972	208922469	ENSG00000224839	AC093698.2
8	12815896	12819709	ENSG00000251468	RP11-369K16.1
2	42759906	42760582	ENSG00000215263	AC025750.7
X	2852699	2886286	ENSG00000157399	ARSE
1	23346640	23414551	ENSG00000240553	RP1-184J9.2
10	35104695	35105314	ENSG00000226386	PARD3-AS1
22	23261707	23262023	ENSG00000222037	IGLC6
16	32046174	32046647	ENSG00000261704	IGHV1OR16-1
9	130209953	130213684	ENSG00000197958	RPL12
2	87596356	87596632	ENSG00000213375	AC068279.1
21	34144411	34266043	ENSG00000205930	C21orf49
1	220641296	220642150	ENSG00000226226	SLMO2P1
1	71126340	71126948	ENSG00000237033	CASP3P1
14	53107557	53108284	ENSG00000258757	RP11-841O20.2
8	38133406	38134198	ENSG00000255487	RP11-513D5.5
11	3022152	3078843	ENSG00000110619	CARS
1	167426979	167429128	ENSG00000273160	RP11-104L21.3
22	23330438	23330756	ENSG00000237472	AP000361.2
2	208938785	208938886	ENSG00000238582	snoU13
19	15871051	15890719	ENSG00000267594	CYP4F24P
10	35164138	35164350	ENSG00000232525	SS18L2P1
6	134758854	134825719	ENSG00000236700	LINC01010
1	23370798	23370865	ENSG00000263793	MIR3115
1	117102646	117102733	ENSG00000264419	MIR548AC
16	67700719	67702661	ENSG00000159761	C16orf86
15	101433945	101459488	ENSG00000259583	RP11-66B24.4
2	87607003	87607890	ENSG00000224881	AC068279.3
2	171627623	171634658	ENSG00000239467	AC007405.6
14	53241955	53244458	ENSG00000259049	RP11-589M4.1
8	38193499	38195069	ENSG00000254898	RP11-513D5.2
1	167488773	167489823	ENSG00000227776	AKR1D1P1
2	208972957	208977235	ENSG00000229150	CRYGEP
14	93372042	93373827	ENSG00000258499	RP11-862G15.2
5	165555503	165582444	ENSG00000254171	RP11-67M9.1
1	117134728	117134821	ENSG00000238532	AL355794.1
1	23384351	23384427	ENSG00000266802	MIR4419A
8	12901859	12901965	ENSG00000206996	RNU6-842P
1	117214371	117214449	ENSG00000211543	MIR320B1
14	106725201	106725733	ENSG00000211949	IGHV3-23
16	32070405	32070693	ENSG00000260048	IGHV1OR16-3
7	142573589	142590199	ENSG00000224970	RP11-114L10.2
2	70834750	70995357	ENSG00000075340	ADD2
4	66567920	66571271	ENSG00000248479	RP11-807H7.2
8	145751117	145754516	ENSG00000213563	C8orf82
1	23466818	23467635	ENSG00000229010	RP5-979D14.1
8	13017687	13017788	ENSG00000200630	Y_RNA
2	122463543	122463633	ENSG00000238341	snoU13
1	71172136	71252151	ENSG00000229051	RP5-952N6.1
17	26638667	26642323	ENSG00000268206	AC061975.10
6	34857042	35059179	ENSG00000064999	ANKS1A
X	130929685	130930195	ENSG00000241418	RP11-512H23.2
5	165586438	165586525	ENSG00000264903	AC122720.1
4	155484108	155492238	ENSG00000171564	FGB
1	117256455	117257457	ENSG00000231072	GAPDHP64
14	53252295	53252581	ENSG00000264700	RN7SL588P
10	35215703	35215810	ENSG00000223047	RNU6-847P
4	66672958	66673153	ENSG00000222765	RNU2-40P
X	102057969	102061066	ENSG00000234886	MTND5P26
7	142744314	142744681	ENSG00000239293	OR9P1P
14	53259593	53286752	ENSG00000258698	RP11-589M4.3
2	122466088	122466691	ENSG00000213239	NPM1P32
1	220658446	220660385	ENSG00000231529	RP11-410C4.4
10	35231897	35232003	ENSG00000222909	RNU6-193P
22	23332865	23350523	ENSG00000223679	AP000362.1
4	66724479	66725922	ENSG00000251527	RP11-51P8.1
14	93533797	93538497	ENSG00000258730	ITPK1-AS1
14	53265622	53265779	ENSG00000258802	RP11-589M4.2
5	43006835	43007645	ENSG00000271788	CTD-2201E18.5
2	209000118	209002421	ENSG00000224529	AC093698.4
1	71181616	71185972	ENSG00000226208	RP11-99H8.1
8	38239882	38240979	ENSG00000272092	RP11-350N15.5
1	220745085	220745377	ENSG00000243872	RN7SL464P
10	35253997	35255187	ENSG00000213724	PRDX2P2
1	23489197	23489303	ENSG00000206935	RNU6-514P
7	142759427	142760735	ENSG00000179420	OR6W1P
20	61340189	61394123	ENSG00000101188	NTSR1
14	53338176	53338935	ENSG00000271075	RP11-589M4.4
22	23474919	23475192	ENSG00000272019	Metazoa_SRP
1	71413062	71417176	ENSG00000235782	RP3-333A15.1
1	167560629	167561083	ENSG00000231029	RP3-455J7.3
4	66864564	67015730	ENSG00000249413	RP11-25H12.1
2	171639677	171639781	ENSG00000222509	Y_RNA
HSCHR6_MHC_QBL	33288143	33306509	ENSG00000204197	KIFC1
1	23490446	23490546	ENSG00000252578	RNU6-135P
X	130937340	130937769	ENSG00000228089	RP1-197O17.2
22	23478807	23478897	ENSG00000221069	AC000029.1
1	220799082	220801398	ENSG00000233012	HDAC1P2
16	238968	279462	ENSG00000007392	LUC7L
14	53478689	53478985	ENSG00000258503	RP11-368P15.1
14	106733144	106733639	ENSG00000211950	IGHV1-24
1	23571258	23571717	ENSG00000215381	RP5-1057J7.1
8	63767627	63769693	ENSG00000253517	XRCC6P4
4	66868999	66882510	ENSG00000272304	RP11-19C24.1
1	71471537	71472185	ENSG00000269933	RP3-333A15.2
2	171672803	171674547	ENSG00000235934	AC007405.8
5	43014516	43067521	ENSG00000177738	CTD-2201E18.3
8	38258054	38259201	ENSG00000254981	RP11-350N15.3
22	23522058	23522465	ENSG00000236794	BCRP8
1	117282603	117285231	ENSG00000223489	NEFHP1
6	134846452	134980974	ENSG00000232310	RP11-557H15.4
4	66959844	66960244	ENSG00000236562	RP11-396M11.1
1	167596622	167599911	ENSG00000241666	RP3-455J7.4
1	71514538	71532867	ENSG00000235079	ZRANB2-AS1
X	131071698	131071881	ENSG00000235190	RP1-197O17.3
HG544_PATCH	17794251	17842867	ENSG00000260324	TMEM236
8	63775641	63776740	ENSG00000253431	RP11-442A17.2
6	138409642	138428648	ENSG00000112378	PERP
17	26646121	26655707	ENSG00000109084	TMEM97
16	2694085	2695215	ENSG00000260176	CTD-3126B10.4
2	87754887	87906324	ENSG00000222041	LINC00152
1	167789136	167789486	ENSG00000250762	RP1-313L4.4
1	23607802	23613245	ENSG00000261326	RP5-1057J7.6
22	23603971	23604258	ENSG00000240160	RN7SL263P
2	109150857	109303702	ENSG00000169756	LIMS1
3	129033615	129035120	ENSG00000184897	H1FX
16	32114566	32199434	ENSG00000230267	HERC2P4
8	38265566	38266260	ENSG00000272159	RP11-350N15.6
22	23605323	23606541	ENSG00000230701	FBXW4P1
19	7743387	7747740	ENSG00000269711	CTD-3214H19.16
8	13196083	13200263	ENSG00000253932	RP11-10C8.2
2	171772719	171772804	ENSG00000266020	AC010092.1
1	167789644	167790462	ENSG00000232194	RP1-313L4.3
2	209072859	209073708	ENSG00000233869	AC016697.1
4	67142542	67142646	ENSG00000221563	MIR1269A
1	71533314	71533399	ENSG00000207721	MIR186
X	131072874	131072984	ENSG00000200587	RNA5SP514
6	26864731	26866556	ENSG00000243307	RP11-239L20.3
1	23696747	23696839	ENSG00000201405	Y_RNA
6	150285143	150294846	ENSG00000111981	ULBP1
10	35368526	35368608	ENSG00000266228	MIR3611
17	3799886	3819794	ENSG00000108405	P2RX1
2	172002840	172002937	ENSG00000238567	snoU13
1	117317726	117318245	ENSG00000225079	FTH1P22
1	23704873	23705522	ENSG00000271420	RP5-1057J7.7
8	38279407	38283614	ENSG00000255201	RP11-350N15.4
16	2710350	2723445	ENSG00000260565	ERVK13-1
2	209079448	209087349	ENSG00000228111	TPT1P2
1	167967898	167967964	ENSG00000221545	MIR1255B2
4	67296810	67297239	ENSG00000244099	RPS23P3
8	13210910	13211039	ENSG00000253257	MTND4P7
2	172231441	172231788	ENSG00000224553	AC008065.1
X	154147853	154148457	ENSG00000233688	CTD-2183H9.3
7	142952357	142984473	ENSG00000231840	AC073342.12
10	120001076	120027222	ENSG00000238276	RP11-245J24.1
6	26924771	26991703	ENSG00000224843	LINC00240
HSCHR6_MHC_MCF	33415294	33416979	ENSG00000236802	B3GALT4
10	35386934	35415948	ENSG00000230534	RP11-297A16.2
X	131130873	131130961	ENSG00000265686	AL109749.1
1	168025139	168025660	ENSG00000224837	GCSHP5
1	23737325	23738639	ENSG00000232482	RP4-654C18.1
4	67762980	67763089	ENSG00000252890	RNU6-699P
2	209098168	209098229	ENSG00000263524	AC016697.3
8	13393538	13393644	ENSG00000252179	RNA5SP255
6	57254930	57255010	ENSG00000212017	MIR548U
6	134924702	134925836	ENSG00000218772	FAM8A6P
X	131264119	131265380	ENSG00000228819	RP1-305B16.3
2	172347932	172348441	ENSG00000228507	DAP3P2
10	7601232	7708961	ENSG00000123243	ITIH5
8	11700033	11726957	ENSG00000164733	CTSB
8	13415166	13462119	ENSG00000255069	RP11-145O15.3
6	57358736	57362565	ENSG00000266579	RP1-71H19.2
2	209119971	209120905	ENSG00000231908	IDH1-AS1
1	117447772	117447916	ENSG00000221425	AL157904.1
19	7745729	7747744	ENSG00000181029	TRAPPC5
2	42865101	42865188	ENSG00000194270	Y_RNA
4	68283023	68333969	ENSG00000250075	RP11-584P21.2
8	38291865	38293182	ENSG00000239218	RPS20P22
X	102061092	102061574	ENSG00000227649	RP11-522L3.9
8	63925627	63927240	ENSG00000240915	RP11-659E9.2
2	172349415	172349605	ENSG00000234061	AC007969.4
1	117451771	117452153	ENSG00000272715	RP4-753F5.1
7	142987708	142988004	ENSG00000239419	RN7SL535P
2	42907228	42907419	ENSG00000226523	AC074375.1
6	26968987	26969427	ENSG00000272312	RP11-239L20.6
6	57686969	57687949	ENSG00000214566	GAPDHP41
HG544_PATCH	17851343	17953161	ENSG00000260314	MRC1
7	142995609	142995905	ENSG00000240322	RN7SL481P
8	63936931	63937853	ENSG00000253121	RP11-659E9.4
6	134927437	134930575	ENSG00000229722	RP11-557H15.5
HSCHR6_MHC_QBL	32737204	32741190	ENSG00000206298	PSMB8
6	26988114	26988226	ENSG00000238621	TRNAI2
8	13441398	13442042	ENSG00000254491	RP11-145O15.2
1	71547007	71955652	ENSG00000229956	ZRANB2-AS2
1	168179854	168180207	ENSG00000237049	RPL34P1
22	23664730	23665114	ENSG00000214526	AP000343.1
7	143009774	143010154	ENSG00000231531	HINT1P1
10	35424371	35424430	ENSG00000253054	RNU7-77P
15	101583921	101589661	ENSG00000259376	RP11-505E24.3
1	117504969	117505093	ENSG00000252510	RNA5SP55
X	154365386	154384778	ENSG00000235991	RP11-143H17.1
6	134957627	134963633	ENSG00000227723	CTA-31J9.2
2	42939880	42939987	ENSG00000200550	RNU6-137P
2	172373749	172374232	ENSG00000233762	AC007969.5
2	209134067	209134681	ENSG00000228380	AC016697.2
1	23875630	23877406	ENSG00000235052	RP1-150O5.3
6	27001214	27002089	ENSG00000220581	VN1R12P
1	220835813	220836458	ENSG00000225782	RP11-322F10.2
X	131351175	131566890	ENSG00000232160	RAP2C-AS1
3	129120164	129147494	ENSG00000172771	EFCAB12
10	35447234	35447568	ENSG00000233343	ATP6V1G1P4
6	27028144	27029028	ENSG00000216762	VN1R13P
12	17143604	17145017	ENSG00000213235	EEF1A1P16
22	23668803	23670680	ENSG00000236611	AP000343.2
17	35874900	35969544	ENSG00000006114	SYNRG
16	67708434	67753324	ENSG00000141098	GFOD2
4	68295309	68295472	ENSG00000206629	RNU1-63P
2	209225356	209226094	ENSG00000213081	AC012362.3
2	43024365	43025852	ENSG00000226491	FTOP1
1	117568104	117602112	ENSG00000236137	RP11-27K13.3
1	23996784	24006749	ENSG00000229239	RP11-223J15.2
1	220998962	220999389	ENSG00000221571	RNU6ATAC35P
15	101590937	101626271	ENSG00000259755	RP11-505E24.2
6	27051059	27051926	ENSG00000219770	VN1R11P
21	34162985	34186053	ENSG00000205929	C21orf62
X	102061669	102062752	ENSG00000229794	RP11-522L3.11
6	135027198	135028487	ENSG00000236389	RP1-287H17.1
6	57690895	57691645	ENSG00000231273	RP11-343D24.2
1	24032291	24033424	ENSG00000203589	RP5-886K2.1
4	68311985	68312292	ENSG00000250030	RP11-584P21.4
1	168184643	168184890	ENSG00000237131	RP1-69E11.3
6	27077569	27077759	ENSG00000222800	RNU2-62P
9	132264269	132275965	ENSG00000239353	RP11-492E3.51
15	101656808	101657751	ENSG00000259365	RP11-424I19.1
10	35499344	35499678	ENSG00000269952	RP11-324I22.3
1	221002018	221002553	ENSG00000272823	RP11-295M18.6
2	209234286	209234347	ENSG00000265454	AC012362.1
1	24063100	24063380	ENSG00000244609	RN7SL532P
8	64048782	64050643	ENSG00000253555	RP11-16E18.1
6	27090436	27091000	ENSG00000272468	RP1-86C11.7
16	2763020	2763101	ENSG00000222055	AC092117.1
2	172443603	172443769	ENSG00000233934	RPL21P38
12	17224332	17224439	ENSG00000212358	RNU6-837P
6	135219012	135219897	ENSG00000213117	RP3-352A20.1
2	209330963	209331351	ENSG00000227430	AC019185.2
6	57793932	57794280	ENSG00000262828	RP11-325M4.2
10	35508822	35519526	ENSG00000233200	RP11-324I22.2
12	17274650	17275394	ENSG00000242991	RPL7P40
1	24086872	24104777	ENSG00000236810	RP5-886K2.3
10	120116620	120124615	ENSG00000232139	LINC00867
2	209334575	209405138	ENSG00000231896	AC019185.4
1	221002597	221005771	ENSG00000238078	RP11-295M18.2
22	23701790	23729918	ENSG00000215478	CES5AP1
1	117637265	117637350	ENSG00000215930	MIR942
9	132337688	132346835	ENSG00000227619	RP11-492E3.2
1	168214803	168216581	ENSG00000214262	ANKRD36BP1
4	68503895	68504077	ENSG00000270257	RP11-17P16.2
6	57841107	57842388	ENSG00000215307	RBBP4P3
6	27115405	27115467	ENSG00000265565	MIR3143
12	110436991	110477568	ENSG00000076513	ANKRD13A
1	117680851	117681231	ENSG00000228453	RPS15AP9
16	2787077	2802601	ENSG00000205913	SRRM2-AS1
X	154441199	154441916	ENSG00000224978	RP13-228J13.9
10	35520259	35520322	ENSG00000253070	RNU6-794P
2	209381633	209381955	ENSG00000232409	AC019185.3
20	61427805	61431945	ENSG00000101189	MRGBP
12	17536286	17537581	ENSG00000256896	PSMC1P8
6	27179023	27179692	ENSG00000174572	RP11-209A2.1
10	35539887	35539980	ENSG00000200097	RNU6-1167P
2	172629992	172632354	ENSG00000228389	AC068039.4
2	209785271	209785388	ENSG00000202164	RNA5SP117
8	64080284	64081001	ENSG00000270673	YTHDF3-AS1
5	43018531	43024349	ENSG00000251131	CTD-2035E11.3
8	13553083	13563015	ENSG00000255457	RP11-436P7.1
1	117838142	117863958	ENSG00000235202	RP11-39H13.1
17	33307513	33332083	ENSG00000005156	LIG3
12	17553333	17553848	ENSG00000256756	RP11-871F6.2
10	35603480	35625329	ENSG00000271335	RP11-324I22.4
1	168232613	168232719	ENSG00000206880	RNU6-1310P
2	172713076	172713180	ENSG00000252779	RNU6-182P
2	209937321	209938872	ENSG00000235864	HSPA8P6
1	24208284	24208575	ENSG00000264347	RN7SL24P
X	52333857	52334578	ENSG00000227628	RP11-472D17.3
1	168338292	168338839	ENSG00000227722	RP5-1059H15.1
22	18074902	18111584	ENSG00000131100	ATP6V1E1
1	221006105	221053482	ENSG00000257551	HLA-AS1
6	58028201	58028363	ENSG00000270213	RP11-452D24.1
2	172967734	172974710	ENSG00000236651	AC104801.1
8	38401170	38410198	ENSG00000253361	RP11-675F6.3
9	132353755	132353841	ENSG00000216181	AL391056.1
1	24208745	24208842	ENSG00000238538	snoU13
6	135262530	135263588	ENSG00000240056	RP11-349J5.2
14	20724717	20774153	ENSG00000136319	TTC5
4	68566998	68946670	ENSG00000248049	UBA6-AS1
12	17662287	17742926	ENSG00000256994	RP11-871F6.3
2	43053462	43054757	ENSG00000232202	AC098824.6
X	154519651	154520644	ENSG00000225008	RP13-228J13.6
1	168344762	168344859	ENSG00000207974	MIR557
9	132402755	132403561	ENSG00000234789	RP11-483H20.4
1	24227961	24229227	ENSG00000229106	RP11-4M23.2
8	38409766	38416538	ENSG00000254100	RP11-675F6.4
2	210009965	210012411	ENSG00000232799	CRYGFP
X	52345599	52346259	ENSG00000231283	RP11-472D17.6
6	135376171	135381688	ENSG00000232876	CTA-212D2.2
6	27235892	27237008	ENSG00000270935	XXbac-BPGBPG24O18.1
2	65669189	65683705	ENSG00000234255	AC012370.3
1	117907521	117908095	ENSG00000271427	RP11-188D8.1
10	35894929	35897081	ENSG00000273312	RP11-425A6.5
6	58182169	58182746	ENSG00000272541	XXbac-BPGBPG55C20.1
2	43228495	43233200	ENSG00000224739	AC016735.1
7	36552456	36764154	ENSG00000136250	AOAH
1	221307207	221307563	ENSG00000226211	RP11-453O22.1
1	168370067	168391894	ENSG00000228697	RP5-968D22.1
X	102139342	102161086	ENSG00000239407	LL0XNC01-237H1.2
2	173020757	173020848	ENSG00000238572	snoU13
22	26138111	26427007	ENSG00000133454	MYO18B
8	64128539	64130592	ENSG00000261542	RP11-16E18.3
2	210043528	210046742	ENSG00000240286	MEAF6P1
1	118092037	118092544	ENSG00000226755	VPS25P1
10	120305606	120305676	ENSG00000266281	AL356865.2
6	58228887	58229426	ENSG00000271761	XXbac-BPGBPG55C20.3
6	147525561	147706866	ENSG00000164506	STXBP5
6	135516221	135517133	ENSG00000236703	MYB-AS1
2	173180015	173188465	ENSG00000232555	AC104088.1
8	38458179	38458718	ENSG00000253570	RNF5P1
5	43033818	43034737	ENSG00000272382	CTD-2035E11.4
17	80172103	80175228	ENSG00000264548	RP13-516M14.2
6	27292578	27293742	ENSG00000220758	VN1R10P
X	52370417	52373978	ENSG00000231775	RP11-472D17.4
X	154521460	154522731	ENSG00000228986	RP13-228J13.8
6	26402465	26415444	ENSG00000026950	BTN3A1
10	120332383	120333132	ENSG00000234309	SLC25A18P1
1	221503422	221509638	ENSG00000234754	RP11-421L10.1
11	4910823	4911826	ENSG00000197023	OR51A6P
2	210043690	210045847	ENSG00000229670	PKP4P1
6	58234838	58240189	ENSG00000272316	XXbac-BPGBPG55C20.2
1	24233601	24234375	ENSG00000232557	RP11-4M23.3
X	131714145	131714251	ENSG00000206900	RNU6-98P
6	135560298	135560394	ENSG00000207689	MIR548A2
19	42928536	42929223	ENSG00000268605	CTB-50E14.4
2	173292502	173293331	ENSG00000226963	AC078883.4
17	80206943	80209703	ENSG00000184551	AC132872.1
1	24255560	24255637	ENSG00000264926	MIR378F
2	210586637	210586745	ENSG00000222317	RNA5SP118
5	165809310	165809604	ENSG00000229119	CTB-63M22.1
8	38558144	38562373	ENSG00000254321	RP11-495O10.1
12	17742191	17768397	ENSG00000256389	RP11-606D9.1
8	64147195	64147469	ENSG00000241964	RN7SL135P
6	135581134	135582071	ENSG00000224374	RP1-32B1.4
6	58246051	58256569	ENSG00000239650	GUSBP4
10	120390435	120390554	ENSG00000263658	AL356865.1
19	42977027	42977161	ENSG00000253048	RNU4-60P
9	132475175	132480914	ENSG00000236024	RP11-483H20.6
1	24275506	24275873	ENSG00000230228	RP11-4M23.4
1	71607658	71607751	ENSG00000264239	AL360297.1
2	210673528	210674304	ENSG00000237194	SNAI1P1
2	43254992	43266686	ENSG00000231826	AC016735.2
1	168418910	168420449	ENSG00000215833	QRSL1P1
X	154539560	154539803	ENSG00000230491	RP13-228J13.10
1	118139454	118148392	ENSG00000236866	AL157902.3
2	173328990	173330750	ENSG00000232788	AC078883.3
X	52464670	52467221	ENSG00000232384	RP11-204I15.1
19	42989228	42989866	ENSG00000269374	CTB-50E14.5
1	221681901	221684321	ENSG00000232436	RP11-103C3.1
21	34398153	34401504	ENSG00000205927	OLIG2
1	71716682	71717802	ENSG00000237726	RP11-386O9.2
10	120403272	120403710	ENSG00000225155	TOMM22P5
2	210893141	210893880	ENSG00000272807	RP11-260M2.1
17	80247922	80250690	ENSG00000265692	RP13-516M14.4
6	135622706	135628296	ENSG00000234084	RP3-388E23.2
1	24334371	24335009	ENSG00000215905	RP11-4M23.7
5	166332227	166353375	ENSG00000254130	CTB-7E3.1
12	17863868	17863980	ENSG00000206662	Y_RNA
8	13599318	13600290	ENSG00000255413	RP11-436P7.2
19	7753644	7767032	ENSG00000104921	FCER2
1	221723128	221723985	ENSG00000227585	RP11-103C3.2
11	82924047	82924446	ENSG00000241020	RP11-727A23.1
1	71832737	71832986	ENSG00000226324	RP11-115M14.1
15	101708735	101711026	ENSG00000259182	RP11-424I19.2
X	131801670	131803916	ENSG00000235849	HS6ST2-AS1
6	27325604	27339304	ENSG00000204789	ZNF204P
12	18511377	18511901	ENSG00000255892	RP11-459D22.2
5	166543323	166546590	ENSG00000253713	CTC-264O10.2
19	43064585	43065902	ENSG00000230558	CEACAMP2
4	73939093	74124515	ENSG00000132466	ANKRD17
8	13701610	13706618	ENSG00000254753	RP11-480O10.1
6	155585147	155597682	ENSG00000171217	CLDN20
1	72036639	72039241	ENSG00000231985	RP11-82L20.1
2	122501055	122503497	ENSG00000270798	RP11-416H1.1
X	132041307	132041603	ENSG00000227064	RP3-363L9.1
1	72203856	72204037	ENSG00000271618	RP11-175G14.2
9	132500629	132501902	ENSG00000255824	AL590369.1
15	101835624	101845942	ENSG00000259172	RP11-299G20.2
X	52501127	52501685	ENSG00000227469	RBM22P8
2	173345568	173421324	ENSG00000225205	AC093818.1
8	64297397	64382763	ENSG00000253205	CTD-3046C4.1
6	135795642	135795747	ENSG00000201012	Y_RNA
1	168433452	168464882	ENSG00000237658	RP5-968D22.3
12	18577597	18578074	ENSG00000255960	RP11-459D22.1
X	2924654	2951612	ENSG00000205667	ARSH
5	166591939	166595406	ENSG00000253469	CTC-264O10.1
21	47666804	47667596	ENSG00000228137	AP001469.7
1	222001008	222014008	ENSG00000227925	RP11-191N8.2
15	101874642	101877633	ENSG00000259764	RP11-299G20.3
11	82997171	83134559	ENSG00000255234	RP11-727A23.10
8	38601538	38601649	ENSG00000207258	Y_RNA
10	120545264	120545475	ENSG00000251836	U3
8	13766740	13767289	ENSG00000254425	RP11-480O10.2
9	132553475	132554116	ENSG00000233909	UBE2V1P4
6	43267448	43276535	ENSG00000146215	CRIP3
1	168511975	168512592	ENSG00000227777	RP4-738P11.3
8	38657161	38659814	ENSG00000253586	RP11-723D22.2
5	110405760	110413722	ENSG00000145777	TSLP
1	72259915	72302695	ENSG00000228853	NEGR1-IT1
10	120631561	120632114	ENSG00000236058	RP11-215A21.2
15	102102739	102103177	ENSG00000259464	RP11-14C10.1
12	18645985	18646657	ENSG00000256138	RP11-127B1.1
21	47671463	47674047	ENSG00000239415	AP001469.9
1	24367325	24413289	ENSG00000225315	RP11-293P20.2
X	52518793	52519069	ENSG00000229936	RBM22P9
17	19641297	19652256	ENSG00000108602	ALDH3A1
1	118183434	118184261	ENSG00000213262	AL365331.2
11	104912053	104972158	ENSG00000204397	CARD16
11	4958601	4959524	ENSG00000227023	OR51A3P
4	68582093	68583106	ENSG00000250656	ST3GAL1P1
X	102192698	102195489	ENSG00000234050	LL0XNC01-237H1.3
14	93604411	93604810	ENSG00000258595	RP11-371E8.2
X	132275328	132277968	ENSG00000225949	RP3-358H7.1
17	52030297	52032685	ENSG00000263189	RP11-618P13.1
19	43124364	43137186	ENSG00000233681	CEACAMP1
6	135818489	136037193	ENSG00000231028	LINC00271
X	52555981	52556851	ENSG00000231457	RBM22P11
2	122548020	122554278	ENSG00000224655	AC018737.3
5	43041677	43045492	ENSG00000215068	AC025171.1
1	24393264	24410055	ENSG00000230703	RP11-293P20.4
11	83039969	83040289	ENSG00000255003	CYCSP28
1	222010676	222010779	ENSG00000200033	RNU6-403P
1	72740235	72740842	ENSG00000233994	GDI2P2
8	13880196	13880931	ENSG00000255437	RP11-510I21.1
4	68584714	68589980	ENSG00000270228	RP11-453E17.3
21	47840467	47840948	ENSG00000225043	RPL18AP2
2	210895457	210929080	ENSG00000229127	AC007038.7
14	93689944	93690485	ENSG00000240096	RP11-85G20.1
1	168547891	168548677	ENSG00000229757	RP4-738P11.4
1	24526730	24538183	ENSG00000230023	RP11-10N16.2
1	222054323	222151865	ENSG00000238042	RP11-815M8.1
8	38702384	38703957	ENSG00000253829	RP11-723D22.3
X	52574163	52576707	ENSG00000227058	RP13-34L8.7
14	93710356	93710669	ENSG00000241499	RP11-85G20.2
6	58263736	58265293	ENSG00000218189	POM121L14P
10	120692186	120692807	ENSG00000213574	LDHAP5
4	68590901	68592113	ENSG00000270292	RP11-453E17.4
2	210952950	210953788	ENSG00000231063	AC006994.1
1	24554407	24554520	ENSG00000221032	AL590683.1
11	83167649	83168256	ENSG00000256466	AP003026.1
2	173422879	173422980	ENSG00000199866	Y_RNA
X	132286782	132286920	ENSG00000207100	SNORA8
X	102262389	102263000	ENSG00000224632	LL0XNC01-73E8.1
4	68612954	68613104	ENSG00000202374	SNORA62
1	72767155	72767512	ENSG00000227207	RPL31P12
12	18845696	18847030	ENSG00000255993	PSMC1P9
11	4994173	4995114	ENSG00000225003	OR51A5P
6	138483058	138665800	ENSG00000112379	KIAA1244
17	48712138	48769613	ENSG00000108846	ABCC3
1	118231243	118231364	ENSG00000212266	SNORA40
17	52555157	52555529	ENSG00000261965	ISCA1P3
1	24606257	24606345	ENSG00000266511	AL590683.2
2	173538940	173539626	ENSG00000230104	AC018712.2
8	38827879	38830530	ENSG00000253645	CTD-2544N14.3
X	52590781	52591313	ENSG00000231593	RP13-34L8.8
21	47882384	47889219	ENSG00000223692	DIP2A-IT1
4	68632198	68639572	ENSG00000232398	TMPRSS11CP
X	102323793	102323914	ENSG00000221010	AL008708.1
1	118242651	118242864	ENSG00000270719	RP11-134N8.2
10	75880013	75880621	ENSG00000267957	RP11-178G16.4
1	24634046	24648391	ENSG00000232298	RP11-10N16.3
X	132372685	132372844	ENSG00000202199	RNU1-115P
X	154564167	154581271	ENSG00000224216	RP13-228J13.1
8	14018806	14022868	ENSG00000254575	RP11-3G21.1
12	18867729	18890812	ENSG00000255648	RP11-361I14.2
HG544_PATCH	17993891	18085286	ENSG00000259777	SLC39A12
2	173541869	173600934	ENSG00000228016	RAPGEF4-AS1
11	83354645	83436433	ENSG00000255311	RP11-160H12.2
1	222139683	222158306	ENSG00000228437	RP11-400N13.2
10	75880800	75881121	ENSG00000269772	RP11-178G16.5
8	38876134	38876202	ENSG00000207199	SNORD38
1	73183346	73183452	ENSG00000212366	RNU6-1246P
20	61436187	61445352	ENSG00000060491	OGFR
1	168717034	168717120	ENSG00000221578	AL049798.1
20	44802372	44937137	ENSG00000149654	CDH22
1	24855945	24856204	ENSG00000266551	RN7SL857P
X	132425321	132425399	ENSG00000265471	AL034400.1
10	76104308	76104563	ENSG00000236900	TIMM9P1
6	58272352	58287779	ENSG00000215190	LINC00680
12	19241974	19242825	ENSG00000227525	RPL7P6
1	73214604	73364823	ENSG00000225087	RP4-660H19.1
5	166714325	166721278	ENSG00000254365	CTB-180C19.1
21	47945531	47945635	ENSG00000202239	RNU6-396P
11	5036368	5037309	ENSG00000224300	OR51P1P
1	168732603	168743728	ENSG00000235736	RP1-10C16.1
5	87898598	87898935	ENSG00000250705	CTC-470C15.1
1	24865292	24882515	ENSG00000264443	RP4-594I10.3
8	39015057	39016220	ENSG00000243095	RPL3P10
1	118320709	118321128	ENSG00000228217	AL390877.1
1	222186349	222186432	ENSG00000212094	AC092765.1
9	132645972	132646449	ENSG00000224988	RP11-409K20.7
21	47955709	47956003	ENSG00000272283	Metazoa_SRP
5	166723239	166730377	ENSG00000254297	CTC-286N12.1
21	34442450	34444726	ENSG00000184221	OLIG1
X	154578066	154579111	ENSG00000230578	RP13-228J13.5
10	76131293	76132174	ENSG00000214629	RPSAP6
X	102342126	102344205	ENSG00000226241	LL0XNC01-221F2.2
1	73230714	73245974	ENSG00000227016	RP11-262K1.1
1	222215047	222238105	ENSG00000232679	RP11-400N13.3
21	48073470	48073934	ENSG00000230982	DSTNP1
1	168756177	168762124	ENSG00000225826	LINC00626
Y	19880862	19889280	ENSG00000250868	AC007742.7
1	118806995	118807112	ENSG00000222209	RNA5SP56
5	166733278	166736875	ENSG00000253527	CTB-105L4.2
2	43268332	43270921	ENSG00000233978	AC016735.3
4	68857402	68881486	ENSG00000229009	TMPRSS11GP
17	34303529	34308532	ENSG00000161573	CCL16
11	5058243	5059181	ENSG00000230261	OR52J2P
1	119156956	119158269	ENSG00000226126	PSMC1P12
2	173556027	173556130	ENSG00000239041	snoU13
1	24890118	24890465	ENSG00000227312	RP11-496D1.2
2	43318526	43318632	ENSG00000207087	RNU6-242P
5	87972036	88018648	ENSG00000245864	CTC-467M3.1
1	73570475	73571965	ENSG00000229636	KRT8P21
5	167080233	167087486	ENSG00000254187	CTB-78F1.1
X	132665751	132665854	ENSG00000206765	RNU6-203P
2	173758491	173759111	ENSG00000232292	ALDH7A1P2
10	124750322	124768333	ENSG00000095574	IKZF5
19	43158352	43173228	ENSG00000231561	CEACAMP5
1	222262511	222560776	ENSG00000236230	RP11-400N13.1
10	76183193	76183772	ENSG00000213731	RAB5CP1
2	43324884	43329829	ENSG00000230587	AC093609.1
X	132804999	132805414	ENSG00000227008	RP3-417G15.1
14	106757650	106758116	ENSG00000211951	IGHV2-26
5	87988462	87989789	ENSG00000250377	CTC-467M3.3
6	27371789	27374743	ENSG00000271755	RP1-153G14.4
6	155716504	155777037	ENSG00000074771	NOX3
21	48110676	48111157	ENSG00000212932	RPL23AP4
17	80251592	80252786	ENSG00000260563	RP13-516M14.1
1	168867374	168867677	ENSG00000229612	SUMO1P2
X	154612749	154612847	ENSG00000221190	MIR1184-3
2	173926460	173926540	ENSG00000265709	AC019046.1
11	83501020	83502621	ENSG00000254629	RP11-160H12.3
2	123822897	123825298	ENSG00000237856	AC062020.2
1	24951902	24952004	ENSG00000239106	Y_RNA
12	120719940	120720632	ENSG00000123009	NME2P1
8	64321622	64322015	ENSG00000215096	IFITM8P
8	14166542	14167181	ENSG00000214366	RP11-138H14.1
1	24993474	24993578	ENSG00000238986	snoU13
6	27375476	27375775	ENSG00000237154	MCFD2P1
1	222435175	222436138	ENSG00000227613	QRSL1P2
2	174031174	174146764	ENSG00000238133	MLK7-AS1
8	39167428	39167962	ENSG00000253160	RP11-1113C11.2
11	83525614	83526306	ENSG00000250257	LDHAL6DP
1	25104364	25104470	ENSG00000238482	RNU6-1208P
17	80338986	80340566	ENSG00000260011	RP13-20L14.1
11	5090802	5091691	ENSG00000236621	OR52E1
5	43061497	43062543	ENSG00000272144	CTD-2035E11.5
5	87988468	87988676	ENSG00000250555	CTC-467M3.2
10	76265890	76290311	ENSG00000232342	RP11-46O21.2
HSCHR6_MHC_MCF	33417262	33427651	ENSG00000236222	WDR46
X	154687178	154687276	ENSG00000221603	MIR1184-2
1	168873143	169056243	ENSG00000203601	LINC00970
6	135940303	135941309	ENSG00000226540	GAPDHP73
1	25287836	25289588	ENSG00000229162	RP11-84D1.1
1	73657287	73657538	ENSG00000251825	RN7SKP19
1	119255622	119256301	ENSG00000229911	RP4-630J13.1
7	142985308	143004789	ENSG00000106144	CASP2
X	132880775	132880873	ENSG00000211495	AL009174.1
2	43456712	43460533	ENSG00000234936	AC010883.5
X	2959512	3030767	ENSG00000062096	ARSF
5	10275987	10308138	ENSG00000164237	CMBL
8	64378407	64388040	ENSG00000253894	RP11-45K10.2
9	132695815	132698820	ENSG00000230684	RP11-409K20.6
11	5097360	5098296	ENSG00000237354	OR52S1P
11	83940603	83940692	ENSG00000264838	AP003305.1
1	222626082	222628047	ENSG00000226643	RP11-358H9.1
6	150339470	150346668	ENSG00000155918	RAET1L
10	76287342	76287705	ENSG00000226253	MRPL35P3
6	27482818	27483053	ENSG00000270666	XXbac-BPGBPG34I8.1
17	80358579	80359258	ENSG00000264812	RP13-20L14.4
4	107236701	107270383	ENSG00000164022	AIMP1
1	25294914	25297356	ENSG00000261025	RP11-84D1.2
1	73771853	73820934	ENSG00000233973	RP4-598G3.1
11	84256174	84257889	ENSG00000254713	HNRNPA1P72
19	43174157	43174968	ENSG00000243167	RPS10P28
5	43206811	43207913	ENSG00000249779	RP11-447H19.3
1	168907705	168908161	ENSG00000213063	RPL29P7
10	76311150	76311251	ENSG00000206756	Y_RNA
8	145754563	145911194	ENSG00000147799	ARHGAP39
1	25349994	25350077	ENSG00000264371	MIR4425
9	132806992	132807360	ENSG00000270755	RP11-138E2.1
10	76401168	76401534	ENSG00000271710	RP11-312P12.3
17	80375102	80375197	ENSG00000201239	Y_RNA
6	27490855	27492118	ENSG00000218347	HNRNPA1P1
1	222641436	222644224	ENSG00000234419	CICP13
1	119542967	119544015	ENSG00000226172	RP4-712E4.1
Y	19894090	19896695	ENSG00000223555	USP9YP23
10	76414714	76415889	ENSG00000214626	POLR3DP1
1	25370198	25439611	ENSG00000233755	RP4-799D16.1
2	43635446	43635551	ENSG00000252804	RNU6-958P
17	80412149	80416397	ENSG00000265458	RP13-20L14.6
2	174162357	174163240	ENSG00000231735	RP11-1O7.1
21	34537776	34542541	ENSG00000229086	C21orf54
2	43848017	43848123	ENSG00000207411	Y_RNA
10	76504144	76504465	ENSG00000213525	RP11-383B24.3
1	119543241	119544028	ENSG00000239216	RP4-712E4.2
2	174202947	174220936	ENSG00000236391	AC092573.2
7	134777115	134855547	ENSG00000122783	C7orf49
X	154695631	154841277	ENSG00000224533	TMLHE-AS1
5	43225608	43225915	ENSG00000249888	RP11-447H19.2
12	120729566	120729706	ENSG00000202538	RNU4-2
11	104963196	104972158	ENSG00000255221	CARD17
9	132883085	132883191	ENSG00000223188	Y_RNA
5	88179145	88762215	ENSG00000248309	MEF2C-AS1
1	119590028	119607408	ENSG00000224238	WARS2-IT1
1	222676974	222677077	ENSG00000222399	RNU6-791P
1	169036502	169036602	ENSG00000252987	RNA5SP66
1	25451544	25451945	ENSG00000233419	RP4-781L3.1
9	133275653	133275950	ENSG00000264169	RN7SL665P
2	43902292	43903461	ENSG00000223658	AC011242.6
Y	19900195	19901364	ENSG00000235521	USP9YP27
4	68869613	68869719	ENSG00000207428	RNU6-95P
1	119627621	119628577	ENSG00000223575	RBMX2P3
1	169073362	169074145	ENSG00000237707	RP5-1018K9.1
17	80434473	80435800	ENSG00000266445	RP13-991F5.2
1	222763167	222766374	ENSG00000225265	RP11-378J18.3
6	27528601	27529523	ENSG00000219738	XXbac-BPG34I8.3
4	68904262	68905368	ENSG00000227725	GCOM2
19	41725108	41767671	ENSG00000167601	AXL
11	63448918	63527363	ENSG00000133318	RTN3
4	185286336	185303460	ENSG00000249096	RP11-290F5.1
11	84351036	84351608	ENSG00000240174	RP11-851M3.1
2	174296077	174296540	ENSG00000213148	AC073465.1
12	94034598	94035362	ENSG00000186076	RP11-887P2.3
1	119669162	119669914	ENSG00000236804	RPS3AP12
1	25534630	25535360	ENSG00000231953	RP4-706G24.1
6	135950543	135951406	ENSG00000233534	RP1-38C16.2
1	169279903	169291717	ENSG00000235575	RP4-800F24.1
11	5113906	5114841	ENSG00000226157	OR52E3P
8	64498558	64501966	ENSG00000253583	RP11-573J24.1
1	74100899	74180897	ENSG00000223479	RP4-788P17.1
1	25574328	25574812	ENSG00000272432	RP3-465N24.6
9	133325241	133325342	ENSG00000238298	snoU13
11	84431869	84511744	ENSG00000254787	CTD-2537O9.1
6	27564191	27564296	ENSG00000206671	RNU6-471P
2	174342724	174343128	ENSG00000236832	AC073465.2
11	576486	612222	ENSG00000070047	PHRF1
1	169411876	169429690	ENSG00000234437	RP1-206D15.3
6	27599188	27599311	ENSG00000238648	TRNAI6
6	135957224	135957851	ENSG00000217482	HMGB1P17
1	25592593	25593627	ENSG00000261349	RP3-465N24.5
9	133527186	133527770	ENSG00000232172	RP11-57C19.2
19	43285358	43290747	ENSG00000238092	CEACAMP6
1	74215200	74215306	ENSG00000200601	RNA5SP50
16	67757005	67840555	ENSG00000141084	RANBP10
6	27620381	27620604	ENSG00000216676	RP1-15D7.1
11	84647733	84666749	ENSG00000255555	AP000857.3
6	44221833	44225291	ENSG00000157593	SLC35B2
1	25620655	25621134	ENSG00000224183	SDHDP6
1	74349396	74349505	ENSG00000252005	RNU4ATAC8P
14	77253588	77292589	ENSG00000013523	ANGEL1
2	174350593	174351090	ENSG00000226131	AC073465.3
4	68926312	68929015	ENSG00000215127	SYT14L
6	58291908	58298496	ENSG00000225096	XXbac-BPG55C20.7
X	154697947	154716707	ENSG00000225393	RP11-218L14.4
8	39172110	39274897	ENSG00000196115	ADAM5
1	74807263	74844486	ENSG00000237324	RP11-439H8.4
11	84708270	84708812	ENSG00000255396	AP000857.2
8	64521912	64522158	ENSG00000252358	RN7SKP135
1	119683019	119818596	ENSG00000231365	RP11-418J17.1
17	10162079	10162549	ENSG00000242692	RPS27AP1
7	63353664	63355019	ENSG00000235720	RP11-340I6.6
4	185353120	185353203	ENSG00000251878	SNORD79
11	105008448	105010453	ENSG00000255501	CARD18
11	5125383	5126314	ENSG00000203560	OR52J1P
2	174439838	174441069	ENSG00000237016	AC013410.1
6	58293965	58294939	ENSG00000214563	GAPDHP15
HSCHR19LRC_LRC_T_CTG1	55316415	55316521	ENSG00000263106	U6
6	27704779	27706273	ENSG00000216915	RP1-97D16.1
1	74933879	74935227	ENSG00000233894	RP4-650F12.2
1	25662920	25663956	ENSG00000259984	RP11-335G20.7
1	169443298	169443397	ENSG00000234604	RP1-206D15.5
4	185393078	185393763	ENSG00000270426	RP11-326I11.5
8	64599737	65281115	ENSG00000253554	RP11-32K4.1
7	63361201	63378372	ENSG00000226581	RP11-340I6.8
15	52484519	52587995	ENSG00000128833	MYO5C
11	84731829	84732699	ENSG00000213305	HNRNPCP6
1	25667462	25667525	ENSG00000252515	RNU6-1171P
4	69048010	69078188	ENSG00000250426	FTLP10
11	55493594	55494634	ENSG00000186886	OR5D3P
9	133600173	133600437	ENSG00000224797	RP11-57C19.6
1	169455380	169456846	ENSG00000213062	AL021068.1
4	185395956	185398458	ENSG00000271646	RP11-326I11.3
1	25672765	25672868	ENSG00000238889	snoU13
19	43326015	43331030	ENSG00000225877	AC004603.4
1	222814756	222815200	ENSG00000229399	RP11-378J18.6
11	85047119	85047616	ENSG00000254684	RP11-882I15.1
1	75055419	75087403	ENSG00000234497	RP4-612J11.1
7	63361446	63361511	ENSG00000263891	AC092634.1
12	94101567	94131599	ENSG00000258274	RP11-887P2.5
1	25725203	25725771	ENSG00000238084	RP3-469D22.1
17	10195137	10221243	ENSG00000273388	RP11-401O9.4
6	58397998	58399412	ENSG00000216687	RP11-278J20.2
6	136128286	136129604	ENSG00000236378	RP11-394G3.2
7	63369344	63370831	ENSG00000226342	NMD3P1
17	10223709	10244775	ENSG00000264067	RP11-401O9.3
1	169732070	169733789	ENSG00000230704	RP1-117P20.3
10	121410882	121437331	ENSG00000151929	BAG3
2	202655184	202760273	ENSG00000138395	CDK15
11	85163326	85164742	ENSG00000254897	RP11-482L11.1
4	185427614	185458708	ENSG00000271538	RP11-326I11.4
6	136235893	136235985	ENSG00000238921	AL360178.1
19	43343520	43359870	ENSG00000248257	PSG10P
3	172489067	172489195	ENSG00000200355	SNORA72
6	27748398	27748890	ENSG00000218069	RSL24D1P1
11	55522452	55523433	ENSG00000181837	OR5D17P
2	174570676	174570876	ENSG00000237617	AC013410.2
6	136298949	136299041	ENSG00000222121	AL512290.1
12	94224852	94225146	ENSG00000264978	RN7SL630P
3	172514219	172514348	ENSG00000201458	RNU4-4P
1	75164453	75165017	ENSG00000272864	RP11-17E13.2
1	222832209	222834854	ENSG00000272750	RP11-378J18.8
6	58446019	58447307	ENSG00000214561	RBBP4P4
7	63385165	63386684	ENSG00000227910	RP11-73B2.6
17	10286449	10441179	ENSG00000272736	RP11-799N11.1
1	25732722	25732780	ENSG00000266468	AL031284.1
12	94229943	94231814	ENSG00000258303	RP11-887P2.6
2	174675804	174676120	ENSG00000270460	RP11-796E10.1
1	169828897	169829193	ENSG00000239494	RN7SL333P
4	185480329	185480937	ENSG00000249056	RP11-326I11.1
10	102790991	102800998	ENSG00000107819	SFXN3
6	136355169	136356293	ENSG00000213111	COX5BP2
1	222881579	222881873	ENSG00000263877	RN7SL276P
X	155058248	155059239	ENSG00000237801	AMDP1
11	85220982	85221088	ENSG00000206583	RNU6-1292P
1	25907969	25916847	ENSG00000225643	RP11-70P17.1
1	169927085	169927387	ENSG00000243051	RN7SL269P
2	174736381	174737193	ENSG00000234415	RPL5P7
18	21086148	21166862	ENSG00000141458	NPC1
12	94288741	94337379	ENSG00000257283	RP11-1060G2.1
1	75428998	75430802	ENSG00000229943	RP11-93N20.1
4	69049802	69093787	ENSG00000250026	RP11-646E20.6
6	27774853	27775117	ENSG00000217862	HIST1H4PS1
9	133809238	133820907	ENSG00000236658	RP11-83J21.3
11	55554440	55555381	ENSG00000255019	OR5D15P
11	85627545	85634725	ENSG00000255005	RP11-90K17.2
4	185505247	185546184	ENSG00000254233	RP11-242J7.1
1	169959208	169959337	ENSG00000235378	MRPS10P1
1	119761937	119762719	ENSG00000227056	RPL6P2
1	75588203	75589612	ENSG00000261213	RP11-510C10.4
1	25971035	25985602	ENSG00000233478	RP1-187B23.1
9	133896555	133896693	ENSG00000252582	SNORA31
7	150264365	150271041	ENSG00000133574	GIMAP4
12	94338817	94341589	ENSG00000271382	RP11-1060G2.2
11	85645780	85646706	ENSG00000254479	SLC25A1P1
X	3189861	3202694	ENSG00000228459	CXorf28
2	174745593	174764156	ENSG00000224638	AC106900.6
11	5127292	5128760	ENSG00000236897	AC113331.9
1	75593515	75598743	ENSG00000224127	RP11-510C10.2
7	63387214	63387279	ENSG00000265017	AC092634.2
1	169990599	169991390	ENSG00000203260	AL356475.1
11	55623068	55623988	ENSG00000186124	OR9M1P
20	3713314	3733758	ENSG00000132622	HSPA12B
X	155105299	155105548	ENSG00000237040	DPH3P2
6	27831840	27832179	ENSG00000217646	HIST1H2BPS2
7	63391519	63392346	ENSG00000213645	SLC25A1P3
1	26143240	26146263	ENSG00000228172	RP1-317E23.3
1	119801664	119801764	ENSG00000238679	snoU13
17	10286461	10527203	ENSG00000272975	CTC-297N7.11
1	169993218	169993824	ENSG00000232959	RP11-332H17.1
2	123823727	123831057	ENSG00000232740	AC062020.1
2	174833079	174834146	ENSG00000271151	RP11-394I13.2
11	85805234	85805337	ENSG00000238666	snoU13
9	134002377	134002478	ENSG00000252622	RNU6-881P
X	155208657	155208990	ENSG00000228410	TCEB1P24
1	75595659	75598261	ENSG00000224149	RP11-510C10.3
4	185719450	185720200	ENSG00000249138	RP11-701P16.1
1	119802888	119869926	ENSG00000227712	RP11-418J17.3
2	113914902	113966973	ENSG00000125637	PSD4
11	85864269	85864376	ENSG00000200877	RNU6-560P
11	55631408	55648719	ENSG00000255204	RP11-738O11.9
1	170084777	170085717	ENSG00000224896	SIGLEC30P
5	167148368	167156129	ENSG00000253357	CTB-78F1.2
1	222988364	223010726	ENSG00000228106	RP11-452F19.3
X	155215035	155215914	ENSG00000223484	TRPC6P
11	85903829	85904524	ENSG00000254699	RP11-12D16.2
1	75648730	75648832	ENSG00000206999	RNU6-622P
6	136364990	136393965	ENSG00000227844	RP13-143G15.3
5	167297550	167297670	ENSG00000221741	AC093304.1
6	27865282	27865344	ENSG00000238610	RNU7-26P
6	58488888	58513860	ENSG00000223633	RP11-143A22.1
13	25875662	25923938	ENSG00000139496	NUPL1
1	75987247	75987916	ENSG00000224493	RP11-87O11.1
2	174876584	174877703	ENSG00000273258	RP11-394I13.3
19	43453655	43454539	ENSG00000227349	CEACAMP7
4	185765739	185776905	ENSG00000251230	RP11-701P16.5
2	124200842	124202021	ENSG00000226708	AC073409.1
11	85906174	85907308	ENSG00000254502	FNTAL1
8	64617314	64664235	ENSG00000253762	RP11-579E24.2
6	27905243	27906181	ENSG00000168126	OR2W6P
1	170120519	170120603	ENSG00000263390	MIR3119-1
6	61996403	61996816	ENSG00000220030	RP1-91N13.1
2	174890008	174891891	ENSG00000260868	RP11-394I13.1
1	119870799	119898805	ENSG00000232650	RP5-834N19.1
1	76003700	76003804	ENSG00000252338	RNU6-503P
17	10482357	10526353	ENSG00000214970	CTC-297N7.7
5	167364722	167380474	ENSG00000253660	CTC-353G13.1
1	76047784	76048240	ENSG00000213579	RP4-595K12.1
11	85994969	85995710	ENSG00000254783	RP11-320L11.2
1	170143544	170210428	ENSG00000233985	RP11-297H3.3
2	174907736	174908608	ENSG00000235414	AC016737.1
4	120377505	120378432	ENSG00000250950	RP11-33B1.3
6	62056770	62056882	ENSG00000221606	AL356131.1
1	26158404	26158625	ENSG00000272478	RP1-317E23.7
2	124439683	124439791	ENSG00000221689	AC092646.3
19	43540021	43545400	ENSG00000236932	CEACAMP8
6	62340138	62390954	ENSG00000250686	RP1-240B8.3
1	26186104	26189911	ENSG00000236528	RP1-125I3.2
5	167392192	167394091	ENSG00000253947	CTB-77H17.1
4	120490854	120490980	ENSG00000221245	SNORA11
2	175036619	175037453	ENSG00000270799	RP11-451F14.1
12	19260788	19261117	ENSG00000256844	RP11-282K24.2
11	55633185	55633296	ENSG00000255499	RP11-738O11.12
17	34310327	34329100	ENSG00000213494	CCL14
9	134008252	134042892	ENSG00000236986	RP11-544A12.4
1	76107031	76107772	ENSG00000230863	RP4-595K12.2
11	86005802	86006618	ENSG00000255222	SETP17
X	155233883	155255299	ENSG00000270726	AJ271736.10
15	102121096	102121759	ENSG00000259695	RP11-14C10.2
4	185772167	185772264	ENSG00000266698	MIR3945
17	45771447	45789416	ENSG00000198933	TBKBP1
2	175104870	175105146	ENSG00000243770	RN7SL65P
1	26203987	26204096	ENSG00000207302	Y_RNA
1	170180151	170180598	ENSG00000238051	ISCUP1
2	124452878	124454972	ENSG00000235640	AC092646.1
1	119874020	119874148	ENSG00000194297	RNU1-75P
12	117890817	118406788	ENSG00000171435	KSR2
4	120720244	120725670	ENSG00000250772	RP11-236P13.1
11	55635045	55642013	ENSG00000254547	RP11-738O11.13
12	19300008	19307593	ENSG00000253284	RP11-282K24.3
2	175129606	175129709	ENSG00000201088	Y_RNA
1	26213851	26214101	ENSG00000229786	SNRPFP2
11	86035056	86035351	ENSG00000239856	RN7SL225P
1	76175688	76189696	ENSG00000178193	RP4-682C21.5
19	43600608	43601512	ENSG00000230529	CEACAMP9
6	63170845	63171408	ENSG00000216859	RP11-448N11.1
1	119911569	119912954	ENSG00000230921	HAO2-IT1
X	3226606	3264682	ENSG00000101825	MXRA5
19	7793843	7798792	ENSG00000182566	CLEC4G
4	185815025	185820608	ENSG00000249173	LINC01093
2	175164052	175165684	ENSG00000227180	AC013467.1
11	86142632	86333909	ENSG00000254733	RP11-317J19.1
1	26215461	26215600	ENSG00000223624	RP1-125I3.4
12	19329225	19329523	ENSG00000240993	RN7SL459P
6	27932953	27933292	ENSG00000214374	RPLP2P1
15	102188409	102188515	ENSG00000252614	RNU6-807P
17	52780297	52780791	ENSG00000263199	RP11-372K20.1
6	136415853	136546733	ENSG00000237596	RP13-143G15.4
17	10561859	10562399	ENSG00000261433	CTC-297N7.1
12	19456414	19456710	ENSG00000243854	RN7SL67P
5	110427414	110466200	ENSG00000134987	WDR36
1	76209103	76210461	ENSG00000181227	RP4-682C21.2
1	119977079	119977703	ENSG00000232780	RP5-871G17.5
10	35930100	35930180	ENSG00000264780	MIR4683
15	102223718	102223819	ENSG00000238502	snoU13
12	19566087	19566395	ENSG00000255909	RP11-841C19.3
11	86143140	86143617	ENSG00000254727	PTP4A1P6
2	175174743	175175702	ENSG00000237804	HNRNPA1P39
1	26232853	26232945	ENSG00000264021	MIR3917
10	35986228	35986965	ENSG00000226646	RPL7P37
1	170240744	170253349	ENSG00000224286	LINC01142
19	43657431	43665014	ENSG00000227606	AC005392.13
3	180585929	180700541	ENSG00000114416	FXR1
4	69148179	69151677	ENSG00000250642	RP11-642E20.5
11	55670817	55671754	ENSG00000227806	OR5W1P
15	102291235	102334505	ENSG00000259660	DNM1P47
1	26238240	26238313	ENSG00000266763	AL033528.1
6	27944928	27945853	ENSG00000216629	OR2W4P
1	26290688	26290791	ENSG00000207237	RNU6-110P
17	52831526	52832010	ENSG00000263125	ARL2BPP8
19	43715943	43752798	ENSG00000241104	CEACAMP10
6	136639099	136639374	ENSG00000216519	RP3-406A7.1
5	167460096	167460210	ENSG00000253065	SNORA40
4	185832043	185832506	ENSG00000251147	RP11-701P16.3
2	175190755	175195371	ENSG00000231453	AC018470.4
1	119981624	119988709	ENSG00000203858	HSD3BP2
1	26332497	26332621	ENSG00000252190	SCARNA17
17	52848310	52848638	ENSG00000251809	RN7SKP14
HSCHR6_MHC_QBL	28743697	28743804	ENSG00000272612	AL662890.4
5	167512334	167614724	ENSG00000253925	CTB-178M22.1
10	36185802	36187891	ENSG00000227313	RP11-309N24.1
6	63257332	63258177	ENSG00000217067	RP11-448N11.2
1	76252757	76252835	ENSG00000206620	SNORD45C
5	79783788	79838382	ENSG00000152380	FAM151B
1	26332707	26332790	ENSG00000252691	SCARNA18
4	185859537	185859594	ENSG00000263458	MIR4455
17	53246184	53250993	ENSG00000261589	CTC-462L7.1
3	15278507	15278600	ENSG00000252085	Y_RNA
1	170338364	170339508	ENSG00000226967	HAUS4P1
1	26398069	26398168	ENSG00000265320	AL391650.1
1	76253574	76253657	ENSG00000207241	SNORD45A
5	90664541	90679176	ENSG00000113369	ARRDC3
11	55715596	55716400	ENSG00000255416	OR10AF1P
10	36378014	36378317	ENSG00000227475	RP11-810B23.1
11	86414141	86425134	ENSG00000254731	CTD-2005H7.1
21	34602206	34637980	ENSG00000159110	IFNAR2
HSCHR6_MHC_QBL	28751414	28751785	ENSG00000273323	NOL5BP
4	159587831	159593407	ENSG00000205208	C4orf46
1	76255162	76255233	ENSG00000201487	SNORD45B
3	15295691	15306000	ENSG00000224660	SH3BP5-AS1
4	120858712	120885053	ENSG00000250183	RP11-96A1.4
1	170339354	170339436	ENSG00000263384	AL354732.1
1	26496438	26498312	ENSG00000236782	RP11-96L14.7
1	76308317	76308402	ENSG00000266832	AL445464.1
10	36721810	36723412	ENSG00000236626	MTND5P17
11	86438397	86476307	ENSG00000255250	CTD-2005H7.2
1	223085186	223085289	ENSG00000239054	snoU13
2	175352117	175353114	ENSG00000226853	AC010894.3
1	76477009	76485041	ENSG00000225605	RP11-550H2.1
4	185910151	185926340	ENSG00000248517	RP11-386B13.4
17	53348865	53351014	ENSG00000263096	RP11-515O17.2
11	55724692	55725106	ENSG00000254807	OR10AK1P
1	223119067	223119242	ENSG00000234523	NDUFB1P2
1	170429594	170501788	ENSG00000231407	RP11-576I22.2
1	149895209	149900236	ENSG00000143368	SF3B4
6	27978501	27980133	ENSG00000217539	IQCB2P
15	102311961	102322192	ENSG00000259236	CTD-2611K5.5
10	76581368	76581888	ENSG00000272748	RP11-222G7.2
2	124519747	124520647	ENSG00000227738	AC092646.2
11	86532185	86532770	ENSG00000271318	AP000654.5
HSCHR6_MHC_QBL	28763753	28763816	ENSG00000272776	AL662890.7
17	53403118	53405152	ENSG00000262079	RP11-515O17.3
1	223317391	223318296	ENSG00000236846	RP11-239E10.2
19	43783085	43788470	ENSG00000236123	CEACAMP11
10	76762813	76784932	ENSG00000234149	RP11-77G23.2
3	15358127	15358229	ENSG00000238891	snoU13
6	63321058	63321232	ENSG00000262566	RP11-448N11.3
6	136656852	136657225	ENSG00000260418	RP3-406A7.7
14	106780513	106781017	ENSG00000211952	IGHV4-28
4	69158845	69160082	ENSG00000248639	RP11-642E20.2
11	55746179	55753881	ENSG00000214880	OR7E5P
11	86543582	86544491	ENSG00000197882	OR7E13P
3	15381256	15381362	ENSG00000201162	RNU6-454P
HG544_PATCH	17619361	17620211	ENSG00000261021	PRPF38AP2
6	63393083	63393173	ENSG00000216072	AL589736.1
1	223354486	223361496	ENSG00000226601	RP11-239E10.3
1	76507376	76531913	ENSG00000230027	RP11-550H2.2
9	6720863	7175648	ENSG00000107077	KDM4C
4	185973050	186028402	ENSG00000250754	RP11-386B13.3
6	27983346	27983553	ENSG00000199851	U3
1	120004652	120005644	ENSG00000235595	GAPDHP23
6	63436740	63436829	ENSG00000264410	AL121931.1
6	136685267	136686217	ENSG00000220660	RP3-406A7.3
3	15416880	15417152	ENSG00000226427	HMGN2P7
1	223547164	223547266	ENSG00000251789	RNU4-57P
7	150322463	150329473	ENSG00000133561	GIMAP6
2	175366680	175367043	ENSG00000179997	AC010894.4
HG544_PATCH	17683283	17685877	ENSG00000262685	RP11-390B4.5
6	63692989	63693075	ENSG00000266682	AL590558.1
X	3522411	3631649	ENSG00000183943	PRKX
6	28001725	28002633	ENSG00000217315	OR2W2P
1	76819268	76819931	ENSG00000223905	RP11-335E14.1
12	54747576	54860769	ENSG00000258086	RP11-753H16.5
19	43807323	43808675	ENSG00000230681	CEACAMP4
1	223741977	223742862	ENSG00000235428	WI2-2998D17.2
6	63902977	63903535	ENSG00000217477	RP11-184C23.1
HG544_PATCH	17721187	17721296	ENSG00000262522	snoR442
4	120860695	120885448	ENSG00000250392	RP11-700N1.1
1	170556390	170557377	ENSG00000225545	RP11-545I10.2
4	69166043	69168177	ENSG00000249531	RP11-642E20.3
19	43833447	43835582	ENSG00000231412	CTC-490G23.2
14	106791005	106791536	ENSG00000211953	IGHV3-30
HG544_PATCH	17737708	17742231	ENSG00000261500	RP11-390B4.3
3	15474617	15474723	ENSG00000206926	RNU6-1024P
1	120009844	120016426	ENSG00000187481	HSD3BP1
11	86544110	86548657	ENSG00000269895	AP000654.4
HG544_PATCH	17887106	17887192	ENSG00000262338	hsa-mir-511
1	170567995	170616480	ENSG00000235303	RP1-79C4.1
19	43864837	43873122	ENSG00000272396	CTC-490G23.4
1	223831812	223832085	ENSG00000227002	SNRPEP10
4	120868286	120868387	ENSG00000200553	Y_RNA
Y	9374241	9384693	ENSG00000224336	FAM197Y1
6	28014212	28015145	ENSG00000187763	OR2B7P
1	77102562	77103024	ENSG00000272855	RP5-1102E8.3
1	170636522	170638566	ENSG00000271811	RP1-79C4.4
HG544_PATCH	17904886	17907470	ENSG00000260985	RP11-457D2.3
1	26536232	26556331	ENSG00000236155	RP11-231P20.2
4	120956188	120961770	ENSG00000253825	RP11-96A1.5
11	55782493	55783433	ENSG00000182365	OR5F2P
4	69170061	69170657	ENSG00000248122	APOOP4
6	63937390	63937648	ENSG00000219940	SPTLC1P3
2	175411869	175639555	ENSG00000236449	AC018890.6
9	130213765	130265780	ENSG00000148356	LRSAM1
9	134065297	134069592	ENSG00000246851	RP11-544A12.8
1	171010488	171010581	ENSG00000215924	BX284613.1
19	43876894	43883276	ENSG00000204933	CD177P1
5	167656588	167659362	ENSG00000253978	CTB-178M22.2
1	77165474	77166223	ENSG00000226415	TPI1P1
11	86568101	86568989	ENSG00000255203	OR7E2P
X	132896823	132897710	ENSG00000233260	RPSAP63
1	171052706	171054346	ENSG00000226552	RP5-1092L12.2
14	106805209	106805716	ENSG00000231475	IGHV4-31
3	15477678	15493109	ENSG00000249786	EAF1-AS1
4	120988113	121337921	ENSG00000250938	RP11-679C8.2
11	105480721	105852819	ENSG00000152578	GRIA4
1	40766159	40783488	ENSG00000049089	COL9A2
4	69242041	69242226	ENSG00000162840	MT2P1
6	63938992	63940015	ENSG00000218520	RP11-184C23.4
2	225629807	225907162	ENSG00000135905	DOCK10
HSCHR6_MHC_QBL	28805650	28806787	ENSG00000272907	XXbac-BPG308K3.5
2	175422694	175422800	ENSG00000206965	RNU6-5P
17	65713949	65740647	ENSG00000130935	NOL11
2	211036020	211036115	ENSG00000263530	AC006994.3
15	93586636	93632433	ENSG00000182175	RGMA
X	133123470	133124113	ENSG00000232068	AF003529.2
5	167979282	167980732	ENSG00000253861	SLC2A3P1
11	86603256	86636079	ENSG00000255471	RP11-736K20.5
6	64102127	64102511	ENSG00000218617	RP3-407E4.2
1	223877753	223877816	ENSG00000212398	RNU6-1248P
14	106815722	106816253	ENSG00000211955	IGHV3-33
1	77183825	77183926	ENSG00000264686	AC104458.1
2	175439955	175452454	ENSG00000237798	AC010894.5
11	55821840	55822779	ENSG00000184741	OR5AQ1P
2	211036242	211095107	ENSG00000231294	AC006994.2
X	133276258	133276370	ENSG00000200572	Y_RNA
HSCHR6_MHC_QBL	28827406	28831131	ENSG00000272629	XXbac-BPG308K3.6
19	44057597	44059646	ENSG00000269177	L34079.3
1	77218820	77218925	ENSG00000199921	RNU6-161P
1	224044281	224045089	ENSG00000227621	PHBP11
X	133300712	133300962	ENSG00000224908	TIMM8BP2
6	64104912	64107011	ENSG00000218274	RP3-407E4.3
15	102313442	102313716	ENSG00000240927	RN7SL209P
X	52613039	52615362	ENSG00000228771	RP11-552J9.1
2	211130687	211130798	ENSG00000199203	Y_RNA
1	77223809	77244952	ENSG00000237552	RP11-415A20.1
2	124626833	124627147	ENSG00000223118	RN7SKP102
2	175584505	175585526	ENSG00000235655	H3F3AP4
HSCHR6_MHC_QBL	28829197	28829828	ENSG00000273122	RPL13P
19	44078790	44079770	ENSG00000269583	L34079.4
9	134116074	134117111	ENSG00000226987	RP11-544A12.5
15	102368944	102369882	ENSG00000232459	OR4F14P
X	133303408	133303482	ENSG00000207572	MIR363
2	124774435	124782750	ENSG00000228400	AC079154.1
12	54822087	54823187	ENSG00000257477	LINC01154
11	86666661	86712001	ENSG00000246523	RP11-736K20.6
6	136740985	136741563	ENSG00000216613	RP3-406A7.5
11	55838506	55839525	ENSG00000181780	OR5J1P
2	211189483	211333970	ENSG00000234281	AC007970.1
1	77473429	77473500	ENSG00000221720	AC096951.1
1	224051428	224052553	ENSG00000188460	ACTBP11
4	159593277	159630775	ENSG00000171503	ETFDH
X	133303568	133303642	ENSG00000208034	MIR92A2
6	28021006	28021943	ENSG00000182477	OR2B8P
3	15537746	15537815	ENSG00000263573	MIR4270
1	26589532	26589889	ENSG00000270733	RP11-231P20.5
X	52627544	52632339	ENSG00000185319	SSXP4
5	96271098	96373219	ENSG00000113441	LNPEP
5	167987897	167987982	ENSG00000199035	MIR103A1
12	54936895	54937889	ENSG00000257824	RP11-1049A21.2
1	171070869	171070947	ENSG00000221390	MIR1295A
1	77533605	77544167	ENSG00000230498	RP4-564M11.2
4	185986135	185986477	ENSG00000249520	RP11-386B13.1
14	106829594	106830076	ENSG00000211956	IGHV4-34
6	64150671	64153485	ENSG00000218048	RP3-407E4.4
X	133303701	133303797	ENSG00000207812	MIR19B2
3	15548132	15548412	ENSG00000241064	RN7SL110P
15	102382322	102390527	ENSG00000214344	OR4F13P
2	125438299	125438493	ENSG00000238046	MTND5P22
1	120038459	120039464	ENSG00000229570	GAPDHP58
3	15738805	15738878	ENSG00000264354	MIR3134
HSCHR6_MHC_QBL	28856613	28857687	ENSG00000229714	ZNF90P2
11	86735625	86736819	ENSG00000254748	HNRNPCP8
1	171168383	171196927	ENSG00000225243	RP1-127D3.4
X	133303839	133303907	ENSG00000207710	MIR20B
11	55850277	55851215	ENSG00000225538	OR5BE1P
17	10575791	10579323	ENSG00000273290	CTC-297N7.8
1	224135307	224138118	ENSG00000233771	CICP5
1	26653179	26653524	ENSG00000225854	RP11-569G9.7
3	15773759	15774977	ENSG00000270409	RP11-44D5.1
14	106845323	106845789	ENSG00000211957	IGHV3-35
X	133304064	133304146	ENSG00000239594	MIR18B
1	77594768	77595384	ENSG00000226084	RP4-706A16.3
2	175647774	175652656	ENSG00000237104	AC018890.4
8	64681988	64698058	ENSG00000253734	RP11-579E24.1
Y	13496241	13524717	ENSG00000183704	SLC9B1P1
1	224139096	224141141	ENSG00000272645	RP11-504P24.8
X	133304228	133304308	ENSG00000207602	MIR106A
17	10584051	10587305	ENSG00000263388	CTC-297N7.10
11	55864720	55864860	ENSG00000254524	OR8I4P
3	15780022	15780315	ENSG00000263740	RN7SL4P
X	133338383	133339946	ENSG00000232664	LARP1BP3
6	64190039	64191781	ENSG00000225121	EEF1B2P5
1	224163848	224163951	ENSG00000212157	RNU6-1319P
2	175842531	175842625	ENSG00000201425	Y_RNA
1	171216719	171220933	ENSG00000231424	RP1-45C12.1
4	186043476	186043576	ENSG00000265619	AC093824.1
14	106866406	106866934	ENSG00000211958	IGHV3-38
7	1570350	1582679	ENSG00000198517	MAFK
17	10619319	10619828	ENSG00000264176	MAGOH2
3	15915278	15915356	ENSG00000207815	MIR563
8	65244484	65244709	ENSG00000253231	COX6CP8
2	175886942	175887047	ENSG00000212167	RNU6-763P
15	102416167	102417104	ENSG00000257109	OR4F28P
1	224170456	224175856	ENSG00000232372	RP11-504P24.2
1	120076372	120077369	ENSG00000226443	GAPDHP32
1	171223045	171223161	ENSG00000206692	Y_RNA
4	186291879	186312082	ENSG00000250410	RP11-714G18.1
X	133348416	133348694	ENSG00000272244	Metazoa_SRP
11	86805776	86807627	ENSG00000254843	RP11-648O15.1
2	175894497	175894605	ENSG00000199827	RNU6-1290P
11	55884115	55884732	ENSG00000255140	OR5BN2P
3	15919554	15921078	ENSG00000224728	AC090945.1
X	133406317	133407688	ENSG00000214961	RP11-355K23B.1
1	26674956	26675210	ENSG00000265143	RN7SL490P
1	171240093	171240729	ENSG00000230547	HMGB1P11
2	175898506	175898920	ENSG00000227187	RP11-6C10.1
6	150384286	150390231	ENSG00000131019	ULBP3
2	211969658	211970456	ENSG00000271074	RP11-212J19.1
1	77660510	77661080	ENSG00000228187	RP11-363H12.1
Y	26909216	26959626	ENSG00000187191	DAZ3
1	26781144	26781678	ENSG00000223583	RP3-476K8.4
4	186337127	186337240	ENSG00000207231	Y_RNA
12	55001971	55004246	ENSG00000257780	GLYCAM1
X	133537328	133537412	ENSG00000251962	AL591668.1
2	212163666	212163914	ENSG00000231017	AC013404.1
6	28041094	28042011	ENSG00000220721	OR1F12
2	175899245	175899318	ENSG00000266510	AC007435.1
1	26789247	26793773	ENSG00000225891	RP3-476K8.3
9	134361052	134361137	ENSG00000235284	SNORD62A
1	77811731	77815270	ENSG00000233099	RP11-375A5.1
6	136797000	136797288	ENSG00000218424	NDUFS5P1
HSCHR6_MHC_QBL	28864311	28865103	ENSG00000227559	HCG14
3	16269421	16269957	ENSG00000255701	AC090953.1
X	133656732	133657020	ENSG00000226107	AC004383.3
1	171314228	171314459	ENSG00000225704	RP4-798A17.5
2	176032361	176032437	ENSG00000215973	MIR933
1	224183597	224191356	ENSG00000243000	RP11-504P24.3
8	65285885	65296344	ENSG00000254377	LINC00966
17	10633094	10718481	ENSG00000263400	CTC-297N7.5
11	55900142	55900970	ENSG00000254848	OR5BN1P
1	77857107	77857213	ENSG00000221664	AC095030.1
11	86969893	86970301	ENSG00000213287	RP11-680L20.1
2	176032632	176033250	ENSG00000229750	AC096649.2
X	3735569	3761898	ENSG00000205664	RP11-706O15.1
6	64258613	64259413	ENSG00000213312	RPL7AP34
1	77886010	77886071	ENSG00000251767	RNU7-8P
4	128651533	128695448	ENSG00000151475	SLC25A31
1	26845845	26846741	ENSG00000224129	DPPA2P2
HSCHR6_MHC_SSTO	31720531	31722583	ENSG00000237918	SAPCD1
3	16316567	16318139	ENSG00000270739	RP11-608O8.2
1	171314244	171314446	ENSG00000268062	TOP1P1
1	78080554	78080637	ENSG00000251785	RNA5SP20
2	176041227	176041318	ENSG00000200121	Y_RNA
9	134365873	134365958	ENSG00000231587	SNORD62B
1	120081132	120088536	ENSG00000249798	HSD3BP3
4	186509063	186515157	ENSG00000233110	RP11-301L8.2
HSCHR6_MHC_QBL	32740623	32776073	ENSG00000243594	PSMB9
4	142944313	143768585	ENSG00000109452	INPP4B
11	87034751	87035401	ENSG00000270510	RP11-777F6.3
1	78111009	78111301	ENSG00000243437	RN7SL370P
2	176048943	176049335	ENSG00000233131	AC096649.1
2	212400378	212400494	ENSG00000199585	RNA5SP119
1	26881033	26881084	ENSG00000238705	MIR1976
11	87040449	87041094	ENSG00000254582	PSMA2P1
3	16355946	16356494	ENSG00000271964	RP11-415F23.2
11	55909992	55910863	ENSG00000254947	OR8K4P
1	78239550	78240549	ENSG00000232672	RP4-706L14.2
6	64280910	64282313	ENSG00000266680	RP5-1148A21.3
2	212641931	212642581	ENSG00000232631	MTND2P23
HSCHR6_MHC_QBL	31927979	31930461	ENSG00000206346	DXO
1	26919737	26920037	ENSG00000243905	RN7SL679P
3	64430907	64440508	ENSG00000244564	RP11-14D22.1
3	16380815	16381378	ENSG00000272498	RP11-415F23.3
9	134374796	134375537	ENSG00000176868	AL358781.1
1	171361368	171361929	ENSG00000239428	GM2AP2
6	64322666	64322808	ENSG00000262651	RP11-164N20.2
1	26920431	26920532	ENSG00000252802	Y_RNA
6	28046570	28048908	ENSG00000272009	RP1-313I6.12
2	176121978	176319368	ENSG00000229066	AC096649.3
1	224183659	224198309	ENSG00000185495	RP11-504P24.4
11	87191778	87192339	ENSG00000255391	CTD-2028E8.1
1	26966868	26967105	ENSG00000229247	RP11-492M19.3
HSCHR6_MHC_QBL	28883426	28883525	ENSG00000265795	U6
3	16386633	16387947	ENSG00000272529	RP11-415F23.4
3	64497431	64497533	ENSG00000212340	RNU6-739P
6	64325732	64326266	ENSG00000213309	RPL9P18
4	186587039	186596571	ENSG00000235902	RP11-626E13.1
6	136866330	136866630	ENSG00000271765	7SK
2	176195101	176195200	ENSG00000221347	AC096649.4
1	171387783	171387889	ENSG00000202082	RNU6-290P
2	176707615	176708030	ENSG00000223976	EXTL2P1
6	136871799	136873692	ENSG00000272189	RP3-325F22.5
3	16572278	16573309	ENSG00000269391	RP11-194G10.3
11	87317675	87317777	ENSG00000223015	RNU6-1135P
9	134391945	134397616	ENSG00000230289	RP11-334J6.6
1	171413838	171414102	ENSG00000234333	CYCSP53
1	120101378	120102397	ENSG00000239873	GAPDHP27
HSCHR6_MHC_QBL	28936910	28938240	ENSG00000235541	KRT18P1
11	55932976	55933397	ENSG00000255217	OR5J7P
X	153213004	153237258	ENSG00000172534	HCFC1
12	57125380	57146157	ENSG00000198056	PRIM1
11	87359381	87359441	ENSG00000199235	RNU6-1063P
2	176762064	176768960	ENSG00000235047	AC016751.3
6	64507082	64507924	ENSG00000218813	RP11-59D5__B.3
1	26968777	26968880	ENSG00000238316	snoU13
2	212642998	212644488	ENSG00000236007	AC105921.5
1	78245589	78245684	ENSG00000222849	RNA5SP21
1	224196429	224198314	ENSG00000263182	RP11-504P24.6
3	16577827	16582880	ENSG00000233570	LINC00690
11	65482367	65488418	ENSG00000172922	RNASEH2C
11	87429246	87430303	ENSG00000255183	RP11-720D4.3
1	26973938	26974172	ENSG00000235069	RP4-785J1.1
2	176769099	176770230	ENSG00000229779	AC016751.2
1	78276507	78277621	ENSG00000219201	RP11-181C21.4
3	64547014	64573878	ENSG00000241158	ADAMTS9-AS1
11	55955855	55956727	ENSG00000230213	OR8V1P
1	224218406	224222758	ENSG00000229930	RP11-504P24.5
6	136950310	136969137	ENSG00000234263	RP3-325F22.3
9	134600556	134600854	ENSG00000240853	RN7SL328P
3	16661028	16661125	ENSG00000264034	AC010139.1
HSCHR6_MHC_DBB	30284507	30304844	ENSG00000232839	TRIM39
1	171451046	171451148	ENSG00000238859	snoU13
1	27018623	27020622	ENSG00000260063	RP5-968P14.2
11	87525927	87527049	ENSG00000254650	RP11-665E10.5
2	176973371	176973458	ENSG00000216193	AC009336.1
1	120106689	120114734	ENSG00000203855	HSD3BP4
6	136951381	136951493	ENSG00000212242	RNA5SP219
6	28058932	28061442	ENSG00000219891	ZSCAN12P1
1	171461550	171461858	ENSG00000239373	RN7SL425P
3	16729493	16738986	ENSG00000229271	AC091493.2
4	186631027	186631121	ENSG00000207497	Y_RNA
11	55972601	55973101	ENSG00000213604	RP11-444K7.8
6	137176836	137176969	ENSG00000201807	SNORA27
1	27090115	27090393	ENSG00000266138	RN7SL501P
10	115674530	115676949	ENSG00000234631	AL162407.1
1	171488955	171489052	ENSG00000201126	RNU6-773P
4	186839294	186840614	ENSG00000235149	RP11-45I20.1
7	63394827	63395709	ENSG00000233173	VN1R34P
2	176986339	177001826	ENSG00000237380	HOXD-AS2
1	27141313	27141601	ENSG00000241188	RN7SL165P
1	224294984	224295243	ENSG00000252484	RN7SKP49
3	16734252	16735709	ENSG00000224039	AC091493.1
6	143381633	143661441	ENSG00000146416	AIG1
9	134657957	134658200	ENSG00000231018	EIF4A1P3
6	137221371	137222667	ENSG00000213109	RP11-55K22.2
1	171639657	171640079	ENSG00000233328	PFN1P1
1	78312795	78314487	ENSG00000235613	NSRP1P1
11	56064017	56064947	ENSG00000255461	OR8I1P
8	65291706	65291814	ENSG00000207816	MIR124-2
6	64516729	64532535	ENSG00000236345	RP11-59D5__B.2
1	203734304	203745361	ENSG00000122188	LAX1
1	27202624	27204736	ENSG00000226698	RP1-50O24.6
HSCHR6_MHC_QBL	28945253	28945548	ENSG00000264866	Metazoa_SRP
3	129149787	129158878	ENSG00000129071	MBD4
1	224363178	224363408	ENSG00000236773	RP11-365O16.1
X	52635582	52640808	ENSG00000197185	SSXP1
10	115803806	115806667	ENSG00000043591	ADRB1
4	186867237	186867340	ENSG00000239034	snoU13
X	155244288	155246502	ENSG00000185203	WASIR1
3	16974688	16974752	ENSG00000264818	MIR3714
6	64567334	64567662	ENSG00000219653	GCNT1P4
1	27306656	27307466	ENSG00000172746	RP11-344H11.4
HSCHR6_MHC_QBL	28953980	28955261	ENSG00000225368	HCG15
11	87527116	87527416	ENSG00000255022	RP11-665E10.1
7	63398283	63398887	ENSG00000231264	RP11-73B2.7
1	224367343	224367469	ENSG00000201898	SNORA72
1	78319040	78319578	ENSG00000232015	HSPE1P25
6	28083406	28084329	ENSG00000219392	RP1-265C24.5
3	40498783	40503861	ENSG00000188846	RPL14
3	17084234	17085684	ENSG00000226441	PLCL2-AS1
1	224396449	224400981	ENSG00000232628	RP11-365O16.3
1	171652268	171653578	ENSG00000230364	RPL4P3
4	186947610	186947740	ENSG00000222727	RNU4-64P
11	87628840	87628891	ENSG00000254794	RP11-665E10.3
6	137255903	137256004	ENSG00000207247	Y_RNA
11	56098823	56099964	ENSG00000254722	FAM8A2P
9	134658247	134658345	ENSG00000212395	SNORA67
4	187051175	187051309	ENSG00000253013	SNORA31
8	65466793	65467032	ENSG00000253750	RP11-21C4.4
6	137295067	137295354	ENSG00000230350	RPL35AP3
2	120124497	120130126	ENSG00000155368	DBI
7	63423809	63424501	ENSG00000228660	VN1R35P
11	87783274	87795278	ENSG00000255516	RP11-164N3.1
4	187079050	187079997	ENSG00000250327	RP11-173M11.2
7	107788068	108097161	ENSG00000091129	NRCAM
11	56102618	56103544	ENSG00000255134	OR8K2P
6	65087688	65122672	ENSG00000232120	RP11-349P19.1
1	224407315	224415745	ENSG00000237101	RP11-365O16.6
1	27310119	27310515	ENSG00000224064	RP11-344H11.5
1	171720683	171721165	ENSG00000232261	RP4-560B9.5
11	131255144	131255258	ENSG00000252351	RNU6ATAC12P
3	17177142	17177214	ENSG00000252976	AC090644.1
8	65483470	65483889	ENSG00000253800	RP11-21C4.5
1	120138790	120139802	ENSG00000240244	GAPDHP33
HSCHR6_MHC_QBL	28954577	28956313	ENSG00000243286	HCG16
3	17374618	17374923	ENSG00000231780	AC090960.1
9	134691579	134696375	ENSG00000236687	RP11-323H21.3
6	65341098	65341575	ENSG00000217811	HNRNPDP2
2	213290987	213291084	ENSG00000221782	MIR548F2
11	56124804	56125697	ENSG00000242208	RPL5P29
4	187092017	187092411	ENSG00000251008	ORAOV1P1
11	131372653	131410761	ENSG00000237654	AP003025.2
1	78347033	78355224	ENSG00000235927	NEXN-AS1
7	1581871	1600457	ENSG00000164855	TMEM184A
1	224444706	224444843	ENSG00000221406	MIR320B2
11	87794942	87831315	ENSG00000255102	RP11-164N3.2
7	63426212	63426502	ENSG00000230639	VN1R36P
2	213446081	213886269	ENSG00000273118	AC079610.1
2	65728127	65729272	ENSG00000237979	AC007389.1
HSCHR6_MHC_QBL	28994457	28995384	ENSG00000237043	OR2AD1P
5	125877533	125931110	ENSG00000164904	ALDH7A1
1	27312388	27312831	ENSG00000225294	OSTCP2
7	63440763	63441855	ENSG00000176232	RP5-1193P9.4
2	177015031	177015140	ENSG00000207744	MIR10B
9	134907273	134952977	ENSG00000230940	RP11-32B11.2
1	224485348	224486302	ENSG00000229742	RP11-365O16.5
11	87831759	87849003	ENSG00000255241	RP11-164N3.3
Y	14813160	14972764	ENSG00000114374	USP9Y
5	168043317	168044059	ENSG00000233913	CTC-575D19.1
6	65438730	65443730	ENSG00000243828	RP11-307F22.2
2	213628294	213628399	ENSG00000221388	AC093865.1
2	177028892	177030444	ENSG00000272729	RP11-387A1.5
1	120140325	120141894	ENSG00000260941	LINC00622
7	63465954	63476508	ENSG00000241149	RP11-561N12.2
11	56149111	56150065	ENSG00000254903	OR8L1P
6	137303302	137314371	ENSG00000225391	RP11-55K22.5
2	213660055	213683986	ENSG00000234308	AC093381.2
11	87833163	87833273	ENSG00000206690	Y_RNA
4	187207248	187422151	ENSG00000251165	F11-AS1
1	27503242	27503768	ENSG00000229985	RP11-40H20.5
1	78470030	78470238	ENSG00000273338	RP11-386I14.4
1	171724943	171725463	ENSG00000271459	RP4-560B9.6
19	46850251	46896238	ENSG00000011485	PPP5C
11	87909670	87909761	ENSG00000266581	MIR3166
2	65738905	65739210	ENSG00000223739	AC007389.2
1	120143963	120151873	ENSG00000198857	HSD3BP5
20	61447596	61472511	ENSG00000092758	COL9A3
1	171731214	171731664	ENSG00000236741	RP4-560B9.4
7	63488230	63490483	ENSG00000228564	LINC01005
11	88141347	88142391	ENSG00000249489	GAPDHP70
9	135090138	135090262	ENSG00000221105	AL159997.1
1	224493082	224493185	ENSG00000206887	RNU6-1008P
2	125536031	125536217	ENSG00000270815	RP11-56O18.1
12	110465872	110511491	ENSG00000174456	C12orf76
2	65772537	65772830	ENSG00000243029	RN7SL635P
6	65684286	65684385	ENSG00000221312	AL109922.1
1	78509067	78509832	ENSG00000213561	RP11-386I14.2
6	137316307	137320641	ENSG00000235399	RP11-204P2.3
2	125690492	125690597	ENSG00000252674	RNA5SP102
1	224524493	224524591	ENSG00000238856	snoU13
6	65720260	65720336	ENSG00000256352	AL109922.2
2	65782566	65782668	ENSG00000251900	VTRNA2-2P
2	213696885	213697669	ENSG00000231254	PCED1CP
5	168081518	168094766	ENSG00000254192	CTC-558O2.2
1	224585929	224586013	ENSG00000266618	MIR4742
16	2819873	2819950	ENSG00000265864	AC092117.2
6	137861537	137861608	ENSG00000252476	SNORD112
2	65816700	65867311	ENSG00000235725	AC007389.3
1	27527325	27527964	ENSG00000214973	CHCHD3P3
6	28089573	28105071	ENSG00000269293	ZSCAN16-AS1
16	2846409	2846533	ENSG00000221719	SNORA3
16	28915742	28947847	ENSG00000177548	RABEP2
10	27961804	28034989	ENSG00000150051	MKX
11	56161205	56162124	ENSG00000255466	OR5AL2P
6	66011354	66014960	ENSG00000214558	RP11-74E24.2
7	63505821	63545179	ENSG00000214652	RP11-3N2.13
1	224762136	224763091	ENSG00000229991	AKR1B1P1
11	131416556	131443494	ENSG00000236082	RP11-217L21.1
2	177037923	177053686	ENSG00000224189	HOXD-AS1
6	137865034	137865509	ENSG00000213108	BTF3L4P3
9	135297028	135297077	ENSG00000252521	RNU5D-2P
2	125746796	125746902	ENSG00000206726	RNU6-259P
1	171737210	171737315	ENSG00000253060	SCARNA20
2	65893829	65894871	ENSG00000214533	KRT18P33
1	27533421	27534287	ENSG00000225159	NPM1P39
2	125886409	125886490	ENSG00000201853	snosnR60_Z15
11	131532025	131533477	ENSG00000224795	AP003039.3
16	2848486	2855148	ENSG00000215148	PRSS41
1	171772657	171773079	ENSG00000213060	RP4-612B18.3
6	66176897	66176982	ENSG00000265187	AL109612.1
9	135644840	135645599	ENSG00000224992	RP11-295G24.5
11	88237744	88257222	ENSG00000255082	GRM5-AS1
2	126468546	126523419	ENSG00000235491	AC097499.1
1	224802998	224803922	ENSG00000233384	RP11-100E13.1
6	66498310	66499180	ENSG00000220483	SLC25A51P1
1	78554672	78554767	ENSG00000251958	RNU6-1102P
3	172546526	172546966	ENSG00000227440	ATP5G1P4
X	5758678	6146904	ENSG00000146938	NLGN4X
11	131640689	131641532	ENSG00000271624	RP11-651K21.1
5	168133572	168147889	ENSG00000254042	CTC-558O2.1
2	65894390	65894480	ENSG00000265899	AC007389.4
1	78557183	78557738	ENSG00000213560	RP11-386I14.3
11	56180220	56181144	ENSG00000181395	OR5AL1
14	53489773	53490315	ENSG00000258993	RP11-368P15.2
6	28104627	28107456	ENSG00000261839	RP1-265C24.8
1	27537756	27537975	ENSG00000225990	SNRPEP7
2	65958810	65960175	ENSG00000272177	RP11-340F16.1
6	66546823	66547947	ENSG00000233859	ADH5P4
11	131747574	131767002	ENSG00000238117	AP004372.1
1	224848875	224849588	ENSG00000234247	RP11-100E13.3
HSCHR6_MHC_SSTO	31723322	31735062	ENSG00000234433	VWA7
7	63545938	63546954	ENSG00000223558	TRIM60P17
9	135729205	135729269	ENSG00000251723	RNU6-357P
6	137994597	137995691	ENSG00000230533	RP11-95M15.1
14	53503473	53504969	ENSG00000258985	RP11-368P15.3
11	56216144	56217068	ENSG00000230416	OR5M4P
11	88345973	88346079	ENSG00000207113	RNU6-16P
1	78560491	78560599	ENSG00000202263	RNA5SP22
2	66268384	66268524	ENSG00000221524	AC074391.2
14	53619767	53619833	ENSG00000266552	AL356020.1
11	131850990	131854555	ENSG00000224700	RP11-697E14.2
11	88845878	88845992	ENSG00000221130	AP001482.1
2	66462509	66463345	ENSG00000227293	AC118345.1
1	78636165	78636921	ENSG00000233333	RNFT1P2
14	53620072	53624246	ENSG00000258731	RP11-547D23.1
1	171783652	171783766	ENSG00000252134	Y_RNA
2	171784974	171823639	ENSG00000115806	GORASP2
9	135821094	135821158	ENSG00000263816	MIR548AW
2	26251074	26251481	ENSG00000268412	AC013449.1
6	28129559	28137372	ENSG00000226314	ZNF192P1
2	126580685	126580892	ENSG00000224410	AC097499.2
1	120377388	120387779	ENSG00000215864	NBPF7
11	89026913	89027414	ENSG00000197692	CBX3P7
11	132154196	132154975	ENSG00000238262	NTM-IT
1	27555597	27560843	ENSG00000224311	RP11-40H20.4
1	171793750	171794101	ENSG00000224600	RP4-612B18.1
6	138026560	138028338	ENSG00000220412	RP11-95M15.2
11	1295601	1330884	ENSG00000078902	TOLLIP
2	66466632	66466786	ENSG00000222591	AC118345.2
3	172548771	172549019	ENSG00000237501	RP11-816B4.1
6	66803324	66804802	ENSG00000218890	NUFIP1P
1	224905206	224918364	ENSG00000229400	RP11-3L21.2
1	78695283	78835149	ENSG00000237413	RP11-183M13.1
16	2872660	2872994	ENSG00000262154	LA16c-352F10.1
11	132395703	132395781	ENSG00000252703	RNU6-1182P
1	27581955	27582058	ENSG00000252098	Y_RNA
2	66554481	66556116	ENSG00000225815	AC092669.6
6	67069318	67069392	ENSG00000221281	AC002485.1
9	135822456	135826943	ENSG00000233800	RP11-295G24.4
1	27637731	27638329	ENSG00000243659	RP11-4K3__A.3
11	132729140	132729972	ENSG00000255371	OPCML-IT2
3	172692932	172693032	ENSG00000239141	snoU13
6	67420135	67420720	ENSG00000270521	RP11-24C14.1
14	53635772	54153976	ENSG00000237356	AL163953.3
12	120730900	120731040	ENSG00000200795	RNU4-1
1	224910169	224910243	ENSG00000251933	AL596330.1
X	71798664	71934167	ENSG00000067177	PHKA1
1	171833327	171833827	ENSG00000233540	DNM3-IT1
6	67438736	67438797	ENSG00000238949	RNU7-66P
1	43735665	43739673	ENSG00000179178	TMEM125
3	172871527	173054755	ENSG00000237473	RP11-324C10.1
7	63560683	63611099	ENSG00000224458	GUSBP6
HSCHR6_MHC_QBL	29039603	29040378	ENSG00000235195	OR2P1P
1	224954602	224961043	ENSG00000225334	RP11-449J1.1
5	168195151	168195260	ENSG00000207739	MIR218-2
11	133229924	133235975	ENSG00000254896	OPCML-IT1
5	35051012	35051198	ENSG00000269027	AC010368.2
6	67859402	67859492	ENSG00000266073	AL590874.1
1	172107938	172108047	ENSG00000207949	MIR214
2	126867676	126875562	ENSG00000226813	AC114813.1
6	67920301	67920373	ENSG00000212229	SNORD65
1	27651710	27651816	ENSG00000206888	RNU6-48P
16	2889569	2892745	ENSG00000172460	PRSS30P
11	133306833	133306934	ENSG00000238693	snoU13
6	138038085	138038179	ENSG00000216097	AL357060.1
1	225634945	225653045	ENSG00000234476	RP11-496N12.6
2	66554481	66555973	ENSG00000241254	AC092669.2
1	172109461	172113934	ENSG00000230630	DNM3OS
19	18553473	18632937	ENSG00000105656	ELL
3	173362021	173362501	ENSG00000237645	RP11-521A24.1
6	68166239	68167143	ENSG00000271111	RP11-409K15.1
1	27651820	27652287	ENSG00000241547	RP11-4K3__A.5
HSCHR6_MHC_QBL	29044352	29044947	ENSG00000226795	SAR1P1
11	133372772	133372851	ENSG00000238504	AP005638.1
1	78782841	78782947	ENSG00000227556	RP11-472F19.1
14	54066550	54080744	ENSG00000225680	AL163953.2
4	146031990	146101313	ENSG00000164164	OTUD4
5	168218503	168218615	ENSG00000202345	Y_RNA
1	120395939	120396371	ENSG00000227205	PFN1P9
4	121012201	121013437	ENSG00000250219	LTV1P1
6	138051307	138060120	ENSG00000234956	RP11-356I2.1
11	133653566	133680271	ENSG00000255258	RP11-448P19.1
2	66585381	66585460	ENSG00000264525	MIR4778
5	168420005	168422682	ENSG00000248965	CTB-174D11.2
1	225888306	225939945	ENSG00000227496	RP11-145A3.1
1	78840849	78840953	ENSG00000212308	RNA5SP23
14	54079442	54080123	ENSG00000226132	RPS3AP46
2	66610438	66619582	ENSG00000232164	AC092669.3
1	172113675	172113784	ENSG00000208024	MIR199A2
6	68177124	68177201	ENSG00000251965	RNA5SP208
1	27715972	27716649	ENSG00000231207	RP1-144C9.2
10	121485609	121588652	ENSG00000198825	INPP5F
1	79131957	79132380	ENSG00000238015	RP4-641G12.3
HSCHR6_MHC_QBL	29068729	29069667	ENSG00000206523	OR2J1
14	54235660	54317600	ENSG00000235269	AL162759.1
9	135837898	135838054	ENSG00000234907	RP11-415H23.4
6	68256544	68256647	ENSG00000201015	RNU6-280P
3	173628288	173638586	ENSG00000228213	NLGN1-AS1
1	172317283	172317357	ENSG00000252354	SNORD112
1	225898670	225923976	ENSG00000226349	RP11-145A3.2
11	133734772	133735522	ENSG00000213153	RP11-259P6.3
6	68335249	68335357	ENSG00000206672	Y_RNA
9	135839119	135839180	ENSG00000238558	RNU7-21P
14	93863485	93863580	ENSG00000202306	Y_RNA
4	159630286	159644548	ENSG00000171497	PPID
1	120428927	120429550	ENSG00000226446	NOTCH2P1
1	172335680	172335786	ENSG00000206684	RNU6-157P
2	127066087	127101569	ENSG00000235774	AC023347.1
HSCHR6_MHC_QBL	29091993	29096691	ENSG00000225184	XXbac-BCX196D17.5
6	68597538	68599231	ENSG00000227706	RP11-301G19.1
14	93903746	93903856	ENSG00000252720	RNU6-1258P
14	54383988	54384471	ENSG00000231922	AL138479.3
2	66653867	66660602	ENSG00000226819	MEIS1-AS3
1	172582568	172582674	ENSG00000251943	RNU6-693P
11	65543364	65548273	ENSG00000254470	AP5B1
1	79152745	79152845	ENSG00000221683	AC104837.1
1	27783709	27786093	ENSG00000241169	RP4-752I6.1
11	133768399	133768476	ENSG00000264919	MIR4697
4	121263211	121263802	ENSG00000225665	SAR1P3
1	225928977	225929084	ENSG00000223306	RNU6-1304P
1	172717700	172718642	ENSG00000229785	SLC25A38P1
1	79214758	79216344	ENSG00000235400	RP4-641G12.4
HSCHR6_MHC_QBL	29105660	29106596	ENSG00000233506	OR2N1P
4	128702976	128761888	ENSG00000164070	HSPA4L
1	27852316	27857072	ENSG00000237429	RP1-159A19.4
1	225990850	225991150	ENSG00000234112	RP11-145A3.4
11	133826696	133826764	ENSG00000264674	AP000911.1
14	94371076	94393412	ENSG00000258584	FAM181A-AS1
22	23732793	23744913	ENSG00000133519	ZDHHC8P1
4	187249870	187250755	ENSG00000213332	SLC25A5P6
3	173775431	173775654	ENSG00000252982	RN7SKP234
11	133896882	133898013	ENSG00000255406	RP11-713P17.5
1	27975930	27976121	ENSG00000235912	RP1-159A19.3
1	79520630	79521740	ENSG00000230787	PSAT1P3
14	54415145	54415202	ENSG00000266431	MIR5580
1	172745045	173033155	ENSG00000224228	RP1-15D23.2
3	174020734	174021077	ENSG00000232601	RP11-393N4.1
HSCHR6_MHC_QBL	29149307	29150242	ENSG00000218297	OR2J4P
6	68643377	68644574	ENSG00000270509	RP11-301G19.2
2	66666220	66667444	ENSG00000230749	MEIS1-AS2
1	226028584	226034223	ENSG00000242861	RP11-285F7.2
6	138105511	138105623	ENSG00000207300	Y_RNA
9	135894816	135896553	ENSG00000196205	EEF1A1P5
14	54457819	54458713	ENSG00000224004	ATP5C1P1
1	27986839	27989233	ENSG00000233975	RP11-288L9.1
1	120451878	120453236	ENSG00000261662	RP5-1042I8.7
1	172855087	172855398	ENSG00000227177	AIMP1P2
1	79600818	79600911	ENSG00000266388	AC093430.1
1	226124111	226125257	ENSG00000248322	RP4-559A3.6
6	68765243	68770394	ENSG00000223504	RP11-542F9.1
3	174095034	174095795	ENSG00000213169	RP11-393N4.2
1	79789454	79790548	ENSG00000235011	RP4-726F1.1
2	66666575	66668968	ENSG00000244522	AC092669.1
1	120619223	120619698	ENSG00000273406	RP11-114O18.1
4	187422263	187422369	ENSG00000212387	RNU6-1055P
2	26256976	26360323	ENSG00000084733	RAB10
11	133902167	133916744	ENSG00000204241	RP11-713P17.3
1	172876040	172876824	ENSG00000224000	RP3-471M13.2
1	79986765	79987888	ENSG00000232676	ADH5P2
3	17506642	17507002	ENSG00000227309	AC140076.1
17	79163393	79196799	ENSG00000141577	AZI1
4	121560245	121571951	ENSG00000249409	RP11-501E14.1
4	187778529	187778610	ENSG00000252382	AC108865.1
6	138144810	138189370	ENSG00000237499	RP11-356I2.4
21	34619079	34655517	ENSG00000249624	AP000295.9
1	27995979	27996787	ENSG00000225886	RP11-288L9.4
14	54937427	54937936	ENSG00000258753	RP11-794A8.1
6	68936864	69039791	ENSG00000226497	RP11-406O16.1
5	168440232	168465003	ENSG00000248222	CTB-174D11.1
3	174349613	174349892	ENSG00000253020	RN7SKP40
3	17706455	17706517	ENSG00000271841	U7
1	226151879	226152128	ENSG00000213032	NDUFA3P3
HSCHR6_MHC_QBL	29169591	29169657	ENSG00000265549	AL935156.2
15	65294845	65321977	ENSG00000103707	MTFMT
1	120669562	120669662	ENSG00000207149	RNU6-465P
11	65554493	65564690	ENSG00000172818	OVOL1
3	174777151	174777821	ENSG00000230497	RP11-432A8.2
3	17747550	17747725	ENSG00000233133	AC104451.2
4	187812123	187813520	ENSG00000250829	RP11-11N5.1
14	55325933	55326048	ENSG00000252019	RNU6ATAC9P
1	28002114	28002220	ENSG00000206767	RNU6-949P
1	120693320	120697146	ENSG00000273131	RP6-42F4.1
6	69203331	69203418	ENSG00000266675	AL606923.1
7	22611226	22701411	ENSG00000225541	AC002480.5
2	177042445	177043736	ENSG00000226363	AC009336.24
6	28143966	28144452	ENSG00000216901	AL022393.7
1	173110239	173111489	ENSG00000230849	GOT2P2
1	226248413	226249577	ENSG00000272562	RP11-396C23.4
11	56246968	56247903	ENSG00000254752	OR5M2P
2	66801162	66957289	ENSG00000232046	AC007392.3
3	17913221	17914090	ENSG00000213383	AC104297.1
14	55344831	55344911	ENSG00000265432	MIR4308
4	121731624	121731724	ENSG00000212359	RNU6-550P
1	28013321	28013982	ENSG00000226662	CHMP1AP1
6	69308096	69308285	ENSG00000218834	RP11-361F19.1
1	80557788	80558922	ENSG00000235756	RP11-339A11.1
3	17918947	17919661	ENSG00000214286	PDCL3P3
HSCHR6_MHC_QBL	29183059	29184002	ENSG00000235401	OR2H4P
4	121816649	121818238	ENSG00000251609	SETP12
1	120835810	120838343	ENSG00000236933	RP11-439A17.7
14	94414572	94414648	ENSG00000265768	MIR4506
3	174797097	174833032	ENSG00000230292	NAALADL2-AS3
14	55351567	55352931	ENSG00000258872	FDPSP3
1	226271340	226277993	ENSG00000225518	RP11-396C23.2
1	80580628	80582603	ENSG00000260322	RP11-339A11.2
7	22629324	22631241	ENSG00000232949	AC002480.4
3	18031515	18037036	ENSG00000226238	AC132807.1
11	56263236	56263888	ENSG00000254411	CTD-3051L14.13
6	69339854	69344919	ENSG00000230910	RP3-525N10.2
2	177065636	177065980	ENSG00000218175	AC016739.2
1	80749037	80749655	ENSG00000236407	HMGB1P18
3	18450172	18451127	ENSG00000272477	RP11-158G18.1
4	187813706	187814137	ENSG00000272218	RP11-11N5.3
1	28020242	28020346	ENSG00000207095	RNU6-424P
7	22689579	22705152	ENSG00000238033	AC002480.2
1	226314879	226315047	ENSG00000270598	RP11-396C23.3
1	44686742	44820932	ENSG00000117419	ERI3
HG104_HG975_PATCH	144997317	145058904	ENSG00000261109	PLEC
1	120876495	120905159	ENSG00000227193	RP11-439A17.4
1	173143439	173144642	ENSG00000226375	RP3-395P12.2
1	28065602	28065950	ENSG00000231344	RP3-426I6.2
1	80795064	80795173	ENSG00000266033	AL606519.1
4	187821694	187821992	ENSG00000249539	MRPS36P2
6	136578001	136610989	ENSG00000029363	BCLAF1
11	56267776	56268747	ENSG00000254490	OR5M7P
2	177106839	177107721	ENSG00000230384	AC016739.1
1	226335704	226342772	ENSG00000234478	RP11-275I14.4
4	121982327	121982633	ENSG00000223006	RN7SKP137
1	80839049	80840306	ENSG00000225598	RP11-339D23.1
HSCHR6_MHC_QBL	29197050	29197980	ENSG00000224392	OR2G1P
14	94463616	94478040	ENSG00000175699	LINC00521
1	120880883	120881270	ENSG00000268993	RP11-439A17.5
3	174952651	174988885	ENSG00000226779	NAALADL2-AS2
2	177203365	177203805	ENSG00000237260	AC073069.2
4	121992584	122001631	ENSG00000250344	RP11-647P12.1
1	28066465	28067140	ENSG00000230833	RPEP3
6	28155828	28157210	ENSG00000218016	ZNF192P2
1	173250216	173250309	ENSG00000251817	snoU13
11	56277049	56277671	ENSG00000254660	CTD-3051L14.14
6	69924622	69924702	ENSG00000265498	AL158051.1
2	95940201	95957056	ENSG00000155066	PROM2
12	66291518	66317967	ENSG00000267942	AC090673.2
2	177246960	177247060	ENSG00000265186	AC068706.2
3	175087329	175087410	ENSG00000264974	MIR4789
1	226376571	226376922	ENSG00000223570	RP11-275I14.2
1	80916768	80917689	ENSG00000213559	HNRNPA1P64
1	173320828	173321143	ENSG00000232751	RP11-296O14.1
6	70331265	70331364	ENSG00000265362	AL358133.1
4	187900644	187943127	ENSG00000249742	RP11-217E13.1
1	28100369	28100552	ENSG00000269971	RP3-426I6.5
4	122039454	122039889	ENSG00000271302	RP11-647P12.2
2	177248155	177248304	ENSG00000221304	AC068706.1
14	55471531	55472405	ENSG00000233924	AL160471.6
3	175115036	175115137	ENSG00000199792	RNU6-1233P
11	133905727	133907002	ENSG00000254648	RP11-713P17.4
4	122113952	122114058	ENSG00000252183	RNU6-948P
6	70415179	70416052	ENSG00000219085	NPM1P37
1	28146494	28146852	ENSG00000270031	RP3-426I6.6
6	138264216	138266939	ENSG00000226004	RP11-10J5.1
2	177370973	177372430	ENSG00000229434	AC017048.1
1	120904675	120905090	ENSG00000213244	HIST2H3DP1
3	175327267	175327401	ENSG00000201648	RNU4-91P
4	122250224	122250325	ENSG00000207148	Y_RNA
HSCHR6_MHC_QBL	29384951	29385897	ENSG00000251547	OR12D1
14	55663445	55665731	ENSG00000258050	RP11-698F20.3
22	23734958	23736026	ENSG00000248409	KB-1269D1.8
11	56279711	56280647	ENSG00000254603	OR5M6P
21	34638663	34669539	ENSG00000243646	IL10RB
3	175392875	175394589	ENSG00000236241	RP11-744O11.2
1	173331536	173332872	ENSG00000231615	RP11-296O14.2
1	28151049	28151154	ENSG00000223062	RNU6-1245P
1	226491963	226492064	ENSG00000238545	snoU13
4	122290588	122291500	ENSG00000213480	RP11-364P2.2
11	133993723	133994224	ENSG00000254481	PTP4A2P2
19	40490041	40523514	ENSG00000187187	ZNF546
1	80929986	80930403	ENSG00000227062	RP11-115A15.4
1	28160912	28161077	ENSG00000252947	SCARNA1
14	55707340	55707798	ENSG00000271180	RP11-665C16.8
12	66516842	66524548	ENSG00000139233	LLPH
1	226503762	226503865	ENSG00000239094	snoU13
1	203764782	203823252	ENSG00000058673	ZC3H11A
6	138266503	138293659	ENSG00000229922	RP11-240M16.1
4	187981253	187982084	ENSG00000250971	RP11-696F12.1
3	64670585	64997143	ENSG00000241684	ADAMTS9-AS2
6	70455763	70456743	ENSG00000219881	GAPDHP42
22	23775751	23777258	ENSG00000234928	AP000344.3
2	177389607	177396411	ENSG00000236231	AC017048.2
1	28265386	28286704	ENSG00000227050	RP11-460I13.2
1	173386932	173430501	ENSG00000203739	RP11-296O14.3
1	120906028	120915073	ENSG00000223345	HIST2H2BA
1	226505716	226506394	ENSG00000236994	YBX1P9
11	134042990	134043575	ENSG00000254616	RP11-700F16.2
11	56294044	56294979	ENSG00000185701	OR5M5P
2	66924257	66930359	ENSG00000237179	AC007392.4
HSCHR6_MHC_QBL	29390278	29399635	ENSG00000240130	OR5V1
3	175436019	175436458	ENSG00000214192	UBE2V1P2
11	134048719	134056061	ENSG00000255348	RP11-700F16.3
2	177476165	177476977	ENSG00000272551	RP11-324L17.1
4	122323742	122323826	ENSG00000264927	AC093816.1
4	188123140	188130500	ENSG00000249747	RP11-308K2.1
1	226599316	226599836	ENSG00000270287	RP11-118H4.3
6	28185421	28186655	ENSG00000176933	TOB2P1
6	138316407	138317284	ENSG00000219463	RPSAP42
4	122372696	122373122	ENSG00000224062	TUBB4BP5
6	70808282	70808568	ENSG00000216365	RPL37P15
3	175457059	175457164	ENSG00000271842	snoU13
4	69375159	69383365	ENSG00000250566	UGT2B29P
1	28316669	28317035	ENSG00000238231	RP11-460I13.6
1	226626265	226627045	ENSG00000229965	RP11-118H4.1
3	131100515	131107674	ENSG00000198585	NUDT16
1	80961588	80961918	ENSG00000234108	RP11-115A15.2
3	175485346	175485449	ENSG00000201452	RNU6-1317P
11	134186676	134186982	ENSG00000254442	AP000859.4
2	177494317	177502659	ENSG00000163364	LINC01116
1	120906609	120935761	ENSG00000234998	RP11-439A17.10
22	23788785	23803020	ENSG00000227755	AP000344.4
4	122791738	122794003	ENSG00000261501	RP11-63B13.1
1	43747554	43751288	ENSG00000253313	C1orf210
5	69745463	69746180	ENSG00000269983	RP11-497H16.9
2	62051989	62081278	ENSG00000170264	FAM161A
3	175490933	175494121	ENSG00000225552	NAALADL2-AS1
1	173524390	173581911	ENSG00000238272	RP3-436N22.3
3	65160633	65179174	ENSG00000243149	RP11-543A18.1
1	120925634	120933000	ENSG00000233029	RP11-439A17.9
HSCHR6_MHC_QBL	29432261	29437471	ENSG00000224044	UBDP1
6	70932461	70951859	ENSG00000253809	RP1-149L1.1
4	122998995	122999473	ENSG00000237868	AC097533.1
1	173604912	173606273	ENSG00000232113	RP11-360D2.1
2	67047816	67049702	ENSG00000224071	AC009474.1
4	69480137	69480731	ENSG00000249472	RP11-1267H10.2
1	28358397	28358691	ENSG00000240750	RN7SL559P
1	121102017	121140666	ENSG00000230806	RP11-343N15.1
11	134306367	134375555	ENSG00000255545	RP11-627G23.1
10	35894338	35897863	ENSG00000177291	GJD4
6	71104590	71109120	ENSG00000237643	RP11-462G2.1
1	173629236	173629339	ENSG00000238430	snoU13
6	138714510	138714681	ENSG00000218499	RP3-422G23.3
22	23804273	23829167	ENSG00000178248	AP000345.1
1	28421582	28422933	ENSG00000228589	SPCS2P4
1	226633638	226633993	ENSG00000223282	RN7SKP165
2	127069043	127069504	ENSG00000236655	AC023347.2
12	94402515	94402823	ENSG00000223126	RN7SKP263
1	173710813	173711067	ENSG00000225591	RP11-360D2.2
4	69481111	69481855	ENSG00000251101	RP11-1267H10.1
4	188225237	188230836	ENSG00000250658	RP11-138B4.1
1	226680889	226681190	ENSG00000177770	CDKN2AIPNLP1
1	81000663	81050048	ENSG00000224326	RP11-115A15.1
4	123008661	123008966	ENSG00000241037	RN7SL335P
12	94533853	94535113	ENSG00000257360	RP11-74K11.1
6	138723722	138724697	ENSG00000215878	MARCKSL1P2
5	69758071	69775042	ENSG00000250687	RP11-497H16.7
4	69492565	69494617	ENSG00000251074	RP11-1267H10.3
3	40518604	40531727	ENSG00000177873	ZNF619
6	150464212	150571493	ENSG00000198729	PPP1R14C
1	28436250	28436809	ENSG00000228943	RP5-1053E7.2
12	19571861	19572095	ENSG00000271462	RP11-841C19.4
11	56364902	56365838	ENSG00000166693	OR5M13P
1	173760686	173761025	ENSG00000200674	RN7SKP160
HSCHR6_MHC_QBL	29442690	29443736	ENSG00000227859	MAS1LP1
1	81001440	81112473	ENSG00000234184	RP5-887A10.1
3	175527552	175528340	ENSG00000273193	RP11-523G9.3
1	173777627	173777760	ENSG00000252357	Y_RNA
1	121107124	121129949	ENSG00000171943	SRGAP2C
6	28234788	28245974	ENSG00000197062	RP5-874C20.3
1	226844341	226862768	ENSG00000228382	ITPKB-IT1
3	175656717	175658825	ENSG00000260217	RP11-809F4.3
4	188291802	188293075	ENSG00000250042	RP11-91J3.2
1	173832386	173833079	ENSG00000270084	GAS5-AS1
6	71122531	71123653	ENSG00000224349	RP11-462G2.2
13	25946209	26599989	ENSG00000132932	ATP8A2
12	19598883	19598989	ENSG00000200247	RNU6-254P
17	45810610	45823485	ENSG00000073861	TBX21
6	138756350	138756431	ENSG00000266555	MIR3145
3	175695285	175696358	ENSG00000230362	RP11-809F4.2
11	56387255	56388286	ENSG00000255172	OR5AM1P
1	28446960	28447832	ENSG00000214812	RP5-1053E7.3
12	19609178	19610582	ENSG00000245205	EEF1A1P4
HSCHR6_MHC_QBL	29456937	29457342	ENSG00000229439	RPS17P1
6	138971363	138972110	ENSG00000216802	RP11-390P2.2
2	177502438	177520686	ENSG00000224577	LINC01117
1	226856598	226864046	ENSG00000228548	ITPKB-AS1
1	81546475	81546856	ENSG00000227937	MTND2P30
4	69570318	69578216	ENSG00000248635	RP11-1267H10.4
6	71222997	71223059	ENSG00000238386	RNU7-48P
7	22765014	22767239	ENSG00000179428	AC073072.5
14	55729485	55738793	ENSG00000258413	RP11-665C16.6
2	67108219	67108354	ENSG00000230355	AC009474.2
1	81563952	81564690	ENSG00000229752	RPL7P10
6	71306141	71306683	ENSG00000271967	RP11-134K13.4
1	28469248	28469352	ENSG00000253005	RNU6-176P
4	188334718	188336851	ENSG00000250620	RP11-91J3.3
22	23854681	23855789	ENSG00000225413	AP000345.4
1	226969202	226969445	ENSG00000238183	RPS27P5
6	71317937	71319037	ENSG00000232389	RP11-134K13.2
1	28470667	28470728	ENSG00000252429	RNU7-29P
7	22787294	22788423	ENSG00000228803	AC073072.6
11	134433290	134442950	ENSG00000254573	AP004550.1
1	81674253	81674895	ENSG00000235089	RP3-445O10.1
2	67131568	67198594	ENSG00000230525	AC007403.2
4	188362831	188365452	ENSG00000251643	RP11-91J3.1
X	6451659	6453159	ENSG00000169059	VCX3A
11	65590493	65629497	ENSG00000172757	CFL1
1	28566020	28567964	ENSG00000270605	RP5-1092A3.4
22	23909251	23915694	ENSG00000224277	AP000345.2
6	71373205	71373982	ENSG00000218870	SLC25A6P6
5	35617946	35814713	ENSG00000152582	SPEF2
HSCHR6_MHC_QBL	29465175	29478221	ENSG00000232902	XXbac-BPG13B8.10
HSCHR6_MHC_QBL	32741696	32750465	ENSG00000206297	TAP1
2	177529404	177529494	ENSG00000252027	RNU6ATAC14P
1	227145770	227145968	ENSG00000228525	RP5-1087E8.2
6	139013685	139018425	ENSG00000225177	RP11-390P2.4
1	28573655	28574079	ENSG00000271398	RP5-1092A3.5
4	69650336	69653192	ENSG00000250376	CTD-2005D20.1
12	19661838	19662179	ENSG00000240328	RP11-841C19.1
11	134541320	134541918	ENSG00000254989	RP11-469N6.3
6	157099063	157531913	ENSG00000049618	ARID1B
7	22813265	22813612	ENSG00000234513	AC073072.7
5	69783429	69786959	ENSG00000237075	RP11-497H16.2
1	28749066	28749166	ENSG00000206779	Y_RNA
4	188437307	188438362	ENSG00000251490	RP11-237D3.1
2	177588996	177684038	ENSG00000230552	AC092162.1
12	19877369	19877533	ENSG00000200885	RNU1-146P
1	28780052	28780445	ENSG00000229820	RP1-308E4.1
11	134584436	134585816	ENSG00000255344	RP11-469N6.2
1	81717474	81717781	ENSG00000223026	RN7SKP247
12	19928385	20162871	ENSG00000255910	RP11-405A12.2
17	53531407	53535811	ENSG00000262395	RP11-515E23.2
17	73584139	73622929	ENSG00000266714	MYO15B
1	227179841	227180907	ENSG00000233706	RP5-1087E8.3
22	23923067	23926046	ENSG00000272733	KB-208E9.1
1	81892141	81893290	ENSG00000224494	HNRNPA3P14
2	67148642	67149589	ENSG00000232688	AC007403.1
11	64532078	64546258	ENSG00000168066	SF1
9	135957926	135962742	ENSG00000170827	CELP
17	3827169	3867736	ENSG00000074370	ATP2A3
12	20094455	20095952	ENSG00000256849	RP11-405A12.1
1	28807874	28807992	ENSG00000221216	RNU6ATAC27P
11	134605490	134633704	ENSG00000251226	RP11-469N6.1
17	53545427	53588299	ENSG00000261873	RP11-515E23.1
4	188454032	188593795	ENSG00000250590	RP11-565A3.2
7	22893797	22901021	ENSG00000228649	AC005682.5
22	23972805	23981128	ENSG00000211683	KB-1572G7.3
1	28832492	28837404	ENSG00000242125	SNHG3
17	53604325	53638938	ENSG00000236319	CTD-2033D24.2
10	76783233	76784009	ENSG00000227186	RP11-77G23.5
1	22138758	22151714	ENSG00000187942	LDLRAD2
1	227366034	227371145	ENSG00000228625	RP11-1B20.1
7	150382785	150390729	ENSG00000106560	GIMAP2
5	69790927	69796730	ENSG00000253333	RP11-497H16.8
1	81967479	81969153	ENSG00000227288	RP5-837I24.1
6	139143884	139145015	ENSG00000225415	RP3-509I19.1
1	227421970	227423056	ENSG00000228729	RP11-211A18.2
10	76849006	76849483	ENSG00000237882	PPIAP13
6	71403542	71404322	ENSG00000262803	RP11-160A9.3
2	67267678	67269098	ENSG00000223859	AC007403.3
2	177669715	177671065	ENSG00000237053	FUCA1P1
10	35927177	35930362	ENSG00000177283	FZD8
11	134820602	134821462	ENSG00000255327	RP11-555G19.1
1	81970784	81971981	ENSG00000227960	RP5-837I24.6
4	69679713	69680445	ENSG00000251236	RP11-468N14.1
17	53628292	53629010	ENSG00000262135	CTD-2033D24.1
4	159690290	159829201	ENSG00000052795	FNIP2
4	69699931	69700086	ENSG00000251424	RP11-468N14.3
1	227452477	227452908	ENSG00000236636	RP11-211A18.1
2	177674154	177674587	ENSG00000223777	AC092162.2
5	69803906	69808422	ENSG00000205565	RP11-497H16.6
1	81979565	82023387	ENSG00000234953	RP5-837I24.2
1	28835071	28835274	ENSG00000200087	SNORA73B
22	23980674	24059543	ENSG00000228315	GUSBP11
17	53629171	53629281	ENSG00000200107	RNU6-1249P
10	76884975	76885620	ENSG00000232437	RP11-487I5.4
6	71444206	71444665	ENSG00000217767	RP11-160A9.2
1	121133256	121134581	ENSG00000269996	RP11-343N15.5
1	28843988	28844087	ENSG00000238821	snoU13
2	177710721	177714156	ENSG00000227098	AC073636.1
17	53920038	53950300	ENSG00000262052	RP11-763E3.1
14	106877619	106878126	ENSG00000211959	IGHV4-39
1	227581292	227618736	ENSG00000234277	CTD-2090I13.1
12	66517697	66563765	ENSG00000228144	TMBIM4
4	69727050	69727328	ENSG00000249235	RP11-468N14.4
1	121138614	121204983	ENSG00000227082	AL592494.5
1	28852830	28853739	ENSG00000231468	PRDX3P2
6	139180164	139180270	ENSG00000206856	RNU6-427P
11	134931675	134945793	ENSG00000255512	AP005135.2
16	32128021	32128318	ENSG00000260584	RP11-1166P10.7
17	80439974	80441264	ENSG00000266236	NARF-IT1
6	71785267	71786078	ENSG00000219669	RP1-20N4.1
HSCHR6_MHC_QBL	29497090	29501238	ENSG00000226687	LINC01015
6	139200036	139200544	ENSG00000220600	RP3-509I19.6
9	135968439	135968538	ENSG00000238657	snoU13
16	2907899	2909727	ENSG00000263325	LA16c-325D7.1
2	127315012	127315739	ENSG00000213236	YWHAZP2
6	71836597	71836808	ENSG00000221345	U3
2	67313578	67523207	ENSG00000235885	AC023115.2
1	121154579	121171134	ENSG00000231429	RP11-343N15.2
16	32199654	32204851	ENSG00000260847	RP11-17M15.1
17	54132148	54132247	ENSG00000264277	AC011073.1
1	82022806	82023517	ENSG00000242598	MED28P8
2	177794713	177794818	ENSG00000206866	RNU6-187P
4	69743344	69745849	ENSG00000251529	RP11-468N14.5
6	71874779	71875473	ENSG00000218350	LYPLA1P3
2	68358370	68488362	ENSG00000273398	RP11-474G23.1
1	121236177	121252181	ENSG00000228826	RP11-344P13.4
17	80534492	80535267	ENSG00000265136	RP13-638C3.6
17	54445424	54445576	ENSG00000261882	RP11-502F1.2
20	44978167	44993043	ENSG00000080189	SLC35C2
1	227598318	227599020	ENSG00000232864	CTD-2090I13.2
16	2916349	2917619	ENSG00000263280	LA16c-325D7.2
1	43766664	43788779	ENSG00000066056	TIE1
14	106926188	106926724	ENSG00000232216	IGHV3-43
16	32200583	32200802	ENSG00000260649	RP11-56L13.4
1	121244142	121245689	ENSG00000233432	RP11-344P13.3
2	177855236	178029244	ENSG00000236501	AC079305.11
14	20779527	20801471	ENSG00000100814	CCNB1IP1
1	82051626	82091398	ENSG00000236676	RP5-837I24.4
16	2972663	2973203	ENSG00000262959	LA16c-321D4.1
7	22896232	22896305	ENSG00000221740	SNORD93
1	227618227	227618677	ENSG00000242757	CTD-2090I13.3
1	121260164	121260627	ENSG00000272583	RP11-344P13.6
17	26655352	26662515	ENSG00000109083	IFT20
6	71892315	71892421	ENSG00000207180	RNU6-411P
16	2989715	3004277	ENSG00000262482	LA16c-321D4.2
14	106962931	106963424	ENSG00000211961	IGHV1-45
1	82061842	82062191	ENSG00000234683	RP5-837I24.5
17	80535899	80536492	ENSG00000262652	RP13-638C3.2
16	32211223	32214143	ENSG00000260540	FAM108A9P
9	136100292	136103993	ENSG00000119440	LCN1P1
4	69749603	69750158	ENSG00000248547	RP11-468N14.6
2	178003427	178003525	ENSG00000251746	RNA5SP112
11	105866350	105893130	ENSG00000170903	MSANTD4
7	22903493	22920969	ENSG00000226329	AC005682.6
HSCHR6_MHC_QBL	29505444	29506234	ENSG00000224894	GPR53P
2	178020350	178077390	ENSG00000229337	AC079305.8
5	69812214	69851093	ENSG00000196302	RP11-497H16.5
1	121261143	121310591	ENSG00000231752	EMBP1
15	28623767	28637170	ENSG00000153684	GOLGA8F
10	120763048	120763396	ENSG00000229272	RP11-498J9.2
HSCHR6_MHC_QBL	29520916	29521863	ENSG00000231973	OR2I1P
3	65218575	65218658	ENSG00000264871	AC104331.1
16	3038962	3044510	ENSG00000262152	LINC00514
5	131630136	131679899	ENSG00000197208	SLC22A4
17	80540381	80540476	ENSG00000238403	snoU13
2	178042423	178042983	ENSG00000226273	AC079305.5
3	65344943	65345392	ENSG00000270059	RP11-88H12.2
4	69766369	69766628	ENSG00000248613	RP11-468N14.7
3	161062580	161090668	ENSG00000196542	SPTSSB
10	120765302	120765411	ENSG00000215925	AL157788.1
17	80545189	80546287	ENSG00000262147	RP13-638C3.3
1	82187378	82188753	ENSG00000215875	ST13P20
5	69825198	69826377	ENSG00000250918	RP11-497H16.4
X	6966961	7066231	ENSG00000130021	HDHD1
1	227621765	227622047	ENSG00000224834	BTF3P9
10	120819523	120819650	ENSG00000207468	SNORA19
2	178059711	178059823	ENSG00000201102	Y_RNA
2	127437198	127437996	ENSG00000235128	AC013474.4
5	132328791	132328892	ENSG00000199677	Y_RNA
4	188534919	188581523	ENSG00000249642	RP11-565A3.1
17	80560865	80562054	ENSG00000261845	RP13-638C3.4
3	65573177	65573725	ENSG00000224503	AC104438.1
2	127460415	127460518	ENSG00000206963	RNU6-675P
21	34696734	34732168	ENSG00000142166	IFNAR1
10	120820495	120820623	ENSG00000222588	SNORA19
2	178062713	178063275	ENSG00000213069	KRT8P40
5	132338811	132339057	ENSG00000248648	RP11-485M7.1
6	138537129	138539627	ENSG00000254440	PBOV1
4	69766726	69772701	ENSG00000272626	RP11-468N14.13
1	227669954	227670155	ENSG00000237193	RP11-275O4.4
17	80626109	80626183	ENSG00000266107	MIR4525
2	127774997	127775058	ENSG00000238788	RNU7-182P
6	139465341	139560442	ENSG00000231329	RP1-225E12.2
10	120852652	120852853	ENSG00000271343	RP11-435O11.5
2	178077454	178077527	ENSG00000263721	MIR4444-2
4	69773636	69773752	ENSG00000249985	RP11-468N14.8
2	127781828	127783299	ENSG00000260634	RP11-521O16.1
17	80671784	80674131	ENSG00000263063	RP11-388C12.1
2	178093919	178094234	ENSG00000225808	DNAJC19P5
5	132446747	132450167	ENSG00000251616	RP11-485M7.3
HSCHR6_MHC_QBL	29541620	29542547	ENSG00000235630	OR2H5P
2	127782787	127787262	ENSG00000260163	RP11-521O16.2
17	29053323	29054582	ENSG00000265443	CTD-2349P21.6
2	178120673	178120738	ENSG00000265396	MIR3128
1	28905050	28909495	ENSG00000197989	SNHG12
6	71931160	72037931	ENSG00000232295	RP11-154D6.1
1	121315744	121322322	ENSG00000224857	RP11-344P13.1
2	87777014	87777553	ENSG00000273445	RP11-1399P15.1
17	29056487	29058220	ENSG00000263603	CTD-2349P21.5
1	227680730	227682843	ENSG00000237469	TUBB8P10
10	124768495	124817827	ENSG00000196177	ACADSB
2	178129087	178130243	ENSG00000222043	AC079305.10
17	80687040	80692019	ENSG00000263321	RP11-388C12.5
2	127927587	127927807	ENSG00000237630	NIFKP9
1	82680904	82726817	ENSG00000233290	RP11-147G16.1
5	70046954	70149508	ENSG00000253366	RP11-589F5.4
17	27046411	27051377	ENSG00000198242	RPL23A
16	32224701	32224824	ENSG00000260344	RP11-56L13.6
4	69780640	69790459	ENSG00000198277	RP11-468N14.09
17	80702944	80703585	ENSG00000262410	RP11-388C12.8
2	87865347	87866283	ENSG00000214354	AC133644.3
5	132496130	132560105	ENSG00000248245	CTB-49A3.2
4	188667248	188669353	ENSG00000249162	ADAM20P3
17	80735830	80735915	ENSG00000264383	AC068014.1
17	29108511	29109239	ENSG00000265791	CTD-2349P21.10
16	32261941	32265743	ENSG00000260575	RP11-56L13.7
22	23980679	23982949	ENSG00000234353	AP000347.4
1	83368866	83632498	ENSG00000230817	RP4-601K24.1
2	128004834	128007658	ENSG00000226789	AC110926.4
4	107842959	108204963	ENSG00000155011	DKK2
2	68384976	68403370	ENSG00000115946	PNO1
17	80736353	80736450	ENSG00000265461	AC068014.2
4	188891427	188892438	ENSG00000213331	RP11-713C19.2
1	142553293	142559170	ENSG00000227552	RP11-417J8.1
6	139480294	139566661	ENSG00000272446	RP1-225E12.3
17	29119390	29119851	ENSG00000266490	CTD-2349P21.9
2	178148236	178257419	ENSG00000213963	AC074286.1
17	80753362	80753971	ENSG00000263098	RP11-567O16.1
16	32274148	32276835	ENSG00000260402	RP11-56L13.1
16	3049903	3050390	ENSG00000270097	LA16c-380H5.3
12	118451393	118470935	ENSG00000111445	RFC5
HSCHR6_MHC_QBL	29545170	29545459	ENSG00000229737	TMEM183AP1
17	72766686	72772506	ENSG00000109065	NAT9
22	23991400	23995521	ENSG00000244723	ASLP1
1	142569266	142588233	ENSG00000233798	RP11-417J8.2
17	80876158	80876661	ENSG00000262663	RP11-497H17.1
20	3734155	3749034	ENSG00000101220	C20orf27
2	105387740	105388343	ENSG00000213301	HMGB3P11
16	284545	319942	ENSG00000167930	ITFG3
16	3051301	3052017	ENSG00000270168	LA16c-380H5.4
17	29157919	29158336	ENSG00000242439	CTD-2349P21.1
1	83439565	83451891	ENSG00000236268	RP11-170N11.1
6	28287437	28287629	ENSG00000270326	RP5-874C20.6
17	80936401	80939614	ENSG00000262339	RP11-1197K16.2
4	151185594	151936879	ENSG00000198589	LRBA
7	63564471	63565673	ENSG00000248704	MTND4P2
16	32290187	32290436	ENSG00000259822	RP11-1292F20.1
X	52641706	52642573	ENSG00000234792	RP11-552J9.6
22	18111621	18213388	ENSG00000099968	BCL2L13
16	3053432	3055102	ENSG00000262362	LA16c-380H5.2
4	189027712	189028068	ENSG00000241011	RP11-713C19.1
6	139592499	139608444	ENSG00000226571	RP11-445F6.2
1	142618769	142729975	ENSG00000230880	RP11-417J8.3
4	69838717	69841711	ENSG00000251498	RP11-468N14.10
16	3056121	3057386	ENSG00000272079	LA16c-380H5.5
4	189042685	189042788	ENSG00000201085	RNU6-173P
2	7202858	7218011	ENSG00000223884	AC019048.1
22	23995047	24059534	ENSG00000273000	KB-1572G7.2
1	227693883	227695993	ENSG00000235827	TUBB8P9
1	83911736	83920454	ENSG00000231364	RP11-413G15.1
HSCHR6_MHC_QBL	29549960	29550043	ENSG00000266132	SNORD33
6	28378047	28378233	ENSG00000251877	RNU2-45P
16	32300868	32321876	ENSG00000261127	RP11-17M15.2
16	3082482	3089134	ENSG00000205890	RP11-473M20.5
4	189061976	189064533	ENSG00000247130	RP11-366H4.3
6	28414750	28415584	ENSG00000231162	COX11P1
7	63565670	63565954	ENSG00000248315	RP11-3N2.11
1	173833038	173838020	ENSG00000234741	GAS5
HSCHR6_MHC_QBL	29550219	29550736	ENSG00000206519	RPL13AP
16	32368302	32375016	ENSG00000260516	RP11-17M15.4
1	46085716	46089729	ENSG00000159588	CCDC17
1	84041459	84326706	ENSG00000233008	RP11-475O6.1
6	28423425	28423918	ENSG00000219262	OR2E1P
2	87929274	87929353	ENSG00000265507	MIR4435-1
7	63566032	63566373	ENSG00000230052	MTND3P2
6	139659155	139660717	ENSG00000218565	RP11-12A2.1
X	52651985	52662998	ENSG00000157965	SSX8
7	63566443	63567197	ENSG00000233385	RP11-3N2.9
5	2184824	2184934	ENSG00000201026	Y_RNA
4	189081219	189082293	ENSG00000248370	RP11-366H4.1
4	69850727	69854251	ENSG00000249735	RP11-468N14.12
2	87954409	87954762	ENSG00000225933	AC133965.1
5	2736776	2737873	ENSG00000259757	RP11-129I19.2
5	132507910	132508745	ENSG00000240611	CTB-49A3.1
HSCHR6_MHC_QBL	29603761	29604044	ENSG00000234528	SUMO2P1
19	15871185	15881638	ENSG00000268673	LLNLR-249E10.1
2	67314145	67485098	ENSG00000230906	AC023115.1
6	28555155	28559524	ENSG00000246350	RP5-1186N24.3
18	47808713	47814674	ENSG00000154832	CXXC1
10	115880621	115933979	ENSG00000165813	C10orf118
12	66517709	66563852	ENSG00000155957	TMBIM4
5	132579456	132584473	ENSG00000249478	CTB-49A3.5
5	2787565	2788663	ENSG00000249541	RP11-692C23.1
17	34310692	34328660	ENSG00000161574	CCL15-CCL14
1	84255963	84267148	ENSG00000237076	RP5-836J3.1
1	142620645	142729967	ENSG00000203849	RP11-417J8.6
2	178165328	178166734	ENSG00000271825	RP11-337N6.2
19	15932606	15934607	ENSG00000267235	ZNF861P
2	178171101	178175300	ENSG00000271996	RP11-337N6.1
6	72004876	72127139	ENSG00000269966	RP3-331H24.5
1	84259560	84259653	ENSG00000223231	AL035706.1
16	32390392	32391370	ENSG00000260327	ACTR3BP3
2	178209171	178209564	ENSG00000237178	AC019080.1
1	203765437	203769686	ENSG00000257315	ZBED6
6	28601158	28601371	ENSG00000271440	RP11-373N24.2
1	84444801	84449983	ENSG00000233061	TTLL7-IT1
6	138699042	138704212	ENSG00000262543	RP3-422G23.4
4	69862653	69863427	ENSG00000250277	RP11-468N14.11
10	76944716	76944816	ENSG00000263626	AL392111.1
2	178210586	178210689	ENSG00000238295	snoU13
6	139791301	139794192	ENSG00000238099	RP11-12A2.3
2	7281358	7281675	ENSG00000223145	RN7SKP112
6	28615974	28616042	ENSG00000272278	AL121932.1
3	18486516	18959184	ENSG00000228956	AC144521.1
10	77029150	77029303	ENSG00000227271	RPL39P25
1	84481548	84484054	ENSG00000229486	RP4-552O12.1
2	178467817	178483300	ENSG00000237655	AC073834.3
6	72038645	72039509	ENSG00000230597	RP3-331H24.4
5	2831135	2835253	ENSG00000248137	RP11-468D11.1
6	28616063	28616843	ENSG00000235570	LINC00533
2	105424030	105469641	ENSG00000233639	LINC01158
6	139935575	139936341	ENSG00000219806	ATP5F1P6
HSCHR6_MHC_MCF	33427426	33436525	ENSG00000235692	PFDN6
4	189270530	189271178	ENSG00000242169	RP11-219G10.1
9	136125788	136150617	ENSG00000175164	ABO
19	15937855	15946663	ENSG00000267308	AC004510.3
2	7401002	7401635	ENSG00000272002	RP11-557L19.1
2	178563157	178588017	ENSG00000229941	AC012499.1
4	189308625	189310820	ENSG00000248880	NARG2P1
1	227698297	227708178	ENSG00000227711	RP11-275O4.3
6	28699794	28700681	ENSG00000237425	RPSAP2
4	69870574	69886132	ENSG00000251685	RP11-813N20.1
10	77029577	77133258	ENSG00000226051	ZNF503-AS1
6	139981065	139982650	ENSG00000205695	RP11-15H7.2
19	18642561	18654887	ENSG00000105701	FKBP8
6	72054047	72130472	ENSG00000233237	LINC00472
1	142653525	142653607	ENSG00000266657	AL583842.3
16	32399456	32447521	ENSG00000260866	RP11-626K17.5
1	203830731	203839678	ENSG00000182004	SNRPE
19	15939771	15947130	ENSG00000214049	UCA1
1	84542014	84543614	ENSG00000271576	RP11-486G15.2
1	142653718	142653799	ENSG00000239012	AL583842.1
5	88762354	88765856	ENSG00000250831	CTD-2232E5.2
1	227748882	227749001	ENSG00000202264	RNA5SP77
5	2965120	2967742	ENSG00000248736	RP11-35O7.1
1	142656062	142656144	ENSG00000265466	AL583842.2
6	28743693	28743800	ENSG00000221191	AL662890.1
4	189321890	189602205	ENSG00000249378	LINC01060
6	138724668	138743334	ENSG00000051620	HEBP2
1	84551424	84551916	ENSG00000213540	RP11-486G15.1
1	227786125	227786795	ENSG00000225934	RP4-566D2.1
7	63567200	63567950	ENSG00000227035	RP11-3N2.8
1	142660017	142660749	ENSG00000225015	SNX18P15
6	28751410	28751781	ENSG00000235559	NOL5BP
6	150690028	150727105	ENSG00000009765	IYD
2	178817838	178876716	ENSG00000236664	AC011998.1
1	142667289	142667363	ENSG00000265715	MIR3118-1
1	84710017	84710260	ENSG00000226970	RP11-82H13.2
5	10353815	10440500	ENSG00000145495	MARCH6
11	65601112	65624367	ENSG00000172803	SNX32
6	28763749	28763812	ENSG00000265764	AL662890.3
1	227832981	227833067	ENSG00000265216	AL592310.1
2	178862000	178863497	ENSG00000213962	API5P2
1	142688379	142688925	ENSG00000233218	SNX18P16
6	28805646	28806783	ENSG00000225173	XXbac-BPG308K3.5
1	227884593	227894412	ENSG00000215812	ZNF847P
2	7464879	7465193	ENSG00000213774	AC010904.1
1	142697653	142729971	ENSG00000242676	ANKRD20A12P
6	140175987	140181288	ENSG00000231426	RP5-899B16.1
1	28905261	28905334	ENSG00000221539	SNORD99
2	178882720	178883192	ENSG00000229744	AC011998.2
6	28827402	28832407	ENSG00000225595	XXbac-BPG308K3.6
16	32450390	32452480	ENSG00000260307	PABPC1P13
5	3178209	3181346	ENSG00000249808	CTD-2029E14.1
1	84743004	84743140	ENSG00000199959	SNORA2
1	28969740	28975093	ENSG00000229388	RP11-442N24__B.1
3	161214596	161221730	ENSG00000182447	OTOL1
2	178903629	178903731	ENSG00000206788	RNU6-629P
19	15962803	15975714	ENSG00000267453	AC004791.2
2	88000503	88038766	ENSG00000234231	AC093616.4
17	18174742	18218321	ENSG00000177302	TOP3A
2	178957230	178969197	ENSG00000249909	CYCTP
5	132592184	132611669	ENSG00000250244	CTB-49A3.4
1	84810361	84815622	ENSG00000249237	RP11-376N17.4
1	227931532	227934892	ENSG00000230005	SNAP47-AS1
8	117034911	117035004	ENSG00000199450	RNA5SP276
14	31343720	31364271	ENSG00000100473	COCH
7	150413645	150421372	ENSG00000213203	GIMAP1
X	7137497	7272851	ENSG00000101846	STS
8	117148998	117149139	ENSG00000221793	AC103863.1
6	28829193	28829824	ENSG00000213916	RPL13P
1	28975112	28975245	ENSG00000270103	RNU11
1	228129291	228129384	ENSG00000264483	MIR5008
8	145946298	145981802	ENSG00000198169	ZNF251
8	117299588	117299698	ENSG00000264815	AF130343.1
16	70479196	70479302	ENSG00000200153	RNU6-23P
8	117414781	117415995	ENSG00000253672	RP11-536K17.1
4	159814286	159959912	ENSG00000164123	C4orf45
16	70563412	70563491	ENSG00000221514	SNORD111B
1	228162980	228165894	ENSG00000233003	CICP26
19	15982477	15982662	ENSG00000273330	CYP4F36P
5	132723465	132724241	ENSG00000250409	CTB-3M24.3
1	29016177	29016306	ENSG00000252777	SCARNA24
6	28856609	28857683	ENSG00000233366	ZNF90P2
16	70571908	70572001	ENSG00000221066	SNORD111
1	29194087	29197779	ENSG00000226852	RP1-212P9.2
8	117886663	117889107	ENSG00000253327	RAD21-AS1
2	178970364	178970480	ENSG00000227241	AC011998.4
5	132763288	132763398	ENSG00000221287	MIR1289-2
16	70610204	70611571	ENSG00000260023	RP11-49C24.1
6	140177241	140198528	ENSG00000225148	RP5-899B16.2
5	132961536	132961639	ENSG00000263545	AC005195.1
16	70780960	70781829	ENSG00000260156	RP11-394B2.6
1	29196995	29203848	ENSG00000233427	RP1-212P9.3
7	63568207	63568864	ENSG00000234234	RP11-3N2.7
12	55076757	55081218	ENSG00000257634	RP11-850F7.7
8	117886967	117887039	ENSG00000264875	MIR3610
5	133056186	133056625	ENSG00000251243	AC005178.1
2	179007275	179007378	ENSG00000223096	RNU5E-9P
6	28864307	28865099	ENSG00000224157	HCG14
1	22148738	22263790	ENSG00000142798	HSPG2
HSCHR6_MHC_QBL	29675809	29676231	ENSG00000228371	ZDHHC20P1
6	140388572	140414858	ENSG00000236013	RP3-332B22.1
1	84831111	84863514	ENSG00000240520	UOX
3	65672976	65674143	ENSG00000244226	ILF2P1
8	118030185	118030485	ENSG00000244033	RN7SL228P
2	7561392	7590385	ENSG00000229727	AC013460.1
2	179265561	179267618	ENSG00000260931	RP11-65L3.1
16	70789001	70807154	ENSG00000214353	VAC14-AS1
11	612553	615999	ENSG00000185507	IRF7
1	142790233	142790520	ENSG00000230446	RP11-423O2.3
12	56347889	56367101	ENSG00000185664	PMEL
1	228284964	228285042	ENSG00000264944	MIR3620
10	23384435	23410942	ENSG00000148450	MSRB2
1	29208238	29208347	ENSG00000199756	Y_RNA
5	133186548	133186648	ENSG00000238796	snoU13
8	118068057	118068384	ENSG00000253271	RP11-1059L18.1
16	32465933	32470079	ENSG00000261541	RP11-626K17.3
6	72086663	72086734	ENSG00000199094	MIR30C2
HSCHR6_MHC_QBL	29688220	29689210	ENSG00000224921	HCG4P11
5	133249368	133252960	ENSG00000249073	CTD-2131I18.1
1	29308790	29309120	ENSG00000225616	RP4-604A21.1
19	16013110	16014048	ENSG00000267218	AC005336.5
1	228302698	228303174	ENSG00000224566	FAM96AP2
6	44225903	44233500	ENSG00000146232	NFKBIE
7	63569003	63570525	ENSG00000234700	RP11-3N2.5
6	72113254	72113324	ENSG00000207827	MIR30A
6	28883422	28883521	ENSG00000212240	RNU6-930P
3	65829565	65830121	ENSG00000223409	RPL17P17
4	108511433	108641608	ENSG00000138801	PAPSS1
6	28936907	28938237	ENSG00000228666	KRT18P1
3	65858490	65940233	ENSG00000272610	MAGI1-IT1
6	72160537	72168577	ENSG00000223765	RP1-288M22.2
5	133340838	133341253	ENSG00000271737	CTB-113I20.2
5	17065707	17276943	ENSG00000176788	BASP1
8	118140694	118142538	ENSG00000253622	RP11-654G14.1
HSCHR6_MHC_QBL	29691842	29714292	ENSG00000206508	DAQB-335A13.26
1	142790583	142791175	ENSG00000236055	RP11-423O2.2
1	228322486	228322693	ENSG00000227625	RP11-520H14.1
1	29312222	29312322	ENSG00000206704	Y_RNA
3	65879491	65910972	ENSG00000240175	MAGI1-AS1
2	105469743	105542510	ENSG00000269707	RP11-13J10.1
6	72248587	72248679	ENSG00000212099	AL035467.1
8	118176207	118176492	ENSG00000240151	RN7SL826P
1	29471006	29473506	ENSG00000225750	RP11-242O24.3
11	9302201	9336327	ENSG00000166471	TMEM41B
5	133417605	133417731	ENSG00000271128	CTB-113I20.1
6	72260661	72261346	ENSG00000219575	RP1-288M22.1
8	118325767	118325900	ENSG00000252852	SNORA31
1	149900543	149908791	ENSG00000014914	MTMR11
6	28945252	28945547	ENSG00000263426	RN7SL471P
2	179278666	179304970	ENSG00000223960	AC009948.5
2	105481865	105483954	ENSG00000239587	AC018730.4
11	1295809	1296033	ENSG00000267950	AC136297.1
8	118535510	118536300	ENSG00000239917	RPS10P16
1	228458144	228462098	ENSG00000269890	RP5-1139B12.2
6	72294424	72295609	ENSG00000218014	KRT19P1
6	28953980	28955261	ENSG00000227214	HCG15
1	29479001	29479503	ENSG00000227637	RP11-242O24.5
19	16021392	16022634	ENSG00000267056	AC005336.4
16	70835986	70836743	ENSG00000262890	RP11-424M24.5
2	175424300	175547644	ENSG00000115935	WIPF1
1	29550445	29551328	ENSG00000237934	RP11-467D18.2
1	228462285	228463767	ENSG00000269934	RP5-1139B12.3
8	119774095	119774440	ENSG00000242206	RPS26P35
6	28954577	28956313	ENSG00000244349	HCG16
5	133541305	133706735	ENSG00000273345	CTD-2410N18.4
6	51480098	51952423	ENSG00000170927	PKHD1
1	228483612	228490699	ENSG00000270110	RP5-1139B12.4
3	139171726	139199589	ENSG00000114113	RBP2
1	142791488	142792556	ENSG00000230255	RP11-423O2.1
19	16090645	16109830	ENSG00000267392	CYP4F9P
6	28994457	28995384	ENSG00000223677	OR2AD1P
6	140479728	140479831	ENSG00000252107	RNA5SP220
16	70886601	70886717	ENSG00000221725	RNU6ATAC25P
4	17616254	17635728	ENSG00000118579	MED28
6	72294792	72294904	ENSG00000211530	AL354933.1
8	119988752	119988858	ENSG00000207334	RNU6-12P
6	140526389	140526463	ENSG00000263514	MIR3668
16	70902110	70902171	ENSG00000251700	SNORD112
1	228571815	228572717	ENSG00000270104	RP11-245P10.6
6	72362177	72362314	ENSG00000202069	RNU4-66P
6	29039601	29040376	ENSG00000236909	OR2P1P
8	119994818	119995114	ENSG00000254247	RP11-278I4.1
16	70907087	70907216	ENSG00000223316	AC027281.1
1	29580054	29580195	ENSG00000221550	AL645859.1
6	72936410	72936533	ENSG00000264447	AL445256.1
6	140981760	140981850	ENSG00000221336	AL356137.1
1	228581991	228584668	ENSG00000270094	RP11-245P10.8
1	142799587	142799739	ENSG00000229683	ASNSP5
3	126283408	126283521	ENSG00000201968	RNA5SP138
6	141004951	141005020	ENSG00000264390	MIR4465
6	73026302	73027139	ENSG00000218732	RP5-1046G13.2
1	29656132	29676626	ENSG00000230523	RP3-437I16.1
12	55196530	55197373	ENSG00000270858	VDAC1P5
16	71114769	71127570	ENSG00000259833	RP11-23E19.1
8	120075181	120081021	ENSG00000254278	RP11-278I4.2
HSCHR6_MHC_QBL	31929344	31939616	ENSG00000206342	STK19
3	126343635	126344904	ENSG00000248557	RP11-390G14.1
6	29044350	29044945	ENSG00000228364	SAR1P1
6	141082666	141083399	ENSG00000217684	RPS3AP24
1	228595082	228597395	ENSG00000231563	RP11-245P10.4
11	89231916	89232366	ENSG00000255295	RP11-745I13.1
22	24000281	24059543	ENSG00000272578	AP000347.2
1	29758993	29759074	ENSG00000266678	AL139151.1
12	55403530	55408031	ENSG00000257870	RP11-616L12.1
16	71147255	71147903	ENSG00000259798	RP11-23E19.2
4	189552078	189552901	ENSG00000250523	RP11-756P10.1
6	73232343	73232940	ENSG00000217483	RP11-135M8__A.1
1	142803224	142816004	ENSG00000234978	RP11-423O2.5
1	29814705	29823405	ENSG00000225011	RP11-810H18.1
6	29091987	29096685	ENSG00000227206	XXbac-BCX196D17.5
1	228636864	228637322	ENSG00000230841	RP5-915N17.3
2	179319443	179320155	ENSG00000238082	AC009948.7
11	89279805	89322779	ENSG00000255429	RP11-643G5.6
12	55509317	55510257	ENSG00000196534	OR9K1P
16	71335486	71336772	ENSG00000261260	CTD-2520I13.1
4	189637819	189637879	ENSG00000252275	RNU7-192P
2	105481955	105489053	ENSG00000229743	LINC01159
19	7804879	7812464	ENSG00000090659	CD209
3	126379452	126390782	ENSG00000198284	NUP210P1
8	120177273	120257913	ENSG00000147676	MAL2
6	29105657	29106593	ENSG00000203492	OR2N1P
6	73308179	73309362	ENSG00000181514	RP3-474G15.1
4	189659506	189660648	ENSG00000180015	RP11-756P10.3
6	73340223	73388282	ENSG00000233844	KCNQ5-IT1
12	55516452	55517904	ENSG00000257350	RP11-616L12.4
22	26565440	26779562	ENSG00000100095	SEZ6L
5	88877026	88973518	ENSG00000250437	RP11-116A1.1
1	142803532	142827235	ENSG00000232745	ANKRD20A14P
HSCHR6_MHC_QBL	29691910	29692380	ENSG00000239784	RPL23AP1
1	30117392	30117525	ENSG00000221126	AC092265.1
16	71365092	71365202	ENSG00000221237	AC106736.1
X	52684257	52686304	ENSG00000228354	RP11-552J9.9
1	30181698	30182394	ENSG00000228176	RP4-656G21.1
16	71444343	71460367	ENSG00000261348	RP11-510M2.1
6	73677410	73677476	ENSG00000266180	MIR4282
4	189678833	189700133	ENSG00000249269	RP11-756P10.4
2	105552869	105654954	ENSG00000224509	AC010884.1
6	141167095	141174061	ENSG00000234147	RP3-460G2.2
1	204042243	204096863	ENSG00000143842	SOX13
1	228649775	228649853	ENSG00000266174	MIR4666A
6	29149287	29150222	ENSG00000224233	OR2J4P
5	89196481	89200725	ENSG00000214942	AC113167.1
6	141243594	141244047	ENSG00000216548	RP11-471B18.1
1	30357749	30357852	ENSG00000222787	AL645944.1
1	228651804	228652327	ENSG00000181201	HIST3H2BA
16	71454386	71455421	ENSG00000262120	RP11-510M2.7
5	133561448	133561543	ENSG00000266751	MIR3661
6	73696036	73697473	ENSG00000232422	KNOP1P4
HSCHR6_MHC_QBL	29706972	29714212	ENSG00000251197	MICE
1	30377712	30378204	ENSG00000270927	RP11-179G8.1
2	105609360	105609438	ENSG00000263685	AC010884.2
1	142950985	142956716	ENSG00000231182	RP11-423O2.7
X	52694281	52694397	ENSG00000222608	RNA5SP504
6	29183013	29183956	ENSG00000230598	OR2H4P
1	84971974	85031877	ENSG00000122432	SPATA1
3	164696686	164796283	ENSG00000090402	SI
X	52701768	52706101	ENSG00000225508	SSXP5
2	105713510	105719402	ENSG00000231851	AC104655.2
6	141768148	141772143	ENSG00000259828	RP11-63E9.1
1	228696356	228700006	ENSG00000215811	BTNL10
7	99184538	99184622	ENSG00000265324	AC005020.1
11	5141849	5145743	ENSG00000205494	OR52A4
6	141807278	141807549	ENSG00000222764	RN7SKP106
6	73764820	73765580	ENSG00000220515	PGAM1P10
6	29191750	29258217	ENSG00000232505	XXbac-BPG308J9.3
5	89240727	89243390	ENSG00000249265	AC113167.2
4	160025330	160281321	ENSG00000109756	RAPGEF2
11	89371683	89431886	ENSG00000134612	FOLH1B
1	143118704	143211070	ENSG00000232274	RP11-782C8.2
X	7810303	7812184	ENSG00000182583	VCX
5	89312438	89312537	ENSG00000264342	MIR3660
6	141956787	141957640	ENSG00000218351	RPS3AP23
1	30486799	30510459	ENSG00000233399	RP11-111I12.1
16	71464165	71466185	ENSG00000260734	RP11-510M2.4
7	99195689	99208439	ENSG00000244219	GS1-259H13.2
6	73844526	73853237	ENSG00000229154	KCNQ5-AS1
6	29197004	29197934	ENSG00000213911	OR2G1P
10	28064115	28287977	ENSG00000169126	ARMC4
22	24080865	24081476	ENSG00000270041	LL22NC03-N27C7.1
11	5191581	5192526	ENSG00000176752	OR51A1P
X	52716413	52716683	ENSG00000237275	RP11-552J9.11
22	24198614	24199226	ENSG00000272973	KB-1125A3.11
6	29230480	29231856	ENSG00000204697	OR2U1P
1	30613110	30614454	ENSG00000233372	RP5-893G23.1
6	73867240	73867862	ENSG00000234025	RP11-257K9.3
5	133562101	133563518	ENSG00000270177	CTD-2410N18.3
HSCHR6_MHC_COX	31764773	31770218	ENSG00000236251	HSPA1L
8	120227351	120259088	ENSG00000253972	RP11-4K16.2
X	52736652	52738983	ENSG00000223958	RP11-552J9.12
1	30699370	30699462	ENSG00000231251	RP3-357I16.1
22	24221682	24221977	ENSG00000244425	RN7SL268P
5	133603112	133603547	ENSG00000239615	CTD-2410N18.1
1	30882407	30884485	ENSG00000236335	RP4-591L5.1
22	24243619	24249255	ENSG00000273295	AP000350.5
4	189697811	189706665	ENSG00000251619	RP11-756P10.5
5	133735186	133737612	ENSG00000248559	RP11-215P8.3
12	56623833	56631630	ENSG00000139540	SLC39A5
2	179385910	179639402	ENSG00000237298	TTN-AS1
5	89454156	89585888	ENSG00000248555	RP11-61G23.1
11	5198944	5199891	ENSG00000176748	OR52Z1
7	150419341	150447121	ENSG00000196329	GIMAP5
22	24269087	24271761	ENSG00000225282	AP000350.6
1	30888672	30893955	ENSG00000231949	RP4-591L5.2
5	133758529	133759026	ENSG00000243648	RP11-215P8.1
4	189698833	189717787	ENSG00000250626	RP11-756P10.2
6	73918806	73919803	ENSG00000251360	KHDC1P1
6	29236239	29237198	ENSG00000242524	OR2U2P
1	228743494	228743602	ENSG00000202056	RNA5SP19
1	228746015	228746133	ENSG00000199352	RNA5S1
2	67350489	67442451	ENSG00000236780	AC078941.1
2	105760571	105761882	ENSG00000226508	AC104655.3
19	16126097	16138272	ENSG00000205396	LINC00661
22	24282185	24284985	ENSG00000206090	AP000350.7
9	136125788	136130950	ENSG00000271875	RP11-430N14.4
5	154266976	154317769	ENSG00000082516	GEMIN5
6	29258488	29259430	ENSG00000197171	OR2B4P
1	228748256	228748374	ENSG00000201588	RNA5S2
9	130267618	130341268	ENSG00000136830	FAM129B
4	189911869	189923229	ENSG00000250024	RP11-818C3.1
6	142383854	142384190	ENSG00000270983	RP11-137J7.3
5	3417266	3536208	ENSG00000248118	LINC01019
11	5226271	5228538	ENSG00000224091	AC104389.16
1	31191351	31199674	ENSG00000186056	MATN1-AS1
22	24292105	24296229	ENSG00000231271	AP000350.8
4	190114254	190126031	ENSG00000251310	RP11-706F1.1
1	228750497	228750615	ENSG00000199337	RNA5S3
16	71476958	71477759	ENSG00000262008	RP11-510M2.8
11	5245678	5245869	ENSG00000221031	CoTC_ribozyme
6	73972731	73972807	ENSG00000263378	AC019205.1
4	190209831	190212490	ENSG00000249877	RP11-706F1.2
8	120400588	120400709	ENSG00000206776	SNORA32
9	136177953	136178046	ENSG00000201843	Y_RNA
5	131705444	131731306	ENSG00000197375	SLC22A5
6	142409370	142410356	ENSG00000236822	RP11-137J7.2
1	143119061	143233417	ENSG00000230850	RP11-782C8.1
17	43513266	43568115	ENSG00000225190	PLEKHM1
8	120432150	120474590	ENSG00000253398	RP11-775B15.2
4	17630929	17783135	ENSG00000047662	FAM184B
22	24305942	24306644	ENSG00000228039	KB-1125A3.10
1	228752738	228752856	ENSG00000200381	RNA5S4
HSCHR6_MHC_QBL	29713532	29713756	ENSG00000236619	HCG9P5
11	5263184	5264767	ENSG00000229988	HBBP1
6	142572984	142580769	ENSG00000237494	RP11-753B14.1
6	73972938	74011124	ENSG00000229852	RP11-398K22.12
6	29297403	29298838	ENSG00000230056	DDX6P1
9	136184629	136185304	ENSG00000204031	LCN1P2
5	133764742	133796306	ENSG00000250564	RP11-215P8.4
8	120492519	120493015	ENSG00000254037	RP11-775B15.3
1	228754979	228755097	ENSG00000199396	RNA5S5
16	71496181	71499844	ENSG00000247324	RP11-510M2.2
6	142583780	142583871	ENSG00000266843	AL360007.1
4	190394119	190396346	ENSG00000205100	HSP90AA4P
9	7796490	7888380	ENSG00000137038	TMEM261
6	142847592	142959026	ENSG00000236366	RP11-440G9.1
5	133772402	133828210	ENSG00000250994	AC005355.1
8	120630402	120630714	ENSG00000253495	RP11-99I9.2
6	29432373	29437583	ENSG00000225797	UBDP1
1	228757194	228757312	ENSG00000200624	RNA5S6
6	143069580	143074896	ENSG00000233138	RP1-67K17.3
21	34775202	34851655	ENSG00000159128	IFNGR2
7	1606966	1610641	ENSG00000157778	PSMG3
8	145998499	146012730	ENSG00000196378	ZNF34
5	133835869	133835975	ENSG00000207222	RNU6-456P
8	120724070	120724385	ENSG00000201896	RN7SKP153
5	70070478	70074135	ENSG00000197284	RP11-589F5.3
1	228759414	228759532	ENSG00000202521	RNA5S7
6	74000126	74000985	ENSG00000239626	RPSAP41
HSCHR6_MHC_QBL	29715613	29715714	ENSG00000265105	Y_RNA
8	120874902	120875181	ENSG00000244642	RN7SL396P
5	133842243	133844920	ENSG00000251169	AC005355.2
5	19473060	20575982	ENSG00000145526	CDH18
6	143109260	143115223	ENSG00000237851	RP1-67K17.4
X	7866288	7895780	ENSG00000006757	PNPLA4
5	70156112	70156406	ENSG00000254335	CDH12P1
15	65337708	65345734	ENSG00000186198	SLC51B
HSCHR6_MHC_COX	31770617	31773099	ENSG00000237724	HSPA1A
5	3452930	3461774	ENSG00000249830	RP11-121L11.3
6	29442802	29443848	ENSG00000230164	MAS1LP1
HSCHR6_MHC_QBL	29715969	29716389	ENSG00000230722	IFITM4P
1	31212003	31212079	ENSG00000264773	MIR4420
8	120879659	120886728	ENSG00000245330	KB-1471A8.1
1	228761656	228761774	ENSG00000200343	RNA5S8
6	143267184	143277835	ENSG00000224460	RP11-439L18.2
9	136204565	136204661	ENSG00000201451	Y_RNA
1	143154493	143169717	ENSG00000237291	RP11-782C8.4
6	29457048	29457453	ENSG00000213900	RPS17P1
2	67551759	67552436	ENSG00000236605	AC023115.4
2	105865861	105866251	ENSG00000272861	RP11-332H14.1
1	31283225	31288400	ENSG00000229607	RP5-1125N11.1
1	143163750	143163822	ENSG00000265661	MIR3118-2
6	143271348	143277783	ENSG00000232618	RP11-439L18.1
1	228763895	228764013	ENSG00000201321	RNA5S9
9	136205827	136206302	ENSG00000230064	RP11-244N20.7
1	143188828	143189695	ENSG00000232336	RP11-782C8.3
5	70328995	70330227	ENSG00000254353	RP11-195E2.4
5	133853501	133853785	ENSG00000240250	RN7SL541P
1	228766137	228766255	ENSG00000199910	RNA5S10
8	120903372	120903469	ENSG00000202356	RNA5SP277
16	71547766	71551752	ENSG00000260520	RP11-510M2.6
6	74001685	74003000	ENSG00000234882	EIF3EP1
6	39760142	39872648	ENSG00000146122	DAAM2
4	190580759	190582640	ENSG00000250739	RP11-462G22.1
6	29465286	29478333	ENSG00000229274	XXbac-BPG13B8.10
1	31297075	31307131	ENSG00000223382	RP1-65J11.1
2	105940667	105946986	ENSG00000235319	AC012360.4
15	69617632	69617759	ENSG00000221376	SNORA77
6	143287558	143359214	ENSG00000229017	RP11-439L18.3
7	22921512	22922009	ENSG00000226279	AC005682.7
8	121064419	121068440	ENSG00000254343	RP11-760H22.2
11	5265784	5266777	ENSG00000260629	CTD-2643I7.1
5	3496343	3504118	ENSG00000250716	RP11-121L11.2
6	74032560	74033173	ENSG00000223389	SDCBP2P1
2	67789199	67801176	ENSG00000224173	AC007422.1
1	228768378	228768496	ENSG00000199334	RNA5S11
15	69659924	69660020	ENSG00000252972	RNA5SP398
16	71573737	71575728	ENSG00000260015	RP11-510M2.5
6	74037247	74038740	ENSG00000226840	PAICSP3
15	69683531	69684488	ENSG00000259645	RP11-253M7.6
2	88124461	88124662	ENSG00000229604	MTATP8P2
5	133970529	133970635	ENSG00000207459	RNU6-1311P
1	228770618	228770736	ENSG00000199270	RNA5S12
16	71597333	71597431	ENSG00000252339	RNU6-1061P
6	29497197	29501345	ENSG00000224582	LINC01015
11	56396408	56397345	ENSG00000197866	OR5M12P
4	123540138	123610311	ENSG00000227145	IL21-AS1
7	99235865	99236390	ENSG00000224448	GS1-259H13.7
5	134036862	134036968	ENSG00000201298	RNU6-1164P
6	143360562	143363461	ENSG00000227192	RP1-45I4.3
8	121647798	121650444	ENSG00000250290	CTC-820M8.1
16	71599692	71612090	ENSG00000260886	RP11-432I5.1
9	136216251	136216325	ENSG00000206611	SNORD24
5	134051173	134051272	ENSG00000222266	RNU6-757P
1	228772843	228772961	ENSG00000202526	RNA5S13
1	143211628	143240439	ENSG00000225278	RP11-782C8.5
3	126390949	126392066	ENSG00000248850	RP11-605F14.2
15	69689243	69707368	ENSG00000259426	RP11-253M7.1
12	101786898	101801598	ENSG00000120805	ARL1
6	143415171	143420782	ENSG00000225752	RP1-45I4.2
5	3596325	3600302	ENSG00000259603	CTD-2012M11.3
17	54650401	54650556	ENSG00000243058	RPL39P33
5	134140468	134140822	ENSG00000241179	CTB-2L9.1
1	31316670	31316957	ENSG00000222784	RN7SKP91
8	121773493	121789072	ENSG00000248318	RP11-713M15.1
HSCHR6_MHC_QBL	29756044	29762764	ENSG00000206444	HLA-V
1	228775084	228775202	ENSG00000201355	RNA5S14
2	105950484	105953932	ENSG00000272994	RP11-332H14.2
1	31331005	31333101	ENSG00000235143	RP1-65J11.5
11	5312991	5313610	ENSG00000229093	OR51AB1P
6	74079427	74097440	ENSG00000231332	OOEP-AS1
9	136216950	136217023	ENSG00000200831	SNORD36B
16	71657611	71660719	ENSG00000260593	RP11-432I5.2
5	134198781	134199123	ENSG00000270892	AC006077.4
11	56400640	56401579	ENSG00000254795	OR5AP1P
5	4012822	4013763	ENSG00000248962	CTD-2287N17.1
6	74082831	74082986	ENSG00000235174	RPL39P3
5	70370052	70389020	ENSG00000230847	RP11-195E2.1
8	121824459	121825599	ENSG00000272502	RP11-713M15.2
1	228777315	228777433	ENSG00000201925	RNA5S15
16	71688930	71698115	ENSG00000260185	RP11-432I5.6
15	69698780	69698891	ENSG00000207395	Y_RNA
6	143619907	143620691	ENSG00000217495	RP1-95L4.2
1	31408535	31408620	ENSG00000200154	SNORD103A
3	126485277	126486318	ENSG00000249558	RCC2P4
2	105979495	105995296	ENSG00000238273	AC012360.6
6	29505481	29506564	ENSG00000229281	GPR53P
15	69726805	69727459	ENSG00000259191	RP11-253M7.3
11	56405463	56405549	ENSG00000263546	AP002517.1
16	71699994	71700100	ENSG00000199301	RNU6-208P
1	228779556	228779674	ENSG00000202257	RNA5S16
1	31421964	31422049	ENSG00000202107	SNORD103B
2	88268128	88268490	ENSG00000225428	AC108479.1
8	121925305	122131994	ENSG00000253619	RP11-369K17.1
4	123651703	123653348	ENSG00000224786	CETN4P
17	54946308	54946925	ENSG00000262951	RP11-670E13.2
6	29520996	29521943	ENSG00000237988	OR2I1P
16	71732470	71732604	ENSG00000263666	SNORA70D
11	56436493	56437420	ENSG00000232511	OR2AH1P
5	4033826	4041877	ENSG00000249994	CTD-2383I20.1
6	74100761	74101490	ENSG00000224221	RPS6P8
19	16142117	16152926	ENSG00000167459	LINC00905
1	31441011	31441083	ENSG00000200181	SNORD85
8	122081628	122081814	ENSG00000252093	AC011626.1
2	74682150	74688011	ENSG00000115274	INO80B
16	71757083	71758133	ENSG00000261513	RP11-432I5.8
1	228781787	228781905	ENSG00000200370	RNA5S17
3	126921215	126921316	ENSG00000212556	Y_RNA
8	122125598	122126159	ENSG00000271219	RP11-369K17.2
1	31509581	31510087	ENSG00000237329	RP11-201O14.1
11	5326206	5526882	ENSG00000167355	AC104389.28
9	136217311	136217383	ENSG00000199744	SNORD36A
5	134258993	134259739	ENSG00000244921	CTB-36O1.7
3	126940037	126940724	ENSG00000243016	RP11-305F5.2
2	128074449	128074555	ENSG00000200250	RNU6-1147P
16	71760878	71761895	ENSG00000260612	RP11-432I5.4
6	29541686	29542613	ENSG00000232173	OR2H5P
15	69750281	69750488	ENSG00000207119	U3
8	122198998	122199132	ENSG00000221644	AC027238.1
2	7716972	7717102	ENSG00000221255	RNU6ATAC37P
15	102427557	102427970	ENSG00000259454	WBP1LP5
17	54948531	54948637	ENSG00000212469	RNU6-1158P
2	128146706	128158156	ENSG00000236682	AC068282.3
1	228783659	228783779	ENSG00000212237	RNA5SP18
11	56457941	56458199	ENSG00000238041	RP11-59K5.1
15	69750861	69754145	ENSG00000259215	RP11-253M7.4
5	4135795	4143761	ENSG00000250921	CTD-2008N3.1
8	122392377	122392705	ENSG00000239872	RPL35AP19
3	139236276	139258671	ENSG00000114115	RBP1
17	54962000	54962180	ENSG00000262408	RP11-670E13.3
1	228744885	228788150	ENSG00000183929	DUSP5P1
1	31523719	31523881	ENSG00000232768	RP11-201O14.2
5	134259813	134260334	ENSG00000249119	MTND6P4
5	168690605	168690698	ENSG00000207619	MIR585
17	54966241	54969202	ENSG00000262112	RP11-670E13.5
6	74103636	74103736	ENSG00000238464	snoU13
15	102443357	102443407	ENSG00000259646	AC140725.7
HSCHR6_MHC_COX	31782890	31785413	ENSG00000224501	HSPA1B
10	94211441	94333833	ENSG00000119912	IDE
9	136217702	136217767	ENSG00000252542	SNORD36C
19	42891171	42894439	ENSG00000105427	CNFN
6	74142707	74142807	ENSG00000266346	AC019205.2
11	9406169	9469673	ENSG00000205339	IPO7
2	128181113	128181194	ENSG00000264075	MIR4783
11	56503792	56503938	ENSG00000254953	RP11-100N3.2
17	54968631	54968716	ENSG00000265238	MIR3614
15	65345679	65369028	ENSG00000103710	RASL12
6	29545236	29545525	ENSG00000227609	TMEM183AP1
X	133674215	133674292	ENSG00000216001	MIR450B
6	143648412	143648792	ENSG00000216642	RP1-95L4.3
2	67792736	67911209	ENSG00000235495	AC010987.5
8	122555137	122555235	ENSG00000263525	AC022909.1
4	123736926	123737272	ENSG00000244083	RP11-170N16.1
3	126959811	126959917	ENSG00000201288	RNU6-1047P
X	8137989	8139308	ENSG00000177504	VCX2
6	74173796	74173900	ENSG00000207023	RNU6-975P
17	55017293	55018636	ENSG00000262298	RP5-1107A17.3
5	168979453	168979559	ENSG00000206614	RNU6-477P
1	31567834	31568405	ENSG00000215900	SEPW1P
15	102467008	102467910	ENSG00000183909	OR4G2P
X	133674371	133674461	ENSG00000199132	MIR450A1
6	74186781	74186865	ENSG00000264609	AL603910.1
2	68023186	68052694	ENSG00000237013	AC010987.6
2	106462990	106473633	ENSG00000235522	AC009505.2
5	89648854	89652426	ENSG00000253321	RP11-61G23.2
4	123748169	123748245	ENSG00000253069	AC021205.1
1	228788183	228788307	ENSG00000206878	SNORA51
5	169199970	169206369	ENSG00000253269	CTB-37A13.1
6	74197315	74197600	ENSG00000271986	Metazoa_SRP
11	56507655	56508572	ENSG00000181325	OR9G3P
8	122651533	122656933	ENSG00000248690	HAS2-AS1
X	133674538	133674637	ENSG00000207755	MIR450A2
17	55029025	55029765	ENSG00000262623	RP5-1107A17.2
4	123761498	123761845	ENSG00000240775	RP11-170N16.2
9	136476920	136498221	ENSG00000261018	LL09NC01-254D11.1
3	127002924	127003524	ENSG00000239620	RP11-88I21.1
2	7811735	7812377	ENSG00000230515	AC092580.3
6	74201748	74202465	ENSG00000223821	RP11-505P4.6
1	228823162	228823574	ENSG00000234975	FTH1P2
X	102411048	102411139	ENSG00000200662	Y_RNA
15	69755365	69863775	ENSG00000245750	RP11-279F6.1
6	29550026	29550109	ENSG00000201330	SNORD32B
3	11831916	11888393	ENSG00000144559	TAMM41
4	123803033	123805867	ENSG00000273007	RP11-170N16.3
X	133675371	133675467	ENSG00000207784	MIR542
15	102495088	102496615	ENSG00000248893	FAM138E
3	127041150	127109513	ENSG00000244215	RP11-88I21.2
8	14176964	14177025	ENSG00000252264	RNU7-153P
2	88272175	88272601	ENSG00000233205	AC108479.2
5	134260338	134262149	ENSG00000248923	MTND5P11
5	70384459	70384562	ENSG00000238451	snoU13
6	29550285	29550802	ENSG00000231301	RPL13AP
6	74233341	74280319	ENSG00000229862	RP11-505P4.7
2	128221218	128263373	ENSG00000231731	AC010976.2
X	102460938	102461827	ENSG00000233071	RP4-635G19.1
1	173834760	173834824	ENSG00000208317	SNORD78
5	70398725	70424580	ENSG00000251634	RP11-1280N14.3
1	31581035	31581470	ENSG00000225142	RP11-490K7.1
12	94561782	94579820	ENSG00000258035	RP11-74K11.2
HSCHR6_MHC_MCF	33429778	33437523	ENSG00000228736	RGL2
12	75890684	75905416	ENSG00000111615	KRR1
17	55060110	55062465	ENSG00000263120	RP5-1107A17.4
1	173890208	173890338	ENSG00000252231	RNA5SP67
4	123928727	123928818	ENSG00000216154	AC109357.1
6	143663383	143664520	ENSG00000217648	RP1-95L4.4
5	134262350	134263726	ENSG00000247627	MTND4P12
11	56518499	56519378	ENSG00000254825	OR9G2P
1	228912059	228912612	ENSG00000271475	RP4-799G3.1
X	133677367	133680741	ENSG00000223749	MIR503HG
4	190625035	190625644	ENSG00000272566	RP11-462G22.2
5	4436963	4440372	ENSG00000260763	RP11-445O3.3
1	173938456	173938574	ENSG00000200755	RNA5SP68
6	74236467	74236602	ENSG00000223967	RP11-505P4.5
17	55080344	55080444	ENSG00000265809	AC007114.1
1	228993757	228994303	ENSG00000271399	RP4-799G3.2
4	124181104	124181273	ENSG00000250322	CTB-51E13.1
6	29603837	29604120	ENSG00000235238	SUMO2P1
1	229177918	229178338	ENSG00000229840	ISCA1P2
12	94665926	94670971	ENSG00000258172	RP11-1105G2.4
1	173978405	173985344	ENSG00000236535	RC3H1-IT1
16	71792305	71792390	ENSG00000223224	SNORD71
6	74328069	74328320	ENSG00000218459	RPS27P15
17	55122839	55124158	ENSG00000261192	RNF126P1
4	190630693	190630868	ENSG00000202215	RNU1-51P
8	14190064	14190172	ENSG00000206950	Y_RNA
6	143707718	143708546	ENSG00000270655	RP1-20N2.7
1	143243809	143244859	ENSG00000231289	RP11-782C8.6
19	16145586	16147347	ENSG00000267609	SNX33P1
5	134263720	134264016	ENSG00000198868	MIR4461
11	56542737	56543682	ENSG00000181296	OR5G1P
16	71867690	71869835	ENSG00000262140	RP11-417N10.3
8	14345285	14345388	ENSG00000252035	RNU6-397P
12	94754996	94755300	ENSG00000244391	RN7SL330P
11	1411129	1483919	ENSG00000174672	BRSK2
9	136519708	136522435	ENSG00000225756	DBH-AS1
10	36723638	36724102	ENSG00000228694	MTND4P18
4	124411423	124443261	ENSG00000249125	RP11-381N20.2
1	173991647	173992123	ENSG00000224977	RP11-160H22.3
2	68250826	68251898	ENSG00000235968	AC079112.1
6	74403626	74405854	ENSG00000231652	RP11-553A21.3
4	190701490	190861426	ENSG00000245685	AF146191.4
6	29675902	29676324	ENSG00000233916	ZDHHC20P1
12	94817520	94818745	ENSG00000213250	RBMS2P1
2	21224301	21266945	ENSG00000084674	APOB
5	89684285	89685180	ENSG00000260871	CTD-2373J6.1
5	169455492	169455570	ENSG00000263831	MIR378E
X	102513500	102514509	ENSG00000224692	LL0XNC01-177E8.2
2	7865932	7870836	ENSG00000235576	AC092580.4
1	31736092	31736528	ENSG00000229447	RP11-490K7.4
1	229228562	229230652	ENSG00000236975	RP5-1065P14.2
11	56557682	56558441	ENSG00000255485	OR5G4P
11	5336002	5336914	ENSG00000223735	OR51B3P
11	89433932	89434493	ENSG00000255385	RP11-313I2.2
2	106575540	106578462	ENSG00000234162	AC009505.4
4	124426434	124448680	ENSG00000251526	RP11-381N20.1
6	143757353	143757847	ENSG00000218896	TUBB8P2
19	16162739	16163499	ENSG00000267450	OR1AB1P
1	143245164	143245590	ENSG00000229420	RP11-782C8.7
8	122684013	122696802	ENSG00000254209	RP11-3G20.1
2	68352397	68352879	ENSG00000236259	AC017083.2
5	169567668	169568944	ENSG00000253219	KRT18P41
1	174059274	174059612	ENSG00000225713	RPL30P1
6	29690758	29691748	ENSG00000225864	HCG4P11
16	71915456	71916176	ENSG00000261765	RP11-498D10.3
1	143245823	143246210	ENSG00000234654	RP11-782C8.8
12	94885322	94890218	ENSG00000257400	RP11-778J16.3
1	229359208	229363309	ENSG00000233920	RP5-1061H20.5
6	143770946	143771048	ENSG00000223203	RNA5SP221
11	89456650	89460421	ENSG00000255486	RP11-313I2.13
5	70428820	70429114	ENSG00000253900	CDH12P4
4	17802278	17812381	ENSG00000163257	DCAF16
8	122691366	122719871	ENSG00000248478	RP11-3G20.2
5	4452043	4866334	ENSG00000248973	RP11-445O3.2
10	36727544	36731320	ENSG00000237002	SNORA40
12	94909252	94909536	ENSG00000244091	RN7SL483P
16	71952815	71959638	ENSG00000261337	RP11-498D10.5
19	16176547	16177122	ENSG00000267517	CTD-2231E14.4
X	8432871	8434550	ENSG00000205642	VCX3B
2	88310621	88310721	ENSG00000238979	snoU13
6	74714236	74714528	ENSG00000217268	TXNP7
5	134263729	134263802	ENSG00000263963	MIR4461
1	229394028	229406775	ENSG00000177788	RP5-1061H20.4
1	143342844	143343247	ENSG00000225010	RP11-435B5.1
12	94914866	94915645	ENSG00000258357	RP11-778J16.2
4	124571422	124851561	ENSG00000249464	LINC01091
6	29694378	29716826	ENSG00000214922	HLA-F-AS1
8	122896963	122916512	ENSG00000254018	RP11-785H20.1
9	136627017	136628425	ENSG00000256225	AL590710.1
11	56569332	56587184	ENSG00000205025	OR5G5P
X	52751387	52751573	ENSG00000225397	RP11-552J9.13
2	68406965	68407664	ENSG00000273275	RP11-474G23.2
6	143806116	143828464	ENSG00000229036	RP1-20N2.6
10	36810649	36813162	ENSG00000229644	NAMPTL
5	134264083	134264217	ENSG00000249192	CTB-36O1.3
11	65624597	65635124	ENSG00000172732	MUS81
19	16214571	16215064	ENSG00000267373	CTD-2231E14.5
12	94942017	94943312	ENSG00000236349	SUCLG2P2
6	36461669	36515247	ENSG00000112079	STK38
11	5351822	5352590	ENSG00000236359	OR51B8P
8	122966879	123139423	ENSG00000254303	RP11-398G24.2
15	102500051	102501611	ENSG00000259553	MIR1302-11
HSCHR6_MHC_SSTO	31735249	31752710	ENSG00000231945	VARS
4	190739823	190739892	ENSG00000266024	AF250324.1
1	31805914	31819646	ENSG00000229044	RP11-266K22.2
1	229406674	229407346	ENSG00000240524	RP5-1061H20.3
11	89464185	89467950	ENSG00000255540	RP11-313I2.5
1	143343559	143344609	ENSG00000232571	RP11-435B5.2
17	10644584	10672333	ENSG00000264016	CTC-297N7.9
5	169618583	169626145	ENSG00000249601	CTB-27N1.1
2	106795998	106800253	ENSG00000233339	AC018878.3
1	174084438	174129142	ENSG00000227373	RP11-160H22.5
19	16234471	16250702	ENSG00000269243	CTD-2231E14.8
4	190802670	190806023	ENSG00000250666	RP11-463J17.1
X	52764990	52765196	ENSG00000229826	RP11-552J9.14
1	229455150	229458834	ENSG00000237481	RP4-803J11.2
8	123103719	123103848	ENSG00000253814	MRPS36P3
5	70435716	70585611	ENSG00000215630	GUSBP9
2	7875776	7875914	ENSG00000232979	AC092580.2
1	31960436	31961777	ENSG00000215899	RP11-439L8.2
1	229518875	229518935	ENSG00000252506	RNU6-180P
8	123426571	123440790	ENSG00000255364	RP11-94A24.1
8	14372250	14372374	ENSG00000263415	AC021760.1
2	88315873	88316066	ENSG00000222724	RNU2-63P
1	31970419	31970525	ENSG00000206981	RNU6-40P
2	106863825	106864197	ENSG00000213295	AC092106.2
6	74779167	75400443	ENSG00000223786	RP11-554D15.1
1	229546247	229546514	ENSG00000252051	RN7SKP276
12	94955565	94955635	ENSG00000266099	MIR5700
8	14547891	14548128	ENSG00000255365	RP11-776K3.1
10	36914943	36915066	ENSG00000207271	Y_RNA
4	190894754	190895002	ENSG00000249462	MLLT10P2
1	31971841	31974167	ENSG00000228682	RP11-439L8.3
8	123497754	123502054	ENSG00000255325	RP11-96B2.1
1	229560767	229561397	ENSG00000230331	RP5-1068B5.1
X	52777574	52779905	ENSG00000238127	RP11-552J9.15
5	89705817	89706485	ENSG00000255647	AC093510.1
4	190901057	190901762	ENSG00000271307	AF146191.8
10	37229037	37232860	ENSG00000238176	RP11-322I2.1
19	16297087	16300269	ENSG00000267033	CTD-2562J15.4
8	14710947	14711019	ENSG00000199127	MIR383
1	31984036	31989846	ENSG00000223907	RP11-439L8.4
2	213775727	213784533	ENSG00000223373	AC108066.1
12	94984597	94984869	ENSG00000257847	LSM3P2
11	89485953	89487143	ENSG00000234376	UBTFL2
6	143811652	143812504	ENSG00000241847	VDAC1P8
11	56615954	56645554	ENSG00000255433	AP000479.1
10	77036134	77036404	ENSG00000233313	HMGA1P5
11	5375922	5376808	ENSG00000230087	AC104389.31
8	123682624	123706345	ENSG00000253819	LINC01151
10	102821598	102827888	ENSG00000107821	KAZALD1
8	14736566	14737328	ENSG00000255076	CTD-2023J5.1
9	136890561	136899788	ENSG00000235106	LINC00094
1	32037186	32041174	ENSG00000229167	RP11-73M7.1
1	174169267	174169368	ENSG00000238872	snoU13
1	46092976	46153785	ENSG00000159592	GPBP1L1
2	213790981	213791060	ENSG00000266354	MIR4776-2
5	4512375	4516889	ENSG00000231291	RP11-445O3.1
HSCHR6_MHC_COX	31789757	31794910	ENSG00000226710	C6orf48
19	16394170	16435325	ENSG00000267275	CTD-2562J15.6
6	74991982	74992376	ENSG00000217178	RP11-9G10.1
1	174317403	174317493	ENSG00000266125	AL022400.1
10	37233039	37233666	ENSG00000233533	MKNK2P1
HSCHR6_MHC_QBL	29756937	29757911	ENSG00000237905	HCG4
8	123683530	123683633	ENSG00000238901	snoU13
12	95227923	95228934	ENSG00000216306	KRT19P2
11	89487150	89488121	ENSG00000254971	RP11-313I2.11
2	214017694	214018383	ENSG00000270659	RP11-105N14.1
X	102602390	102602657	ENSG00000238049	LL0XNC01-105G4.3
1	174336243	174337177	ENSG00000237317	RP4-809F4.1
10	77039484	77161004	ENSG00000270087	RP11-399K21.11
11	56738325	56739621	ENSG00000181282	OR5AK3P
5	79852574	79866307	ENSG00000189127	ANKRD34B
2	128229810	128229991	ENSG00000202429	RNU4-48P
6	143875462	143883168	ENSG00000235740	RP11-436I24.1
15	69857063	69858129	ENSG00000259457	RP11-279F6.2
11	5383845	5384079	ENSG00000236248	AC104389.32
6	75239964	75443995	ENSG00000272243	RP11-554D15.3
8	123712508	123715662	ENSG00000263443	RP11-973F15.2
6	29694446	29694916	ENSG00000239257	RPL23AP1
1	143347958	143376829	ENSG00000242569	RP11-435B5.3
2	128383572	128384423	ENSG00000272789	RP11-286H15.1
1	229576031	229576767	ENSG00000226920	RP5-1068B5.3
8	15182805	15183078	ENSG00000249368	RP11-782K4.1
11	89498052	89498306	ENSG00000255170	RP11-313I2.6
1	174725988	174726257	ENSG00000223828	BANF1P4
5	134374528	134375737	ENSG00000249082	CTC-276P9.1
2	214020530	214032436	ENSG00000236193	RP11-105N14.3
X	52799880	52800150	ENSG00000236518	RP13-77O11.7
4	190903678	190906026	ENSG00000251297	TUBB7P
19	42905659	42931578	ENSG00000079435	LIPE
11	56785575	56786361	ENSG00000255083	OR5AK1P
10	37283951	37284513	ENSG00000225355	ARL6IP1P2
8	123781513	123782389	ENSG00000235165	AC016405.1
1	85101841	85102789	ENSG00000232622	RP11-484D4.3
1	229644248	229650019	ENSG00000223635	RP4-613A2.1
5	169735705	169739720	ENSG00000250274	CTB-114C7.4
19	16509477	16509770	ENSG00000243745	RN7SL844P
6	144179199	144179826	ENSG00000270890	RP3-468K18.6
6	29709508	29716746	ENSG00000273340	MICE
11	89499608	89502004	ENSG00000204456	RP11-313I2.10
6	153019030	153045702	ENSG00000120279	MYCT1
10	37424165	37424271	ENSG00000206796	RNU6-811P
15	69884468	69988089	ENSG00000259641	RP11-279F6.3
2	214131719	214140876	ENSG00000272519	RP11-105N14.2
11	56796883	56797197	ENSG00000273228	OR5BQ1P
3	175785830	175786696	ENSG00000236357	EI24P1
19	16523495	16524387	ENSG00000240418	CTD-2013N17.1
1	174818805	174819306	ENSG00000231378	NDUFAF4P4
1	229670811	229670936	ENSG00000199672	RNU4-21P
11	5451883	5452832	ENSG00000248424	OR51K1P
X	52810501	52814830	ENSG00000226867	RP13-77O11.8
6	75320165	75320431	ENSG00000218483	RP11-554D15.2
6	144357755	144358841	ENSG00000217231	RP3-340H11.2
2	88382038	88382118	ENSG00000265003	MIR4780
11	57520715	57587018	ENSG00000198561	CTNND1
10	37529815	37530977	ENSG00000234918	RP11-20F24.2
15	65369154	65372276	ENSG00000234438	KBTBD13
2	128556477	128556572	ENSG00000201470	RNY4P7
10	77048091	77048440	ENSG00000223428	RP11-399K21.5
1	229685652	229685769	ENSG00000201492	RNA5SP78
1	32109650	32125539	ENSG00000235790	RP11-73M7.6
11	56804912	56805009	ENSG00000224196	OR5AK4P
4	124666078	124666828	ENSG00000226655	AC096732.2
2	214141276	214148929	ENSG00000196096	AC079610.2
2	128587321	128587426	ENSG00000200390	Y_RNA
X	102752451	102755245	ENSG00000234405	LL0XNC01-250H12.3
2	106869687	106870173	ENSG00000224061	AC092106.1
1	229706279	229706543	ENSG00000229367	HMGN2P19
HSCHR6_MHC_QBL	29765389	29767393	ENSG00000260638	HLA-P
8	123792210	123793069	ENSG00000272384	RP11-44N11.2
2	214622791	214622883	ENSG00000265734	MIR4438
17	27051366	27054953	ENSG00000160606	TLCD1
4	124666905	124667381	ENSG00000228489	RPL21P50
10	77142151	77142602	ENSG00000236797	SPA17P1
5	169758433	169760883	ENSG00000235172	CTB-114C7.3
11	56812566	56812865	ENSG00000272676	OR5AO1P
6	75352100	75361718	ENSG00000224583	RP11-554D15.4
X	102873433	102873502	ENSG00000266568	AL049610.1
2	88529088	88529183	ENSG00000202012	RNY4P15
6	144438986	144439062	ENSG00000256014	AL031390.1
2	7876569	7877226	ENSG00000229405	AC092580.1
1	174861554	174862292	ENSG00000237249	RP1-102G20.2
11	89510149	89515545	ENSG00000254751	TRIM64DP
8	15379393	15379475	ENSG00000223214	AC091559.1
1	229824746	229825651	ENSG00000213028	RP11-108F13.2
2	215114764	215548970	ENSG00000197585	AC107218.3
5	90326807	90327124	ENSG00000249514	CTD-2266L18.1
4	124783015	124783170	ENSG00000250458	RP11-107E21.1
8	123792999	123793310	ENSG00000272043	RP11-44N11.3
10	37537046	37604729	ENSG00000240800	ATP8A2P1
X	102881004	102881420	ENSG00000224031	TCEAL3-AS1
15	70023079	70023161	ENSG00000238870	AC009677.1
6	75429462	75429559	ENSG00000264884	AL590684.1
11	56823062	56823607	ENSG00000273255	OR5BP1P
X	52830424	52830553	ENSG00000229885	RP13-77O11.12
6	144457587	144457912	ENSG00000219297	MRPL42P3
15	70077754	70077843	ENSG00000215958	AC021818.1
8	123819985	123828756	ENSG00000253372	RP11-44N11.1
6	75558793	75560200	ENSG00000219736	RP11-560O20.1
1	229840981	229841608	ENSG00000225984	HMGB1P26
15	65385338	65407535	ENSG00000246922	UBAP1L
11	57093077	57095432	ENSG00000254662	RP11-872D17.4
1	85258751	85258882	ENSG00000251899	AC104169.1
8	15546423	15547071	ENSG00000248423	RP11-235P11.1
6	18368779	18469105	ENSG00000137393	RNF144B
15	70095655	70096385	ENSG00000259496	RP11-19J5.1
2	128601127	128603261	ENSG00000270081	RP5-935K16.1
1	174866095	174867133	ENSG00000223525	RABGAP1L-IT1
1	85599477	85599556	ENSG00000266110	MIR4423
2	215145362	215146176	ENSG00000213917	RPL5P8
11	57096333	57096435	ENSG00000238692	snoU13
2	128602810	128602915	ENSG00000202532	RNU6-395P
1	85729979	85730085	ENSG00000223254	Y_RNA
6	75994730	76006719	ENSG00000225793	RP1-234P15.4
15	70113095	70115195	ENSG00000259309	RP11-19J5.2
5	134456216	134475371	ENSG00000248753	CTC-276P9.2
X	102906663	102907034	ENSG00000180284	RP5-1055C14.6
11	57127196	57127295	ENSG00000266018	AP000781.1
1	174891244	174891577	ENSG00000235869	RP1-102G20.4
8	123858930	123859018	ENSG00000221542	AC016405.2
6	144521584	144522102	ENSG00000217027	TPT1P4
2	128604310	128604658	ENSG00000244563	AC006011.4
4	69887374	69888058	ENSG00000249890	RP11-813N20.2
4	124983617	124984145	ENSG00000250484	RP11-728C8.1
10	37586326	37586615	ENSG00000244402	RN7SL314P
1	85742398	85913807	ENSG00000223653	RP11-131L23.1
2	88594111	88594198	ENSG00000221619	AC012671.3
1	230011297	230021499	ENSG00000227043	RP11-286M16.1
11	57217656	57217772	ENSG00000252070	RNA5SP341
8	123989266	123997869	ENSG00000259631	RP11-557C18.4
11	5489716	5490652	ENSG00000230484	OR51A10P
5	134460070	134466939	ENSG00000248482	CTC-276P9.3
2	68457058	68457147	ENSG00000216115	AC017083.1
5	90519236	90519784	ENSG00000212930	RP11-414H23.2
11	57219163	57219495	ENSG00000222998	RN7SKP259
5	4640844	4648367	ENSG00000251371	CTD-2318H23.1
15	70127573	70135459	ENSG00000259703	LINC00593
14	94830053	94833039	ENSG00000258597	SERPINA2P
8	124014800	124042991	ENSG00000253607	RP11-557C18.3
18	21178890	21242849	ENSG00000154065	ANKRD29
11	89519113	89521006	ENSG00000255162	RP11-358N4.3
19	16551757	16554395	ENSG00000267703	CTD-2013N17.4
1	32110295	32114972	ENSG00000264078	RP11-73M7.9
2	68480002	68480980	ENSG00000273064	RP11-474G23.3
4	190936293	190936410	ENSG00000199572	RNA5SP174
2	88606879	88606982	ENSG00000239049	snoU13
11	57243966	57245007	ENSG00000255301	RP11-624G17.3
19	16650499	16650795	ENSG00000240106	RN7SL146P
10	77160759	77168738	ENSG00000237149	ZNF503-AS2
8	15663658	15664792	ENSG00000250483	PPM1AP1
6	29716066	29716290	ENSG00000227758	HCG9P5
14	94896970	94931067	ENSG00000256357	RP11-349I1.2
6	144578170	144578760	ENSG00000216475	RP1-91J24.1
5	90522292	90522888	ENSG00000251093	RP11-414H23.3
13	26442061	26455095	ENSG00000215549	AL138815.1
4	190938851	190938969	ENSG00000201145	RNA5SP175
8	124056957	124057052	ENSG00000199678	RNY4P5
2	106905259	106905509	ENSG00000230353	AC114755.2
2	68500236	68500338	ENSG00000221443	AC017083.3
7	1727755	1787590	ENSG00000225968	ELFN1
1	32224261	32224336	ENSG00000266580	MIR4254
1	230138477	230142909	ENSG00000228058	RP11-552D4.1
1	85750293	85750356	ENSG00000264380	AL590113.1
4	69893549	69910296	ENSG00000250919	RP11-813N20.3
6	76028817	76029696	ENSG00000203489	HMGB1P39
19	16653434	16655625	ENSG00000269399	CTD-3222D19.7
8	39308564	39380371	ENSG00000197475	ADAM3A
4	190942562	190943820	ENSG00000224807	DUX4L9
8	124135346	124135922	ENSG00000253463	HMGB1P19
2	68588346	68592716	ENSG00000203395	AC015969.3
6	29718148	29718249	ENSG00000199290	Y_RNA
14	95100042	95100861	ENSG00000258805	ADIPOR1P2
4	17812525	17846485	ENSG00000109805	NCAPG
7	143060992	143061322	ENSG00000272619	RP11-563K23.1
11	57278032	57278117	ENSG00000251995	Y_RNA
1	85900858	85900967	ENSG00000199459	Y_RNA
11	89522580	89522901	ENSG00000255285	RP11-358N4.5
15	102501356	102516768	ENSG00000185596	WASH3P
1	32254731	32256923	ENSG00000254545	RP11-84A19.3
6	29718506	29718925	ENSG00000235821	IFITM4P
4	190959071	190959554	ENSG00000250053	RARRES2P4
5	169816497	169849848	ENSG00000253647	CTD-2270F17.1
4	125070532	125173199	ENSG00000249837	CTD-2325B11.1
13	26452422	26452679	ENSG00000268344	AL138815.2
1	85932978	85933343	ENSG00000273264	RP11-131L23.2
1	174904084	174923398	ENSG00000229531	RP1-102G20.5
11	57343765	57344553	ENSG00000240371	RPS4XP13
7	143076785	143077588	ENSG00000232533	AC093673.5
19	16662584	16663139	ENSG00000268309	CTD-3222D19.11
11	89553250	89560090	ENSG00000250946	RP11-358N4.6
1	32307620	32321169	ENSG00000203620	RP11-84A19.2
15	70371711	70371807	ENSG00000207965	MIR629
12	55552631	55553507	ENSG00000224622	OR9R1P
5	169910810	169913411	ENSG00000253858	CTB-147C13.1
6	144632835	144654437	ENSG00000225311	RP1-91J24.3
1	86044183	86044425	ENSG00000272691	RP11-290M5.4
5	134571924	134583869	ENSG00000249647	CTC-349C3.2
HSCHR6_MHC_QBL	29768168	29768964	ENSG00000233113	RPL7AP7
X	102942212	102946700	ENSG00000231154	MORF4L2-AS1
2	8026901	8039786	ENSG00000226506	AC007463.2
13	26618735	26625169	ENSG00000180730	SHISA2
1	230184929	230184997	ENSG00000211525	BX323860.1
2	68672842	68676306	ENSG00000229462	AC127383.1
19	16676362	16677141	ENSG00000269085	CTD-3222D19.10
15	70485575	70485683	ENSG00000200216	RNU6-745P
6	29719742	29719984	ENSG00000272236	XXbac-BPG170G13.32
1	86057963	86058039	ENSG00000199934	SNORD81
17	29161343	29190046	ENSG00000265334	CTD-2349P21.11
4	125356905	125358275	ENSG00000248506	RP11-93I21.2
2	128644130	128644759	ENSG00000272667	RP11-395A13.2
1	32317514	32387442	ENSG00000269967	RP11-84A19.4
6	144719095	144719888	ENSG00000219409	RP11-106E7.1
1	230394440	230404229	ENSG00000227006	RP5-956O18.2
6	153071933	153080900	ENSG00000146469	VIP
12	55587666	55588570	ENSG00000227423	OR10U1P
1	86064814	86066417	ENSG00000230285	RP11-290M5.2
2	88664214	88665127	ENSG00000232508	MRPL45P1
15	70487977	70490848	ENSG00000259252	AC011648.1
6	29731035	29731169	ENSG00000270896	XXbac-BPG170G13.31
8	124192551	124192765	ENSG00000221461	U3
19	16697716	16698796	ENSG00000269578	CTD-3222D19.5
6	76066930	76096096	ENSG00000237174	RP11-415D17.3
1	32398621	32399576	ENSG00000228634	RP4-534N18.2
2	128688901	128689014	ENSG00000204399	AC012306.2
8	15800634	15801041	ENSG00000226836	RP11-77B22.1
17	10648870	10649860	ENSG00000240813	RP11-963H4.2
15	93749295	93751277	ENSG00000269360	AC112693.2
7	1732446	1733961	ENSG00000205971	AC074389.6
8	124193878	124195028	ENSG00000253258	RP11-539E17.5
1	86349363	86349481	ENSG00000201620	RNA5SP51
12	120751041	120751144	ENSG00000252659	RNU6-1088P
19	16721222	16747342	ENSG00000268087	CTC-429P9.2
12	55656323	55657215	ENSG00000213451	OR6C69P
1	174965661	174965766	ENSG00000252552	RNU6-307P
7	143104906	143220542	ENSG00000229153	EPHA1-AS1
1	32517892	32539075	ENSG00000203325	RP11-277A4.4
5	170066162	170108441	ENSG00000253591	CTC-265N9.1
1	86495537	86496272	ENSG00000229505	RP4-682E18.1
15	70613915	70619081	ENSG00000259503	RP11-543G18.1
19	16741554	16754753	ENSG00000269427	CTC-429P9.1
1	174991615	174991716	ENSG00000206659	Y_RNA
17	29188861	29188956	ENSG00000212190	RNU6-298P
8	124205115	124205172	ENSG00000253410	RP11-539E17.3
2	215374920	215401614	ENSG00000224257	VWC2L-IT1
6	29758731	29765588	ENSG00000181126	HLA-V
2	68755373	68756584	ENSG00000214525	AC130709.1
6	145027869	145028183	ENSG00000217195	RP11-277I20.2
5	90566544	90566684	ENSG00000199643	RNU4-90P
1	230416058	230417639	ENSG00000224407	RP5-956O18.3
1	86869859	86870549	ENSG00000231349	RP11-444C12.1
1	175013762	175014784	ENSG00000181101	SDCCAG3P2
16	3101992	3109371	ENSG00000261971	RP11-473M20.7
17	29190939	29191958	ENSG00000263531	RP13-753N3.1
15	70796246	70798267	ENSG00000259473	RP11-96C21.1
X	48929385	48937546	ENSG00000250232	AF196779.12
Y	19900883	19901042	ENSG00000252513	RNU1-128P
1	32552550	32552608	ENSG00000266203	MIR5585
6	145029242	145029633	ENSG00000220739	RP11-277I20.3
11	89575165	89584138	ENSG00000166013	TRIM53BP
11	57405497	57420263	ENSG00000254602	AP000662.4
1	143354963	143467632	ENSG00000185044	RP11-435B5.4
2	106921211	106921653	ENSG00000233939	AC114755.4
1	230451438	230451976	ENSG00000203257	AL691479.1
5	4773594	4774978	ENSG00000249521	CTD-2161F6.3
X	8496915	8700227	ENSG00000011201	KAL1
17	29283298	29283979	ENSG00000230113	AC091177.1
15	70894463	70894855	ENSG00000259227	RP11-64K10.1
12	55677534	55706860	ENSG00000205331	OR6C72P
1	32636334	32642169	ENSG00000250135	RP4-622L5.2
12	120807243	120809491	ENSG00000239881	RPS27P25
19	16744614	16746080	ENSG00000269044	CTC-429P9.3
2	215562451	215562788	ENSG00000177261	ENSAP3
4	190962497	190964569	ENSG00000214273	AGGF1P1
10	37414785	37673039	ENSG00000148513	ANKRD30A
1	175172364	175173985	ENSG00000230687	RP5-1114G22.2
6	145669894	145669985	ENSG00000221796	AL356739.1
15	71041271	71046516	ENSG00000259532	RP11-138H8.2
20	3758151	3762095	ENSG00000101222	SPEF1
6	76108577	76108783	ENSG00000221332	U3
X	103065314	103065438	ENSG00000221392	Z73964.1
2	106961022	106961889	ENSG00000227513	AC114755.3
8	124213412	124214983	ENSG00000204949	FAM83A-AS1
1	230728406	230731329	ENSG00000232964	RP11-543E8.1
17	29286583	29286867	ENSG00000266274	RN7SL138P
11	5539671	5546185	ENSG00000224295	AC087380.14
2	128824768	128824981	ENSG00000234044	AC108059.1
6	76138123	76138189	ENSG00000263533	MIR4463
X	103105726	103105840	ENSG00000222419	RNA5SP511
6	145784374	145784535	ENSG00000201119	RNU1-33P
17	29291953	29292518	ENSG00000265743	RP11-848P1.3
1	175266216	175266376	ENSG00000233946	RP5-1114G22.1
4	190979057	190984160	ENSG00000249003	CLUHP4
7	36893961	37488852	ENSG00000155849	ELMO1
7	143134127	143135066	ENSG00000234066	TAS2R62P
1	87018308	87019025	ENSG00000224466	RP4-651E10.3
1	230747755	230748158	ENSG00000235817	RP11-543E8.2
5	90575914	90576959	ENSG00000234292	RP11-213H15.1
6	76164660	76168616	ENSG00000238156	RP11-415D17.4
X	103159243	103159675	ENSG00000231787	RP11-370B6.1
19	16750778	16751479	ENSG00000267904	CTC-429P9.5
2	106984665	106985332	ENSG00000229682	AC114755.5
6	145810766	145813228	ENSG00000217612	RP1-28C20.1
15	71060350	71071207	ENSG00000259624	RP11-138H8.3
2	215674953	215827998	ENSG00000229267	AC072062.1
1	32670370	32672415	ENSG00000224066	RP4-622L5.7
5	4775589	4805882	ENSG00000248311	CTD-2161F6.2
5	43231914	43233275	ENSG00000247763	RP11-447H19.1
Y	19909863	19912576	ENSG00000224964	TRAPPC2P3
1	87036864	87158886	ENSG00000236915	RP4-651E10.4
19	16823128	16823245	ENSG00000269419	CTD-2538G9.3
4	125384018	125384945	ENSG00000248565	TECRP2
10	70748487	70776738	ENSG00000198954	KIAA1279
11	89586008	89596061	ENSG00000204455	TRIM51BP
15	71083352	71083825	ENSG00000259452	RP11-138H8.4
6	43274872	43337216	ENSG00000171467	ZNF318
HSCHR6_MHC_QBL	29777533	29777664	ENSG00000224355	MICG
7	143185582	143186495	ENSG00000236853	OR2R1P
6	76174839	76175286	ENSG00000217680	RP11-415D17.1
12	55705619	55706541	ENSG00000230307	OR6C5P
5	4831812	4849913	ENSG00000248467	CTD-2161F6.1
1	175276354	175304595	ENSG00000260990	RP3-518E13.2
11	57408671	57408759	ENSG00000208009	MIR130A
4	190981535	190981630	ENSG00000221407	U85056.4
17	10695376	10698302	ENSG00000266114	RP11-963H4.5
2	88667312	88667381	ENSG00000253029	RNU6-568P
8	15830824	15857833	ENSG00000253648	RP11-77B22.2
17	55155659	55162385	ENSG00000263004	RP11-166P13.3
4	190986388	190987069	ENSG00000258475	U85056.3
1	230846444	230931238	ENSG00000244137	RP11-99J16__A.2
11	57485516	57486002	ENSG00000213592	AP000662.9
5	134734970	134736986	ENSG00000270021	CTC-203F4.2
2	8062556	8418214	ENSG00000235665	LINC00298
5	170174051	170215654	ENSG00000253348	MIR4454
1	87071953	87072040	ENSG00000221702	AL356270.1
8	124228028	124228103	ENSG00000266324	MIR4663
HSCHR6_MHC_QBL	29792350	29793328	ENSG00000225023	HCG4P8
X	103165225	103166272	ENSG00000234345	LL0XNC01-116E7.1
X	48970334	48980151	ENSG00000068394	GPKOW
17	10698230	10707416	ENSG00000263429	LINC00675
7	143229842	143230257	ENSG00000229977	AC073264.10
4	125421097	125479589	ENSG00000261083	RP11-93I21.3
2	43907604	43908761	ENSG00000229695	AC011242.5
11	5548507	5549404	ENSG00000249633	OR52V1P
15	42073346	42076229	ENSG00000268632	AC073657.1
1	175507911	175525954	ENSG00000235628	TNR-IT1
Y	19921687	19937209	ENSG00000226011	OFD1P1Y
2	215711671	215711805	ENSG00000207274	SNORA70
6	44238203	44275243	ENSG00000178233	TMEM151B
12	95228174	95228289	ENSG00000208038	MIR492
8	124249092	124249302	ENSG00000243498	UBA52P5
15	71088936	71095027	ENSG00000235420	RPL29P30
2	88673658	88673758	ENSG00000266309	AC012671.4
9	136919412	136923927	ENSG00000235138	RP11-374P20.4
11	57633770	57634751	ENSG00000255303	OR5BA1P
2	215711852	215712169	ENSG00000230076	AC016708.2
4	69932113	69935606	ENSG00000248763	RP13-644M16.5
17	55169506	55173786	ENSG00000263089	RP11-166P13.4
12	55736625	55737558	ENSG00000257757	OR6C7P
6	29758816	29760850	ENSG00000176998	HCG4
1	230865626	230865915	ENSG00000263779	RN7SL467P
12	95494307	95494821	ENSG00000257121	RP11-129B9.2
11	63580860	63595190	ENSG00000168005	C11orf84
4	190988796	190990406	ENSG00000250537	DUX4L8
6	76183454	76183610	ENSG00000201291	RNU1-34P
8	16133190	16133805	ENSG00000253951	RP11-447G11.1
1	175846479	175849604	ENSG00000224718	RP11-222A5.1
5	43287703	43290941	ENSG00000261604	CTD-2636A23.2
6	146056706	146058354	ENSG00000270638	RP3-466P17.1
15	52599480	52821247	ENSG00000197535	MYO5A
5	4866634	4874872	ENSG00000249941	CTD-2046I8.1
17	55489272	55489562	ENSG00000263902	RN7SL437P
1	230955996	230956104	ENSG00000202063	RNA5SP79
7	143242279	143243828	ENSG00000229877	PAICSP5
12	95519536	95520165	ENSG00000237774	RP11-129B9.1
3	134321980	134370478	ENSG00000174611	KY
6	76209421	76209852	ENSG00000219722	RPL26P20
2	128825374	128825475	ENSG00000200432	Y_RNA
4	126283974	126284084	ENSG00000201297	Y_RNA
2	215886722	215906980	ENSG00000227769	AC072062.3
17	55599609	55600958	ENSG00000266100	RP11-118E18.2
1	230959387	230960453	ENSG00000225656	RP5-858B6.1
8	124275083	124275189	ENSG00000222607	RNU6-628P
2	128879655	128879963	ENSG00000264856	RN7SL206P
1	32697259	32707221	ENSG00000220785	MTMR9LP
5	90598846	90610219	ENSG00000248323	LUCAT1
4	126597873	126673948	ENSG00000250149	RP11-399F2.2
5	4967877	4970538	ENSG00000251506	CTD-2247C11.2
8	124278882	124278985	ENSG00000238422	snoU13
1	87099956	87121059	ENSG00000153923	CLCA3P
1	175873898	175889649	ENSG00000227740	RP11-318C24.2
6	146058047	146058309	ENSG00000270828	RP3-466P17.2
12	95669546	95669648	ENSG00000202470	Y_RNA
2	128897366	128898090	ENSG00000229173	AC108059.4
1	231010592	231014761	ENSG00000223393	RP5-858B6.3
6	29768192	29770202	ENSG00000261548	HLA-P
4	126602332	126604823	ENSG00000251436	NUPL1P1
17	55678217	55685773	ENSG00000263499	RP11-118E18.4
17	10752858	10784212	ENSG00000263508	RP11-963H4.3
13	26706253	26796791	ENSG00000127870	RNF6
2	106986180	106994703	ENSG00000235486	AC114755.7
2	43999259	43999489	ENSG00000252490	RN7SKP66
9	136944026	136944566	ENSG00000271525	RP11-349K21.1
8	124300595	124302743	ENSG00000253336	RP11-468O2.1
12	95680094	95680614	ENSG00000257666	CBX3P5
1	175891111	175891281	ENSG00000230777	RP11-318C24.1
2	44119829	44119935	ENSG00000200924	RNU6-1048P
16	299546	319942	ENSG00000269881	ITFG3
6	76295838	76296177	ENSG00000220730	RP11-474L11.3
X	103172005	103174131	ENSG00000231728	LL0XNC01-116E7.2
17	55695469	55695759	ENSG00000242889	RN7SL449P
17	81061205	81063860	ENSG00000261888	AC144831.1
6	146136048	146207721	ENSG00000235652	RP11-545I5.3
2	44293033	44293293	ENSG00000219391	AC019129.1
2	216139715	216142670	ENSG00000237571	AC073284.4
6	138743180	139013708	ENSG00000135540	NHSL1
17	55762890	55762953	ENSG00000238447	RNU7-134P
1	204100190	204121307	ENSG00000143845	ETNK2
2	8147901	8523751	ENSG00000236790	LINC00299
4	126644422	126645372	ENSG00000249555	TMEM248P1
1	175937534	175937676	ENSG00000252906	SCARNA3
15	71121469	71123745	ENSG00000267539	RP11-138H8.7
1	231029887	231030173	ENSG00000240502	RN7SL837P
2	216167489	216167587	ENSG00000238663	snoU13
12	55770582	55771520	ENSG00000203408	OR6C71P
11	5572892	5573793	ENSG00000248553	OR52H2P
17	55849307	55912110	ENSG00000265542	RP11-60A24.3
5	170293839	170294146	ENSG00000244501	RN7SL623P
6	76302771	76302861	ENSG00000252137	RNU6-1338P
1	231031178	231031250	ENSG00000238985	snoU13
1	175986413	175987896	ENSG00000228686	RP11-492I21.1
2	216300976	216301715	ENSG00000230695	AC012462.1
2	44381928	44382034	ENSG00000252599	RNU6-566P
17	81091900	81125376	ENSG00000262898	AC139099.4
5	68462837	68474072	ENSG00000134057	CCNB1
1	143377281	143401533	ENSG00000238261	RP11-435B5.5
5	170323933	170331465	ENSG00000253966	CTC-455F18.3
8	16232127	16232591	ENSG00000253934	MRPL49P2
4	126991863	126993159	ENSG00000251649	RP11-318I4.1
6	76320674	76321661	ENSG00000217488	RP11-474L11.5
1	231124735	231124869	ENSG00000252131	AL844165.1
16	71963441	72033877	ENSG00000187008	PKD1L3
5	134786303	134794387	ENSG00000249639	CTB-138E5.1
HSCHR6_MHC_QBL	29817101	29817229	ENSG00000232253	MICF
1	176176784	176198466	ENSG00000236021	RP11-195C7.1
17	55866810	55867093	ENSG00000222976	RN7SKP94
4	69990992	69992169	ENSG00000251284	RP13-644M16.1
5	43336266	43348818	ENSG00000188850	RP11-159F24.2
2	216318430	216328594	ENSG00000225166	AC012462.2
1	231155574	231155670	ENSG00000221290	MIR1182
12	120827349	120833797	ENSG00000256695	RP1-166H1.2
HSCHR6_MHC_QBL	29846367	29847335	ENSG00000230419	HCG4P7
15	71141222	71142109	ENSG00000259744	RP11-138H8.6
6	146492451	146492983	ENSG00000187103	FUNDC2P3
4	128802016	128820350	ENSG00000142731	PLK4
17	81159765	81168959	ENSG00000262952	AC139099.6
9	136997364	137000894	ENSG00000273249	LL09NC01-251B2.3
8	124354654	124354759	ENSG00000252297	RNU6-875P
6	29770972	29771768	ENSG00000213880	RPL7AP7
1	176200336	176200966	ENSG00000232463	RP11-195C7.2
6	76353800	76353893	ENSG00000252498	RNU6-1016P
4	127027294	127028078	ENSG00000251005	RP11-318I4.2
17	55989694	55999942	ENSG00000264914	RP11-343K8.3
1	231157357	231157929	ENSG00000227934	RP11-423F24.3
8	124360274	124360370	ENSG00000207704	MIR548D1
7	150488373	150498448	ENSG00000106565	TMEM176B
6	76364686	76365015	ENSG00000200091	RN7SKP163
HSCHR6_MHC_QBL	29846825	29849546	ENSG00000227296	HLA-H
2	216341390	216344971	ENSG00000228618	AC012462.3
8	16461764	16522388	ENSG00000253184	RP11-13N12.2
12	120888240	120888606	ENSG00000219355	RPL31P52
6	146661556	146661660	ENSG00000222971	RNA5SP222
12	55782229	55783158	ENSG00000233606	OR6C66P
2	106998562	107010027	ENSG00000240935	PLGLA
15	71151053	71152501	ENSG00000259470	KRT8P9
6	76477776	76477875	ENSG00000252156	RNU6-155P
6	29780342	29780473	ENSG00000237042	MICG
8	124364421	124364883	ENSG00000254388	DUTP2
6	146686067	146686630	ENSG00000216811	RP1-69B13.2
1	231253577	231254071	ENSG00000229595	RP5-1097F14.1
3	113161565	113234034	ENSG00000163611	SPICE1
6	76574956	76575052	ENSG00000223169	RNA5SP209
X	103182679	103183597	ENSG00000230312	LL0XNC01-116E7.4
2	216395170	216410249	ENSG00000234938	AC012668.1
1	176212998	176213165	ENSG00000253025	RNU2-12P
6	29795162	29796141	ENSG00000229142	HCG4P8
12	120928131	120933743	ENSG00000248008	DYNLL1-AS1
2	128908728	128908878	ENSG00000232101	AC108059.2
2	44393405	44394082	ENSG00000224637	AC019129.2
17	81165854	81165944	ENSG00000256692	AC139099.1
HSCHR6_MHC_COX	32965679	32976889	ENSG00000230708	HLA-DPB1
6	76575681	76575783	ENSG00000239132	snoU13
17	56066400	56072211	ENSG00000264112	RP11-159D12.2
1	176241619	176242538	ENSG00000227815	RP11-195C7.3
12	55790124	55790481	ENSG00000257414	OR6C73P
4	162305049	163085187	ENSG00000168843	FSTL5
4	69997069	70000532	ENSG00000250100	RP13-644M16.3
6	76638230	76638342	ENSG00000200040	Y_RNA
6	146915652	146920067	ENSG00000237468	RP11-715G15.1
8	16534414	16772553	ENSG00000253496	RP11-13N12.1
6	29820140	29820268	ENSG00000233265	MICF
5	79922047	79950802	ENSG00000228716	DHFR
HSCHR6_MHC_DBB	32758669	32762954	ENSG00000243496	HLA-DOB
6	76802551	76802657	ENSG00000222652	RNU6-248P
6	29855071	29856045	ENSG00000230521	HCG4P7
8	124412822	124414335	ENSG00000254294	IMPDH1P6
17	81168296	81175490	ENSG00000262094	AC139099.5
11	5582197	5583147	ENSG00000231049	OR52B5P
9	137029561	137029686	ENSG00000221676	RNU6ATAC
6	77156705	77156806	ENSG00000238697	RNU6-261P
1	231319844	231323373	ENSG00000235710	RP5-1097F14.3
2	128957475	128957769	ENSG00000229758	DYNLT3P2
15	71355440	71356328	ENSG00000242276	RPL5P3
2	112812800	112876895	ENSG00000153214	TMEM87B
6	77232168	77303340	ENSG00000236635	RP11-35J1.1
1	176274808	176275231	ENSG00000231020	RP11-357J22.1
2	216397856	216578618	ENSG00000237525	AC012668.2
2	44394764	44395998	ENSG00000273106	RP11-559M23.1
2	88683013	88683116	ENSG00000212133	RNU6-1168P
6	146960836	146960905	ENSG00000207465	RNU6-734P
6	29855350	29858259	ENSG00000206341	HLA-H
HSCHR6_MHC_QBL	29855621	29856752	ENSG00000229552	HLA-T
X	103197629	103202112	ENSG00000260831	GHc-362H12.3
Y	19949081	19949408	ENSG00000225740	TCEB1P6
6	77267370	77267471	ENSG00000272445	U6
12	55804263	55808633	ENSG00000179899	PHC1P1
6	147123495	147124960	ENSG00000228283	KATNBL1P6
2	88714417	88714523	ENSG00000252395	RNU6-1007P
4	127484664	127485931	ENSG00000223620	RBM48P1
9	137033891	137034462	ENSG00000273473	LL09NC01-139C3.1
1	231417160	231417270	ENSG00000222407	RNA5SP80
5	43484061	43509458	ENSG00000249492	RP11-159F24.3
X	103216382	103216864	ENSG00000227067	DPPA3P1
11	5587908	5588846	ENSG00000233646	OR52T1P
6	77370203	77372487	ENSG00000231762	RP11-354K4.1
2	88727597	88728134	ENSG00000224291	AC012671.2
15	71439989	71481381	ENSG00000259964	RP11-673C5.2
1	231611702	231612034	ENSG00000223982	SNRPD2P2
21	34804792	34852318	ENSG00000142188	TMEM50B
8	124575310	124581002	ENSG00000254113	RP11-174I12.2
HSCHR6_MHC_QBL	29865581	29865947	ENSG00000236441	DDX39BP1
1	176336835	176337537	ENSG00000225904	MORF4L1P7
12	120942374	120942462	ENSG00000222601	Y_RNA
17	81174666	81188573	ENSG00000232938	AC139099.3
8	124600999	124601286	ENSG00000251840	RN7SKP155
15	94774767	95023632	ENSG00000140563	MCTP2
Y	19993979	19995588	ENSG00000229138	CDY6P
6	36562145	36573377	ENSG00000112081	SRSF3
1	176585404	176585925	ENSG00000237514	PTP4A1P7
X	103230535	103230898	ENSG00000233320	H2BFXP
4	127949262	127949374	ENSG00000199862	Y_RNA
HSCHR6_MHC_QBL	29866823	29867682	ENSG00000229411	MCCD1P1
4	70010452	70013389	ENSG00000251427	RP13-644M16.2
2	44466707	44466800	ENSG00000239052	snoU13
4	127964585	127998917	ENSG00000250945	RP11-810P8.1
9	137185777	137187243	ENSG00000223729	RP11-145E17.2
8	124626465	124670810	ENSG00000253286	CTD-2552K11.2
19	16912237	16912525	ENSG00000269799	CTD-2538G9.6
6	77484700	77485577	ENSG00000271945	RP11-354K4.2
2	44497760	44498245	ENSG00000226972	AC013717.3
HSCHR6_MHC_QBL	29883750	29886203	ENSG00000220391	HCG4B
19	16954836	16957284	ENSG00000268743	CTD-2538G9.5
3	127199533	127255655	ENSG00000239921	RP11-59J16.1
15	42120283	42140345	ENSG00000243708	PLA2G4B
1	231658134	231664302	ENSG00000233461	RP11-295G20.2
2	216444130	216447358	ENSG00000227981	AC012668.3
19	40534167	40562116	ENSG00000128000	ZNF780B
6	78205836	78206388	ENSG00000219253	RPS6P7
2	45009185	45009269	ENSG00000252896	AC067957.1
6	29864431	29865563	ENSG00000231130	HLA-T
8	16720709	16721005	ENSG00000264092	RN7SL474P
19	17018272	17018531	ENSG00000264250	RN7SL835P
1	143424141	143424215	ENSG00000266811	MIR3118-3
5	170678870	170679986	ENSG00000253213	RP11-546B8.3
HSCHR6_MHC_QBL	29885447	29888221	ENSG00000224526	HLA-K
11	5592477	5593422	ENSG00000229534	HNRNPA1P53
19	17021303	17021594	ENSG00000263595	RN7SL823P
5	43495175	43496556	ENSG00000249855	EEF1A1P19
12	120960467	120961246	ENSG00000241030	RPL29P24
8	16988690	17007298	ENSG00000249258	RP11-468H14.2
1	143437327	143437409	ENSG00000272302	BX004987.1
6	147163037	147525750	ENSG00000233452	STXBP5-AS1
19	17119999	17124270	ENSG00000268985	CTD-2528A14.1
8	124936999	124938173	ENSG00000254000	RP11-245A18.1
3	127208396	127209630	ENSG00000240562	RP11-59J16.2
5	4974803	5034380	ENSG00000250481	CTD-2247C11.1
9	137271257	137271318	ENSG00000263897	MIR4669
1	143498344	143517299	ENSG00000226897	RP11-435B5.6
6	29874320	29874686	ENSG00000233677	DDX39BP1
1	32752053	32752162	ENSG00000252450	Y_RNA
X	103317106	103317601	ENSG00000235946	LL0XNC01-240C2.1
1	43803478	43818443	ENSG00000117400	MPL
1	176998499	176998581	ENSG00000202609	MIR488
15	71457109	71457754	ENSG00000259781	RP11-673C5.1
19	17162804	17165897	ENSG00000268289	CTD-2528A14.3
5	134895267	134970564	ENSG00000250167	CTC-321K16.1
9	137397318	137413288	ENSG00000223795	RP11-473E2.2
1	87169185	87170145	ENSG00000261737	RP4-612B15.3
8	124996378	125053023	ENSG00000181171	FER1L6-AS1
1	32814795	32816264	ENSG00000233775	RP4-811H24.9
15	65409717	65426174	ENSG00000090470	PDCD7
2	88747726	88752131	ENSG00000214336	FOXI3
6	29875560	29876422	ENSG00000235963	MCCD1P1
19	17206228	17210117	ENSG00000269066	CTD-2528A14.5
19	46913629	46916841	ENSG00000169515	CCDC8
1	177155496	177155588	ENSG00000222749	AL021398.1
3	127383547	127383653	ENSG00000221413	AC023593.1
1	143527555	143533272	ENSG00000235566	RP11-435B5.7
6	78646918	78646988	ENSG00000252932	SNORD112
2	216476286	216708445	ENSG00000235770	LINC00607
1	87250596	87251150	ENSG00000230721	RP4-612B15.2
HSCHR6_MHC_QBL	29891332	29891516	ENSG00000229428	HLA-U
5	170710663	170710717	ENSG00000252387	snoU13
1	143647014	143647177	ENSG00000238603	RNVU1-1
Y	20020635	20022686	ENSG00000224485	USP9YP7
2	45147332	45166338	ENSG00000259439	RP11-89K21.1
3	127682451	127682567	ENSG00000201210	RNA5SP139
19	17263398	17278861	ENSG00000268056	CTD-3032J10.2
6	79314184	79315753	ENSG00000230309	RP3-390M24.1
1	177320722	177335408	ENSG00000224968	RP1-35C21.1
6	29893760	29894750	ENSG00000227262	HCG4B
4	70047378	70048090	ENSG00000196472	RP13-644M16.4
5	170772347	170772634	ENSG00000213393	RP11-546B8.1
3	127793916	127794092	ENSG00000222627	RNU2-37P
1	32867710	32868716	ENSG00000224333	GAPDHP20
8	17007810	17008397	ENSG00000244113	RP11-468H14.1
6	79519432	79523020	ENSG00000229495	RP11-173D14.3
HSCHR6_MHC_QBL	29899233	29900225	ENSG00000235952	HCG4P5
3	127794653	127797899	ENSG00000239608	RUVBL1-AS1
5	134984273	134989624	ENSG00000251045	CTC-321K16.4
1	143647638	143745417	ENSG00000223804	RP6-206I17.1
6	29894236	29897009	ENSG00000230795	HLA-K
12	55828521	55979255	ENSG00000258763	RP11-110A12.2
2	128960935	128961349	ENSG00000185631	AC017079.3
8	17082473	17082978	ENSG00000271948	RP11-242F4.2
11	5593552	5646126	ENSG00000239920	AC015691.13
15	71633466	71634086	ENSG00000212664	RP11-592N21.1
HSCHR6_MHC_QBL	29913778	29915752	ENSG00000228029	HLA-W
1	177362423	177566844	ENSG00000227579	RP1-35C21.2
3	127860718	127860820	ENSG00000212344	RNU6-823P
6	79671213	79671289	ENSG00000251969	AL356776.1
3	65926922	65927022	ENSG00000264716	AC106827.2
12	121031818	121032351	ENSG00000242137	RPL11P5
2	185463093	185804219	ENSG00000170396	ZNF804A
8	125048251	125052709	ENSG00000254249	RP11-959I15.4
5	135048808	135048905	ENSG00000238393	AC009009.1
19	17288320	17289285	ENSG00000269836	CTD-3032J10.4
8	142127377	142205907	ENSG00000105339	DENND3
1	87397882	87400574	ENSG00000267734	RP4-604K5.3
3	128081008	128081101	ENSG00000221067	MIR1280
2	179405852	179406526	ENSG00000270956	RP11-65L3.4
6	79777409	79777855	ENSG00000217512	RP11-477E3.2
X	103891897	103892680	ENSG00000232665	PHBP10
1	231727038	231747836	ENSG00000229228	LINC00582
19	17317947	17318819	ENSG00000269480	CTD-3032J10.3
9	137419028	137437090	ENSG00000228877	RP11-473E2.4
5	135078151	135082045	ENSG00000223539	AC011431.1
11	5740520	5741442	ENSG00000232381	OR52U1P
1	87409368	87410425	ENSG00000224198	RP4-604K5.2
8	125058314	125183763	ENSG00000253868	FER1L6-AS2
3	128182437	128191160	ENSG00000242049	DNAJB8-AS1
19	46969748	46974820	ENSG00000182013	PNMAL1
2	179413611	179415408	ENSG00000270277	RP11-65L3.2
12	121067908	121079394	ENSG00000256008	RP11-728G15.1
1	177522005	177522095	ENSG00000266393	AL122019.1
4	70047818	70082484	ENSG00000250696	RP11-704M14.1
6	79943435	79946514	ENSG00000270362	HMGN3-AS1
17	37560538	37607539	ENSG00000125686	MED1
2	179441830	179442349	ENSG00000271011	RP11-171I2.5
1	87510618	87511554	ENSG00000235251	RP11-384B12.2
HSCHR6_MHC_QBL	29927983	29929646	ENSG00000232345	MICD
5	170786121	170786414	ENSG00000265740	RN7SL339P
1	177669659	177679465	ENSG00000236720	RP11-63B19.1
5	5034472	5070117	ENSG00000215231	LINC01020
6	29901878	29902063	ENSG00000228078	HLA-U
8	17327027	17329127	ENSG00000214607	ADAM24P
2	179443517	179445633	ENSG00000270574	RP11-171I2.2
1	231806381	231806496	ENSG00000222986	RNU5A-5P
15	71634663	71640810	ENSG00000260586	RP11-592N21.2
3	128208055	128221191	ENSG00000244300	RP11-475N22.4
7	1855429	2272878	ENSG00000002822	MAD1L1
1	87511558	87512383	ENSG00000225568	RP11-384B12.3
6	79987822	79988144	ENSG00000220154	RP11-46B11.2
5	170792599	170794697	ENSG00000254256	RP11-117L6.1
8	125154129	125155753	ENSG00000250727	RP11-959I15.1
1	232061580	232080979	ENSG00000226758	DISC1-IT1
2	107087255	107094125	ENSG00000237666	AC108868.3
6	29909852	29910844	ENSG00000227766	HCG4P5
Y	20024579	20033510	ENSG00000226116	USP9YP6
2	201735630	201754026	ENSG00000240344	PPIL3
15	71767826	71767901	ENSG00000252813	AC108861.1
5	90608874	90610219	ENSG00000271762	RP11-213H15.4
1	232295837	232321389	ENSG00000235152	RP5-865N13.2
2	179481308	179481850	ENSG00000271141	RP11-171I2.4
14	106967049	106967788	ENSG00000211962	IGHV1-46
HSCHR6_MHC_QBL	32831136	32849631	ENSG00000241674	HLA-DMB
9	137444584	137445743	ENSG00000227150	RP11-473E2.3
1	143670468	143670602	ENSG00000252135	RNVU1-2
5	135136918	135137003	ENSG00000263840	AC011431.2
6	29924373	29926347	ENSG00000235290	HLA-W
4	70081626	70082353	ENSG00000268803	RP11-704M14.2
HSCHR6_MHC_QBL	29932284	29935585	ENSG00000206504	HCG9
1	232310678	232315859	ENSG00000236372	RP5-865N13.1
12	110562140	110656602	ENSG00000122970	IFT81
1	143673129	143673290	ENSG00000238825	RNU1-13P
5	135138674	135138764	ENSG00000265924	MIR5692C1
5	43511160	43521913	ENSG00000248554	RP11-159F24.6
X	104048595	104049120	ENSG00000223733	RPL18AP14
2	179509444	179509906	ENSG00000271401	RP11-171I2.3
6	80011680	80011783	ENSG00000201464	Y_RNA
17	56154252	56160565	ENSG00000266290	RP11-159D12.10
5	43515376	43525412	ENSG00000248240	RP11-159F24.5
1	232357684	232357920	ENSG00000224436	RP11-284L19.1
6	80036285	80036924	ENSG00000217786	RP3-508D13.1
2	179588184	179591773	ENSG00000267784	RP11-171I2.1
8	125164164	125164674	ENSG00000253885	ARF1P3
14	106993814	106994346	ENSG00000211964	IGHV3-48
11	5747732	5748694	ENSG00000181109	OR52P1P
5	90650295	90650751	ENSG00000240388	CTD-2061E19.1
1	232358612	232358891	ENSG00000242794	RN7SL299P
17	56234389	56235161	ENSG00000229590	MSX2P1
2	179641653	179644690	ENSG00000266413	RP11-88L24.4
1	232835950	232836054	ENSG00000238382	RNU6-1211P
2	107103824	107123396	ENSG00000254126	CD8BP
1	32887580	32887920	ENSG00000270850	RP11-395N6.4
1	143687097	143720401	ENSG00000231734	RP6-206I17.2
8	17539087	17539166	ENSG00000265520	MIR548V
6	29938578	29940241	ENSG00000229390	MICD
HSCHR6_MHC_QBL	29950408	29950803	ENSG00000234140	DDX39BP2
9	137541231	137544689	ENSG00000204011	COL5A1-AS1
6	80064160	80064430	ENSG00000218029	RP1-232L24.2
1	232853817	232857996	ENSG00000225919	RP11-66A2.1
5	43571696	43603332	ENSG00000248092	NNT-AS1
HSCHR6_MHC_QBL	29951635	29952512	ENSG00000234970	MCCD1P2
6	80115957	80116491	ENSG00000262048	RP1-232L24.4
X	104650318	104651710	ENSG00000181819	KCTD9P2
16	318300	325980	ENSG00000076344	RGS11
X	8758836	8769424	ENSG00000183304	FAM9A
1	32888815	32892390	ENSG00000229259	LRRC37A12P
HSCHR6_MHC_QBL	31930550	31940991	ENSG00000272295	DAQB-331I12.15
5	90651197	90651843	ENSG00000241059	CTD-2061E19.6
15	72084977	72110600	ENSG00000031544	NR2E3
2	216582766	216584147	ENSG00000230838	AC093850.2
1	177897923	178007142	ENSG00000254154	RP4-798P15.3
2	179696098	179696176	ENSG00000238542	RNU7-104P
1	232863000	232878461	ENSG00000236497	RP11-66A2.2
2	128975162	128975646	ENSG00000238180	AC017079.4
6	29942889	29946183	ENSG00000204625	HCG9
6	80130014	80131022	ENSG00000231533	RP1-232L24.3
2	179866483	179867487	ENSG00000231541	RPS6P2
8	125204912	125259639	ENSG00000214803	RP11-37N22.1
7	134832824	134850967	ENSG00000146859	TMEM140
12	121134927	121137344	ENSG00000256364	RP11-173P15.3
6	147180317	147184217	ENSG00000227748	RP11-497D6.3
1	87595448	87634881	ENSG00000267272	LINC01140
16	3119524	3119652	ENSG00000252561	RNU1-125P
11	5786326	5787279	ENSG00000181017	OR56B2P
8	17561497	17563696	ENSG00000253168	RP11-326L2.1
1	232967763	232967933	ENSG00000206835	RNU1-74P
2	88762285	88762370	ENSG00000220999	AC012671.1
2	216669454	216669704	ENSG00000216721	AC093850.1
1	44870866	45117396	ENSG00000187147	RNF220
14	55749014	55749361	ENSG00000239686	RP11-665C16.1
17	56402811	56493127	ENSG00000265148	BZRAP1-AS1
X	49019061	49024822	ENSG00000017621	MAGIX
1	233052981	233053764	ENSG00000232175	RP4-659I19.1
8	17605627	17605739	ENSG00000212280	RNA5SP256
5	90772199	90772835	ENSG00000251356	RAB5CP2
16	3126912	3137101	ENSG00000262370	RP11-473M20.9
6	147269664	147272295	ENSG00000272397	RP11-497D6.5
14	55765362	55765949	ENSG00000258469	CHMP4BP1
2	216734646	216735241	ENSG00000227824	AC122136.2
1	32923436	32923733	ENSG00000263529	RN7SL122P
8	17658854	17718578	ENSG00000253944	RP11-156K13.1
15	28764757	28778160	ENSG00000183629	GOLGA8G
1	46152886	46160115	ENSG00000159596	TMEM69
16	67840668	67866051	ENSG00000102904	TSNAXIP1
4	70108346	70116533	ENSG00000249763	RP11-618I10.1
2	69059176	69064856	ENSG00000237576	AC097495.2
2	129108403	129108501	ENSG00000252742	Y_RNA
Y	20063469	20065380	ENSG00000237558	CDY7P
2	45167293	45169012	ENSG00000236502	SIX3-AS1
8	125272887	125272993	ENSG00000206724	RNU6-756P
6	147480061	147502128	ENSG00000196634	RP3-337D23.3
2	179887984	179888105	ENSG00000252000	ACA59
6	80146625	80146884	ENSG00000218748	DBIP1
2	88838238	88875128	ENSG00000225420	AC104134.2
1	33105552	33105653	ENSG00000200591	Y_RNA
1	233424614	233425193	ENSG00000231940	RPS7P3
14	55792552	55806219	ENSG00000258455	RP11-665C16.5
10	79793518	79816570	ENSG00000138326	RPS24
HSCHR6_MHC_QBL	29958305	30019022	ENSG00000235814	NCRNA00171
X	104920064	104920170	ENSG00000206864	RNU6-207P
11	5821594	5822690	ENSG00000236965	OR52N3P
9	137740819	137740966	ENSG00000264877	AL603650.2
2	129202655	129202772	ENSG00000238379	RNA5SP103
8	125283924	125289825	ENSG00000253227	RP11-383J24.1
2	179990263	179990364	ENSG00000238339	snoU13
1	33183335	33190838	ENSG00000224409	RP11-114B7.6
2	216743556	216743642	ENSG00000212055	AC122136.1
6	29960986	29961382	ENSG00000238024	DDX39BP2
X	105104682	105104755	ENSG00000222161	Z97356.1
2	180138558	180150434	ENSG00000237477	AC093911.1
6	147708800	147711601	ENSG00000225135	RP11-361F15.2
2	129276362	129276751	ENSG00000227653	ISCA1P6
17	45884738	45899200	ENSG00000006025	OSBPL7
6	29962214	29963091	ENSG00000224312	MCCD1P2
2	216804031	216806442	ENSG00000226276	AC093382.1
8	125313556	125314045	ENSG00000237586	RP11-383J24.2
1	33391895	33392000	ENSG00000221423	AL031602.1
8	17666450	17678377	ENSG00000253671	RP11-806O11.1
9	137741021	137741098	ENSG00000265286	AL603650.3
2	217021065	217021534	ENSG00000232970	POLHP1
6	80262511	80262877	ENSG00000261970	RP11-342L8.2
1	33445543	33446073	ENSG00000217644	RP4-803A2.1
5	70511133	70512314	ENSG00000254133	RP11-1198D22.3
10	37591928	37592037	ENSG00000252621	Y_RNA
1	233431071	233431473	ENSG00000251508	RP5-862P8.3
2	217039619	217040755	ENSG00000236478	AC012513.4
19	46984053	47104457	ENSG00000230510	PPP5D1
12	121159310	121161442	ENSG00000256569	RP11-173P15.5
8	125318430	125320617	ENSG00000271975	RP11-383J24.6
9	137741144	137741215	ENSG00000264744	MIR3689C
6	147728025	147729417	ENSG00000220494	YAP1P1
5	70516183	70555065	ENSG00000235558	RP11-1198D22.1
1	233584372	233584527	ENSG00000252501	RNU4-77P
7	99310660	99310775	ENSG00000221487	AC069294.1
6	80270849	80271319	ENSG00000272137	RP11-177G23.2
X	105314472	105317193	ENSG00000230788	RP11-560L11.1
12	113416200	113449528	ENSG00000111335	OAS2
11	5895190	5896122	ENSG00000233563	OR52E7P
1	233759898	233759965	ENSG00000265744	MIR4427
10	37598113	37635959	ENSG00000235687	LINC00993
12	121160996	121161069	ENSG00000265455	MIR4700
9	137741333	137741410	ENSG00000265872	MIR3689A
2	217081768	217084915	ENSG00000260804	RP11-566E18.3
5	135140194	135140282	ENSG00000264039	AC114296.1
7	99364166	99364515	ENSG00000273407	RP11-757A13.1
6	80513300	80516942	ENSG00000235357	RP1-159G19.1
12	125671382	126146917	ENSG00000139364	TMEM132B
5	43587020	43588325	ENSG00000249286	CTD-2210P15.2
2	8279532	8283399	ENSG00000229740	U91324.1
8	125474726	125486817	ENSG00000245149	RNF139-AS1
5	135148356	135162271	ENSG00000250378	RP11-119J18.1
9	137741455	137741528	ENSG00000265848	MIR3689D1
1	233971826	233972178	ENSG00000225486	RP11-301G21.1
14	107012938	107013477	ENSG00000211965	IGHV3-49
7	99417641	99417709	ENSG00000261511	CTD-3244O18.7
Y	20096229	20105140	ENSG00000233378	USP9YP34
5	170793122	170793256	ENSG00000206909	SNORA70
11	5959981	5966214	ENSG00000255257	AC025016.1
6	80536510	80536602	ENSG00000221470	AL132875.1
5	135233326	135235939	ENSG00000254239	GS1-39E22.2
5	170793303	170793615	ENSG00000254012	RP11-546B8.5
1	143687359	143687519	ENSG00000206694	RNVU1-3
2	69059948	69064324	ENSG00000228329	AC097495.3
3	175786895	175787040	ENSG00000271413	RP11-809F4.4
6	153291664	153304714	ENSG00000112029	FBXO5
6	80564401	80565349	ENSG00000220918	RP1-92C4.1
1	143719663	143721171	ENSG00000226637	RP6-206I17.3
11	57637794	57638043	ENSG00000255266	RP11-734C14.2
1	234086184	234086853	ENSG00000234453	RP11-488L4.1
2	217124318	217130853	ENSG00000231092	AC012513.6
5	135236042	135253850	ENSG00000253927	GS1-39E22.1
6	147981839	148275073	ENSG00000227681	RP11-307P5.1
11	5988407	5989724	ENSG00000188691	RP11-451K18.7
3	175831490	175832325	ENSG00000238026	RP11-78E6.1
7	99467464	99467517	ENSG00000260445	CTD-3244O18.5
6	29968788	30029417	ENSG00000204623	ZNRD1-AS1
2	45181803	45195901	ENSG00000225156	AC012354.6
5	170813660	170813764	ENSG00000264249	MIR3912
14	107034729	107035221	ENSG00000211966	IGHV5-51
1	234162597	234162973	ENSG00000236101	RAC1P7
5	70529154	70530335	ENSG00000254276	RP11-1198D22.2
1	33452553	33453834	ENSG00000239670	RP4-803A2.2
1	87616981	87617128	ENSG00000221222	AL139139.1
9	137741659	137741806	ENSG00000266060	AL603650.4
1	143719704	143721519	ENSG00000240007	RP6-206I17.4
11	57684769	57685711	ENSG00000180714	OR5AZ1P
2	129338065	129339150	ENSG00000237532	AC012451.1
5	5046909	5049610	ENSG00000251426	CTD-2247C11.4
8	17739552	17740170	ENSG00000253215	RP11-156K13.2
7	99469791	99469881	ENSG00000260524	CYP3A52P
6	80581590	80584327	ENSG00000233835	RP1-92C4.2
5	135416160	135416286	ENSG00000270123	VTRNA2-1
2	69330814	69330887	ENSG00000266649	MIR3126
9	137741837	137741914	ENSG00000263507	AL603650.1
1	87819207	87837338	ENSG00000227290	RP4-544H6.2
2	217168048	217186460	ENSG00000233581	AC069155.1
X	133680358	133680428	ENSG00000208005	MIR503
5	171197534	171197724	ENSG00000264303	AC011410.1
11	9481747	9482010	ENSG00000268403	AC132192.1
6	80662722	80663728	ENSG00000218582	GAPDHP63
11	6015106	6016225	ENSG00000254831	KRT18P58
20	3764498	3767337	ENSG00000125817	CENPB
1	143876891	143876982	ENSG00000263497	AL109844.1
1	234348352	234350834	ENSG00000233332	RP4-799P18.2
5	171507909	171507980	ENSG00000266671	AC113342.1
5	70647682	70742169	ENSG00000250387	RP11-136K7.2
X	133684003	133693953	ENSG00000227060	LINC00629
X	105570887	105571051	ENSG00000256709	AL139812.1
6	143743969	143771810	ENSG00000189007	ADAT2
3	176321931	176353320	ENSG00000223715	RP11-71G7.1
2	129821419	129829298	ENSG00000238277	AC068483.1
7	99527015	99546243	ENSG00000237640	RP4-604G5.1
7	134832797	134832916	ENSG00000229974	AC083862.1
8	17763265	17765396	ENSG00000254054	RP11-156K13.3
11	6038226	6038344	ENSG00000202147	RNA5SP329
5	43666867	43667334	ENSG00000224993	RPL29P12
2	107138359	107154535	ENSG00000231505	AC108868.5
6	80673932	80674236	ENSG00000220311	RPL35AP18
1	234397452	234410211	ENSG00000231272	RP4-799P18.4
11	57713070	57713886	ENSG00000254749	OR5BD1P
1	143913615	144094424	ENSG00000196369	SRGAP2B
11	6067037	6067977	ENSG00000255481	OR56A7P
19	42932440	42947200	ENSG00000189377	CXCL17
5	171679338	171679482	ENSG00000212529	SNORA57
9	137741971	137742118	ENSG00000264163	MIR3689B
7	99534233	99534334	ENSG00000199711	Y_RNA
12	121178273	121199395	ENSG00000255946	RP11-173P15.7
2	217216126	217216227	ENSG00000207303	Y_RNA
5	96424779	96519354	ENSG00000251606	CTD-2215E18.1
1	234404329	234408246	ENSG00000236244	RP4-799P18.3
1	87918923	87919056	ENSG00000199318	RNA5SP52
5	171681422	171682443	ENSG00000253218	KLF3P1
X	105669798	105669899	ENSG00000202407	Y_RNA
2	8683722	8715631	ENSG00000231435	AC011747.3
HSCHR6_MHC_DBB	32767739	32784536	ENSG00000223481	TAP2
11	6078546	6079505	ENSG00000262980	OR52L2P
1	33452676	33498070	ENSG00000236065	RP1-117O3.2
3	139279022	139396859	ENSG00000163864	NMNAT3
5	135465196	135470579	ENSG00000164621	SMAD5-AS1
7	99549656	99549781	ENSG00000222966	SNORA40
6	80774003	80779916	ENSG00000218418	RP11-296E7.1
2	217250011	217277419	ENSG00000235042	AC098820.2
X	133733487	133740284	ENSG00000235813	RP11-308B5.2
X	105709772	105710670	ENSG00000224816	NAP1L4P2
1	88365592	88371397	ENSG00000224235	RP5-1027O11.1
9	137742123	137742202	ENSG00000264136	MIR3689D2
11	57772858	57773177	ENSG00000254601	CYCSP26
11	6088103	6089016	ENSG00000234895	OR52X1P
1	234420718	234421287	ENSG00000232166	RP4-799P18.5
2	69409029	69409135	ENSG00000251850	RNA5SP96
2	45223552	45224012	ENSG00000231848	AC012354.8
17	10761216	10761321	ENSG00000207242	RNU6-1065P
1	33726813	33727281	ENSG00000270115	RP11-415J8.7
2	8699963	8723922	ENSG00000236008	AC011747.4
1	234442213	234442285	ENSG00000264377	MIR4671
X	133741187	133741662	ENSG00000236509	RPL21P133
2	69410009	69410115	ENSG00000199460	RNU6-1216P
HG1308_PATCH	130517374	130592303	ENSG00000263619	AC016831.7
17	10763852	10764779	ENSG00000244753	RPL15P21
4	155504278	155511918	ENSG00000171560	FGA
6	80787446	80788079	ENSG00000217377	AK4P5
3	176361729	176585626	ENSG00000232461	RP11-644C3.1
22	18216906	18257536	ENSG00000015475	BID
13	26828276	26979375	ENSG00000132964	CDK8
7	99578385	99585158	ENSG00000214313	AZGP1P1
2	107159470	107160753	ENSG00000232001	AC108868.6
3	131181056	131221827	ENSG00000114686	MRPL3
6	148062570	148064460	ENSG00000226249	RP11-307P5.2
2	69478950	69479496	ENSG00000271597	RP11-85D18.1
2	217343753	217363484	ENSG00000232485	AC098820.3
5	43874469	43886730	ENSG00000249276	RP11-8L21.1
6	24797549	24799117	ENSG00000260286	C6orf229
HG1308_PATCH	130544646	130576964	ENSG00000265410	MIR29B1
1	234492450	234492887	ENSG00000235605	RP5-827C21.1
1	88778836	88778985	ENSG00000270507	CTA-21C21.1
17	10957105	10957252	ENSG00000221701	AC005284.1
1	33764975	33766320	ENSG00000256142	AL513327.1
2	69561732	69561824	ENSG00000252250	Y_RNA
11	6129365	6206806	ENSG00000254444	RP11-290F24.3
2	45240353	45240807	ENSG00000231156	AC093702.1
17	11060772	11061062	ENSG00000243346	RN7SL601P
1	46159996	46216322	ENSG00000197429	IPP
3	176481021	176481129	ENSG00000252302	RNA5SP147
5	70668503	70670725	ENSG00000253985	RP11-136K7.3
5	96427574	96478576	ENSG00000145721	LIX1
19	40575059	40596845	ENSG00000197782	ZNF780A
HG1308_PATCH	130593863	130595860	ENSG00000270932	RP11-138A9.1
6	81065141	81066576	ENSG00000272129	RP11-250B2.6
17	11170622	11170696	ENSG00000253002	AC005725.1
5	135527156	135528822	ENSG00000271824	AC009014.3
1	33772967	33791644	ENSG00000225313	RP11-415J8.3
3	176531943	176534789	ENSG00000228308	RP11-255G21.1
9	137742416	137742487	ENSG00000266827	MIR3689E
5	44066726	44066833	ENSG00000212561	RNU6-381P
1	88943514	88943797	ENSG00000239504	RN7SL583P
2	69685129	69693664	ENSG00000188971	RP11-427H3.3
6	148338558	148342110	ENSG00000234675	RP11-242F11.2
17	11191522	11194128	ENSG00000264727	RP11-680C21.1
12	121282913	121283450	ENSG00000213137	ARF1P2
X	8992273	9132680	ENSG00000177138	FAM9B
9	137742588	137742653	ENSG00000266514	MIR3689F
X	119004497	119005791	ENSG00000125352	RNF113A
5	44388834	44414091	ENSG00000248464	FGF10-AS1
11	57794178	57794284	ENSG00000200817	RNU6-899P
3	176728507	176728855	ENSG00000231888	MTND5P15
1	88963992	88964359	ENSG00000230053	RP11-76N22.1
17	11644693	11644781	ENSG00000263623	AC005701.1
1	33797994	33798093	ENSG00000266239	MIR3605
1	144043972	144044082	ENSG00000271644	RP3-365I19.2
8	17942377	17953903	ENSG00000245281	CTD-2547L16.1
HSCHR6_MHC_QBL	29963417	29964413	ENSG00000237884	HCG4P3
11	57808180	57809132	ENSG00000236541	VN2R9P
2	217347755	217351919	ENSG00000241520	AC098820.4
2	107313787	107315132	ENSG00000214199	EEF1A1P12
17	11778249	11779145	ENSG00000263684	RP11-628O18.1
6	81083732	81084286	ENSG00000219547	RPL17P25
X	133784860	133785441	ENSG00000237432	RPS7P12
1	33802167	33802465	ENSG00000222112	RN7SKP16
12	121352203	121352926	ENSG00000231313	CLIC1P1
16	71963914	71965102	ENSG00000263320	RP11-498D10.6
1	144089214	144091946	ENSG00000224363	RP11-289H16.1
11	57811582	57827610	ENSG00000255146	RP11-659P15.1
17	11857206	11880911	ENSG00000266368	RP11-1096G20.5
1	234492752	234501574	ENSG00000236358	RP5-827C21.2
2	217455149	217471661	ENSG00000224391	AC073321.3
1	89003196	89150887	ENSG00000237505	RP11-76N22.2
1	33815953	33828846	ENSG00000233246	RP11-415J8.5
11	105921825	105948492	ENSG00000182359	KBTBD3
6	148454945	148458540	ENSG00000230205	RP11-631F7.2
3	176762649	176765711	ENSG00000231310	TBL1XR1-AS1
5	5069305	5078424	ENSG00000250529	CTD-2247C11.5
5	70671613	70681820	ENSG00000169040	PMCHL2
HSCHR6_MHC_QBL	29963880	29967239	ENSG00000243336	HLA-J
1	234507932	234508557	ENSG00000273367	RP5-827C21.6
6	81153061	81175644	ENSG00000233967	RP11-250B2.3
3	176838479	176838588	ENSG00000201343	Y_RNA
17	11901670	11924825	ENSG00000241185	RPL21P122
2	45392009	45550434	ENSG00000205054	LINC01121
16	72025050	72025204	ENSG00000242176	RPL39P31
X	133894238	133894378	ENSG00000199920	RNU4-44P
11	57839850	57842910	ENSG00000254853	RP11-659P15.2
9	137760082	137760321	ENSG00000232355	RP11-263F14.3
3	176843805	176843908	ENSG00000200882	RNU6-681P
6	148558721	148604544	ENSG00000224658	RP11-631F7.1
5	135549736	135557847	ENSG00000248211	TRPC7-AS1
X	134029784	134029872	ENSG00000221299	Z83826.1
1	234508553	234509339	ENSG00000231663	RP5-827C21.4
1	33907626	33907712	ENSG00000221225	AL138837.1
2	217469494	217475925	ENSG00000225794	AC073321.4
3	177012230	177041206	ENSG00000203645	LINC00501
X	134052340	134052446	ENSG00000207081	RNU6-616P
HSCHR6_MHC_QBL	29523310	29527624	ENSG00000206513	UBD
1	33931850	33934555	ENSG00000234512	TLR12P
7	22928990	22980809	ENSG00000235664	AC005682.8
2	107439379	107441487	ENSG00000238250	ST6GAL2-IT1
6	148599808	148599914	ENSG00000207345	RNU6-1222P
X	134083579	134087412	ENSG00000236091	RP3-473B4.3
X	119005450	119010625	ENSG00000125356	NDUFA1
6	148799829	148801899	ENSG00000215223	CYP51A1P3
1	89043563	89043884	ENSG00000237959	RPL36AP10
1	33977608	33978343	ENSG00000235907	RP4-580O19.2
3	177014949	177016174	ENSG00000236893	ASS1P7
5	5126159	5126450	ENSG00000223007	RN7SKP73
21	34860497	34864027	ENSG00000177692	DNAJC28
1	234663637	234667525	ENSG00000231768	RP5-855F14.1
11	57844820	57846075	ENSG00000255131	OR9L1P
5	135639445	135651788	ENSG00000250947	TRPC7-AS2
X	105806004	105806634	ENSG00000227657	RP13-483F6.1
9	137828997	137835041	ENSG00000236403	RP11-447M12.2
5	5132893	5140167	ENSG00000250579	CTD-2297D10.2
3	177055416	177066954	ENSG00000226782	RP11-706D8.3
X	134095741	134096335	ENSG00000231929	HMGB3P31
1	89282462	89282568	ENSG00000207234	RNU6-125P
1	144275918	144341756	ENSG00000235398	LINC00623
12	20125799	20125915	ENSG00000221679	AC087237.1
7	134868590	134896316	ENSG00000105875	WDR91
2	107450920	107457663	ENSG00000227294	AC016994.2
1	34304124	34305741	ENSG00000227000	HSPD1P14
6	81176675	81178797	ENSG00000260645	RP11-250B2.5
12	20167714	20251802	ENSG00000256287	RP11-664H17.1
1	89294785	89295102	ENSG00000241975	TCEB1P19
6	157710418	157744633	ENSG00000215712	TMEM242
5	135716956	135717199	ENSG00000248351	HSPD1P18
6	148845289	148845376	ENSG00000223322	AL033378.1
12	95684468	95684575	ENSG00000212535	RNU6-808P
2	69743883	69744176	ENSG00000244236	RN7SL604P
12	20273914	20282747	ENSG00000256499	CTC-465D4.1
12	95702196	95702289	ENSG00000199172	MIR331
2	69747175	69747306	ENSG00000207016	SNORA36C
X	134193715	134257880	ENSG00000228372	RP11-85L21.4
6	148888514	148888790	ENSG00000217824	SNRPEP6
1	234701044	234705834	ENSG00000230404	RP5-855F14.2
6	81179788	81180145	ENSG00000219361	RP11-250B2.2
2	107557336	107557938	ENSG00000229360	PPP1R2P5
6	150920999	151164799	ENSG00000120278	PLEKHG1
9	138096568	138129443	ENSG00000227958	RP11-399H11.3
12	95703699	95703760	ENSG00000265917	MIR3685
X	105883044	105883126	ENSG00000263515	MIR548AN
2	69821873	69822190	ENSG00000232228	RP11-77O7.1
12	20514666	20523196	ENSG00000256879	RP11-284H19.1
1	89389053	89389527	ENSG00000235308	RP11-82K18.2
14	95982473	95984248	ENSG00000258572	RP11-1070N10.3
12	95781666	95782334	ENSG00000258313	RP11-167N24.5
7	99590020	99590673	ENSG00000235713	RP4-604G5.3
5	44495720	44510384	ENSG00000249203	RP11-473L15.3
1	234729021	234729148	ENSG00000212144	U8
X	106275478	106276050	ENSG00000231144	EEF1A1P40
5	135764581	135765543	ENSG00000213568	HNRNPA1P13
17	11939813	11939954	ENSG00000252707	RNU11-2P
2	69824485	69826083	ENSG00000229948	AC092431.2
1	89485929	89486048	ENSG00000202385	Y_RNA
12	20602589	20603017	ENSG00000131982	UBE2L2
1	234742754	234745229	ENSG00000228830	RP4-781K5.2
12	95782375	95799280	ENSG00000257583	RP11-167N24.4
9	138137542	138144554	ENSG00000233936	RP11-399H11.2
17	11985216	11985313	ENSG00000266297	MIR744
2	8741022	8763072	ENSG00000231083	AC011747.6
X	134209166	134210627	ENSG00000234228	NCLP2
1	89569968	89570450	ENSG00000234518	PTGES3P1
1	40810522	40888998	ENSG00000084070	SMAP2
1	234765057	234770526	ENSG00000224939	LINC00184
HSCHR6_MHC_QBL	29555617	29556679	ENSG00000206512	OR2H2
6	148968843	148969733	ENSG00000231368	RP11-461H3.2
17	12018864	12019202	ENSG00000263648	RP11-471L13.3
3	156257929	156272973	ENSG00000114850	SSR3
12	95801711	95830604	ENSG00000257943	RP11-167N24.3
6	81208913	81209109	ENSG00000181705	RP11-11L12.2
10	102849078	102890883	ENSG00000236311	TLX1NB
1	43824626	43828874	ENSG00000117399	CDC20
5	44698533	44700910	ENSG00000250418	RP11-503D12.1
6	29973898	29974893	ENSG00000237669	HCG4P3
17	12104917	12118584	ENSG00000265400	RP11-471L13.2
2	186603355	186698017	ENSG00000188738	FSIP2
2	197627756	197664449	ENSG00000119041	GTF3C3
6	81265558	81266906	ENSG00000216352	RP11-486E2.1
5	44716292	44716587	ENSG00000263556	RN7SL383P
12	20704524	20705946	ENSG00000256663	RP11-424C20.2
15	72110737	72115725	ENSG00000260037	CTD-2524L6.3
14	95999840	96011061	ENSG00000182512	GLRX5
9	138244530	138246066	ENSG00000235572	RP11-555H7.2
2	107579649	107580130	ENSG00000226905	AC005040.3
1	234780412	234783317	ENSG00000272362	RP4-781K5.9
5	5142251	5176327	ENSG00000250866	CTD-2297D10.1
14	95107062	95113331	ENSG00000187483	SERPINA13P
12	20997999	20998194	ENSG00000256157	RP11-80N2.2
17	12453099	12546171	ENSG00000179136	LINC00670
6	29974360	29977733	ENSG00000204622	HLA-J
2	107871147	107982329	ENSG00000229457	AC006227.1
1	234782035	234818922	ENSG00000228044	RP4-781K5.4
6	36644305	36655116	ENSG00000124762	CDKN1A
1	34334554	34351059	ENSG00000231163	RP5-1007G16.1
12	21600479	21601248	ENSG00000256021	TCEB1P31
1	89726265	89735437	ENSG00000237568	RP4-620F22.2
8	17946078	17947196	ENSG00000253384	CTD-2547L16.3
5	44745002	44808879	ENSG00000251141	RP11-53O19.1
6	149276764	149285820	ENSG00000227660	RP11-162J8.2
10	102882536	102883624	ENSG00000269259	HUG1
8	18058433	18058714	ENSG00000254015	CTD-2547L16.2
7	99691183	99691266	ENSG00000207547	MIR25
6	82236819	82244632	ENSG00000226089	RP1-300G12.2
1	89755359	89756020	ENSG00000238081	RP4-620F22.3
2	8743212	8743489	ENSG00000225642	SNRPEP5
6	19837617	19840915	ENSG00000172201	ID4
9	138339292	138342000	ENSG00000224682	SOCS5P2
HSCHR6_MHC_QBL	29989038	29990327	ENSG00000232516	ETF1P1
5	135802366	135855987	ENSG00000249803	RP11-114H21.2
12	21815247	21912966	ENSG00000256615	RP11-59N23.3
7	99691391	99691470	ENSG00000207757	MIR93
15	72150911	72151027	ENSG00000200873	RNA5SP399
8	18228116	18228993	ENSG00000253937	NATP
6	149348836	149353709	ENSG00000236591	RP11-162J8.3
X	134229058	134232664	ENSG00000196972	LINC00087
12	21912914	21919639	ENSG00000255644	RP11-59N23.1
1	204123944	204135465	ENSG00000143839	REN
1	234796017	234802850	ENSG00000241475	RP4-781K5.5
7	99691616	99691697	ENSG00000208036	MIR106B
15	72264547	72332606	ENSG00000261632	RP11-390D11.1
2	107978738	108023785	ENSG00000225588	AC096669.1
14	95141214	95142166	ENSG00000259140	RP11-986E7.2
11	65633912	65641063	ENSG00000172638	EFEMP2
22	26825239	26840981	ENSG00000128203	ASPHD2
1	234805269	234831900	ENSG00000230628	RP4-781K5.6
6	82331917	82332036	ENSG00000212336	RNA5SP210
12	21980144	22040891	ENSG00000257022	RP11-729I10.2
7	99712837	99724762	ENSG00000242798	RP11-506M12.1
6	149433145	149433808	ENSG00000219487	RP11-365H23.1
5	70683103	70683190	ENSG00000265132	AC145141.2
1	89790205	89800563	ENSG00000233235	RP5-908D6.1
15	72333535	72333994	ENSG00000260576	RP11-390D11.2
X	106374889	106375499	ENSG00000213569	RP13-383K5.4
HSCHR6_MHC_QBL	30046174	30046306	ENSG00000264165	AL845439.1
10	102889257	102897545	ENSG00000107807	TLX1
6	82434439	82446070	ENSG00000232031	RP5-991C6.4
1	234845135	234855723	ENSG00000224037	RP4-781K5.7
5	70741443	70742396	ENSG00000249981	RP11-136K7.1
15	72337524	72337708	ENSG00000222094	RNU2-65P
7	99728587	99738062	ENSG00000235077	AC073842.19
HSCHR6_MHC_QBL	30062586	30072064	ENSG00000229223	TRIM31-AS1
12	22161282	22161814	ENSG00000255627	RP11-547L9.1
X	106445807	106445913	ENSG00000199832	Y_RNA
15	72343592	72343670	ENSG00000223253	AC022872.1
HSCHR6_MHC_QBL	30090143	30090303	ENSG00000265602	SNORA48
14	95192625	95193512	ENSG00000239269	RPSAP4
2	44502599	44548633	ENSG00000138079	SLC3A1
6	82473741	82473873	ENSG00000206886	SNORA70
8	18240784	18241427	ENSG00000244593	RP11-685B14.1
7	99737252	99738305	ENSG00000214142	RPL7P60
2	8806766	8821993	ENSG00000235092	AC011747.7
15	72426982	72427777	ENSG00000243568	RP11-2I17.1
HSCHR6_MHC_QBL	30144093	30145917	ENSG00000228227	PAIP1P1
2	69894491	69894593	ENSG00000238708	snoU13
1	234859789	234867390	ENSG00000227630	LINC01132
5	136070616	136090375	ENSG00000250284	CTB-1I21.1
6	82473928	82474220	ENSG00000219702	RP5-991C6.2
X	134252881	134254454	ENSG00000224107	LINC00633
5	70771588	70772143	ENSG00000253536	RP11-1174L13.2
X	106515812	106516888	ENSG00000204053	MYCLP1
17	12575179	12609452	ENSG00000227274	AC005358.3
6	149497843	149497930	ENSG00000263481	AL603766.1
2	69927324	69940979	ENSG00000231024	AC092431.3
7	63570925	63571928	ENSG00000230252	MTND2P4
5	136193317	136194031	ENSG00000248616	CTB-1I21.2
14	95267186	95267800	ENSG00000240914	RPL15P2
1	234973720	234973820	ENSG00000201638	RNY4P16
5	70833479	70833673	ENSG00000247911	HMGN1P12
HSCHR6_MHC_QBL	30191334	30283408	ENSG00000244695	HCG17
6	24797601	25042238	ENSG00000111913	FAM65B
8	11831446	11832108	ENSG00000205884	DEFB136
6	82523003	82523874	ENSG00000224995	RP5-991C6.3
6	149539062	149565208	ENSG00000228408	RP1-111D6.3
1	235039933	235040233	ENSG00000239690	RN7SL668P
1	34578550	34578664	ENSG00000201148	RNA5SP42
2	70100697	70100951	ENSG00000270723	RP11-401N16.1
5	136304889	136304995	ENSG00000222285	RNA5SP193
14	95426614	95429313	ENSG00000258933	RP11-991C1.1
9	138354573	138372623	ENSG00000225361	PPP1R26-AS1
1	235092978	235095736	ENSG00000237520	RP11-443B7.2
1	34641467	34641550	ENSG00000221053	AC115286.1
7	99754228	99754292	ENSG00000266154	MIR4658
6	82554902	82643197	ENSG00000226453	RP11-379B8.1
17	34310692	34317306	ENSG00000266956	CTB-186H2.3
15	72432845	72447800	ENSG00000260173	RP11-2I17.4
X	134252983	134253091	ENSG00000256815	AL590325.2
5	70910811	70910911	ENSG00000265613	AC143336.1
2	108002088	108159105	ENSG00000237880	AC096669.2
X	119029800	119054679	ENSG00000186471	AKAP14
11	105946228	105969437	ENSG00000149313	AASDHPPT
1	34742460	34742893	ENSG00000270241	RP4-657M3.2
2	70139827	70139931	ENSG00000238465	snoU13
2	217475065	217475682	ENSG00000235444	PSMB3P2
6	35085848	35116387	ENSG00000124678	TCP11
8	18244618	18245287	ENSG00000271654	RP11-685B14.3
X	134257167	134257532	ENSG00000223809	RP11-85L21.6
14	95514557	95517290	ENSG00000258866	RP11-991C1.2
15	72571208	72644135	ENSG00000261460	RP11-106M3.3
4	128018046	128391724	ENSG00000248491	RP11-125O18.1
5	71465294	71465367	ENSG00000264099	MIR4803
2	180264455	180265602	ENSG00000237964	AC068042.1
14	96152754	96158980	ENSG00000213231	TCL1B
6	82679170	82679256	ENSG00000260574	RP11-801I18.1
1	235093089	235105809	ENSG00000238005	RP11-443B7.1
6	29999490	30000780	ENSG00000232757	ETF1P1
1	177975271	178007085	ENSG00000242193	RP11-568K15.1
5	136869143	136869210	ENSG00000221612	AC106775.1
12	95832513	95832619	ENSG00000222544	RNU6-735P
8	18578415	18591915	ENSG00000187229	RP11-161I2.1
20	3767578	3786762	ENSG00000101224	CDC25B
2	70182777	70182879	ENSG00000239072	snoU13
14	95604256	95604323	ENSG00000264607	MIR3173
8	11839830	11842099	ENSG00000205883	DEFB135
6	82920055	82920157	ENSG00000223044	RNU6-130P
5	136983261	136983338	ENSG00000216009	MIR874
12	95861173	95861637	ENSG00000241556	RP11-490G8.1
15	72577068	72668322	ENSG00000260729	RP11-106M3.2
5	71610226	71610515	ENSG00000244748	RN7SL153P
6	149564435	149565137	ENSG00000225924	RP1-111D6.2
12	55916377	55917201	ENSG00000234670	OR6C64P
8	39413665	39416052	ENSG00000254067	RP11-122L4.1
6	82973713	82974691	ENSG00000220537	RP3-492P14.2
17	60704762	60770958	ENSG00000011028	MRC2
1	89859592	89860224	ENSG00000215874	CAPNS1P1
4	128414660	128414983	ENSG00000248209	RP11-18O11.1
11	9481866	9550071	ENSG00000166478	ZNF143
9	138395119	138398293	ENSG00000226706	RP11-426A6.5
2	108145943	108172782	ENSG00000224568	AC096669.3
1	144311213	144311376	ENSG00000207106	RNVU1-4
1	35135200	35135295	ENSG00000207941	MIR552
14	95623982	95646263	ENSG00000235706	DICER1-AS1
2	217559187	217858802	ENSG00000236886	AC007563.5
X	106594880	106596073	ENSG00000215007	DNAJA1P3
6	149612488	149612780	ENSG00000241391	RN7SL234P
HSCHR6_MHC_QBL	30195596	30199572	ENSG00000235923	TRIM26BP
2	180678978	180679402	ENSG00000213126	AC092642.1
1	144392143	144392429	ENSG00000271223	RP6-137J22.3
5	33936491	33939023	ENSG00000182631	RXFP3
6	30056598	30056730	ENSG00000252901	AL669914.1
1	35227027	35253698	ENSG00000255811	RP1-34M23.5
12	55948779	55948866	ENSG00000266016	AC009779.1
19	43011456	43065386	ENSG00000079385	CEACAM1
6	149625243	149625564	ENSG00000216265	FABP12P1
12	70002351	70004942	ENSG00000198812	LRRC10
5	91139504	91140346	ENSG00000248826	PCBP2P3
4	128419482	128419962	ENSG00000249795	RP11-18O11.2
2	180725563	180725635	ENSG00000221240	MIR1258
12	56005407	56006338	ENSG00000272937	OR6U2P
6	30073017	30082501	ENSG00000231226	TRIM31-AS1
10	75668935	75677255	ENSG00000122861	PLAU
6	83634548	83634841	ENSG00000220091	LAP3P1
2	217650497	217650867	ENSG00000237930	AC007563.4
6	149812703	149813425	ENSG00000219553	RP1-281H8.3
1	35244162	35244245	ENSG00000216162	AL121988.1
5	137081340	137081840	ENSG00000270237	RP11-381K20.5
9	138420457	138420546	ENSG00000221613	AL161452.1
10	102986733	102989551	ENSG00000138136	LBX1
2	180799128	180799265	ENSG00000202216	SNORA43
8	18632057	18632428	ENSG00000244018	RPL35P6
X	134257168	134257528	ENSG00000256182	AL590325.1
8	125500751	125503884	ENSG00000253106	RP11-158K1.3
2	45395722	45396553	ENSG00000231054	AC009236.2
1	35316295	35317156	ENSG00000230163	RP5-997D16.2
HSCHR6_MHC_QBL	31940194	31960852	ENSG00000206340	C4A
8	11850692	11853821	ENSG00000205882	DEFB134
7	99798276	99869837	ENSG00000239521	GATS
5	137097235	137097625	ENSG00000270697	RP11-381K20.4
2	181337864	181338146	ENSG00000270289	RP11-512G4.1
12	96011465	96011562	ENSG00000212448	Y_RNA
6	30100582	30100743	ENSG00000252228	SNORA48
8	18667010	18667136	ENSG00000251963	AC090420.1
6	83642320	83648396	ENSG00000227215	RP11-445L13__B.3
6	149838092	149838153	ENSG00000252244	RNU7-3P
9	138466781	138478958	ENSG00000237339	RP11-98L5.2
8	125591872	125592889	ENSG00000272486	RP11-532M24.1
6	30154575	30156391	ENSG00000233892	PAIP1P1
2	181436439	181557181	ENSG00000225258	AC009478.1
X	106671860	106672691	ENSG00000214720	KRT18P49
2	108370568	108438585	ENSG00000232991	GACAT1
4	128733873	128734355	ENSG00000244021	RP11-50D9.1
6	149882288	149885085	ENSG00000235168	RP1-12G14.5
7	63572130	63572950	ENSG00000235646	MTND1P2
8	39418456	39418546	ENSG00000252176	AC123767.1
1	35409357	35409425	ENSG00000252728	SNORD112
2	181481845	181481933	ENSG00000264976	AC009478.2
1	89873238	89891802	ENSG00000225492	GBP1P1
15	72668454	72671129	ENSG00000260339	HEXA-AS1
7	75398851	75419214	ENSG00000006606	CCL26
6	84077425	84077510	ENSG00000252309	AL391416.1
2	45796340	45796631	ENSG00000239396	RN7SL414P
8	125823860	125827924	ENSG00000255491	RP11-1082L8.4
2	181737594	181738141	ENSG00000226564	FTH1P20
X	71996833	72068636	ENSG00000184911	DMRTC1B
X	134269077	134269698	ENSG00000232582	RP11-85L21.5
6	149896601	149897260	ENSG00000237502	RP1-12G14.6
15	72671556	72672051	ENSG00000243007	RP11-106M3.1
1	35439957	35450914	ENSG00000241014	RP11-244H3.1
2	45901840	45902615	ENSG00000228481	U51244.2
1	235115394	235116551	ENSG00000258082	RP11-443B7.3
HSCHR6_MHC_QBL	30216878	30250298	ENSG00000244721	HLA-L
8	125834220	125834300	ENSG00000263735	MIR4662A
7	63600873	63610436	ENSG00000229881	RP11-321E8.4
6	84102135	84103128	ENSG00000219951	RP11-378G13.2
6	30201816	30293911	ENSG00000270604	HCG17
2	88927057	88931339	ENSG00000234028	AC062029.1
2	181803557	181804025	ENSG00000236667	AC104076.2
6	149912891	149913799	ENSG00000233330	RP1-12G14.7
2	46231081	46231448	ENSG00000233829	AC017078.1
1	235260502	235260727	ENSG00000233018	RP4-597N16.1
2	217658212	217658323	ENSG00000222832	RNA5SP120
8	125847126	125869758	ENSG00000255080	RP11-1082L8.3
9	130374544	130457460	ENSG00000136854	STXBP1
5	137136882	137146440	ENSG00000226306	NPY6R
2	181844154	181844817	ENSG00000236153	AC104076.3
6	99990256	100016849	ENSG00000112237	CCNC
15	72700119	72767509	ENSG00000261423	RP11-1007O24.3
1	178060643	178063119	ENSG00000224687	RASAL2-AS1
2	217664331	217670058	ENSG00000229352	AC007563.3
4	128761353	128765195	ENSG00000261668	RP11-50D9.3
1	144456138	144521970	ENSG00000236943	RP11-640M9.1
8	18837129	18837282	ENSG00000201157	SNORA62
6	149915220	149915679	ENSG00000220848	RPS18P9
9	138479848	138483821	ENSG00000224045	RP11-98L5.4
2	46305154	46305967	ENSG00000232696	AC017006.2
2	217670460	217670852	ENSG00000234588	FABP5P14
2	181940778	181970695	ENSG00000238171	AC068196.1
8	18846789	18858462	ENSG00000253335	RP11-420B22.1
4	128813146	128813237	ENSG00000251821	RNU6-583P
1	235267495	235267924	ENSG00000273416	RP4-597N16.4
2	46393928	46395117	ENSG00000231336	AC017006.3
5	5375836	5376949	ENSG00000251568	ALG3P1
4	128990169	128990767	ENSG00000241651	RP11-214O14.1
8	11870545	11873043	ENSG00000255098	RP11-481A20.11
1	235291118	235291252	ENSG00000207181	SNORA14B
2	217719112	217719855	ENSG00000231597	AC007557.4
X	106672219	106672309	ENSG00000207846	AL035088.1
1	178163477	178163844	ENSG00000270575	RP11-21M7.2
3	128256863	128257474	ENSG00000239405	TMED10P2
6	149915761	149915895	ENSG00000202343	SNORA2
2	46483999	46484316	ENSG00000233335	AC016696.1
8	125860979	125966570	ENSG00000249816	LINC00964
6	149952573	149952685	ENSG00000207292	Y_RNA
1	235333435	235334206	ENSG00000232686	ARID4B-IT1
8	18859137	18859460	ENSG00000270255	RP11-420B22.2
6	30206078	30210056	ENSG00000236475	TRIM26BP
1	178380751	178381107	ENSG00000213058	RP4-765C7.2
15	72742998	72743815	ENSG00000271072	RP11-1007O24.4
6	150115899	150116882	ENSG00000219433	RP11-350J20.4
X	106756213	106789051	ENSG00000227610	FRMPD3-AS1
1	35519069	35524872	ENSG00000233940	RP11-248I9.2
6	20100935	20212670	ENSG00000172197	MBOAT1
1	235353349	235353431	ENSG00000263439	MIR4753
15	72757469	72758603	ENSG00000261187	RP11-1007O24.2
5	91378414	91815133	ENSG00000250049	RP11-348J24.2
3	128393578	128395848	ENSG00000242551	POU5F1P6
6	147830063	148058683	ENSG00000203727	SAMD5
HSCHR6_MHC_COX	31957379	32033845	ENSG00000233323	TNXB
1	235459180	235459650	ENSG00000236863	RPL23AP23
8	11921898	11929256	ENSG00000233050	DEFB130
4	129076544	129077359	ENSG00000248394	FOSL1P1
1	178449742	178450341	ENSG00000260938	RP4-593C16.3
7	143013219	143049176	ENSG00000188037	CLCN1
8	18942502	19116979	ENSG00000253557	RP11-1080G15.1
10	124895478	124897257	ENSG00000188620	HMX3
6	150117711	150119308	ENSG00000231760	RP11-350J20.5
5	44753051	44765846	ENSG00000248779	RP11-53O19.2
8	39424224	39437653	ENSG00000254082	CTD-2024D23.1
1	178465031	178468769	ENSG00000188585	LINC00083
15	72879558	72879654	ENSG00000207690	MIR630
2	181966659	182264286	ENSG00000234663	AC104820.2
6	150173598	150174328	ENSG00000273132	RP11-350J20.12
5	5395491	5396070	ENSG00000248729	RP11-531A21.3
2	46619436	46621306	ENSG00000228100	AC016912.3
1	178530048	178530164	ENSG00000201347	RNA5SP69
1	235472935	235473313	ENSG00000234086	AL391994.1
15	72882032	72884186	ENSG00000260534	RP11-1006G14.4
9	138506142	138507354	ENSG00000236543	RP11-98L5.5
4	129213906	129440549	ENSG00000251432	RP11-420A23.1
5	21750782	22853731	ENSG00000154162	CDH12
1	178620841	178621417	ENSG00000273384	RP5-1098D14.1
12	57145945	57181574	ENSG00000025423	HSD17B6
6	84437774	84446244	ENSG00000237874	RP3-393K13.1
1	235500121	235500402	ENSG00000227962	RP11-382D8.3
6	150183733	150240643	ENSG00000268592	RP11-244K5.8
3	128433414	128433548	ENSG00000207130	SNORA24
15	72897524	72904667	ENSG00000260144	RP11-361M10.3
3	128467381	128468332	ENSG00000239503	MARK2P8
6	30227361	30260791	ENSG00000243753	HLA-L
17	7825177	7833121	ENSG00000170049	KCNAB3
8	11961898	11973025	ENSG00000215343	ZNF705D
1	178646884	178646969	ENSG00000266417	MIR4424
1	35587623	35588085	ENSG00000228348	EFCAB14P1
6	84693447	84717042	ENSG00000228679	RP4-676J13.2
16	3136144	3136301	ENSG00000200204	RNU1-22P
7	23140847	23145322	ENSG00000230658	KLHL7-AS1
8	39613601	39613707	ENSG00000221018	AC136365.1
5	5396085	5396448	ENSG00000250808	RP11-531A21.4
X	9431335	9687780	ENSG00000101849	TBL1X
5	44826178	44828694	ENSG00000272335	RP11-53O19.3
1	178693441	178695420	ENSG00000273062	RP11-428K3.1
1	235524468	235525855	ENSG00000230026	RP11-382D8.5
X	107137827	107179210	ENSG00000236064	RP6-191P20.4
1	35661570	35661663	ENSG00000201868	Y_RNA
3	128483309	128483861	ENSG00000242992	FTH1P4
6	150201098	150202708	ENSG00000217733	CCT7P1
16	3156765	3159577	ENSG00000263011	RP11-473M20.11
8	39717738	39718044	ENSG00000253332	KB-1582A10.1
1	35729823	35730083	ENSG00000263591	RN7SL136P
22	24311400	24312062	ENSG00000272787	KB-226F1.2
HSCHR6_MHC_QBL	30248086	30284424	ENSG00000234893	HCG18
1	178715818	178716889	ENSG00000228196	PTPN2P1
1	35757801	35758099	ENSG00000240374	RN7SL503P
15	72900828	72929260	ENSG00000259783	RP11-1006G14.2
X	107144375	107144476	ENSG00000207363	Y_RNA
9	138799658	138805359	ENSG00000238058	RP11-432J22.2
22	24319095	24319776	ENSG00000250470	AP000351.3
1	35775875	35776026	ENSG00000201542	SNORA62
10	124907638	124910188	ENSG00000188816	HMX2
1	235582830	235590298	ENSG00000243533	TBCE-AS1
16	3160461	3165599	ENSG00000263214	ZNF205-AS1
X	134314179	134328610	ENSG00000236491	RP13-565O16.2
X	107182493	107182872	ENSG00000225728	RP6-191P20.3
1	35816323	35817208	ENSG00000229994	RPL5P4
2	46675365	46675650	ENSG00000241791	RN7SL817P
5	37379314	37753537	ENSG00000082068	WDR70
6	150205567	150240644	ENSG00000223701	RAET1E-AS1
2	182170320	182170379	ENSG00000266705	MIR4437
22	24329511	24333615	ENSG00000224205	AP000351.4
2	46726870	46728417	ENSG00000253515	RP11-417F21.2
15	72904161	72904401	ENSG00000243790	RN7SL485P
5	5396590	5397081	ENSG00000251476	RP11-531A21.2
6	84732774	84734272	ENSG00000230852	RP11-51G5.1
1	235596300	235596546	ENSG00000229795	RPS21P1
2	182286881	182290476	ENSG00000226681	AC020595.1
X	52853316	52858317	ENSG00000196395	RP13-77O11.11
3	128503990	128504288	ENSG00000244232	RN7SL698P
7	23168797	23169460	ENSG00000230042	AK3P3
2	108439519	108443347	ENSG00000230651	RGPD4-AS1
5	45035301	45098749	ENSG00000248148	RP11-357F12.1
15	72908151	72910591	ENSG00000260672	RP11-1006G14.1
8	39724955	39725331	ENSG00000253233	KB-1582A10.2
7	75440983	75452674	ENSG00000106178	CCL24
3	128517684	128518044	ENSG00000239483	RPS15AP16
2	182547840	182550434	ENSG00000234595	AC013733.3
1	35824423	35831678	ENSG00000227409	ZMYM4-AS1
2	46795395	46807377	ENSG00000250116	RP11-417F21.1
9	138999654	139001270	ENSG00000260193	RP11-83N9.5
X	107626628	107627223	ENSG00000189372	RP6-149D17.1
4	129473745	129474571	ENSG00000273077	RP11-130C6.1
6	150225379	150227554	ENSG00000216906	RP11-350J20.9
22	24340828	24347258	ENSG00000241850	GSTTP1
3	128562407	128563247	ENSG00000244065	RP11-221E20.5
6	85130746	85265870	ENSG00000231776	RP1-90L14.1
1	178722789	178722907	ENSG00000201791	SNORA63
2	182555107	182558142	ENSG00000225570	AC013733.4
11	57876192	57877133	ENSG00000272685	OR9I3P
1	235683269	235683983	ENSG00000238236	RP4-534P7.2
5	45558021	45560088	ENSG00000250422	RP11-484L7.1
8	125932670	125934318	ENSG00000250428	RP11-1082L8.1
X	134335662	134349163	ENSG00000228922	RP13-210D15.1
4	129489127	129491686	ENSG00000248187	RP11-184M15.1
6	157802165	158099178	ENSG00000175048	ZDHHC14
3	128567516	128568242	ENSG00000243022	RP11-221E20.4
15	72931162	72932466	ENSG00000259909	RP11-1006G14.3
1	179004444	179004787	ENSG00000232750	RP11-177A2.5
7	23245632	23247664	ENSG00000226816	AC005082.12
2	47004922	47007384	ENSG00000260977	RP11-333I13.1
1	235700820	235701341	ENSG00000235638	MTND6P14
1	35893417	35893494	ENSG00000202129	RNY5P1
10	103113820	103317078	ENSG00000166167	BTRC
3	128570955	128571851	ENSG00000242062	MARK2P6
11	57911967	57912869	ENSG00000186508	OR9I2P
6	150255663	150257918	ENSG00000216621	RP11-244K5.6
12	70037140	70093256	ENSG00000127325	BEST3
5	45574692	45576714	ENSG00000250017	RP11-484L7.2
7	23405237	23405595	ENSG00000232627	AC021876.4
4	129504154	129522562	ENSG00000248802	RP11-184M15.2
1	35975343	35977039	ENSG00000236274	RP4-728D4.3
2	47079159	47080635	ENSG00000226548	AC016722.3
8	39761294	39852767	ENSG00000253939	RP11-44K6.3
3	128578559	128579369	ENSG00000261159	RP11-723O4.9
5	6019142	6022396	ENSG00000261037	CTC-471C19.1
X	134340492	134340577	ENSG00000264894	AL590282.1
1	235701352	235703145	ENSG00000231199	MTND5P19
6	85139302	85140520	ENSG00000226309	SMARCE1P2
9	139141824	139143051	ENSG00000264527	WI2-1959D15.1
7	23436065	23436135	ENSG00000212264	SNORD65
1	179106899	179107069	ENSG00000234041	RP11-345I18.1
HSCHR6_MHC_QBL	29624680	29640072	ENSG00000137345	MOG
6	150272969	150273375	ENSG00000215094	RP11-244K5.7
X	52861754	52862949	ENSG00000224781	EIF4A2P4
4	129677181	129677284	ENSG00000238802	snoU13
X	134370740	134371295	ENSG00000227792	RP13-210D15.6
5	45890318	45896072	ENSG00000250122	CTD-2013M15.1
7	23490277	23490341	ENSG00000252590	RNU7-143P
6	150298607	150300241	ENSG00000219298	RP11-472G23.3
6	85399010	85399147	ENSG00000219604	RP11-132M7.2
7	23520372	23520578	ENSG00000236654	AC079780.3
2	47126414	47135817	ENSG00000228925	AC016722.4
1	179152869	179153682	ENSG00000231905	SETP10
4	130054261	130055253	ENSG00000251345	RP11-392L5.2
8	11994677	11996586	ENSG00000223443	USP17L2
8	18949243	18972534	ENSG00000254242	RP11-1080G15.2
1	235703353	235704715	ENSG00000226663	MTND4P10
11	106544738	106889250	ENSG00000152402	GUCY1A2
11	57938570	57939193	ENSG00000272569	OR5BL1P
15	72956896	72957171	ENSG00000244666	RN7SL853P
16	3166043	3184883	ENSG00000263072	RP11-473M20.14
2	89065324	89106126	ENSG00000230006	ANKRD36BP2
1	46252659	46501796	ENSG00000086015	MAST2
10	77168731	77169084	ENSG00000273248	RP11-399K21.13
15	72974607	72975245	ENSG00000261281	RP11-361M10.4
6	85399143	85419252	ENSG00000228290	RP11-132M7.3
11	58009515	58010569	ENSG00000254589	EIF4A2P3
19	44164652	44164928	ENSG00000239948	RN7SL368P
7	23530092	23530983	ENSG00000232818	RPS2P32
8	19095247	19099422	ENSG00000250316	RP11-618M23.1
4	130057081	130060895	ENSG00000248958	ZSWIM5P3
5	137150022	137225025	ENSG00000250159	RP11-381K20.2
5	49899063	49899345	ENSG00000271455	RP11-269M20.2
6	150299052	150299552	ENSG00000231120	BTF3P10
10	77168915	77171600	ENSG00000272692	RP11-399K21.14
1	179165608	179165714	ENSG00000212338	SNORA67
2	70189395	70315978	ENSG00000179818	PCBP1-AS1
19	44167328	44167426	ENSG00000264133	AC006953.1
1	90048800	90098453	ENSG00000231999	RP5-1007M22.2
1	179170622	179170762	ENSG00000201619	SNORA67
5	49928958	49929436	ENSG00000213956	RP11-269M20.1
19	44298461	44299810	ENSG00000268601	AC115522.3
1	179170840	179171061	ENSG00000231564	EIF4A1P11
5	6030148	6030954	ENSG00000259861	CTC-471C19.2
9	139414020	139414078	ENSG00000263403	MIR4673
19	44395956	44405957	ENSG00000267058	RP11-15A1.3
22	24347904	24349416	ENSG00000232014	MTND1P13
7	23531411	23531512	ENSG00000200847	Y_RNA
2	47183754	47184027	ENSG00000272814	RP11-15I20.1
6	44240931	44346694	ENSG00000272442	RP11-444E17.6
18	47901365	47920543	ENSG00000154839	SKA1
1	235704712	235705006	ENSG00000231582	RP11-293G6__B.4
3	65989514	65989615	ENSG00000202071	Y_RNA
5	137316150	137316247	ENSG00000266475	AC106753.1
7	23602078	23603880	ENSG00000224785	AC006026.9
2	47262418	47267663	ENSG00000233845	AC093732.1
2	8861264	8862816	ENSG00000260837	RP11-434B12.1
9	8314246	10612723	ENSG00000153707	PTPRD
1	179190073	179191260	ENSG00000225711	RP11-345I18.4
11	58059298	58060237	ENSG00000272900	OR10Q2P
3	65994445	65994875	ENSG00000203647	AC106827.1
15	73075176	73090540	ENSG00000260898	ADPGK-AS1
8	39771748	39773240	ENSG00000253838	RP11-44K6.2
19	44406153	44430697	ENSG00000267191	RP11-15A1.2
5	137368463	137372955	ENSG00000246323	RP11-325L7.1
6	85676115	85676343	ENSG00000216523	RP3-435K13.1
22	24348440	24348799	ENSG00000229513	EIF4EBP1P2
6	150319155	150326293	ENSG00000218358	RAET1K
X	107920181	107920287	ENSG00000207146	Y_RNA
3	66343538	66343644	ENSG00000206759	RNU6-787P
5	49958693	49959100	ENSG00000271752	RP11-269M20.3
7	23624681	23625974	ENSG00000232553	AC006026.10
8	39775595	39778409	ENSG00000254287	RP11-44K6.4
11	58085109	58085847	ENSG00000255218	OR5BC1P
1	144491442	144491605	ENSG00000206828	RNVU1-5
5	6112224	6112313	ENSG00000221568	AC026797.1
1	235705059	235705397	ENSG00000232714	MTND3P8
X	107963179	107968174	ENSG00000261409	RP6-24A23.7
3	66374279	66374574	ENSG00000241587	RN7SL482P
6	85865385	85877467	ENSG00000220291	RP3-455E7.1
X	72091859	72163653	ENSG00000159123	DMRTC1
4	130098541	130100249	ENSG00000251195	RP11-378N18.1
1	144534038	144534199	ENSG00000201699	RNU1-59P
2	47294961	47298343	ENSG00000225187	AC073283.7
22	24350068	24352081	ENSG00000224676	AP000351.8
5	6289970	6290737	ENSG00000250730	HMGB3P3
9	139437333	139438287	ENSG00000227512	RP11-413M3.4
15	73191740	73192601	ENSG00000259259	NPM1P42
19	44501048	44506988	ENSG00000266921	RP11-15A1.7
3	66673184	66673526	ENSG00000271174	RP11-814M22.2
1	36035414	36043330	ENSG00000239636	RP4-728D4.2
8	19103860	19106750	ENSG00000254201	RP11-618M23.2
8	39855388	39856018	ENSG00000253790	RP11-44K6.5
7	23658952	23662445	ENSG00000227436	FCF1P1
3	66687573	66687836	ENSG00000214560	RPL21P41
5	50154594	50155854	ENSG00000249405	RP11-317O24.1
1	204159469	204165614	ENSG00000170498	KISS1
10	77190329	77191346	ENSG00000236842	RP11-399K21.10
1	179224868	179225216	ENSG00000223794	COX5BP8
11	58111210	58112137	ENSG00000255431	OR5B19P
3	67346724	67356783	ENSG00000241884	RP11-85I21.1
1	235705459	235705690	ENSG00000235761	RP11-293G6__B.2
6	85967046	85967412	ENSG00000216902	RP1-161C16.1
X	107979241	107982133	ENSG00000237863	RP6-24A23.3
14	77292715	77336645	ENSG00000100565	C14orf166B
10	77312216	77312311	ENSG00000207583	MIR606
4	130220330	130226177	ENSG00000250193	RP11-419L4.1
19	44527756	44529414	ENSG00000267144	AC067968.3
22	26839389	26879803	ENSG00000100099	HPS4
11	58116462	58117103	ENSG00000255096	OR5B10P
10	77402234	77402857	ENSG00000268659	RP11-310J24.3
9	139440625	139440711	ENSG00000265181	MIR4674
2	47419544	47572213	ENSG00000234690	AC073283.4
4	130645326	130692636	ENSG00000246876	RP11-519M16.1
6	153308497	153323820	ENSG00000112031	MTRF1L
19	44589366	44589456	ENSG00000253021	RNU6-902P
1	179240251	179240401	ENSG00000228191	RP11-345I18.6
1	90095284	90141945	ENSG00000230735	RP11-413E1.4
15	73435577	73435859	ENSG00000259691	FKBP1AP2
1	235729061	235730237	ENSG00000270710	RP11-293G6__B.8
7	23695301	23695480	ENSG00000228953	AC006026.12
10	77502498	77503513	ENSG00000228280	RP11-367B6.2
1	36171626	36171875	ENSG00000239859	RN7SL281P
6	85995794	86000567	ENSG00000217060	RP11-30P6.1
19	44596257	44596551	ENSG00000265842	RN7SL53P
3	67564364	67564744	ENSG00000242510	NDUFB4P1
1	179333448	179333743	ENSG00000263633	RN7SL374P
7	75471920	75518244	ENSG00000005486	RHBDD2
X	134386524	134387531	ENSG00000238210	RP13-210D15.4
9	139440664	139444345	ENSG00000237886	RP11-611D20.2
15	102516758	102519298	ENSG00000248472	DDX11L9
HSCHR6_MHC_QBL	30308697	30308831	ENSG00000236688	HLA-N
14	55861658	55861951	ENSG00000259318	RP11-454L9.2
11	58121477	58121972	ENSG00000255333	AP000435.3
22	24366750	24370882	ENSG00000184490	AP000351.9
8	19111751	19114844	ENSG00000253280	RP11-618M23.4
1	36204990	36209177	ENSG00000232335	RP11-435D7.3
7	23708896	23708973	ENSG00000223275	AC006026.1
1	179416713	179417575	ENSG00000224620	MEF2AP1
19	44598503	44603864	ENSG00000267163	AC084219.3
1	90126771	90126912	ENSG00000226394	RP11-413E1.2
8	19536083	19546445	ENSG00000253270	RP11-1105O14.1
7	23719814	23720405	ENSG00000234286	AC006026.13
6	150353905	150354702	ENSG00000216444	RAET1M
HSCHR6_MHC_QBL	30313513	30313600	ENSG00000258067	AL773535.4
14	55880274	55880777	ENSG00000239199	RPL21P6
1	179416737	179426450	ENSG00000236539	HNRNPA1P54
X	108069994	108070099	ENSG00000201443	RNU6-309P
2	9119024	9119128	ENSG00000238888	snoU13
1	235777974	235779697	ENSG00000227236	RP11-365D9.1
1	36338871	36339353	ENSG00000271164	RP4-789D17.4
11	58133309	58134236	ENSG00000233499	OR5B1P
19	44609616	44617298	ENSG00000186019	AC084219.4
15	73454120	73455269	ENSG00000259440	NPM1P43
2	74685456	74688018	ENSG00000239779	WBP1
7	23760930	23761401	ENSG00000234800	PCMTD1P3
16	3206737	3207484	ENSG00000261889	RP11-473M20.16
8	19936816	19975953	ENSG00000253775	AC100802.3
8	39961688	39965454	ENSG00000253381	RP11-359E19.1
HSCHR6_MHC_QBL	30316559	30317192	ENSG00000227100	HCG19P
1	179512336	179518057	ENSG00000261250	RP11-545A16.1
3	67705121	67998137	ENSG00000241316	RP11-81N13.1
2	9158422	9159028	ENSG00000230886	HMGB1P25
10	124913793	124924886	ENSG00000154473	BUB3
1	90233771	90233877	ENSG00000239176	snoU13
X	153237778	153248646	ENSG00000177854	TMEM187
X	108297361	108297792	ENSG00000226958	CTD-2328D6.1
14	55965996	56046828	ENSG00000186615	KTN1-AS1
6	44246480	44265458	ENSG00000146221	TCTE1
1	90254473	90256051	ENSG00000231613	RP5-943J3.1
8	39972170	39984987	ENSG00000253665	RP11-359E19.2
1	179545403	179545484	ENSG00000251875	RNU5F-2P
16	3231233	3234018	ENSG00000262521	AJ003147.8
1	36395321	36395716	ENSG00000271914	RP4-789D17.5
X	108585042	108585926	ENSG00000215000	RP1-31B8.1
6	148593440	148873186	ENSG00000111961	SASH1
6	150361683	150363169	ENSG00000235972	RP11-472G23.10
22	24373117	24374043	ENSG00000235231	AP000351.10
1	204167288	204183220	ENSG00000174567	GOLT1A
19	44794234	44795064	ENSG00000270679	CTC-512J12.7
HSCHR6_MHC_QBL	30320389	30321557	ENSG00000236122	UBQLN1P1
1	179555840	179558310	ENSG00000227141	RP11-545A16.3
X	134530354	134531689	ENSG00000229015	RP11-265D19.6
1	90285733	90286427	ENSG00000272931	RP5-943J3.2
11	58155056	58155959	ENSG00000273408	OR5B15P
16	3238212	3274779	ENSG00000262668	AJ003147.9
5	50199442	50199577	ENSG00000270830	RP11-317O24.3
1	36457710	36479231	ENSG00000271554	RP4-665N4.8
6	150363682	150364489	ENSG00000213091	PHBP1
10	32556679	32667726	ENSG00000120616	EPC1
1	144593363	144621656	ENSG00000225241	RP11-640M9.2
5	50225318	50230355	ENSG00000251601	RP11-317O24.2
6	30255174	30294927	ENSG00000231074	HCG18
1	90405160	90405706	ENSG00000272672	RP11-302M6.5
22	24375562	24376211	ENSG00000272955	KB-226F1.1
19	44801257	44801508	ENSG00000267590	NDUFA3P1
HSCHR6_MHC_QBL	30321757	30321880	ENSG00000257478	AL773535.2
11	58265361	58273231	ENSG00000255299	RP11-655C2.3
8	40018977	40030131	ENSG00000254143	RP11-470M17.2
16	28943260	28950667	ENSG00000177455	CD19
16	3265562	3266546	ENSG00000203581	OR1F2P
1	90453272	90453503	ENSG00000252797	RN7SKP272
5	6310554	6339997	ENSG00000250490	CTD-2324F15.2
19	44896603	44952640	ENSG00000267188	CTC-512J12.4
15	73547675	73548450	ENSG00000259528	RP11-272D12.2
7	143268819	143271478	ENSG00000176227	CTAGE15
HSCHR6_MHC_QBL	30325459	30325567	ENSG00000257299	AL773535.1
8	19970854	19971183	ENSG00000242709	RPL30P9
11	63606400	63678491	ENSG00000072518	MARK2
5	50261521	50262842	ENSG00000250360	CTD-2089N3.1
3	67878596	67878697	ENSG00000266400	AC113171.1
9	139496967	139497062	ENSG00000252440	U3
6	150485720	150485822	ENSG00000238594	snoU13
1	90459152	90459880	ENSG00000228175	GEMIN8P4
X	155250491	155255375	ENSG00000182484	WASH6P
22	24385938	24401899	ENSG00000239334	GSTTP2
HSCHR6_MHC_QBL	30339804	30339888	ENSG00000258263	AL773535.5
1	36545667	36547923	ENSG00000232862	RP4-665N4.4
8	20087290	20087388	ENSG00000222267	RNU6-892P
6	150647759	150647899	ENSG00000201628	RNU4-7P
15	73627601	73634728	ENSG00000259650	RP11-272D12.1
7	143271839	143271941	ENSG00000252037	RNU6-162P
5	50265051	50266001	ENSG00000251573	CTD-2089N3.2
6	85997507	85998725	ENSG00000213211	KRT18P64
1	179559507	179560440	ENSG00000261060	RP11-545A16.4
6	150705443	150706256	ENSG00000220598	SSR1P1
HSCHR6_MHC_QBL	30349771	30349858	ENSG00000257665	AL773535.3
8	20133284	20147969	ENSG00000253733	LZTS1-AS1
7	143276000	143276165	ENSG00000230556	AC073264.6
1	235901305	235902289	ENSG00000235674	LDHAP2
1	90719014	90719117	ENSG00000212459	RNU6-695P
1	179679385	179679481	ENSG00000221547	AL359853.1
19	44971858	44977444	ENSG00000176761	ZNF285B
X	134555868	134561999	ENSG00000178947	LINC00086
6	86096937	86099904	ENSG00000234155	RP11-30P6.6
HSCHR6_MHC_QBL	30350286	30350373	ENSG00000257461	AL844203.1
1	90976467	90999029	ENSG00000229201	RP5-827O9.1
3	12194551	12200851	ENSG00000157150	TIMP4
HSCHR6_MHC_QBL	32845119	32867240	ENSG00000242685	HLA-DMA
1	179699352	179711832	ENSG00000243062	RP11-12M5.1
6	150825947	150831436	ENSG00000219622	RP11-291C6.1
9	139543062	139554873	ENSG00000228401	RP11-251M1.1
15	73775537	73776284	ENSG00000259186	MRPS15P1
2	216809213	216898819	ENSG00000118242	MREG
2	68405989	68483369	ENSG00000221823	PPP3R1
2	129999746	130031421	ENSG00000204460	AC079586.1
2	27548716	27579868	ENSG00000115207	GTF3C2
6	86136375	86136843	ENSG00000216439	DUTP5
HSCHR6_MHC_QBL	30371999	30376604	ENSG00000237034	MICC
16	3357573	3358393	ENSG00000262899	LA16c-360H6.3
15	74060555	74061978	ENSG00000260469	RP11-8P11.3
X	108811707	108813518	ENSG00000233874	RP1-136J15.5
X	134562093	134562210	ENSG00000201440	RNA5SP515
2	47452933	47466364	ENSG00000226087	AC106869.2
7	140103843	140126050	ENSG00000146955	RAB19
20	61472467	61493115	ENSG00000101190	TCFL5
22	24402751	24404704	ENSG00000235689	AP000351.13
1	236002783	236003482	ENSG00000229463	LYST-AS1
1	36657516	36657769	ENSG00000264592	RN7SL131P
16	3358609	3358816	ENSG00000262554	LA16c-360H6.2
1	91123307	91123520	ENSG00000199666	U3
17	27052915	27070473	ENSG00000160602	NEK8
5	171706206	171706319	ENSG00000222732	AC008671.1
1	36707499	36707757	ENSG00000231849	UBE2V2P4
8	12039605	12051642	ENSG00000186523	FAM86B1
15	74163291	74165707	ENSG00000260624	RP11-24D15.1
1	236016300	236016360	ENSG00000222831	MIR1537
22	24497652	24499317	ENSG00000232545	KB-318B8.7
8	40156260	40200921	ENSG00000253802	CTA-392C11.1
5	171866667	171866758	ENSG00000216127	AC011407.1
16	3373192	3373925	ENSG00000262316	RP11-433P17.1
1	179785319	179787326	ENSG00000229407	RP11-12M5.3
21	34876238	34915797	ENSG00000159131	GART
1	91248543	91317207	ENSG00000233593	RP4-665J23.1
6	150921970	150926986	ENSG00000232891	RP11-136K14.1
2	130184995	130185098	ENSG00000238546	snoU13
1	236026688	236026737	ENSG00000252056	RNU5E-2P
8	20207721	20230280	ENSG00000253164	RP11-563N12.2
1	36868322	36868460	ENSG00000222821	RNU4-27P
19	44978645	44979403	ENSG00000267242	AC069278.4
5	50265494	50266021	ENSG00000248918	CTD-2089N3.3
5	171984395	171986017	ENSG00000254299	CTB-54I1.1
1	236078715	236078821	ENSG00000206803	RNU6-968P
22	24644042	24645434	ENSG00000230712	AP000354.4
3	40547483	40560227	ENSG00000177842	ZNF620
1	36884051	36884179	ENSG00000201448	SNORA63
6	150945813	150947222	ENSG00000224029	RP11-136K14.2
1	236105853	236107105	ENSG00000237845	RP5-940F7.2
2	47558199	47571656	ENSG00000236824	BCYRN1
1	37095936	37096458	ENSG00000230214	FTLP18
2	9221524	9221856	ENSG00000223640	RPL30P3
2	171847333	172087824	ENSG00000198586	TLK1
15	74183750	74183828	ENSG00000222064	AC108137.1
2	130253870	130254361	ENSG00000233428	AC019050.1
X	108880063	108880292	ENSG00000237319	RP1-136J15.1
1	179798744	179805259	ENSG00000231966	RP11-12M5.4
8	87480486	87526586	ENSG00000176623	RMDN1
5	50351187	50351293	ENSG00000207060	RNU6-480P
1	236121179	236135125	ENSG00000229291	RP4-580N22.2
1	149909705	149982625	ENSG00000163113	OTUD7B
12	22348403	22348563	ENSG00000212172	RNU1-149P
2	9243569	9245243	ENSG00000242136	RP11-734K21.2
13	27131840	27263085	ENSG00000132970	WASF3
6	150971908	150973161	ENSG00000226599	RP11-136K14.3
1	37238741	37241369	ENSG00000234481	RP4-614N24.1
5	50357303	50357391	ENSG00000222945	AC091866.1
10	77583444	77583536	ENSG00000215921	AL731568.1
12	22548022	22551009	ENSG00000256714	RP11-73M14.1
1	236223977	236224072	ENSG00000252822	Y_RNA
5	172083525	172083716	ENSG00000253683	CTB-79E8.3
1	37627164	37627235	ENSG00000264698	MIR4255
14	107048672	107049341	ENSG00000211967	IGHV3-53
2	47586644	47586916	ENSG00000222685	RN7SKP119
14	96176304	96180533	ENSG00000100721	TCL1A
6	151148799	151149520	ENSG00000213089	PDCL3P5
1	179850742	179851730	ENSG00000272906	RP11-533E19.7
12	22613453	22616848	ENSG00000256973	RP11-359J14.2
X	108987872	108987978	ENSG00000252069	Y_RNA
1	37669211	37669317	ENSG00000207328	RNU6-636P
5	50463375	50463481	ENSG00000206606	RNU6-1296P
1	236273361	236275670	ENSG00000235371	RP4-764D2.1
HSCHR6_MHC_QBL	30414329	30414452	ENSG00000257425	AL844213.4
8	20408712	20408916	ENSG00000253178	RP11-404E12.1
6	86137171	86137684	ENSG00000214460	TPT1P6
2	130626766	130635126	ENSG00000229536	AC079776.1
1	37728340	37790701	ENSG00000223944	RP5-1180C18.1
2	47604814	47604909	ENSG00000207923	MIR559
X	134566885	134572559	ENSG00000225769	CROCCP1
12	22726359	22728039	ENSG00000256371	RP11-359J14.3
X	109096541	109097148	ENSG00000225381	RPS5P7
1	179869397	179869697	ENSG00000264916	RN7SL230P
5	50571087	50571568	ENSG00000240627	CTD-2312P21.1
6	151256104	151256702	ENSG00000218996	RP1-99E18.2
HSCHR6_MHC_QBL	30423833	30425362	ENSG00000235223	TMPOP1
5	172089168	172089266	ENSG00000265160	MIR5003
14	107078373	107078869	ENSG00000211968	IGHV1-58
1	179895776	179910931	ENSG00000261831	RP11-533E19.2
9	139565054	139565138	ENSG00000199161	MIR126
1	37730278	37730387	ENSG00000252368	RNA5SP43
15	74200424	74220589	ENSG00000261801	LOXL1-AS1
5	6533004	6533313	ENSG00000271230	CTD-2195M18.2
2	47713153	47715691	ENSG00000236558	AC138655.6
9	139588588	139588714	ENSG00000221693	AL590226.1
8	20472340	20472437	ENSG00000251944	U3
1	179922319	179923575	ENSG00000260360	RP11-533E19.5
6	151260358	151260464	ENSG00000202119	RNU6-302P
1	37796453	37796597	ENSG00000230451	RPS29P6
5	131746328	131811736	ENSG00000197536	C5orf56
2	130680435	130691890	ENSG00000214100	AC079776.2
3	156391024	156424559	ENSG00000163659	TIPARP
2	9246722	9249994	ENSG00000261104	RP11-734K21.5
X	134598254	134599409	ENSG00000271158	RP11-265D19.7
12	22749162	22749485	ENSG00000256774	RP11-268P4.2
8	20513202	20557645	ENSG00000253300	RP11-108E14.1
6	151361052	151361107	ENSG00000221469	AL133260.1
1	91317316	91319843	ENSG00000225446	RP4-665J23.2
1	179937821	179938641	ENSG00000235145	RP11-533E19.3
5	133706870	133727683	ENSG00000119048	UBE2B
12	22754359	22771801	ENSG00000250166	RP11-268P4.5
6	151376033	151377193	ENSG00000232290	RP1-292B18.3
1	236431080	236431258	ENSG00000222650	RNU2-70P
X	134654008	134654599	ENSG00000225235	DDX26B-AS1
1	204187979	204346793	ENSG00000143850	PLEKHA6
3	68194154	68194780	ENSG00000214552	COPS8P2
2	29179477	29284239	ENSG00000189350	FAM179A
1	91326107	91328477	ENSG00000272094	RP4-665J23.4
1	43829068	43833696	ENSG00000066322	ELOVL1
5	50617817	50617919	ENSG00000238702	snoU13
1	236449276	236450260	ENSG00000237922	RP11-478H16.1
12	22762162	22777949	ENSG00000257023	RP11-268P4.4
14	107081806	107083830	ENSG00000224373	IGHV4-59
14	56010119	56010887	ENSG00000213641	RPL7AP4
X	109298557	109298654	ENSG00000208013	MIR652
6	86340080	86340995	ENSG00000236016	RP1-3J17.3
6	151409239	151549582	ENSG00000223598	RP1-292B18.4
1	91358549	91359169	ENSG00000232882	PHKA1P1
8	40227547	40259367	ENSG00000253354	CTA-392C11.2
1	37920480	37940012	ENSG00000233621	LINC01137
HSCHR6_MHC_QBL	30426181	30427550	ENSG00000223693	SUCLA2P1
6	86369610	86370324	ENSG00000220563	PKMP3
3	68241548	68241730	ENSG00000240568	RP11-1008M1.1
1	179969573	179969943	ENSG00000223450	RP11-52I18.1
19	45005729	45033811	ENSG00000176395	CEACAM20
X	109325346	109325446	ENSG00000265584	MIR3978
14	56013392	56014841	ENSG00000271484	RP11-132J14.3
4	17842822	18023499	ENSG00000178177	LCORL
5	50668570	50679166	ENSG00000259663	CTD-2314G24.2
HSCHR6_MHC_SSTO	31745551	31818230	ENSG00000203544	BX248133.1
X	134702492	134702591	ENSG00000264284	AL391380.1
10	23481256	23483181	ENSG00000168267	PTF1A
1	91489476	91490361	ENSG00000232393	RPL5P6
3	68682857	68683507	ENSG00000244640	RP11-436J20.1
9	139615818	139622636	ENSG00000233016	SNHG7
8	20791946	20792348	ENSG00000253866	TMEM97P2
6	151420665	151421069	ENSG00000219747	RP1-292B18.1
8	40377084	40377677	ENSG00000272479	RP11-301G7.1
4	155525286	155534119	ENSG00000171557	FGG
3	68684067	68684160	ENSG00000212095	AC096922.1
1	236464280	236464351	ENSG00000252638	snoU13
5	172117457	172124723	ENSG00000253445	CTB-79E8.2
1	37966536	37966595	ENSG00000263675	MIR5581
1	180086275	180093025	ENSG00000261817	RP11-502H18.2
14	56118252	56118352	ENSG00000200742	Y_RNA
3	68684856	68686175	ENSG00000241506	PSMC1P1
1	236646465	236647768	ENSG00000244457	ENO1P1
X	134717576	134719085	ENSG00000237833	RP11-432N13.2
1	91727182	91727281	ENSG00000206817	Y_RNA
6	151517816	151518773	ENSG00000231883	RP1-297M16.2
X	109468213	109468291	ENSG00000208883	SNORD96B
HSCHR6_MHC_QBL	30443238	30443888	ENSG00000229038	RANP1
5	172185229	172189559	ENSG00000253295	RP11-779O18.1
5	6582249	6588612	ENSG00000250056	LINC01018
1	38010364	38010895	ENSG00000232273	FTH1P1
1	91793926	91795070	ENSG00000215873	FEN1P1
X	109548648	109550449	ENSG00000224142	AMMECR1-IT1
3	68932118	68932242	ENSG00000252828	RNA5SP135
12	22852793	23327057	ENSG00000256995	RP11-114G22.1
6	151522476	151522579	ENSG00000238616	RNU6-300P
5	172189524	172190261	ENSG00000213386	RP11-779O18.2
6	151546685	151547082	ENSG00000213087	RP11-613F7.1
1	236686369	236687808	ENSG00000223776	LGALS8-AS1
8	20798939	20807686	ENSG00000254260	RP11-369E15.1
HSCHR6_MHC_QBL	30445600	30445684	ENSG00000257656	AL844213.5
1	180238788	180245359	ENSG00000230124	RP5-1180C10.2
14	107095126	107095662	ENSG00000211970	IGHV4-61
22	24647796	24661493	ENSG00000128262	POM121L9P
3	69063092	69105773	ENSG00000244513	CTD-2013N24.2
HSCHR6_MHC_QBL	30446021	30446144	ENSG00000258228	AL844213.9
X	109763540	109766249	ENSG00000225366	TDGF1P3
1	236699473	236700004	ENSG00000273058	RP11-385F5.5
11	6223131	6224483	ENSG00000267940	RP11-290F24.6
6	151601650	151601747	ENSG00000252431	RNU6-1247P
HSCHR6_MHC_QBL	30449135	30449219	ENSG00000257423	AL844213.3
8	40757535	40759373	ENSG00000254383	RP11-465K16.1
2	47754676	47762338	ENSG00000235760	AC138655.4
2	130680750	130704276	ENSG00000237574	AC079776.3
6	151619976	151620068	ENSG00000252487	RNY4P20
1	236703394	236713580	ENSG00000230325	RP11-385F5.4
HSCHR6_MHC_QBL	30455663	30456253	ENSG00000257892	AL844213.6
8	40890411	40890517	ENSG00000206867	RNU6-356P
6	151640770	151641085	ENSG00000223039	RN7SKP268
1	38021843	38022108	ENSG00000237749	RP3-423B22.5
14	107113741	107114274	ENSG00000223648	IGHV3-64
8	20810156	20831388	ENSG00000254092	RP11-369E15.3
1	236982934	236983818	ENSG00000226498	RP11-182B22.2
6	151668162	151668247	ENSG00000238939	snoU13
8	41128567	41128662	ENSG00000263372	MIR548AO
2	47917855	47918385	ENSG00000230979	AC079250.1
HSCHR6_MHC_QBL	30461218	30461339	ENSG00000258299	AL844213.11
11	6318419	6319836	ENSG00000270435	RP11-304C12.4
6	151699135	151699234	ENSG00000252615	Y_RNA
6	86370710	86388451	ENSG00000203875	SNHG5
1	180403935	180405071	ENSG00000235060	VDAC1P4
5	172189983	172204777	ENSG00000253736	RP11-779O18.3
HSCHR6_MHC_SSTO	31817326	31822599	ENSG00000234846	NEU1
8	20810638	20826415	ENSG00000253147	RP11-369E15.4
1	92000223	92001150	ENSG00000241318	RP11-47K11.2
6	151732394	151735080	ENSG00000219395	HSPA8P15
X	134732852	134749356	ENSG00000224539	RP11-432N13.3
HSCHR6_MHC_QBL	30468711	30468795	ENSG00000257980	AL844213.8
12	56032696	56053579	ENSG00000258921	RP11-644F5.16
10	23492745	23528745	ENSG00000204566	C10orf115
2	130697421	130697790	ENSG00000234559	AC079776.4
11	6384029	6386497	ENSG00000254443	RP11-304C12.3
2	47932607	47933118	ENSG00000224443	AC006509.4
HSCHR6_MHC_QBL	30469811	30469898	ENSG00000257937	AL844213.7
1	38203627	38203726	ENSG00000200421	Y_RNA
6	151936908	151937014	ENSG00000207422	RNU6-813P
8	146015150	146017972	ENSG00000161016	RPL8
12	56039979	56040447	ENSG00000272837	OR10AE3P
1	92065728	92065878	ENSG00000229067	RP11-91I11.1
5	172206985	172207097	ENSG00000206741	Y_RNA
1	237144637	237145008	ENSG00000237991	RPL35P1
14	107131033	107131560	ENSG00000211972	IGHV3-66
1	38215874	38215974	ENSG00000238871	snoU13
HSCHR6_MHC_QBL	30473552	30476506	ENSG00000236934	XXbac-BPG249D20.9
12	56048342	56048952	ENSG00000258907	RP11-644F5.15
6	152134411	152135314	ENSG00000233823	RP3-443C4.2
18	48086448	48258194	ENSG00000141639	MAPK4
5	172212265	172212427	ENSG00000270243	RP11-779O18.4
X	109880069	109880900	ENSG00000228042	RP11-441A11.1
8	41128950	41129085	ENSG00000239281	RPS29P2
1	180407449	180407525	ENSG00000265435	MIR3121
1	38242342	38245090	ENSG00000214141	ACTN4P2
2	68511303	68547183	ENSG00000119865	CNRIP1
1	92100568	92109639	ENSG00000203914	HSP90B3P
6	152701681	152702699	ENSG00000234577	SYNE1-AS1
14	95651454	95652191	ENSG00000259143	CTD-2240H23.2
HSCHR6_MHC_QBL	30487773	30488859	ENSG00000257324	AL844213.2
2	130724165	130738039	ENSG00000225449	RAB6C-AS1
19	18668572	18680197	ENSG00000105700	KXD1
1	180488152	180488255	ENSG00000206905	Y_RNA
11	6509416	6510607	ENSG00000254595	CTD-2010I16.1
6	7590432	7612200	ENSG00000168566	SNRNP48
15	74355121	74356126	ENSG00000260096	DNM1P33
1	180514968	180515067	ENSG00000266683	AL358354.1
11	89597016	89598718	ENSG00000254558	RP11-81M19.3
8	41132634	41134522	ENSG00000253509	CTD-3080F16.3
22	24655897	24659732	ENSG00000225098	BCRP1
6	152723533	152726101	ENSG00000226193	RP3-398G3.5
14	95665376	95665682	ENSG00000258615	RP11-725G5.3
11	6624872	6625650	ENSG00000254400	RP11-732A19.8
1	180528112	180535654	ENSG00000236719	OVAAL
HSCHR6_MHC_QBL	30490178	30490302	ENSG00000257251	AL844213.1
X	110412449	110412631	ENSG00000226112	FCF1P4
14	107169931	107170428	ENSG00000211973	IGHV1-69
8	41155682	41155784	ENSG00000206852	RNU6-895P
15	74364764	74365039	ENSG00000244612	RN7SL429P
6	152731410	152731529	ENSG00000202044	RNA5SP223
11	65647280	65651212	ENSG00000172543	CTSW
11	6629897	6631366	ENSG00000254641	RP11-732A19.2
5	50705451	50706039	ENSG00000249338	HMGB1P47
1	237284107	237284409	ENSG00000252396	RN7SKP195
8	41284174	41284246	ENSG00000238936	SNORD65
8	20811523	20826415	ENSG00000254026	RP11-369E15.2
6	152867068	152868109	ENSG00000233464	RP11-133I21.2
HSCHR6_MHC_QBL	30495959	30496179	ENSG00000257618	BX000357.1
8	65486863	65494445	ENSG00000254102	RP11-21C4.1
1	237634419	237634491	ENSG00000266262	MIR4428
15	74387926	74390758	ENSG00000214702	RP11-247C2.1
1	92295333	92295631	ENSG00000239794	RN7SL653P
11	616565	626078	ENSG00000099834	CDHR5
1	180727858	180727953	ENSG00000272292	U6
X	134807306	134819866	ENSG00000198022	RP11-432N13.4
5	50723830	50724261	ENSG00000248891	CTD-2335O3.2
1	144612266	144612683	ENSG00000203843	PFN1P2
X	110473117	110474289	ENSG00000234349	GLUD1P9
6	153026870	153027263	ENSG00000218792	HSPD1P16
1	237718340	237718471	ENSG00000252290	SNORA25
11	6640021	6640995	ENSG00000255680	RP11-732A19.9
10	23556124	23633774	ENSG00000179133	C10orf67
1	92404826	92405131	ENSG00000266532	RN7SL235P
1	180797031	180797128	ENSG00000266825	AL590085.1
11	89617095	89619381	ENSG00000255235	RP11-313I2.8
HSCHR6_MHC_QBL	30506291	30506412	ENSG00000257854	BX000357.2
1	92531863	92533396	ENSG00000233228	LPCAT2BP
2	47958541	47959174	ENSG00000224058	AC006509.7
1	238025475	238091621	ENSG00000237250	RP11-193H5.1
14	107178820	107179338	ENSG00000211974	IGHV2-70
11	6642682	6643553	ENSG00000255390	RP11-732A19.5
9	139674391	139674670	ENSG00000224662	ATP6V1G1P3
1	180875787	180878302	ENSG00000225857	RP11-46A10.2
8	20831308	20852630	ENSG00000253199	RP11-421P23.1
14	95795921	95801841	ENSG00000258630	RP11-725G5.2
HSCHR6_MHC_QBL	30541620	30541705	ENSG00000263700	hsa-mir-877
6	153115631	153153048	ENSG00000224893	RP1-200K18.1
5	172243624	172246961	ENSG00000253628	RP11-536N17.1
1	144676874	144679969	ENSG00000215861	WI2-1896O14.1
13	27329341	27334922	ENSG00000132975	GPR12
10	77887009	77887069	ENSG00000221232	AC012047.1
11	6651834	6656439	ENSG00000255410	RP11-732A19.6
HSCHR6_MHC_QBL	30573516	30573592	ENSG00000266361	BX248507.1
11	89620534	89623159	ENSG00000254617	AP000648.3
3	40566369	40616176	ENSG00000172888	ZNF621
10	78001782	78002071	ENSG00000265486	RN7SL518P
14	95873606	95876427	ENSG00000229645	LINC00341
8	41292817	41297938	ENSG00000253396	RP11-15G16.1
10	78020558	78020661	ENSG00000201954	RNU6-673P
5	50746992	50757923	ENSG00000251125	CTD-2335O3.3
HSCHR6_MHC_QBL	30590916	30591185	ENSG00000235757	PTMAP1
1	92540090	92540968	ENSG00000230667	SETSIP
1	38248129	38248557	ENSG00000227416	RP11-109P14.2
11	6707122	6707600	ENSG00000241678	RP11-732A19.1
6	153177801	153177879	ENSG00000266595	AL133269.1
10	78197166	78198533	ENSG00000230575	RP11-369F10.2
7	140152840	140179369	ENSG00000133606	MKRN1
17	34323476	34329084	ENSG00000267596	CCL15
6	153219182	153220415	ENSG00000217372	TUBB4BP7
8	41368759	41370040	ENSG00000253943	KRT18P37
5	71656517	71658805	ENSG00000272093	CTC-365E16.1
5	141000443	141016437	ENSG00000171720	HDAC3
14	107198932	107199471	ENSG00000225698	IGHV3-72
10	78318108	78320752	ENSG00000269256	RP11-325D15.2
11	107197071	107328572	ENSG00000152404	CWF19L2
8	65616331	65647016	ENSG00000254330	RP11-1D12.1
1	238090131	238090905	ENSG00000243781	RP11-193H5.2
HSCHR6_MHC_QBL	30605953	30606046	ENSG00000264807	AL845353.1
1	38265392	38266551	ENSG00000233728	RP11-109P14.9
5	172381789	172386395	ENSG00000204758	CTC-308K20.1
10	70847862	70864567	ENSG00000122862	SRGN
Y	20107081	20109132	ENSG00000237616	USP9YP32
11	6734767	6767670	ENSG00000254838	GVINP1
X	110664738	110664836	ENSG00000251954	RNU6-496P
1	180913178	180945618	ENSG00000243155	RP11-46A10.5
HSCHR6_MHC_QBL	30654118	30654847	ENSG00000238255	RPL7P4
10	78595135	78595260	ENSG00000252888	SNORA31
1	144833168	144835867	ENSG00000254539	RP4-791M13.3
11	89628967	89633617	ENSG00000254785	RP11-81M19.1
X	110677655	110678252	ENSG00000223904	HMGB1P12
1	38306658	38307348	ENSG00000235673	RP11-109P14.8
6	153280494	153280740	ENSG00000220745	RP1-101K10.4
5	91625047	91628401	ENSG00000248864	RP11-348J24.1
10	78596326	78596619	ENSG00000224948	ATP5G1P8
2	9255326	9257013	ENSG00000244310	RP11-734K21.3
15	74445141	74471567	ENSG00000261543	RP11-665J16.1
5	71663446	71664222	ENSG00000272365	RP11-389C8.3
8	65713793	65730130	ENSG00000254006	RP11-1D12.2
HSCHR6_MHC_QBL	30660380	30670495	ENSG00000227899	MDC1-AS1
6	153304885	153310358	ENSG00000227627	RP1-101K10.6
1	144858174	144865800	ENSG00000255148	RP4-791M13.4
1	238111317	238112443	ENSG00000232154	RP11-193H5.5
8	41391674	41435887	ENSG00000253133	RP11-360L9.4
10	120968043	120971272	ENSG00000228485	GRK5-IT1
1	38326369	38327252	ENSG00000230955	RP11-109P14.10
12	121354548	121355039	ENSG00000244585	RPL12P33
1	92580360	92581353	ENSG00000224678	GAPDHP46
1	180918835	180924023	ENSG00000232586	RP11-46A10.4
HSCHR6_MHC_QBL	30693620	30693730	ENSG00000265955	Y_RNA
2	109335937	109402267	ENSG00000153201	RANBP2
5	71677621	71678220	ENSG00000244061	RP11-389C8.1
6	153373597	153373679	ENSG00000212101	AL080276.1
15	74495046	74513896	ENSG00000259264	RP11-60L3.1
10	120972369	120972656	ENSG00000242853	RN7SL749P
1	144874945	144878163	ENSG00000254913	RP4-791M13.5
1	38349909	38349989	ENSG00000252448	SNORA63
HSCHR6_MHC_QBL	30708329	30708576	ENSG00000264688	Metazoa_SRP
6	153480355	153480480	ENSG00000201939	RNA5SP224
7	23850763	23851279	ENSG00000231328	TPT1P7
5	71713316	71714162	ENSG00000251108	YBX1P5
1	238112514	238113034	ENSG00000225723	MTND6P15
10	121094006	121095694	ENSG00000236426	RP11-79M19.2
11	89641708	89642215	ENSG00000255055	MTND1P35
1	38350695	38350789	ENSG00000222282	RNU6-584P
Y	20134179	20135788	ENSG00000224033	CDY8P
6	153603422	153603868	ENSG00000218426	RP11-475C16.1
8	20880807	20886569	ENSG00000254040	RP11-421P23.2
9	139693675	139704494	ENSG00000273066	RP11-216L13.19
11	6769362	6771555	ENSG00000254781	GVINP2
2	9283295	9286235	ENSG00000240980	RP11-734K21.4
1	38457134	38457241	ENSG00000212541	RNU6-510P
5	71735730	71738214	ENSG00000261269	RP11-389C8.2
5	91741653	91741744	ENSG00000264489	AC120120.1
1	144877330	144877395	ENSG00000266739	AL138796.1
HSCHR6_MHC_QBL	30724117	30749533	ENSG00000224133	HCG20
1	180933647	180935045	ENSG00000251520	RP11-46A10.6
10	121137484	121137555	ENSG00000265719	MIR4681
2	48008518	48008604	ENSG00000251872	RNU6-688P
3	18580165	18581391	ENSG00000236570	RAD23BP1
1	144944672	144944750	ENSG00000222788	RNU2-38P
8	65885723	65886083	ENSG00000253493	RP11-89A16.1
4	130692814	130876523	ENSG00000249618	RP11-422J15.1
1	38512986	38584697	ENSG00000224592	RP5-884C9.2
12	29302036	29493913	ENSG00000064763	FAR2
10	121321613	121322042	ENSG00000271353	RP11-179H18.8
X	110754890	110765627	ENSG00000260802	LINC00890
12	56631591	56652175	ENSG00000139645	ANKRD52
1	145018395	145018959	ENSG00000272755	RP11-326G21.1
3	18996435	18996541	ENSG00000251761	RNU6-138P
2	48024965	48025230	ENSG00000235369	RPL36AP15
22	24665314	24666102	ENSG00000215464	AP000354.2
1	238113036	238114836	ENSG00000227860	MTND5P18
11	6864895	6865897	ENSG00000254712	RP11-560B16.5
6	30319193	30319327	ENSG00000224372	HLA-N
10	121380580	121381392	ENSG00000234569	RAD1P1
3	19356340	19356423	ENSG00000271898	MIR4791
2	120187477	120196096	ENSG00000171227	TMEM37
6	153625730	153630117	ENSG00000237312	RP11-475C16.2
1	92590858	92592019	ENSG00000233401	PRKAR1AP
7	23931323	23936954	ENSG00000227930	AC009508.1
1	145044651	145044900	ENSG00000252656	RN7SKP88
11	7244164	7252094	ENSG00000255179	RP11-324J3.1
11	89657232	89666218	ENSG00000233802	TRIM49D2P
1	92654794	92656264	ENSG00000273487	RP4-621B10.8
6	30327055	30327688	ENSG00000224486	HCG19P
10	121397968	121398594	ENSG00000227437	RP11-179H18.5
8	66067642	66068013	ENSG00000239261	RPL31P41
12	121406416	121418768	ENSG00000241388	HNF1A-AS1
1	145088039	145088567	ENSG00000271546	RP4-725K1.1
3	19981761	19984802	ENSG00000232953	HSPA8P18
6	153665248	153665350	ENSG00000264321	AL358134.1
X	153275951	153285431	ENSG00000184216	IRAK1
2	9411421	9411757	ENSG00000213772	RP11-385J23.1
8	66289827	66290346	ENSG00000213873	RP11-678D18.1
13	27640293	27746033	ENSG00000152484	USP12
5	91745963	91996570	ENSG00000249776	RP11-133F8.2
1	38546244	38546583	ENSG00000223589	RP5-884C9.3
15	74595346	74596684	ENSG00000261384	RP11-60L3.2
6	30330889	30332057	ENSG00000236405	UBQLN1P1
1	145096220	145116922	ENSG00000223380	SEC22B
7	23934647	23934753	ENSG00000238849	snoU13
6	153740156	153740225	ENSG00000264858	AL358134.2
11	7255997	7256068	ENSG00000221703	MIR302E
1	238271036	238271867	ENSG00000230019	YWHAQP9
1	92668705	92669548	ENSG00000226773	RP4-775D17.1
7	24172324	24172456	ENSG00000252041	RNA5SP228
HSCHR6_MHC_QBL	30755939	30787964	ENSG00000215523	LINC00243
6	153741573	153741707	ENSG00000222806	RNA5SP225
8	21013642	21013744	ENSG00000215945	AC021613.1
X	9693386	9754337	ENSG00000101850	GPR143
Y	26980008	27053183	ENSG00000205916	DAZ4
1	238431794	238431895	ENSG00000232989	RP11-136B18.1
7	24236281	24295338	ENSG00000228944	AC004485.3
1	38554903	38555001	ENSG00000265596	MIR3659
6	139094657	139114456	ENSG00000024862	CCDC28A
6	153986842	153987525	ENSG00000217160	RP11-331O9.1
1	180939973	180940383	ENSG00000270711	RP11-46A10.8
8	66439243	66475015	ENSG00000254081	CTD-3025N20.2
15	74643109	74656961	ENSG00000260266	CTD-2311M21.2
8	21155717	21166960	ENSG00000254334	RP11-24P4.1
Y	20230369	20230696	ENSG00000230412	TCEB1P12
6	30382492	30387096	ENSG00000226577	MICC
HSCHR6_MHC_DBB	30303165	30304918	ENSG00000243009	RPP21
10	121442639	121443335	ENSG00000232823	TXNP1
1	238439337	238450316	ENSG00000234464	RP11-136B18.2
7	24301228	24301333	ENSG00000239098	snoU13
1	38674706	38680439	ENSG00000237290	RP11-214L19.1
HSCHR6_MHC_QBL	30796824	30805462	ENSG00000225888	XXbac-BPG27H4.8
1	181060245	181062035	ENSG00000272198	RP11-309G3.3
2	217731055	217732536	ENSG00000237479	AC007557.2
3	113251143	113348425	ENSG00000072858	SIDT1
7	24576951	24577057	ENSG00000206877	RNU6-1103P
5	51182522	51182603	ENSG00000251873	RNA5SP182
6	153987601	153987801	ENSG00000242246	RP11-331O9.2
1	238488987	238489088	ENSG00000252371	RNU6-725P
19	41768401	41813503	ENSG00000105323	HNRNPUL1
11	7448497	7533746	ENSG00000251364	CTD-2516F10.2
10	121527759	121528052	ENSG00000242818	RN7SL846P
1	181143620	181151344	ENSG00000237292	RP11-540K16.1
Y	20242567	20258088	ENSG00000226611	OFD1P2Y
1	92694138	92694992	ENSG00000233125	ACTBP12
5	51226642	51227870	ENSG00000249270	KATNBL1P4
7	24628734	24629026	ENSG00000271096	SUMO2P14
1	238643684	238649323	ENSG00000215808	LINC01139
10	121574741	121576154	ENSG00000270300	PHACTR2P1
5	91990555	92014848	ENSG00000249169	CTC-529L17.1
2	9645574	9652541	ENSG00000239300	RP11-400L8.2
1	145139025	145139569	ENSG00000177144	NUDT4P1
12	22875163	22875403	ENSG00000241451	RPS27P22
6	153987762	153988453	ENSG00000218776	RP11-331O9.3
4	130781577	130781655	ENSG00000222861	RNY5P4
9	139694818	139723918	ENSG00000272679	RP11-216L13.18
1	38862331	38862437	ENSG00000200796	RNU6-753P
X	72223352	72225551	ENSG00000184388	PABPC1L2B
10	121718025	121718104	ENSG00000265370	MIR4682
2	130748029	130808704	ENSG00000180178	FAR2P1
19	45040251	45040599	ENSG00000267614	AC138472.6
7	24713928	24714231	ENSG00000271330	CTA-298G8.2
1	38940868	38942156	ENSG00000238063	RP11-329N22.1
4	130824165	130825318	ENSG00000234125	EEF1GP8
HSCHR6_MHC_QBL	30821625	30821927	ENSG00000264415	7SK
10	121756598	121757221	ENSG00000180230	NACAP2
2	217732735	217733879	ENSG00000227021	AC007557.3
12	22895516	22896025	ENSG00000256923	RP11-449P1.1
1	238648745	238701605	ENSG00000231877	RP11-177F15.1
2	48110594	48111048	ENSG00000236549	AC079807.3
X	110859125	110859401	ENSG00000266829	RN7SL661P
7	24940431	24940524	ENSG00000238976	AC004016.1
1	181159607	181160285	ENSG00000225359	RP11-540K16.2
HSCHR6_MHC_QBL	30824355	30833288	ENSG00000223405	DDR1-AS1
4	146402346	146479231	ENSG00000170365	SMAD1
5	92011663	92023961	ENSG00000249984	CTC-529L17.2
8	21351539	21351627	ENSG00000266713	AC009695.1
15	74657776	74659391	ENSG00000261821	CTD-2311M21.3
6	153988453	153989241	ENSG00000217044	RP11-331O9.4
10	121829492	121829671	ENSG00000223455	RP11-781P14.3
1	238654658	238655944	ENSG00000215149	KRT18P32
7	24945754	24946213	ENSG00000234999	AC004016.2
3	69098109	69098186	ENSG00000265355	MIR3136
2	217735164	217738655	ENSG00000236295	AC007563.1
HSCHR6_MHC_QBL	30848250	30848339	ENSG00000265336	MIR4640
12	23252302	23344521	ENSG00000256321	RP11-153K16.1
X	110862036	110862322	ENSG00000229939	RP11-111F16.2
19	45041045	45124119	ENSG00000230666	CEACAM22P
2	120197419	120282070	ENSG00000080293	SCTR
11	89677203	89682570	ENSG00000254818	RP11-529A4.4
4	131297384	131307526	ENSG00000251326	RP11-521E5.1
22	24825178	24891042	ENSG00000178803	ADORA2A-AS1
1	181205524	181207740	ENSG00000179452	RP11-380B22.1
3	69520603	69521683	ENSG00000239263	RBM43P1
1	39174603	39176562	ENSG00000215895	RP11-334L9.1
HSCHR6_MHC_QBL	30864238	30864501	ENSG00000266819	Metazoa_SRP
4	131415828	131416440	ENSG00000248877	PGBD4P4
8	21407509	21407595	ENSG00000266630	AC022716.1
10	121883644	121883738	ENSG00000221402	AL353664.1
2	217860629	217861213	ENSG00000259855	RP11-574O16.1
8	66504085	66504707	ENSG00000272010	CTD-3025N20.3
1	238940349	238942500	ENSG00000224783	MIPEPP2
HSCHR6_MHC_QBL	30889970	30890061	ENSG00000264602	Y_RNA
X	110862905	110864717	ENSG00000225031	EIF4BP7
6	153989312	153989497	ENSG00000220733	RP11-331O9.5
2	218041221	218041305	ENSG00000251849	AC010887.1
4	131424512	131425499	ENSG00000249018	GAPDHP56
10	122114177	122114718	ENSG00000220842	RP11-572P18.1
8	66504966	66505055	ENSG00000200714	Y_RNA
1	92694813	92694896	ENSG00000265543	AL451010.1
12	121438289	121439071	ENSG00000271769	RP11-216P16.2
1	145149740	145149840	ENSG00000201789	RNU6-1071P
3	69584815	69585844	ENSG00000240265	RP11-62G11.1
HSCHR6_MHC_QBL	30903331	30912213	ENSG00000230541	HCG21
2	218116279	218116598	ENSG00000251982	RN7SKP43
12	121440225	121454305	ENSG00000157895	C12orf43
1	92867948	92868242	ENSG00000242764	RN7SL824P
8	66626569	66627013	ENSG00000272155	RP11-707M3.3
1	181740702	181740780	ENSG00000252977	RNA5SP70
2	9672371	9672474	ENSG00000238462	snoU13
1	145200338	145200891	ENSG00000272709	RP11-458D21.6
6	30434229	30435771	ENSG00000229068	TMPOP1
1	239216048	239216203	ENSG00000227854	RP11-307O1.1
6	153989724	153989993	ENSG00000220514	RP11-331O9.6
2	218147462	218200843	ENSG00000233143	AC009492.1
8	21654972	21655271	ENSG00000273484	OR6R2P
1	93046033	93046378	ENSG00000223787	RP4-593M8.1
17	40688190	40696467	ENSG00000108784	NAGLU
7	63601916	63602779	ENSG00000236976	RP11-165H4.2
8	66754987	66755566	ENSG00000272192	CTD-2532N20.1
11	89688314	89690333	ENSG00000255360	RP11-529A4.15
1	181781840	181782396	ENSG00000272880	RP11-33M22.2
3	69613257	69620273	ENSG00000240842	RP11-62G11.2
15	74753606	74773643	ENSG00000247240	UBL7-AS1
X	72297115	72299351	ENSG00000186288	PABPC1L2A
5	92053139	92053220	ENSG00000221810	AC026781.1
HSCHR6_MHC_QBL	30955254	30955549	ENSG00000257236	AL773541.1
12	121517645	121517927	ENSG00000256963	RP11-216P16.4
10	122194495	122199888	ENSG00000234522	RP11-572P18.2
2	218558618	218561486	ENSG00000224414	AC010886.2
1	239411108	239414118	ENSG00000259776	RP11-544D21.2
6	153990014	153991036	ENSG00000216713	MTND4P13
8	67024902	67027440	ENSG00000253190	AC084082.3
8	21889861	21889963	ENSG00000238466	snoU13
4	131802182	131806796	ENSG00000250503	RP11-401I19.1
2	9696028	9696904	ENSG00000271855	RP11-214N9.1
3	69640492	69642272	ENSG00000241667	RP11-444P10.1
5	51578401	51578693	ENSG00000244621	RPS17P11
1	93112605	93113187	ENSG00000229992	HMGB3P9
1	181808608	181808909	ENSG00000222397	RN7SKP229
7	63610063	63610810	ENSG00000213643	VN1R37P
6	143759575	143764295	ENSG00000268402	AL031320.1
1	39325672	39385068	ENSG00000228436	RP5-864K19.4
1	239433025	239439761	ENSG00000227185	RP11-544D21.1
X	110867438	110867954	ENSG00000236189	RPL18AP15
2	218625270	218626014	ENSG00000231035	RPL7L1P9
5	68485375	68506184	ENSG00000153044	CENPH
4	132033903	132034410	ENSG00000250213	RP11-488I4.2
HSCHR6_MHC_QBL	30987747	30992544	ENSG00000229199	XXbac-BPG118E17.9
5	51875389	51876940	ENSG00000250827	CTD-2141G3.1
3	69818640	69818928	ENSG00000241665	RN7SL418P
1	182031812	182038388	ENSG00000224810	RP11-538D16.2
9	139698379	139703300	ENSG00000228544	CCDC183-AS1
6	30436659	30438028	ENSG00000224936	SUCLA2P1
3	69969276	69969361	ENSG00000265722	AC099326.1
12	128751948	129192460	ENSG00000181234	TMEM132C
Y	20267200	20269988	ENSG00000225895	TRAPPC2P8
4	132194397	132194503	ENSG00000206782	RNU6-224P
10	122223346	122223443	ENSG00000265239	AC073587.1
1	145373054	145382434	ENSG00000233396	RP11-458D21.1
2	9755396	9755502	ENSG00000207086	Y_RNA
6	39867354	39902290	ENSG00000124615	MOCS1
HSCHR6_MHC_QBL	31014738	31020038	ENSG00000227974	HCG22
8	21960468	21961890	ENSG00000256586	AC091171.1
11	89693590	89693792	ENSG00000254655	RP11-529A4.5
1	239866684	239893765	ENSG00000233355	CHRM3-AS2
7	63640384	63641270	ENSG00000235227	VN1R38P
6	154002582	154002688	ENSG00000199246	RNU6-896P
1	182055686	182059247	ENSG00000225982	RP11-538D16.3
4	132301168	132462552	ENSG00000250102	RP11-314N14.1
1	93166376	93166491	ENSG00000201317	RNU4-59P
5	51971027	52083860	ENSG00000248898	CTD-2288O8.1
2	9778901	9789568	ENSG00000240687	RP11-521D12.1
8	67104328	67109550	ENSG00000253138	LINC00967
3	70048728	70064469	ENSG00000240405	RP11-460N16.1
2	218664514	218665979	ENSG00000256309	AC009469.1
10	122521324	122610721	ENSG00000227165	WDR11-AS1
6	154259568	154260127	ENSG00000217085	HMGB3P19
1	93197557	93198814	ENSG00000225505	RP11-330C7.3
8	22026851	22029223	ENSG00000177725	AC105206.1
5	92161962	92179711	ENSG00000248588	CTC-458G6.4
6	30453717	30454367	ENSG00000236603	RANP1
7	63642088	63643271	ENSG00000213644	RP11-165H4.3
12	121544846	121544977	ENSG00000201945	SNORA70
2	48132817	48134949	ENSG00000233230	AC079807.2
HSCHR6_MHC_QBL	31043216	31043315	ENSG00000266375	U6
12	121545023	121545293	ENSG00000223538	RP11-216P16.6
4	132461436	132461644	ENSG00000248715	RP11-758B24.1
11	89701672	89708396	ENSG00000204450	TRIM64
7	63667581	63680031	ENSG00000223614	RP11-468B6.1
1	93214732	93214887	ENSG00000234202	RP11-330C7.4
11	7590097	7593277	ENSG00000254864	CTD-2516F10.4
6	154538065	154538623	ENSG00000237593	RP11-317B3.2
HSCHR6_MHC_QBL	31082818	31082987	ENSG00000257351	AL773544.1
4	132641417	132641698	ENSG00000241392	RN7SL205P
2	218843430	218857338	ENSG00000223923	AC010136.2
1	39392542	39392649	ENSG00000199963	RNU6-605P
6	86441089	86441729	ENSG00000217334	RP11-33E24.3
1	182096432	182097800	ENSG00000232309	GS1-122H1.1
15	42120283	42129779	ENSG00000243789	JMJD7
12	66582659	66648402	ENSG00000090376	IRAK3
6	30484043	30486994	ENSG00000235781	XXbac-BPG249D20.9
4	132689295	132689404	ENSG00000252014	SNORA70
1	39416497	39416597	ENSG00000207466	Y_RNA
X	110913057	110913176	ENSG00000201420	RNA5SP512
15	74770411	74782627	ENSG00000260103	RP11-10O17.1
1	93221351	93222513	ENSG00000223896	CCNJP2
7	143295133	143305111	ENSG00000223459	FAM115B
HSCHR6_MHC_QBL	31094552	31094771	ENSG00000257783	AL773544.2
3	12328867	12475855	ENSG00000132170	PPARG
19	45073550	45073810	ENSG00000224366	AC138472.4
Y	20278413	20279581	ENSG00000233120	USP9YP15
11	7726175	7904494	ENSG00000271758	RP11-35J10.5
1	39423947	39424597	ENSG00000235549	RP11-781D11.1
X	110949877	110954329	ENSG00000229487	ALG13-AS1
5	137374888	137375668	ENSG00000250260	RP11-325L7.2
4	132689388	132689733	ENSG00000249416	RP11-614F17.1
1	93302846	93302940	ENSG00000206680	SNORD21
2	218923878	218930452	ENSG00000229754	CXCR2P1
9	139707240	139709988	ENSG00000213212	NCLP1
5	6671219	6674499	ENSG00000272520	CTD-2044J15.2
6	30552109	30552194	ENSG00000216101	MIR877
6	154870651	154871376	ENSG00000220181	RP11-486M3.2
7	63815456	63816577	ENSG00000227986	TRIM60P18
1	240061316	240063172	ENSG00000234601	CHRM3-AS1
3	70174221	70175760	ENSG00000271034	RP11-963H1.1
8	22102475	22102556	ENSG00000208037	MIR320A
HSCHR6_MHC_QBL	31100958	31101144	ENSG00000237545	POLR2LP
19	45135500	45222031	ENSG00000266903	CTB-171A8.1
1	93303575	93303627	ENSG00000251795	SNORA66
5	137405044	137405147	ENSG00000222924	RNU6-1148P
5	52185498	52185786	ENSG00000251237	CTD-2207L17.2
6	30584006	30584082	ENSG00000222894	AL662800.1
5	133737778	133747589	ENSG00000237190	CDKN2AIPNL
1	93306276	93306408	ENSG00000207523	SNORA66
3	70189368	70189639	ENSG00000242728	UQCRHP4
6	86445462	86445639	ENSG00000198738	SMIM11P1
6	154897443	154898213	ENSG00000219146	RPS4XP8
5	137450891	137450993	ENSG00000238605	snoU13
11	7726835	7731064	ENSG00000254707	RP11-35J10.4
8	67331824	67341212	ENSG00000246145	RP11-346I3.4
X	111125125	111147218	ENSG00000204025	TRPC5OS
6	30601409	30601675	ENSG00000228415	PTMAP1
2	219049702	219049805	ENSG00000238428	snoU13
5	52199738	52200308	ENSG00000241809	CTD-2207L17.1
1	93311616	93311739	ENSG00000207022	SNORA51
2	108519453	108519590	ENSG00000233494	AC009963.3
15	74781943	74809300	ENSG00000261775	RP11-10O17.3
4	132694457	132712637	ENSG00000251676	RP11-614F17.2
2	182559169	182559627	ENSG00000223873	AC013733.5
6	154926750	154927088	ENSG00000231316	RP11-134L4.2
1	204372515	204380919	ENSG00000158615	PPP1R15B
HSCHR6_MHC_QBL	31133984	31138149	ENSG00000224744	PSORS1C3
22	24912476	24914354	ENSG00000228923	AP000355.2
5	71869947	71956496	ENSG00000248371	CTC-347C20.2
1	182098445	182283196	ENSG00000228918	GS1-122H1.2
6	30616443	30616536	ENSG00000266183	AL662800.2
2	219065157	219066111	ENSG00000224159	HMGB1P9
10	37626343	37627799	ENSG00000237970	TMEM161BP1
1	93396253	93399655	ENSG00000229052	RP11-386I23.1
11	7749632	7750935	ENSG00000176716	OR10AB1P
1	240078739	240080255	ENSG00000231979	RP11-35L17.3
X	155255323	155257848	ENSG00000227159	DDX11L16
2	182603333	182603442	ENSG00000221023	RNU6ATAC19P
6	30664583	30665312	ENSG00000230449	RPL7P4
6	155027777	155028929	ENSG00000205625	RP11-15G8.1
5	137452262	137452369	ENSG00000212460	RNU6-460P
15	74783300	74783369	ENSG00000212279	SNORD77
22	24994021	24995365	ENSG00000230947	AP000356.2
2	9814152	9848542	ENSG00000244260	RP11-521D12.2
1	39586612	39586715	ENSG00000206654	RNU6-608P
2	182752578	182756390	ENSG00000260742	RP11-366L5.1
19	45229248	45229322	ENSG00000252200	snoZ6
2	48166877	48167357	ENSG00000226473	AC079807.1
5	172381910	172384165	ENSG00000254295	CTC-308K20.2
16	72038138	72038702	ENSG00000263311	RP11-498D10.8
1	240136087	240137545	ENSG00000215805	RP11-438O11.1
5	137458700	137458800	ENSG00000199880	RNU6-888P
1	145382757	145382920	ENSG00000201558	RNVU1-6
15	74905535	74907937	ENSG00000260919	CTD-3154N5.1
6	86461299	86461471	ENSG00000222686	RNU4-72P
6	30670844	30680961	ENSG00000224328	MDC1-AS1
19	45268207	45268357	ENSG00000253027	SNORA70
1	39619836	39619968	ENSG00000222378	RNA5SP44
2	182825939	182827205	ENSG00000213958	KRT18P29
20	61509090	61569304	ENSG00000101191	DIDO1
16	318726	333003	ENSG00000242173	ARHGDIG
11	7767537	7768453	ENSG00000227892	OR5P4P
7	143451721	143451823	ENSG00000252523	RNU6-267P
5	137602685	137603446	ENSG00000249851	RP11-166J22.1
6	86487357	86487473	ENSG00000200427	Y_RNA
11	89711708	89713829	ENSG00000255305	RP11-529A4.7
19	45268405	45268721	ENSG00000236807	AC092066.6
1	39672184	39672629	ENSG00000270040	RP11-416A14.1
5	172402514	172403377	ENSG00000253785	CTC-308K20.3
15	75081013	75081098	ENSG00000264386	MIR4513
HSCHR6_MHC_QBL	31157983	31164195	ENSG00000220890	HCG27
8	67392883	67393721	ENSG00000253623	RP11-346I3.2
8	22112089	22132675	ENSG00000254064	CTD-2530N21.4
2	26395960	26412532	ENSG00000157833	GAREML
10	37637544	37638500	ENSG00000236313	VN1R53P
2	68592305	68624585	ENSG00000115956	PLEK
2	182913549	182913632	ENSG00000222418	RNA5SP113
6	30690882	30691654	ENSG00000272540	XXbac-BPG252P9.9
1	39715510	39723321	ENSG00000226438	RP11-420K8.1
6	86578671	86579182	ENSG00000218766	RP11-207F8.1
1	240175946	240176526	ENSG00000217327	RPS7P5
22	25028882	25046799	ENSG00000215481	BCRP3
5	52228249	52286108	ENSG00000249899	CTD-2175A23.1
2	182953156	182953343	ENSG00000265129	AC064837.1
8	22247378	22248168	ENSG00000241026	CTD-2036J7.1
8	67413440	67413546	ENSG00000206949	RNU6-1324P
19	45385284	45394133	ENSG00000267282	CTB-129P6.4
6	30704081	30704191	ENSG00000201988	Y_RNA
1	93435161	93435267	ENSG00000252121	RNU6-970P
6	143771944	143811147	ENSG00000034693	PEX3
5	6686438	6707824	ENSG00000248677	CTD-2044J15.1
1	39769966	39770570	ENSG00000217897	HSPE1P8
15	75108564	75124136	ENSG00000261606	RP11-414J4.2
2	183179011	183179269	ENSG00000242121	RN7SL267P
8	67565704	67565811	ENSG00000201365	Y_RNA
5	172413683	172414201	ENSG00000254328	CTC-308K20.4
11	7775940	7927502	ENSG00000254951	RP11-494M8.4
6	30710706	30711369	ENSG00000272273	XXbac-BPG252P9.10
1	93440386	93440680	ENSG00000239710	RN7SL692P
5	71982939	72058554	ENSG00000251613	CTC-347C20.1
16	72038936	72040442	ENSG00000263232	ATP5A1P3
11	58433274	58433366	ENSG00000265783	AP000445.3
8	22291904	22292010	ENSG00000201761	RNU6-336P
19	46990163	46999755	ENSG00000204851	PNMAL2
2	183652825	183653162	ENSG00000232430	RPL31P15
8	67679632	67680240	ENSG00000213005	PTTG3P
4	132778498	132779068	ENSG00000184139	RPL7AP28
1	93447794	93447865	ENSG00000238787	AC093577.1
1	240305970	240308689	ENSG00000228818	RP11-567G24.1
1	145475982	145508503	ENSG00000234222	RP11-315I20.1
HSCHR6_MHC_QBL	31160394	31162153	ENSG00000223868	XXbac-BPG299F13.14
11	89714609	89724840	ENSG00000237706	TRIM51EP
2	108520420	108520697	ENSG00000227270	AC009963.4
2	219120042	219122087	ENSG00000261338	RP11-378A13.1
2	183692851	183692948	ENSG00000212404	Y_RNA
5	172447731	172447931	ENSG00000212402	SNORA74B
X	111173963	111174320	ENSG00000271421	RP1-269O5.3
11	58452559	58459341	ENSG00000197254	AP000445.1
1	93475814	93475908	ENSG00000252752	RNU6-210P
2	183738569	183738675	ENSG00000207178	RNU6-1122P
1	93491809	93492099	ENSG00000222664	RN7SKP123
5	172479455	172479558	ENSG00000207210	Y_RNA
2	48168835	48468122	ENSG00000230773	AC079807.4
19	45430061	45434643	ENSG00000214855	APOC1P1
2	108531404	108531742	ENSG00000237745	AC009963.5
HSCHR6_MHC_QBL	31220948	31221315	ENSG00000258221	BX322539.1
6	30718815	30719062	ENSG00000263608	RN7SL353P
2	183887587	183887699	ENSG00000202141	Y_RNA
16	72118756	72121342	ENSG00000260252	RP11-384M15.3
1	93492967	93493063	ENSG00000251837	Y_RNA
11	7794437	7795361	ENSG00000166408	OR5P1P
4	132851186	132897107	ENSG00000251555	RP11-745L13.2
5	172512345	172513213	ENSG00000253439	CDC42P5
1	182151865	182152231	ENSG00000232096	GS1-122H1.3
5	72021246	72021978	ENSG00000226544	RPL7P22
2	9880772	9880912	ENSG00000200034	RNU4-73P
2	183928963	183929074	ENSG00000221498	SNORA77
1	39980628	39982162	ENSG00000237624	OXCT2P1
1	93656297	93656617	ENSG00000237003	RP4-612C19.1
2	219191612	219222689	ENSG00000237281	AC021016.8
6	30734602	30760027	ENSG00000228022	HCG20
1	240317951	240318072	ENSG00000202041	Y_RNA
16	72258464	72259043	ENSG00000261673	RP11-328J14.1
1	182296203	182296309	ENSG00000206764	RNU6-152P
2	9886833	9886998	ENSG00000240960	RP11-521D12.4
2	183935768	183937214	ENSG00000231203	KRT8P10
6	155146310	155146413	ENSG00000200594	RNU6-824P
5	72029660	72030036	ENSG00000223497	AC063979.1
16	28962128	28978418	ENSG00000176953	NFATC2IP
9	139725409	139725475	ENSG00000265806	MIR4292
1	240333455	240334591	ENSG00000223694	ADH5P3
10	122638768	122640179	ENSG00000271670	RP11-95I16.4
5	137614783	137615041	ENSG00000266285	RN7SL682P
1	182297632	182298142	ENSG00000228664	RP11-416K24.1
HSCHR6_MHC_QBL	31233164	31236336	ENSG00000228904	USP8P1
6	155166208	155166754	ENSG00000218757	RP3-472M2.2
11	7805244	7805954	ENSG00000241008	RP11-494M8.1
7	143339348	143534026	ENSG00000253882	RP11-61L23.2
10	37811939	37833629	ENSG00000224920	TACC1P1
16	72312167	72312467	ENSG00000261774	RP11-328J14.2
4	132925965	133045186	ENSG00000251598	RP11-789C2.1
5	72064529	72064638	ENSG00000206770	Y_RNA
9	139781185	139781255	ENSG00000266507	MIR4479
5	52384846	52385298	ENSG00000272123	CTD-2366F13.2
2	183948133	183973247	ENSG00000224643	AC064871.3
2	219193303	219193403	ENSG00000238736	snoU13
2	108537219	108537704	ENSG00000235325	AC009963.6
4	132948330	132949589	ENSG00000249463	RP11-1E22.1
5	72090232	72112392	ENSG00000249085	CTD-2631K10.1
1	93665312	93665496	ENSG00000225297	RP4-612C19.2
2	219218798	219219295	ENSG00000230580	AC021016.7
2	130750175	130750678	ENSG00000250207	AC079776.6
8	67833919	67838633	ENSG00000245910	SNHG6
11	58516472	58528526	ENSG00000254926	AP000445.2
19	46997765	46999755	ENSG00000204850	AC011484.1
10	122685059	122740213	ENSG00000227307	RP11-95I16.2
1	182305136	182305475	ENSG00000231684	RP11-416K24.2
2	62095224	62115939	ENSG00000115484	CCT4
8	22350144	22350557	ENSG00000254272	RP11-382J24.2
16	72410603	72410659	ENSG00000207514	RNU6-385P
4	133288941	133289634	ENSG00000251051	ELL2P2
5	52405672	52410956	ENSG00000247796	CTD-2366F13.1
2	130750462	130751613	ENSG00000217289	AC018865.5
2	219231388	219232558	ENSG00000225062	AC021016.6
5	6766004	6772066	ENSG00000251365	RP11-332J15.3
5	137682716	137685330	ENSG00000249971	RP11-256P1.1
4	133512244	133599658	ENSG00000251398	RP11-149A7.2
6	155174494	155174570	ENSG00000264814	MIR1273C
19	47050313	47104118	ENSG00000268423	AC011551.3
2	184079047	184080128	ENSG00000272800	RP11-438L19.1
7	150497491	150502208	ENSG00000002933	TMEM176A
8	22398358	22402918	ENSG00000251034	RP11-582J16.4
10	122892604	122893237	ENSG00000236762	RP11-159H3.1
1	39987952	40011859	ENSG00000182109	RP11-69E11.4
10	37889724	37890296	ENSG00000225276	MTND1P18
15	75192333	75193030	ENSG00000260824	CTD-2235H24.2
1	240341139	240342944	ENSG00000233735	RP11-567G24.3
5	172571165	172572042	ENSG00000253172	CTC-209H22.3
6	155202416	155202504	ENSG00000223286	AL121952.1
5	137790229	137790421	ENSG00000271196	RP11-461O14.3
2	184125370	184125774	ENSG00000213120	LIN28AP1
4	133513239	133513691	ENSG00000249038	RP11-149A7.1
16	72459384	72698908	ENSG00000261008	AC004158.2
6	30766431	30798436	ENSG00000214894	LINC00243
8	22423510	22424684	ENSG00000254230	RP11-582J16.3
9	139830292	139831613	ENSG00000213590	RP11-229P13.2
11	58563710	58564327	ENSG00000255265	TMA16P1
6	155226215	155226291	ENSG00000238963	U8
HSCHR6_MHC_QBL	31237899	31239098	ENSG00000223927	RPL3P2
15	75268581	75268914	ENSG00000261813	RP11-151H2.3
2	184472170	184472847	ENSG00000177855	CACYBPP2
6	86702739	86702877	ENSG00000202103	RNU4-12P
2	108665656	108669211	ENSG00000231221	AC023672.2
2	130763773	130766696	ENSG00000231147	ARHGAP42P2
X	111502721	111502802	ENSG00000265858	AL031176.1
6	155574273	155577858	ENSG00000235381	RP11-477D19.2
2	9897625	9910470	ENSG00000243491	RP11-521D12.5
1	182376756	182383950	ENSG00000203729	LINC00272
6	86796133	86796852	ENSG00000220069	RPL7P27
15	75275615	75275717	ENSG00000199580	Y_RNA
8	22471421	22474170	ENSG00000253200	RP11-582J16.5
HSCHR6_MHC_QBL	31245375	31246826	ENSG00000225954	WASF5P
6	30807303	30815936	ENSG00000237923	XXbac-BPG27H4.8
9	139831621	139832440	ENSG00000260190	RP11-229P13.25
11	89726704	89732909	ENSG00000225581	TRIM53AP
5	137809433	137810050	ENSG00000241458	RPL7P19
11	58645775	58660933	ENSG00000254717	GLYATL1P2
2	219263466	219263942	ENSG00000273361	RP11-378A13.2
2	184769256	184813839	ENSG00000234172	AC093639.1
1	240504685	240504777	ENSG00000252317	Y_RNA
11	65651212	65656010	ENSG00000172500	FIBP
15	75315321	75315597	ENSG00000260483	RP11-151H2.1
2	48444714	48445038	ENSG00000201010	RN7SKP224
1	240563971	240564423	ENSG00000233519	RP11-177F11.1
2	219267369	219267445	ENSG00000199121	MIR26B
2	48567826	48567965	ENSG00000251889	RNU4-49P
2	108715566	108715948	ENSG00000229890	AC023672.1
X	111563180	111563645	ENSG00000271464	DPRXP7
6	86880165	86880736	ENSG00000217272	RP1-263J7.2
HSCHR6_MHC_QBL	31265712	31266446	ENSG00000225571	XXbac-BPG248L24.10
1	40915774	40929390	ENSG00000187801	ZFP69B
2	48667182	48667736	ENSG00000272663	RP11-191L17.1
1	182403028	182403596	ENSG00000270443	RP1-223H12.5
2	219365452	219365760	ENSG00000222714	RN7SKP38
6	155701645	155702317	ENSG00000232529	RP1-257I9.2
8	22536526	22541522	ENSG00000261026	CTD-3247F14.2
1	240693752	240694162	ENSG00000224359	RP11-467I20.2
9	139869546	139871433	ENSG00000238268	RP11-229P13.19
1	182410712	182411497	ENSG00000233537	TEDDM1P1
5	137881629	137882992	ENSG00000197830	AC011385.1
2	48729061	48729163	ENSG00000202227	RNU6-282P
2	219453937	219454043	ENSG00000207393	RNU6-136P
2	184814060	184814163	ENSG00000238306	snoU13
1	145509752	145516076	ENSG00000211451	GNRHR2
5	6779571	6780111	ENSG00000272071	RP11-332J15.4
3	128580156	128590383	ENSG00000231305	RP11-723O4.2
6	30832027	30832329	ENSG00000202241	RN7SKP186
2	219484524	219484660	ENSG00000252805	U3
2	48859995	48860492	ENSG00000239995	TPT1P11
10	38064299	38073059	ENSG00000226578	RP11-258F22.1
2	95963052	96051825	ENSG00000115041	KCNIP3
2	185243702	185243771	ENSG00000266808	MIR548AE1
6	86923955	86924297	ENSG00000220831	NDUFA5P9
2	108784204	108834297	ENSG00000225328	AC019100.3
6	155976097	155976160	ENSG00000238789	RNU7-152P
6	30834759	30843695	ENSG00000237775	DDR1-AS1
HSCHR6_MHC_QBL	31324240	31324786	ENSG00000236851	DHFRP2
14	31363005	31495607	ENSG00000196792	STRN3
X	134899166	134900630	ENSG00000233861	RP13-36C9.4
2	219497979	219498737	ENSG00000273466	RP11-548H3.1
X	111624620	111625448	ENSG00000271400	RP13-266I11.1
2	10076489	10079719	ENSG00000269973	RP11-95D17.1
6	156267931	156268013	ENSG00000221456	MIR1202
5	172652839	172653426	ENSG00000254200	RPL7AP33
2	185766838	185767289	ENSG00000237824	AC010747.2
10	38080508	38080865	ENSG00000260137	RP11-258F22.2
6	30858660	30858749	ENSG00000264594	MIR4640
5	52502391	52503006	ENSG00000213940	RP11-94D20.1
11	89750779	89757679	ENSG00000255184	RP11-313I2.7
1	240713167	240713678	ENSG00000226014	RP11-467I20.4
X	111904885	111904996	ENSG00000200436	Y_RNA
6	156699884	156699958	ENSG00000212295	SNORD28
11	58684488	58696162	ENSG00000255523	RP11-780O24.2
5	137887850	137888050	ENSG00000232129	AC011385.2
1	182584389	182585764	ENSG00000261504	RP11-317P15.4
15	75406602	75407209	ENSG00000260152	RP11-69H7.4
6	30874655	30874913	ENSG00000264731	RN7SL175P
9	139931492	139932407	ENSG00000235117	RP11-229P13.20
2	219683413	219683867	ENSG00000272555	RP11-459I19.1
HSCHR6_MHC_QBL	31328026	31328132	ENSG00000266886	U6
10	38083204	38085037	ENSG00000225192	ZNF33BP1
6	30900395	30900486	ENSG00000252761	Y_RNA
16	72459847	72463072	ENSG00000260664	AC004158.3
6	156814360	156820905	ENSG00000227360	RP11-518I13.1
1	182610951	182612442	ENSG00000261185	RP11-317P15.5
2	186411862	186412545	ENSG00000225406	AC080125.1
6	87141962	87142387	ENSG00000219500	RP11-15J23.1
7	63894208	63894970	ENSG00000232727	YWHAEP1
8	22547663	22656129	ENSG00000253125	RP11-459E5.1
5	137894659	137894728	ENSG00000222937	SNORD63
HSCHR6_MHC_QBL	31335308	31335905	ENSG00000232276	FGFR3P
2	219706322	219706788	ENSG00000232625	AC009974.11
6	30913756	30922639	ENSG00000233529	HCG21
6	87145570	87145854	ENSG00000243124	RN7SL643P
11	58701116	58826132	ENSG00000255240	RP11-142C4.6
5	137896732	137896799	ENSG00000206989	SNORD63
2	130794531	130795995	ENSG00000231240	KLF2P1
16	72613441	72613536	ENSG00000221286	AC092289.1
1	182681997	182683679	ENSG00000227181	RP11-317P15.3
6	87183205	87183313	ENSG00000221101	AL391417.1
2	186526501	186526633	ENSG00000212581	U8
8	41397900	41402563	ENSG00000253174	RP11-360L9.7
2	108842471	108842787	ENSG00000236877	RP11-443K8.2
6	139117063	139225207	ENSG00000203734	ECT2L
2	49007741	49008034	ENSG00000232285	TCEB2P3
6	87439426	87439826	ENSG00000218561	RP1-253B10.1
16	72699069	72821143	ENSG00000259768	RP5-991G20.1
19	45550716	45550819	ENSG00000207003	RNU6-611P
7	99302660	99332819	ENSG00000160870	CYP3A7
2	219765533	219795358	ENSG00000228135	AC073128.10
15	75413877	75414007	ENSG00000252722	SCARNA20
6	87478240	87478650	ENSG00000219190	RP1-253B10.2
2	108893268	108894398	ENSG00000227597	AC019100.7
6	156983184	156983571	ENSG00000220347	RP11-230C9.1
2	186584601	186605206	ENSG00000226747	AC007966.1
9	139947226	139947826	ENSG00000236394	RP11-229P13.15
17	47035916	47045958	ENSG00000159224	GIP
X	9754496	9917483	ENSG00000146950	SHROOM2
6	31021227	31027667	ENSG00000228789	HCG22
5	172681193	172681293	ENSG00000201277	Y_RNA
15	75478992	75479309	ENSG00000240366	RPL36AP45
19	45579768	45593649	ENSG00000267348	CTB-179K24.3
5	68513587	68525956	ENSG00000134056	MRPS36
1	182702927	182703914	ENSG00000271269	RP11-317P15.6
X	134919550	134921014	ENSG00000238200	RP13-36C9.5
6	87606836	87607139	ENSG00000217769	RP11-76H14.2
HSCHR6_MHC_QBL	31338302	31338728	ENSG00000231773	ZDHHC20P2
1	39997510	40024379	ENSG00000243970	PPIEL
5	172719520	172719622	ENSG00000252169	RNA5SP200
22	25047814	25048364	ENSG00000240906	AP000356.1
9	139952115	139956913	ENSG00000229257	RP11-229P13.22
16	72707402	72707463	ENSG00000238731	RNU7-90P
19	47104331	47114050	ENSG00000160014	CALM3
1	182726054	182726153	ENSG00000264809	AL513344.1
1	240751822	240754048	ENSG00000231440	RP11-467I20.6
5	172789137	172789243	ENSG00000199219	RNU6-500P
11	89783113	89783434	ENSG00000254803	RP11-529A4.9
5	137956018	137956653	ENSG00000232174	CTB-164L20.1
2	219780906	219781009	ENSG00000200029	RNU6-642P
16	72762515	72763793	ENSG00000261764	KRT18P18
1	93727743	93811582	ENSG00000223745	RP4-717I23.3
15	75503642	75504508	ENSG00000261779	RP11-69H7.3
HSCHR6_MHC_QBL	31339952	31340166	ENSG00000237559	HLA-S
1	182911250	182911539	ENSG00000224040	HMGN1P4
2	130805999	130807013	ENSG00000248313	CYP4F27P
22	25041133	25055114	ENSG00000224124	POM121L10P
6	87607265	87607401	ENSG00000220240	RP11-76H14.5
6	157095351	157095796	ENSG00000271265	RP11-230C9.4
2	219809351	219826625	ENSG00000235024	AC097468.7
HSCHR6_MHC_QBL	31359978	31360076	ENSG00000265896	Y_RNA
5	137959168	137959271	ENSG00000238745	snoU13
1	145541593	145542229	ENSG00000244619	RP11-315I20.3
11	89785005	89786904	ENSG00000254916	RP11-529A4.12
6	87680184	87680911	ENSG00000214457	RPL7P29
15	75518212	75518312	ENSG00000264950	AC113208.1
1	240799899	240800352	ENSG00000228844	RP11-467I20.3
1	182913500	182913625	ENSG00000199837	RNA5SP71
X	111933143	111933748	ENSG00000213652	HMGB3P30
HSCHR6_MHC_QBL	31375872	31376202	ENSG00000258370	AL845443.1
5	6795993	6826841	ENSG00000249734	RP11-332J15.1
8	41467211	41479021	ENSG00000264578	RP11-360L9.8
2	219818123	219818772	ENSG00000224928	KRT8P30
2	108934181	108935067	ENSG00000261209	RP11-443K8.1
6	87709763	87710009	ENSG00000217169	MTHFD2P2
6	157097494	157098211	ENSG00000271551	RP11-230C9.2
1	182924525	182925283	ENSG00000226570	RP11-505O17.1
15	75519094	75526292	ENSG00000260660	RP11-69H7.2
5	52709334	52710090	ENSG00000240052	RP11-289K10.1
X	119059014	119077735	ENSG00000101882	NKAP
9	139957987	139959033	ENSG00000231864	RP11-229P13.23
HSCHR6_MHC_QBL	31454788	31454889	ENSG00000265852	Y_RNA
19	45631827	45632288	ENSG00000267346	EIF5AP3
1	145827205	145833118	ENSG00000235702	WI2-925H4.1
16	72821592	72821672	ENSG00000265573	AC004943.1
5	172841038	172878168	ENSG00000253968	CTB-32H22.1
10	38107534	38109910	ENSG00000228828	RP11-162G10.1
5	52905417	52905488	ENSG00000238508	AC024569.1
X	135024637	135029298	ENSG00000230162	RP11-97N5.2
HSCHR6_MHC_QBL	31477555	31478366	ENSG00000225317	PPIAP9
5	6848240	6848575	ENSG00000200243	RN7SKP79
12	101869199	101880775	ENSG00000166211	SPIC
16	72823142	72825522	ENSG00000259901	RP5-991G20.4
6	87779874	87780179	ENSG00000217776	RP11-156F23.2
6	157100812	157100865	ENSG00000271899	MIR4466
1	240816667	240816777	ENSG00000251750	RNU5F-8P
19	45639251	45640235	ENSG00000267044	AC005757.6
2	219840321	219844382	ENSG00000236445	LINC00608
10	78647802	78740382	ENSG00000236467	RP11-443A13.5
2	186648418	186664878	ENSG00000231646	AC008174.3
6	31050787	31050886	ENSG00000222895	RNU6-1133P
2	49142406	49143669	ENSG00000214602	CTBP2P5
5	172890503	172911587	ENSG00000253141	CTB-164N12.1
5	133860003	133918918	ENSG00000043143	JADE2
16	72840887	72843538	ENSG00000259209	RP5-991G20.2
11	58735069	58735764	ENSG00000254877	RP11-142C4.4
6	157101461	157101589	ENSG00000270487	RP11-230C9.3
1	240817541	240817925	ENSG00000234872	RP11-467I20.5
17	34340096	34345005	ENSG00000167236	CCL23
6	31108504	31108690	ENSG00000238211	POLR2LP
1	40030832	40038875	ENSG00000228060	RP11-69E11.8
19	45653008	45653863	ENSG00000267037	AC005757.7
11	89789145	89796167	ENSG00000223709	TRIM64EP
1	182928209	182929540	ENSG00000176855	KRT18P28
6	87792951	87793254	ENSG00000252697	RN7SKP209
11	7870247	7871182	ENSG00000170688	OR5E1P
16	72855832	72855891	ENSG00000251868	RNU7-71P
6	157297428	157298206	ENSG00000218596	RP11-2J18.1
11	58746260	58761593	ENSG00000255189	GLYATL1P1
5	6868672	6886900	ENSG00000250060	RP11-332J15.2
HSCHR6_MHC_QBL	31486175	31486754	ENSG00000232572	RPL15P4
1	145924388	145942619	ENSG00000215860	PDZK1P1
HSCHR6_MHC_SSTO	31822859	31838708	ENSG00000232180	SLC44A4
6	87831411	87832406	ENSG00000215477	RCN1P1
16	73018756	73018853	ENSG00000221799	AC132068.1
9	139988797	139988882	ENSG00000199411	SNORD62
22	25082135	25082646	ENSG00000224806	ARL5AP4
8	41517959	41518026	ENSG00000221035	MIR486
15	75541573	75541748	ENSG00000260104	RP11-817O13.1
6	31141512	31145676	ENSG00000204528	PSORS1C3
1	204391756	204463852	ENSG00000133056	PIK3C2B
2	130839665	130839793	ENSG00000228471	AC018865.11
2	10143286	10146158	ENSG00000188525	AC010969.1
16	73048218	73048375	ENSG00000272330	AC002044.4
9	140017961	140018060	ENSG00000238824	snoU13
19	45687584	45688190	ENSG00000225157	AC005779.1
5	138080123	138088998	ENSG00000253404	AC034243.1
X	112023946	112024016	ENSG00000263351	MIR4329
1	240861620	240861729	ENSG00000199241	Y_RNA
22	25082890	25084054	ENSG00000224334	AP000357.4
1	182928620	182928710	ENSG00000264768	AL450304.1
2	186821314	186821790	ENSG00000224019	RPL21P32
1	240902719	240906911	ENSG00000230015	RP11-80B9.4
8	41518509	41523084	ENSG00000253389	RP11-930P14.1
X	112099102	112099388	ENSG00000243011	RN7SL266P
15	75544084	75545275	ENSG00000261205	NIFKP4
17	56408245	56409869	ENSG00000265206	MIR142
1	182951347	182951453	ENSG00000207472	RNU6-41P
9	140063306	140066436	ENSG00000261793	RP11-350O14.18
11	7910729	7910826	ENSG00000252769	RNU6-943P
7	75528518	75616173	ENSG00000127948	POR
1	40033046	40033180	ENSG00000201457	SNORA55
HSCHR6_MHC_QBL	31494434	31494509	ENSG00000266295	SNORD83
3	70246045	70361877	ENSG00000242120	RP11-231I13.2
19	45741890	45748628	ENSG00000267045	AC006126.4
16	73094144	73094658	ENSG00000272250	RP11-346C20.4
1	183107537	183110417	ENSG00000224468	RP11-181K3.4
6	87860877	87865003	ENSG00000272008	RP11-393I2.4
6	157428861	157440840	ENSG00000233044	RP1-137K2.2
HSCHR6_MHC_QBL	31499156	31499233	ENSG00000266646	SNORD83
11	7999028	7999255	ENSG00000254642	COX6CP5
8	22735485	22745535	ENSG00000248738	RP11-87E22.2
1	40099088	40099575	ENSG00000225903	RP1-144F13.3
6	31162977	31165814	ENSG00000272501	XXbac-BPG299F13.17
11	58762912	58767162	ENSG00000254786	RP11-142C4.5
10	90750414	90775542	ENSG00000026103	FAS
8	67834709	67834786	ENSG00000254341	SNORD87
2	186897618	186947960	ENSG00000237877	AC097500.2
5	138099909	138100243	ENSG00000265361	RN7SL867P
5	53072474	53115516	ENSG00000250447	CTD-2081C10.1
19	45835956	45836382	ENSG00000242675	RPS16P9
HSCHR6_MHC_QBL	31500359	31501193	ENSG00000238071	DDX39B-AS1
16	73094369	73096215	ENSG00000271009	RP11-346C20.3
3	70300794	70300896	ENSG00000222615	AC134025.1
6	157712343	157712431	ENSG00000252609	snoU13
5	138348018	138348130	ENSG00000201532	RNA5SP194
1	183235737	183236420	ENSG00000233562	RP11-548N1.1
8	67896370	67898422	ENSG00000253223	RP11-409C19.2
6	31167942	31169695	ENSG00000271821	XXbac-BPG299F13.14
5	6933783	7190925	ENSG00000250974	RP11-122F24.1
1	40183700	40184267	ENSG00000225333	RP1-144F13.4
2	219866362	219866431	ENSG00000198973	MIR375
15	65440557	65477680	ENSG00000166855	CLPX
3	70800274	70800501	ENSG00000240156	COX6CP6
9	140063638	140063722	ENSG00000263697	MIR3621
6	157720077	157721158	ENSG00000217783	LDHAL6FP
1	240928857	240931980	ENSG00000226919	RP11-80B9.1
2	219866937	219880443	ENSG00000224090	AC097468.4
11	8032825	8038036	ENSG00000255420	RP11-236J17.3
6	31190690	31190870	ENSG00000255726	XXbac-BPG299F13.15
15	75560749	75561024	ENSG00000242542	RN7SL489P
9	140180557	140180848	ENSG00000270259	RP13-122B23.9
6	87883086	87884021	ENSG00000218313	RP11-393I2.2
1	183430009	183440881	ENSG00000232860	SMG7-AS1
2	108938694	108970255	ENSG00000237223	SULT1C2P1
8	67971141	67971238	ENSG00000266491	AC109335.1
1	40189238	40189299	ENSG00000252413	RNU7-121P
6	31192119	31192835	ENSG00000255899	XXbac-BPG299F13.16
11	58810210	58818444	ENSG00000254399	GLYATL1P4
6	157744996	157745509	ENSG00000271040	RP5-933K21.3
HSCHR6_MHC_QBL	31569105	31569378	ENSG00000229189	UQCRHP1
15	75585025	75585300	ENSG00000244438	RN7SL327P
16	73126248	73127673	ENSG00000260880	HCCAT5
8	68011537	68011660	ENSG00000252637	RNA5SP268
22	25099315	25099470	ENSG00000237601	AP000358.5
1	240932720	240934834	ENSG00000223963	PRKRIRP8
1	40254648	40255843	ENSG00000261798	RP1-118J21.25
6	31243349	31246531	ENSG00000214892	USP8P1
6	26440700	26453643	ENSG00000111801	BTN3A3
17	26662628	26674035	ENSG00000109079	TNFAIP1
X	135160003	135160790	ENSG00000219930	GAPDHP67
6	157787022	157787955	ENSG00000213078	RP5-933K21.2
15	75592294	75595306	ENSG00000260357	DNM1P34
8	68045789	68048146	ENSG00000250869	RP11-453N18.1
11	89804304	89806223	ENSG00000255011	RP11-529A4.10
1	40261515	40261668	ENSG00000229213	RP1-118J21.24
X	112160864	112160989	ENSG00000232025	RP1-218B13.1
8	68256210	68257322	ENSG00000271966	RP11-7F18.2
2	219923410	219923472	ENSG00000264755	MIR3131
22	25108259	25108489	ENSG00000182351	CRIP1P4
11	8056993	8061265	ENSG00000254921	RP11-236J17.6
6	88008490	88010165	ENSG00000216990	HSPD1P10
1	40347238	40347350	ENSG00000202222	Y_RNA
3	171509580	171527714	ENSG00000183657	PP13439
X	112162360	112162458	ENSG00000252930	RNU6-1015P
2	49460933	49461038	ENSG00000206915	RNU6-439P
2	10161705	10162952	ENSG00000260476	RP11-254F7.1
HSCHR6_MHC_QBL	31581097	31581228	ENSG00000264153	SNORA38
1	40363417	40364770	ENSG00000236546	RP1-118J21.5
16	73265954	73267869	ENSG00000261227	AC140912.1
X	112244247	112244356	ENSG00000238811	snoU13
8	68318750	68319307	ENSG00000241961	RP11-7F18.1
2	50105761	50106501	ENSG00000234253	RPL7P13
6	31248094	31249296	ENSG00000227939	RPL3P2
2	10179219	10180790	ENSG00000260077	RP11-254F7.2
11	58853780	58862259	ENSG00000255151	GLYATL1P3
1	240986306	240986733	ENSG00000215802	RFKP1
HSCHR6_MHC_QBL	31616346	31618738	ENSG00000224835	C6orf47-AS1
9	140188320	140190173	ENSG00000260996	RP13-122B23.8
8	68481651	68482313	ENSG00000254253	RP11-343B22.2
6	44267391	44281063	ENSG00000124608	AARS2
6	157793588	157794203	ENSG00000218631	RP3-395C13.1
5	96496571	96518964	ENSG00000058729	RIOK2
X	49028273	49031588	ENSG00000102007	PLP2
19	46142252	46142345	ENSG00000199066	MIR330
1	40410562	40410670	ENSG00000207356	Y_RNA
6	157950164	157950232	ENSG00000266617	MIR3692
8	68623867	68623958	ENSG00000221660	AC022861.1
15	75613738	75615034	ENSG00000259790	ANP32BP1
11	89808007	89808264	ENSG00000254888	RP11-716D19.1
6	31255287	31256741	ENSG00000231402	WASF5P
16	73420704	73455292	ENSG00000258779	RP11-140I24.1
8	68644822	68647900	ENSG00000255130	RP11-396J6.1
19	46154768	46155060	ENSG00000241226	RN7SL836P
5	53078528	53078604	ENSG00000263710	AC025175.1
1	40428352	40429076	ENSG00000228477	RP3-342P20.2
HSCHR6_MHC_QBL	31617025	31617964	ENSG00000258226	AL805934.2
6	157998119	158003309	ENSG00000219448	RP11-193H22.2
16	333152	337215	ENSG00000185615	PDIA2
2	187027676	187027972	ENSG00000226410	AC104058.1
1	241082953	241083909	ENSG00000233615	HNRNPA1P42
1	183479810	183479899	ENSG00000265042	AL137800.1
8	41660867	41660968	ENSG00000207101	Y_RNA
HSCHR6_MHC_COX	31607608	31613401	ENSG00000224290	APOM
19	46178186	46178282	ENSG00000207773	MIR642A
5	53154996	53156231	ENSG00000217791	ASS1P9
6	158250175	158251605	ENSG00000234361	RP11-52J3.3
8	68761279	68761573	ENSG00000255531	NDUFS5P6
1	183589981	183590626	ENSG00000270009	RP1-127C7.6
2	187126146	187126646	ENSG00000232568	RPL23AP35
X	135179994	135180507	ENSG00000231513	RP11-274K13.5
3	171561139	171656505	ENSG00000186329	TMEM212
11	89819081	89820299	ENSG00000255009	UBTFL1
6	31261685	31269419	ENSG00000256166	XXbac-BPG248L24.13
5	7047340	7047449	ENSG00000212258	RNA5SP176
15	75645952	75646026	ENSG00000207636	MIR631
9	140315596	140315690	ENSG00000272272	snoU13
19	46268043	46273064	ENSG00000259605	AC074212.5
1	40942887	40962015	ENSG00000187815	ZFP69
1	183678440	183679375	ENSG00000270994	RP11-293B7.1
1	40598436	40599120	ENSG00000226745	RP11-115D7.3
HSCHR6_MHC_QBL	31621311	31621424	ENSG00000265278	Y_RNA
2	187219299	187221500	ENSG00000259915	RP11-410E4.1
5	7288037	7288590	ENSG00000248775	RP11-404K5.3
8	68994439	69007316	ENSG00000255206	RP11-403D15.2
7	25225242	25228343	ENSG00000234406	AC004129.7
1	241161751	241162094	ENSG00000238085	RP11-435F13.2
9	140440200	140440285	ENSG00000263933	AL365502.1
15	75647551	75648087	ENSG00000260591	RP11-817O13.6
11	58897606	58910488	ENSG00000245571	AP001258.4
2	50116006	50116124	ENSG00000212580	SNORA75
HSCHR6_MHC_QBL	31630519	31630764	ENSG00000257575	AL805934.1
6	31275592	31276326	ENSG00000229836	XXbac-BPG248L24.10
6	158293603	158296242	ENSG00000229502	RP11-52J3.2
2	187229325	187229855	ENSG00000227692	MED28P3
8	41685683	41687452	ENSG00000260588	RP11-930P14.2
8	69089003	69089456	ENSG00000254051	RP11-403D15.1
2	74688184	74692537	ENSG00000115275	MOGS
11	89831589	89831985	ENSG00000254436	AP000648.6
5	53176123	53176881	ENSG00000272416	CTD-2081C10.7
5	68530668	68573250	ENSG00000134058	CDK7
6	31324424	31325414	ENSG00000271581	XXbac-BPG248L24.12
15	75660496	75661925	ENSG00000260274	RP11-817O13.8
2	187353351	187353810	ENSG00000224323	DPRXP1
9	140535438	140535999	ENSG00000233998	SETP5
HSCHR6_MHC_QBL	31659062	31659124	ENSG00000266271	MIR4646
2	50815828	50816553	ENSG00000230327	AC009234.1
6	31334129	31334675	ENSG00000228432	DHFRP2
19	46271054	46275762	ENSG00000267395	AC074212.6
3	128588467	128588869	ENSG00000250796	RP11-723O4.3
11	89851559	89851629	ENSG00000207299	SNORD56
16	73517216	73521643	ENSG00000258582	RP11-44L9.1
2	187506066	187560014	ENSG00000227227	AC017101.10
12	82617460	82752584	ENSG00000133773	CCDC59
HSCHR6_MHC_QBL	31714972	31715074	ENSG00000264556	U6
1	40643515	40643621	ENSG00000207508	RNU6-1237P
15	75680608	75681169	ENSG00000241890	RPL13P4
8	69135553	69135637	ENSG00000252210	Y_RNA
5	138348336	138386892	ENSG00000249593	CTB-46B19.2
HSCHR6_MHC_QBL	32865184	32878022	ENSG00000215077	BRD2
6	158306146	158313818	ENSG00000236324	RP3-403L10.3
HSCHR6_MHC_QBL	31793302	31793364	ENSG00000265732	SNORD48
X	135216476	135216579	ENSG00000239080	snoU13
6	158244296	158366109	ENSG00000130340	SNX9
1	40722099	40723639	ENSG00000259943	RP1-39G22.7
8	69205681	69206053	ENSG00000253964	RPL31P40
2	187866603	187868104	ENSG00000226553	AC018735.1
6	31337911	31338017	ENSG00000201658	RNU6-283P
16	73533208	73533662	ENSG00000260687	RP11-44L9.2
17	65821640	65980494	ENSG00000171634	BPTF
8	41697580	41697857	ENSG00000241834	RN7SL149P
1	183723553	183724072	ENSG00000227554	RP11-444D13.1
3	128764606	128765764	ENSG00000249505	RP11-434H6.2
HSCHR6_MHC_QBL	31795112	31795178	ENSG00000265156	SNORD52
11	89984400	90648220	ENSG00000261645	DISC1FP1
7	63904180	63905120	ENSG00000223845	VN1R40P
6	31342095	31342180	ENSG00000265294	AL671883.1
6	158345434	158345708	ENSG00000220867	HSPE1P26
3	177159709	177470093	ENSG00000228221	LINC00578
2	10194548	10194993	ENSG00000271787	RP11-254F7.3
X	135377849	135382457	ENSG00000230079	RP11-535K18.2
1	40728344	40728656	ENSG00000231296	RP1-39G22.4
3	128792139	128792241	ENSG00000252435	snoU13
9	140682117	140683139	ENSG00000255585	RP11-188C12.2
HSCHR6_MHC_QBL	31841932	31842225	ENSG00000231869	DAQB-331I12.5
16	73545075	73545553	ENSG00000259971	RP11-44L9.3
4	144106070	144144983	ENSG00000170185	USP38
6	31345196	31345796	ENSG00000230994	FGFR3P1
5	53207850	53207953	ENSG00000222960	RNU6-272P
15	75707590	75708361	ENSG00000261714	CTD-2562G15.2
8	69437752	69438141	ENSG00000236191	RPS15AP25
1	184140848	184140957	ENSG00000199840	Y_RNA
3	128792938	128793045	ENSG00000238874	snoU13
7	63929563	63931031	ENSG00000228014	RP11-321E8.5
5	53247334	53247429	ENSG00000207627	MIR581
X	9935392	9936134	ENSG00000234469	AC002365.1
6	158355200	158355289	ENSG00000252658	RNU6-786P
5	7290936	7296458	ENSG00000247732	RP11-404K5.1
1	184284792	184284899	ENSG00000207080	Y_RNA
11	58909594	58910083	ENSG00000255381	AP001258.5
2	187867947	188419390	ENSG00000224063	AC007319.1
6	43395104	43418168	ENSG00000124574	ABCC10
9	140732871	140732968	ENSG00000207693	MIR602
3	128842282	128842846	ENSG00000273174	RP11-434H6.6
16	73577840	73592421	ENSG00000260848	CTD-2009A10.1
HSCHR6_MHC_QBL	31892622	31899887	ENSG00000235250	C4B-AS1
1	40798748	40799230	ENSG00000227311	RP1-228H13.1
6	158422139	158423415	ENSG00000233496	SYNJ2-IT1
2	50923310	50923400	ENSG00000216191	AC009234.2
1	184298205	184301960	ENSG00000231791	RP11-382D12.1
7	25251789	25252584	ENSG00000213798	AC004129.9
6	31348188	31348616	ENSG00000223702	ZDHHC20P2
3	128882449	128882783	ENSG00000273437	RP11-434H6.7
HSCHR6_MHC_QBL	31915008	31915109	ENSG00000264258	hsa-mir-1236
18	48324574	48351772	ENSG00000134042	MRO
8	41818758	41820184	ENSG00000256905	AC090571.1
2	51026102	51026193	ENSG00000215968	AC007560.2
1	241295572	241295646	ENSG00000265831	MIR3123
1	145944938	145945104	ENSG00000201105	RNU1-137P
11	90015728	90017340	ENSG00000214391	RP11-121L10.3
3	128936936	128937193	ENSG00000241673	RPS27P12
2	108983572	108984394	ENSG00000271070	RP11-465O11.2
16	73846520	73849953	ENSG00000259817	RP11-53L24.1
5	53343839	53344138	ENSG00000241230	RN7SL801P
HSCHR6_MHC_QBL	31958163	31961692	ENSG00000230075	C4A-AS1
6	158596016	158596102	ENSG00000265803	AL590703.1
1	145952372	145956451	ENSG00000234245	RP11-94I2.4
1	241468880	241469182	ENSG00000224348	RP11-306K13.1
14	56214926	56239921	ENSG00000258784	RP11-813I20.2
8	41901022	41901093	ENSG00000238966	SNORD112
8	69607878	69608014	ENSG00000239184	RNA5SP269
5	138370837	138371676	ENSG00000242683	CTB-46B19.1
1	184304792	184305081	ENSG00000244568	RN7SL654P
12	56056121	56056285	ENSG00000270458	RP11-644F5.17
7	63961203	63962107	ENSG00000228653	HNRNPCP7
13	27825446	27830828	ENSG00000122026	RPL21
2	51056580	51056816	ENSG00000238165	AC007560.1
15	75773002	75773177	ENSG00000260165	CTD-2323K18.3
8	41958836	41959354	ENSG00000244235	RP11-589C21.1
6	31349851	31350065	ENSG00000225851	HLA-S
8	69760977	69764998	ENSG00000254337	RP11-865I6.2
1	184354887	184355838	ENSG00000271387	RP11-382D12.2
HSCHR6_MHC_QBL	32003912	32004032	ENSG00000266035	5S_rRNA
6	158658368	158663829	ENSG00000188451	SRP72P2
11	90057944	90058052	ENSG00000223101	AP002364.1
16	73974538	73975423	ENSG00000225178	RPSAP56
14	56232895	56234435	ENSG00000177350	RPL13AP3
6	31362066	31363272	ENSG00000272221	XXbac-BPG181B23.7
1	145969270	145969433	ENSG00000207418	RNVU1-7
19	46333422	46334366	ENSG00000269148	AC092301.3
15	75805111	75805381	ENSG00000259931	CTD-2323K18.2
11	90288942	90289025	ENSG00000266703	MIR4490
2	109040068	109040341	ENSG00000271284	RP11-465O11.1
2	10230332	10230446	ENSG00000212558	SNORA26
11	58981880	58982172	ENSG00000263999	RN7SL42P
X	135569451	135569551	ENSG00000266272	Z97632.1
HSCHR6_MHC_QBL	32171956	32172096	ENSG00000257661	AL845509.2
4	20254883	20622184	ENSG00000145147	SLIT2
1	40830438	40830855	ENSG00000213172	RP1-228H13.2
3	129034235	129045068	ENSG00000206417	H1FX-AS1
11	90602289	90602370	ENSG00000221586	MIR1261
14	77490888	77495034	ENSG00000119669	IRF2BPL
11	59022833	59026959	ENSG00000225802	RP11-1036E20.10
1	184377471	184381494	ENSG00000230470	GS1-115G20.1
1	241587592	241596792	ENSG00000225554	RP11-527D7.1
8	41986292	41986767	ENSG00000253135	RP11-589C21.2
2	109123971	109150652	ENSG00000214184	AC012487.2
19	46522190	46522307	ENSG00000211580	MIR769
1	146011091	146025308	ENSG00000229828	RP11-94I2.1
5	7299887	7306705	ENSG00000205976	RP11-404K5.2
HSCHR6_MHC_QBL	32191853	32192020	ENSG00000257536	AL845509.1
2	187987289	187987588	ENSG00000222845	RN7SKP42
11	90847892	90849119	ENSG00000254677	OSBPL9P2
8	69824038	70016425	ENSG00000253658	RP11-600K15.1
6	31368479	31445283	ENSG00000206337	HCP5
11	8081585	8090920	ENSG00000248332	RP11-236J17.5
6	158703295	158733390	ENSG00000236537	RP11-732M18.3
19	46530912	46533419	ENSG00000268401	CTC-344H19.4
1	184535645	184536969	ENSG00000232036	GS1-115G20.2
2	188135425	188135531	ENSG00000199626	RNU6-989P
14	56247864	56263406	ENSG00000258791	LINC00520
16	74088050	74330660	ENSG00000261404	AC009120.4
5	53371348	53371413	ENSG00000265421	MIR4459
2	188280279	188280545	ENSG00000231739	GAPDHP59
1	40929991	40932436	ENSG00000260920	RP1-228H13.5
17	48348767	48358844	ENSG00000167105	TMEM92
12	76419227	76427712	ENSG00000139289	PHLDA1
HSCHR6_MHC_QBL	32240867	32241016	ENSG00000258008	AL845509.3
9	140762377	140787022	ENSG00000203987	RP11-188C12.3
6	158818917	158819593	ENSG00000238019	RP11-732M18.2
1	241995237	241996089	ENSG00000229022	RP11-553N16.1
15	75819491	75893546	ENSG00000260269	CTD-2323K18.1
X	135633037	135633119	ENSG00000216060	MIR934
11	59030862	59031275	ENSG00000254799	SLC25A47P1
19	46604380	46699475	ENSG00000267922	AC007193.6
5	53616774	53710955	ENSG00000249069	LINC01033
6	158858829	158859118	ENSG00000243373	RN7SL173P
HSCHR6_MHC_QBL	32250800	32251759	ENSG00000235171	HNRNPA1P2
1	184647068	184647141	ENSG00000252790	SNORD112
5	138557447	138557526	ENSG00000252533	RNU6-572P
1	146059926	146060343	ENSG00000227216	PFN1P5
2	188577543	189152418	ENSG00000231689	LINC01090
11	90849129	90849723	ENSG00000255070	OSBPL9P3
7	25304275	25304377	ENSG00000202233	U3
1	242079425	242079845	ENSG00000235990	RP11-323D18.5
X	135653864	135653974	ENSG00000199424	Y_RNA
6	158936637	158937261	ENSG00000219188	CACYBPP3
1	184790562	184790623	ENSG00000252222	RNU7-13P
5	138611869	138612009	ENSG00000252213	SNORA74
11	59036349	59051506	ENSG00000214797	RP11-1036E20.9
8	41996979	41997270	ENSG00000271938	RP11-589C21.6
1	40958829	40974333	ENSG00000238287	RP11-656D10.3
7	25305543	25305909	ENSG00000234922	TSEN15P3
22	26879843	26890624	ENSG00000100104	SRRD
6	159030738	159042668	ENSG00000218226	TATDN2P2
5	138614470	138614667	ENSG00000200959	SNORA74A
1	184970659	184977815	ENSG00000260976	GS1-120K12.4
19	46614337	46617121	ENSG00000268053	CTC-344H19.6
2	188607314	188607401	ENSG00000252004	AC068718.1
11	8190714	8200450	ENSG00000246820	RP11-379P15.1
1	146076838	146080009	ENSG00000198658	ABHD17AP2
X	135665399	135665504	ENSG00000252320	RNU6-320P
1	40980133	40980729	ENSG00000227278	RP11-656D10.5
6	159146779	159147835	ENSG00000219249	AMZ2P2
1	184984083	184984199	ENSG00000201312	RNA5SP72
11	90891251	90900462	ENSG00000255187	RP11-699F16.2
5	138635541	138635657	ENSG00000199545	RNA5SP195
7	64011876	64012444	ENSG00000223974	RP11-561N12.4
2	51170430	51170524	ENSG00000216011	AC007682.2
11	59054812	59056959	ENSG00000254704	RP11-1036E20.7
5	138668727	138669054	ENSG00000253015	RN7SKP64
1	185040699	185041167	ENSG00000232792	FTH1P25
HSCHR6_MHC_QBL	32278119	32278225	ENSG00000265920	U6
X	135721702	135724588	ENSG00000233093	LINC00892
2	51188383	51188471	ENSG00000272385	AC007682.3
2	109293251	109295057	ENSG00000228763	AC010095.5
6	159185693	159185785	ENSG00000265558	MIR3918
1	40981426	40982846	ENSG00000238186	RP11-656D10.6
2	10260861	10261192	ENSG00000272524	RP11-254F7.4
11	8576563	8576693	ENSG00000252778	SCARNA20
HSCHR6_MHC_QBL	32315749	32318924	ENSG00000228738	HCG23
11	91527528	91545460	ENSG00000255332	RP11-201M22.1
8	70022748	70022809	ENSG00000238808	RNU7-102P
14	56382445	56383044	ENSG00000259868	RP11-1012E15.1
2	51259739	52635055	ENSG00000231918	AC007682.1
6	159239043	159241625	ENSG00000233893	EZR-AS1
6	88135513	88135806	ENSG00000216324	RP3-382I10.2
5	138700366	138705406	ENSG00000272742	CTB-43P18.1
11	8700636	8702460	ENSG00000254900	RP11-152H18.4
6	153325594	153452384	ENSG00000091844	RGS17
X	9983602	10112518	ENSG00000047644	WWC3
2	10295199	10295333	ENSG00000206647	SNORA2
1	242121039	242122364	ENSG00000196289	BECN1P1
8	70041833	70042580	ENSG00000254332	GS1-44D20.1
14	77564440	77583630	ENSG00000198894	CIPC
HSCHR6_MHC_MCF	33437818	33452509	ENSG00000206208	TAPBP
1	41029206	41029331	ENSG00000236505	RP1-63P18.2
2	10332740	10332797	ENSG00000265418	MIR4261
11	8705774	8705903	ENSG00000200983	SNORA3
14	56464932	56465307	ENSG00000213622	AL163952.1
17	67410839	67539472	ENSG00000108984	MAP2K6
6	88150883	88151864	ENSG00000218793	RP3-382I10.3
2	109311206	109311349	ENSG00000233648	AC010095.6
19	46640003	46640804	ENSG00000259339	TGIF1P1
HSCHR6_MHC_QBL	32385108	32398790	ENSG00000226035	HLA-DRB9
11	8706986	8707116	ENSG00000212607	SNORA45
15	75830020	75830438	ENSG00000203473	AC105036.1
9	141031547	141038316	ENSG00000229926	RP11-424E7.3
14	56535161	56535245	ENSG00000212522	Y_RNA
5	138783596	138783706	ENSG00000200378	RNU5B-4P
6	159262149	159278664	ENSG00000243775	OSTCP1
HSCHR6_MHC_QBL	32414984	32415132	ENSG00000266884	U1
1	185140467	185140842	ENSG00000231084	CTA-253N17.1
1	242156487	242156984	ENSG00000213026	CFL1P4
2	109328718	109329356	ENSG00000235644	AC010095.7
15	75917134	75918031	ENSG00000260235	CTD-2026K11.3
HSCHR6_MHC_QBL	32452834	32452980	ENSG00000264389	U1
5	53695269	53695863	ENSG00000251597	RPL37P25
6	151186685	151423023	ENSG00000120254	MTHFD1L
6	88154113	88154893	ENSG00000218698	ST13P16
5	7326177	7326722	ENSG00000251250	RP11-404K5.4
11	91682897	91683200	ENSG00000254961	TUBB4BP4
1	41059305	41060025	ENSG00000233910	GTF2F2P2
15	75928480	75931580	ENSG00000260206	CTD-2026K11.2
6	31369929	31370027	ENSG00000199332	Y_RNA
HSCHR6_MHC_QBL	32456257	32470744	ENSG00000227442	HLA-DRB2
5	138872123	138872690	ENSG00000249689	AC138517.5
19	46667150	46683904	ENSG00000269729	AC006262.4
1	93744518	93744686	ENSG00000229567	RP4-717I23.2
1	43849588	43855479	ENSG00000159479	MED8
6	31409444	31414750	ENSG00000230174	LINC01149
1	242187251	242187356	ENSG00000223119	RNU6-1139P
15	75968568	75969503	ENSG00000260892	CTD-2026K11.1
8	42009290	42010281	ENSG00000261449	RP11-589C21.5
8	70087814	70090424	ENSG00000253373	RP11-21C17.1
1	185195940	185196832	ENSG00000213051	RPL5P5
2	10420757	10421017	ENSG00000264030	RN7SL66P
6	88198163	88198270	ENSG00000206715	RNU6-444P
11	91894272	91895055	ENSG00000242248	RPL7AP57
1	146093234	146159103	ENSG00000227733	RP4-565E6.1
2	109494764	109494916	ENSG00000227470	AC073415.2
6	159342303	159343182	ENSG00000213076	yR211F11.2
6	88430633	88430736	ENSG00000238628	snoU13
2	51429219	51448902	ENSG00000237374	AC007680.2
7	99817650	99817743	ENSG00000222482	AC005071.1
15	76020011	76030964	ENSG00000246877	DNM1P35
6	31430505	31431113	ENSG00000233902	XXbac-BPG181B23.6
5	72174418	72174490	ENSG00000263593	MIR4804
8	42083151	42083252	ENSG00000238714	snoU13
1	242220387	242223544	ENSG00000224625	TUBB8P6
5	138873841	138875701	ENSG00000249215	AC138517.4
6	88535891	88536003	ENSG00000207131	Y_RNA
3	70803005	70803724	ENSG00000243873	HMGB1P36
X	49031151	49042845	ENSG00000012211	PRICKLE3
12	121458095	121477045	ENSG00000135114	OASL
6	31464466	31464567	ENSG00000201680	Y_RNA
11	92069198	92069662	ENSG00000235547	NDUFB11P1
6	88555368	88555663	ENSG00000240997	RN7SL183P
5	72174695	72175012	ENSG00000242602	CTD-2339M3.1
8	70337270	70360479	ENSG00000253479	RP11-744J10.3
19	46692423	46706340	ENSG00000268621	AC006262.5
HSCHR6_MHC_COX	31808914	31809602	ENSG00000257914	AL662834.2
15	52839242	52862080	ENSG00000128989	ARPP19
6	88557263	88557350	ENSG00000211983	AL138919.1
6	31483756	31483988	ENSG00000256851	XXbac-BPG16N22.5
7	99918615	99939531	ENSG00000078319	PMS2P1
15	76030161	76055662	ENSG00000260288	RP11-24M17.4
5	72249462	72250101	ENSG00000271926	CTD-2376I4.1
5	92176514	92177335	ENSG00000248950	LDHBP3
5	7344692	7346034	ENSG00000251678	CTD-2296D1.1
6	159347498	159347603	ENSG00000223191	RNU6-293P
6	88601142	88601587	ENSG00000271114	RP11-453D21.1
8	42091193	42128715	ENSG00000253408	RP11-231D20.2
1	41134761	41153260	ENSG00000237899	RP4-739H11.3
1	93850044	93850555	ENSG00000229635	RP4-713B5.2
2	109743783	109745386	ENSG00000259863	SH3RF3-AS1
11	92099662	92100416	ENSG00000249255	PGAM1P9
4	164031225	164088073	ENSG00000145414	NAF1
2	10436173	10436306	ENSG00000206898	SNORA51
5	54104038	54168379	ENSG00000232517	AC112198.1
5	138934485	138934586	ENSG00000207020	Y_RNA
5	72251033	72251526	ENSG00000272081	CTD-2376I4.2
12	57316938	57328189	ENSG00000170426	SDR9C7
6	159409210	159485957	ENSG00000271913	RP1-111C20.4
6	88974877	88975230	ENSG00000220131	RP4-570O12.2
2	26413504	26467594	ENSG00000084754	HADHA
2	10586840	10586975	ENSG00000206633	SNORA80B
2	109757946	109758044	ENSG00000264934	MIR4265
1	41156052	41157738	ENSG00000272145	NFYC-AS1
1	93851268	93851374	ENSG00000207379	Y_RNA
HSCHR6_MHC_QBL	32478740	32478886	ENSG00000266689	U1
19	46699495	46700580	ENSG00000268879	IGFL1P1
5	92225094	92226547	ENSG00000249958	CCT7P2
17	56413337	56413383	ENSG00000264399	MIR4736
3	156543270	156763918	ENSG00000197980	LEKR1
1	185220445	185220543	ENSG00000201421	Y_RNA
11	92133357	92141342	ENSG00000254705	RP11-675M1.2
15	76039110	76039604	ENSG00000260815	RP11-24M17.3
1	93953890	93954009	ENSG00000212601	RNA5SP53
5	72292747	72293469	ENSG00000251467	CTC-250P20.2
5	139024045	139024587	ENSG00000272255	CTD-3224K15.3
17	56533485	56533575	ENSG00000266051	AC023992.1
HSCHR6_MHC_QBL	32555985	32556833	ENSG00000233744	HLA-DQB1-AS1
6	31487257	31488068	ENSG00000219797	PPIAP9
1	185227043	185227147	ENSG00000206640	Y_RNA
1	41220027	41220118	ENSG00000198974	MIR30E
6	88985601	88986708	ENSG00000220267	ACTBP8
17	56553499	56554311	ENSG00000266648	RP11-112H10.6
5	72316527	72317106	ENSG00000248930	CTC-250P20.1
2	109867878	109868102	ENSG00000228551	SNRPGP9
5	92242887	92275298	ENSG00000248528	CTC-458G6.2
19	46706683	46718094	ENSG00000268460	AC006262.6
1	185231418	185233488	ENSG00000233583	RP4-635A23.3
1	41222956	41223044	ENSG00000207962	MIR30C1
1	40974413	40982228	ENSG00000164002	EXO5
1	94057756	94071130	ENSG00000224093	RP5-1033H22.2
HSCHR6_MHC_QBL	32555990	32558585	ENSG00000240110	XXbac-BPG254F23.6
1	41270518	41270811	ENSG00000264582	RN7SL326P
5	139028584	139029313	ENSG00000250635	CTD-3224K15.2
6	89008669	89130752	ENSG00000234426	RP11-459O1.2
17	56597198	56634338	ENSG00000264672	RP11-112H10.4
16	67862060	67881714	ENSG00000102901	CENPT
6	31495891	31496470	ENSG00000225499	RPL15P4
8	70358292	70358495	ENSG00000253216	RP11-744J10.2
5	92355369	92404375	ENSG00000251361	CTD-2091N23.1
1	41329586	41342342	ENSG00000229528	RP5-1066H13.4
5	7347099	7348090	ENSG00000250668	CTD-2296D1.2
6	159485760	159486305	ENSG00000226032	RP1-111C20.3
3	70857501	70857603	ENSG00000206939	RNU6-281P
HSCHR6_MHC_QBL	32602598	32603429	ENSG00000229710	MTCO3P1
6	89423961	89424149	ENSG00000222145	SNORA73
3	177221091	177221340	ENSG00000252028	RN7SKP52
3	70927811	70927943	ENSG00000221382	AC096971.1
2	109930027	109930081	ENSG00000265965	MIR4266
6	89711267	89711533	ENSG00000220130	RP1-72A23.3
15	76051842	76054746	ENSG00000261043	MIR4313
5	72395900	72396009	ENSG00000200833	Y_RNA
3	177339170	177346075	ENSG00000236385	RP11-114M1.2
6	159528823	159537085	ENSG00000224478	RP11-13P5.1
8	70612459	70612730	ENSG00000222889	RN7SKP29
1	41403776	41405435	ENSG00000228940	RP11-348A7.1
X	135856158	135856264	ENSG00000212510	RNU6-972P
6	89769347	89769828	ENSG00000220960	RP1-72A23.1
2	10588820	10591453	ENSG00000257135	RP11-320M2.1
5	139064230	139124595	ENSG00000249526	CTB-35F21.1
5	72427835	72446419	ENSG00000251599	RP11-232L2.2
6	31504151	31504226	ENSG00000201785	SNORD117
8	70625625	70631957	ENSG00000254557	RP11-102F4.2
5	92603135	92604131	ENSG00000213730	POLD2P1
2	51662260	51662356	ENSG00000222692	AC007402.1
HSCHR6_MHC_QBL	32614456	32615286	ENSG00000230150	XXbac-BPG254F23.7
1	46505812	46642160	ENSG00000117461	PIK3R3
X	135870445	135870946	ENSG00000271339	RP11-1114A5.6
1	185235667	185235759	ENSG00000252612	Y_RNA
HSCHR6_MHC_COX	31812978	31818226	ENSG00000227315	NEU1
19	46722680	46723177	ENSG00000269637	RPL12P41
6	31508878	31508955	ENSG00000265236	SNORD84
2	51738196	51738621	ENSG00000224344	KNOP1P3
5	72448243	72448765	ENSG00000250747	RP11-232L2.1
8	70706297	70706969	ENSG00000271113	RP11-159H10.4
X	135873223	135873939	ENSG00000231164	RPL7P56
1	185249976	185250948	ENSG00000238061	RP4-635A23.4
6	159586941	159591039	ENSG00000233682	RP11-13P5.2
1	242297574	242297683	ENSG00000222120	RNA5SP81
3	177342070	177342197	ENSG00000200288	SNORA18
16	28985542	28995869	ENSG00000169682	SPNS1
17	56709003	56709197	ENSG00000212195	U3
5	72449938	72450011	ENSG00000238738	AC116345.1
6	31510081	31510915	ENSG00000234006	DDX39B-AS1
2	52002396	52002540	ENSG00000223710	CRYGGP
2	110310113	110310423	ENSG00000237916	RP11-537E18.1
1	94218480	94241000	ENSG00000230439	RP11-488P3.1
19	46732221	46733645	ENSG00000269745	AC006262.10
1	242310816	242372431	ENSG00000272865	RP11-561I11.4
1	146124161	146124283	ENSG00000238765	RNA5SP57
3	177401415	177409038	ENSG00000228561	RP11-114M1.1
17	56736510	56736666	ENSG00000202077	RNU1-60P
6	89773219	89773409	ENSG00000223001	RNU2-61P
8	70746346	70767206	ENSG00000246528	RP11-159H10.3
X	135889382	135890036	ENSG00000225125	RANP4
2	110352270	110363275	ENSG00000230696	AC011753.5
2	188690068	188691176	ENSG00000235616	ST13P2
6	89789883	89790386	ENSG00000271931	RP11-63L7.5
19	46763677	46764115	ENSG00000268238	IGFL1P2
5	72509774	72590761	ENSG00000249743	RP11-60A8.1
15	76067894	76079239	ENSG00000187812	RP11-24M17.5
6	89800665	89800959	ENSG00000264017	RN7SL336P
1	242351949	242352091	ENSG00000252084	RN7SKP12
6	31578860	31579133	ENSG00000230622	UQCRHP1
1	185286911	185287662	ENSG00000273004	GS1-279B7.2
6	159661818	159664361	ENSG00000235086	FNDC1-IT1
12	57345219	57353158	ENSG00000139547	RDH16
19	46809727	46809834	ENSG00000199796	RNU6-924P
6	90011502	90012833	ENSG00000220418	TUBB3P1
1	94312388	94312467	ENSG00000211575	MIR760
2	189091916	189093109	ENSG00000213115	AC104131.1
8	42199285	42200152	ENSG00000240395	RPL5P23
7	143479760	143481377	ENSG00000241136	PAICSP6
6	36683256	36699870	ENSG00000255587	RAB44
1	242366857	242374129	ENSG00000224525	RP11-561I11.3
3	177534653	177617012	ENSG00000231574	RP11-91K9.1
5	139097570	139097675	ENSG00000200756	RNU6-236P
19	46823454	46843261	ENSG00000269124	AC007193.10
HSCHR6_MHC_QBL	32627212	32628148	ENSG00000224197	HLA-DQB3
1	45100910	45140227	ENSG00000126106	TMEM53
1	94312730	94314495	ENSG00000260464	RP4-561L24.3
6	159774954	159775705	ENSG00000231178	RP11-125D12.1
1	41407923	41408187	ENSG00000233118	UBE2V1P8
X	135898636	135898733	ENSG00000202279	Y_RNA
5	139120934	139125808	ENSG00000249131	CTB-35F21.2
17	56737941	56738960	ENSG00000266826	CTD-2200P10.1
5	54148674	54148776	ENSG00000221073	AC112198.2
1	185290289	185304171	ENSG00000261024	GS1-279B7.1
2	189141459	189141571	ENSG00000200650	RNA5SP114
8	42342118	42342537	ENSG00000254131	RP11-1007J8.1
17	45900638	45908900	ENSG00000159111	MRPL10
6	31590856	31590987	ENSG00000200816	SNORA38
1	94386824	94387223	ENSG00000223490	CHCHD2P5
17	19674142	19771249	ENSG00000083290	ULK2
17	56743898	56744058	ENSG00000199426	RNU1-108P
19	46885749	46886426	ENSG00000268810	AC007193.9
1	242508860	242509020	ENSG00000226750	RP11-513D4.3
5	54153100	54154319	ENSG00000226810	RP11-45H22.1
6	159804563	159817475	ENSG00000234777	RP11-125D12.2
2	189162219	189162315	ENSG00000207951	MIR561
6	90131818	90132767	ENSG00000218965	NACAP7
X	135923090	135929956	ENSG00000232611	RP11-1114A5.4
6	31626106	31628498	ENSG00000227198	C6orf47-AS1
1	146032648	146253110	ENSG00000232637	WI2-3658N16.1
HSCHR6_MHC_QBL	32646402	32646469	ENSG00000265377	AL773543.2
19	46893772	46894109	ENSG00000269151	AC007193.8
1	94388130	94389501	ENSG00000234099	MTND4P11
8	70771499	70772775	ENSG00000255107	RP11-159H10.1
2	189463518	189704171	ENSG00000223523	AC079613.1
1	41564310	41564808	ENSG00000215893	RP4-635E8.1
2	110422786	110423319	ENSG00000230603	AC011753.6
19	47123725	47128375	ENSG00000160013	PTGIR
8	42392672	42393447	ENSG00000254165	RP11-503E24.2
6	31631065	31631178	ENSG00000201207	Y_RNA
2	52152830	52152971	ENSG00000230840	AC097463.2
5	7363092	7364644	ENSG00000249638	CTD-2296D1.3
1	242528491	242529124	ENSG00000235467	RP11-513D4.2
6	159947094	159947559	ENSG00000216480	RP3-393E18.1
5	72633733	72634360	ENSG00000251543	RP11-60A8.2
6	31668806	31668868	ENSG00000266776	MIR4646
19	47061898	47062899	ENSG00000249210	GAPDHP38
1	94389942	94390272	ENSG00000235794	RP5-837O21.6
8	70834989	70835281	ENSG00000239580	RN7SL675P
X	135929543	135930193	ENSG00000225400	RP11-1114A5.5
18	21269407	21535030	ENSG00000053747	LAMA3
8	70842140	70842257	ENSG00000223293	RNA5SP270
6	90187860	90188150	ENSG00000239316	RN7SL11P
3	177652611	177655450	ENSG00000225790	RP11-2L8.1
6	31724728	31724830	ENSG00000252743	RNU6-850P
2	189842818	189842887	ENSG00000221502	MIR1245A
2	29283842	29297127	ENSG00000179270	C2orf71
HSCHR6_MHC_QBL	32740573	32742982	ENSG00000206296	TAPSAR1
5	72678211	72706336	ENSG00000249149	RP11-79P5.3
10	122938214	122945480	ENSG00000227143	LINC01153
6	31732087	31733365	ENSG00000235663	SAPCD1-AS1
5	92745065	92921354	ENSG00000237187	NR2F1-AS1
8	70855183	70856883	ENSG00000247570	SDCBPP2
1	41708045	41750533	ENSG00000235358	RP11-399E6.1
6	90270594	90276763	ENSG00000237027	RP11-16C18.3
1	242540225	242540734	ENSG00000213690	RP11-513D4.1
8	42409933	42410336	ENSG00000272233	RP11-503E24.3
2	189959789	189960884	ENSG00000228073	AC133106.2
19	47112534	47114036	ENSG00000269292	CTB-12A17.3
1	94390299	94390941	ENSG00000232752	RP5-837O21.5
3	177671854	177677586	ENSG00000270321	RP11-2L8.2
6	160007987	160010201	ENSG00000237927	RP3-393E18.2
6	31746594	31746682	ENSG00000201555	Y_RNA
9	141044565	141071821	ENSG00000159247	TUBBP5
X	135961358	135961430	ENSG00000206979	SNORD61
5	72742083	72744352	ENSG00000183900	AC099522.1
10	123170430	123170714	ENSG00000222979	RN7SKP167
2	189997762	189997837	ENSG00000264725	MIR3129
6	31803040	31803103	ENSG00000201823	SNORD48
10	37890366	37891859	ENSG00000256892	MTRNR2L7
1	242834442	242834878	ENSG00000270859	RP11-435I3.1
10	123374939	123375353	ENSG00000223432	RP11-62L18.3
8	42560726	42577089	ENSG00000255101	RP11-412B14.1
19	47163621	47180704	ENSG00000245598	DACT3-AS1
6	160133833	160135017	ENSG00000220305	HNRNPH1P1
2	190175989	190176693	ENSG00000213601	KRT18P19
6	31804853	31804919	ENSG00000201754	SNORD52
1	242935922	242936405	ENSG00000215800	RSL24D1P4
1	185403376	185403437	ENSG00000252407	RNU7-183P
15	65488337	65503826	ENSG00000138615	CILP
5	7368042	7373187	ENSG00000249865	CTD-2296D1.4
5	72742184	72742811	ENSG00000247993	RP11-79P5.2
6	90383188	90385502	ENSG00000228124	RP1-122O8.7
10	123473121	123473508	ENSG00000223540	RPS15AP5
2	190176397	190176487	ENSG00000266817	AC118063.1
8	70899650	70899932	ENSG00000253721	SUMO2P20
1	94390962	94391628	ENSG00000229842	RP5-837O21.4
1	185404971	185405179	ENSG00000270920	CTA-277P6.1
6	36708552	36807778	ENSG00000124772	CPNE5
6	31851538	31851831	ENSG00000237080	EHMT2-AS1
1	94391588	94391744	ENSG00000250890	RP5-837O21.8
2	10592445	10595678	ENSG00000217258	AC007249.3
16	3417719	3419246	ENSG00000262118	RP11-433P17.3
6	31924616	31924717	ENSG00000221267	MIR1236
6	153552455	153668623	ENSG00000213121	AL590867.1
5	72747323	72749220	ENSG00000251604	RP11-79P5.7
6	90507317	90507596	ENSG00000220871	DNAJC19P6
10	123495818	123499245	ENSG00000224250	RP11-78A18.2
X	135991554	136103789	ENSG00000234062	RP11-308D16.4
1	243045368	243046777	ENSG00000270818	RP11-498M14.1
5	139152113	139154991	ENSG00000251387	CTB-35F21.3
X	112590640	112590846	ENSG00000235329	RP5-1168A5.1
7	143493388	143493813	ENSG00000232145	RP11-307I2.1
1	94392171	94393125	ENSG00000236689	RP5-837O21.3
6	31967753	31971298	ENSG00000233627	C4A-AS1
1	185527504	185597659	ENSG00000228309	GS1-204I12.1
6	160141447	160141572	ENSG00000251988	RNU4ATAC18P
1	41730222	41730534	ENSG00000213987	RP11-399E6.2
5	72750012	72768721	ENSG00000251324	RP11-79P5.5
2	190351206	190352718	ENSG00000233996	AC013439.4
6	90524428	90525182	ENSG00000217653	RP11-63K6.1
11	59058526	59058806	ENSG00000263944	RN7SL435P
6	160201282	160201413	ENSG00000207392	SNORA20
10	123606115	123606215	ENSG00000201884	Y_RNA
X	112765753	112766265	ENSG00000220541	RP5-1170D6.1
8	70990141	70990267	ENSG00000212473	RNU1-101P
16	3419957	3420906	ENSG00000263177	RP11-433P17.2
1	243061172	243061255	ENSG00000264972	AL445675.1
20	44994688	45061704	ENSG00000062598	ELMO2
11	59077154	59078049	ENSG00000235678	OR5AN2P
6	90533014	90533115	ENSG00000238747	snoU13
10	123687827	123711480	ENSG00000226864	ATE1-AS1
6	160206626	160206765	ENSG00000206910	SNORA29
1	243138307	243138386	ENSG00000230199	RP11-331N16.1
7	143333745	143515397	ENSG00000159860	FAM115D
19	47192056	47192325	ENSG00000243560	RN7SL364P
6	31973413	31976228	ENSG00000204338	CYP21A1P
1	243169147	243170770	ENSG00000234116	RP11-261C10.1
8	71016028	71016414	ENSG00000253173	RP11-152C15.1
5	72793375	72794118	ENSG00000272525	RP11-79P5.9
16	3508071	3565564	ENSG00000263212	LA16c-306E5.3
6	160320218	160323542	ENSG00000236823	RP1-249F5.3
1	41840676	41841341	ENSG00000229901	RP11-399E6.4
5	7373230	7379903	ENSG00000223597	CTD-2296D1.5
11	59100230	59101559	ENSG00000255386	OR5BR1P
8	22752947	22755326	ENSG00000253142	RP11-87E22.1
1	41932608	41932699	ENSG00000252563	RNA5SP45
6	149068464	149398126	ENSG00000111962	UST
6	160424323	160428696	ENSG00000268257	AIRN
8	22835390	22835638	ENSG00000240116	RN7SL303P
10	124105205	124105308	ENSG00000202245	RNU6-728P
5	72804510	72805079	ENSG00000255883	AC099522.2
1	42001114	42001539	ENSG00000230881	RP11-486B10.3
1	94393270	94393858	ENSG00000226960	RP5-837O21.1
8	22842109	22876848	ENSG00000245025	RP11-875O11.1
10	124176481	124176583	ENSG00000265442	MIR3941
1	185599560	185599660	ENSG00000207108	Y_RNA
19	47137333	47137942	ENSG00000167414	GNG8
6	160514114	160517244	ENSG00000213073	RP11-288H12.3
2	10729292	10744956	ENSG00000234818	AC092687.5
1	185603205	185603314	ENSG00000201596	Y_RNA
4	108745719	108836203	ENSG00000164023	SGMS2
10	38091751	38147034	ENSG00000198105	ZNF248
7	99354604	99381888	ENSG00000160868	CYP3A4
8	42580690	42581371	ENSG00000255361	RP11-412B14.2
1	185624134	185626300	ENSG00000261729	GS1-204I12.4
1	42007740	42010258	ENSG00000230638	RP11-486B10.4
1	243192814	243215554	ENSG00000231512	RP11-261C10.2
14	95998634	96001209	ENSG00000247092	SNHG10
X	112859587	113181506	ENSG00000241743	RP5-964N17.1
11	59158827	59159765	ENSG00000198261	OR5BB1P
10	124516210	124558696	ENSG00000176584	DMBT1P1
1	186145946	186146434	ENSG00000224691	GS1-174L6.4
13	27844464	27847827	ENSG00000122035	RASL11A
11	8714904	8718154	ENSG00000254665	RP11-152H18.3
17	7829249	7833940	ENSG00000262730	RP11-1099M24.7
1	94400035	94400800	ENSG00000233129	RP5-837O21.2
1	186280957	186281060	ENSG00000202025	RNU6-1240P
HSCHR6_MHC_QBL	32775657	32776334	ENSG00000226914	PPP1R2P1
4	164245113	164265984	ENSG00000164128	NPY1R
8	42736379	42736675	ENSG00000242719	RN7SL806P
X	113125873	113126950	ENSG00000270524	QTRT1P1
11	59235717	59236130	ENSG00000254640	RP11-384C21.9
8	71185604	71186072	ENSG00000213003	BTF3P12
1	186420213	186420881	ENSG00000229739	RP11-295K2.3
6	160529406	160532536	ENSG00000270949	RP11-288H12.4
8	42751340	42751418	ENSG00000266044	MIR4469
1	94610667	94611175	ENSG00000233482	RP11-78O9.1
6	31976391	31980249	ENSG00000248290	TNXA
19	40697651	40721482	ENSG00000130758	MAP3K10
6	90539613	90584155	ENSG00000118412	CASP8AP2
11	59259125	59260054	ENSG00000204989	OR4D8P
1	42224812	42224898	ENSG00000264896	AL451006.1
11	8790325	8831778	ENSG00000255159	RP11-318C2.1
15	76077453	76077726	ENSG00000241807	RN7SL319P
8	22925742	22941132	ENSG00000246130	RP11-875O11.2
6	160584571	160584787	ENSG00000216516	RP11-317M22.1
8	42804531	42804638	ENSG00000202514	Y_RNA
1	186490905	186491436	ENSG00000273198	GS1-304P7.3
1	94616294	94616610	ENSG00000264963	RN7SL440P
1	42506268	42507400	ENSG00000227538	HNRNPFP1
5	7707915	7749879	ENSG00000250761	RP11-711G10.1
15	76083811	76085024	ENSG00000261820	DNM1P49
8	42928617	42928761	ENSG00000200731	RNU1-124P
10	70883268	70932617	ENSG00000122958	VPS26A
1	94616974	94617077	ENSG00000238389	snoU13
1	186547411	186548431	ENSG00000228238	GS1-304P7.2
11	59266465	59266539	ENSG00000252418	RNU6-779P
7	25360921	25366434	ENSG00000233824	AC003985.1
X	113187479	113187691	ENSG00000201674	U3
8	42981138	42981540	ENSG00000254198	RP11-598P20.3
1	94713464	94715048	ENSG00000231363	RP11-148B18.1
HSCHR6_MHC_QBL	32792898	32792972	ENSG00000233053	HLA-Z
11	59299227	59300168	ENSG00000254770	OR4D7P
6	160693649	160697162	ENSG00000230234	RP1-276N6.2
8	71269582	71269683	ENSG00000207036	Y_RNA
HSCHR6_MHC_QBL	32833423	32833517	ENSG00000264401	AL935042.1
8	22928890	22932001	ENSG00000253616	RP11-875O11.3
2	74699085	74700449	ENSG00000204822	MRPL53
14	95999692	95999966	ENSG00000252481	SCARNA13
1	94767594	94768578	ENSG00000178596	GAPDHP29
19	47150869	47164395	ENSG00000197380	DACT3
7	25397859	25399527	ENSG00000260951	RP5-978I12.1
1	243218163	243219696	ENSG00000253326	RP11-261C10.7
2	216861052	216947678	ENSG00000115425	PECR
HSCHR6_MHC_QBL	32866827	32867341	ENSG00000228104	BRD2-IT1
8	71336360	71336811	ENSG00000241204	RP11-333A23.1
6	160824666	160825898	ENSG00000256731	AL591069.1
15	76109433	76109504	ENSG00000252372	SNORD112
X	136029907	136030292	ENSG00000232379	RP11-308D16.1
1	186549647	186550323	ENSG00000233196	GS1-304P7.1
11	8866810	8866905	ENSG00000252905	RNA5SP330
15	76187381	76187639	ENSG00000266308	RN7SL510P
14	96039899	96048293	ENSG00000258390	RP11-1070N10.4
11	59326273	59326334	ENSG00000252893	RNU7-58P
HSCHR6_MHC_QBL	32976288	32976697	ENSG00000233194	RPL32P1
1	42606306	42607062	ENSG00000228776	RP11-319C21.1
11	8898964	8899065	ENSG00000202276	Y_RNA
2	10830470	10832225	ENSG00000243819	RN7SL832P
15	76242805	76243485	ENSG00000260685	RP11-326L17.1
17	7833663	7835441	ENSG00000170043	TRAPPC1
1	186649754	186650578	ENSG00000273129	RP5-973M2.2
22	26887191	26908471	ENSG00000100109	TFIP11
X	113193202	113193367	ENSG00000207220	RNU1-57P
11	59328619	59333547	ENSG00000255008	AP000442.4
11	8964927	8965014	ENSG00000223080	Y_RNA
5	131817301	131826490	ENSG00000125347	IRF1
1	94784035	94790125	ENSG00000236098	RP11-148B18.4
X	113219603	113219893	ENSG00000240327	RN7SL93P
14	96087251	96109622	ENSG00000258927	RP11-1070N10.5
8	71383347	71392858	ENSG00000253143	Metazoa_SRP
15	76467232	76473827	ENSG00000259422	RP11-593F23.1
2	264140	278283	ENSG00000143727	ACP1
X	113260261	113260330	ENSG00000212611	SNORD30
HSCHR6_MHC_QBL	32988586	32994128	ENSG00000227286	HLA-DPA2
1	94798823	94800404	ENSG00000226835	RP11-148B18.3
1	243242159	243265035	ENSG00000214837	RP11-261C10.3
11	8986222	8999074	ENSG00000254860	TMEM9B-AS1
2	21346789	21366144	ENSG00000218819	TDRD15
11	59362550	59362631	ENSG00000264559	MIR3162
X	113623441	113623608	ENSG00000230502	CTD-2230M5.1
8	71383369	71397922	ENSG00000253967	RP11-333A23.4
1	187061974	187329455	ENSG00000236030	LINC01036
5	7924405	7925511	ENSG00000251168	CTD-2072I24.1
11	59383902	59407334	ENSG00000255139	AP000442.1
8	23046792	23048188	ENSG00000253930	RP11-1149O23.2
1	187412738	187446354	ENSG00000231599	LINC01037
15	76551327	76554031	ENSG00000259581	TYRO3P
17	79202077	79212891	ENSG00000167302	ENTHD2
8	43075103	43075952	ENSG00000253611	VN1R46P
HSCHR6_MHC_QBL	33000629	33004165	ENSG00000228164	COL11A2P1
1	42801057	42804047	ENSG00000227527	RP11-223A3.1
8	23064431	23064882	ENSG00000243265	RP11-1149O23.1
1	94871951	94872438	ENSG00000232918	RP11-366L18.1
8	71418486	71419053	ENSG00000241105	RP11-333A23.2
11	59436785	59443514	ENSG00000255355	AP000640.2
1	187449425	187449746	ENSG00000272827	RP11-445P19.3
X	113623588	113624407	ENSG00000271686	CTD-2230M5.3
1	42878069	42878465	ENSG00000235002	RP11-157D18.2
6	136663875	136871957	ENSG00000135525	MAP7
7	25587382	25590682	ENSG00000227386	AC091705.1
5	154320630	154348971	ENSG00000082515	MRPL22
10	124578332	124585965	ENSG00000272135	RP11-107C16.2
1	22303514	22325135	ENSG00000219073	CELA3B
1	187475970	187476251	ENSG00000271558	RP11-445P19.2
7	25610288	25610378	ENSG00000222101	AC091705.2
1	95051112	95057853	ENSG00000223675	RP11-86H7.6
8	43101898	43102078	ENSG00000253884	RP11-726G23.2
2	10857899	10861078	ENSG00000236162	AC092687.3
1	42957410	42958164	ENSG00000230116	RP11-163G10.2
11	9025709	9086701	ENSG00000253973	RP11-467K18.2
17	12663457	12693559	ENSG00000265489	RP11-1090M7.1
7	25632971	25790614	ENSG00000223561	AC003090.1
15	76631950	76634404	ENSG00000259514	RP11-685G9.2
1	95086707	95089740	ENSG00000235565	RP11-86H7.7
1	187505233	187505431	ENSG00000228012	RP11-393M18.1
8	23081984	23088439	ENSG00000246582	RP11-1149O23.3
1	150039369	150117505	ENSG00000136631	VPS45
X	136041042	136103638	ENSG00000241150	RP11-308D16.2
1	187532193	187533263	ENSG00000225462	FDPSP1
17	12820585	12820659	ENSG00000265503	MIR1269B
15	76635983	76636706	ENSG00000270036	RP11-685G9.4
19	17407005	17407504	ENSG00000269815	CTD-2278I10.4
6	31981047	31981564	ENSG00000250535	STK19P
11	9111859	9111926	ENSG00000264984	MIR5691
20	61569471	61576996	ENSG00000101193	GID8
17	12875869	12876142	ENSG00000266152	RN7SL550P
19	17471741	17473562	ENSG00000269350	CTD-2278I10.1
HSCHR6_MHC_QBL	33009286	33025634	ENSG00000234834	HLA-DPB2
4	70172187	70172891	ENSG00000251691	RP11-618I10.4
5	79945819	79946855	ENSG00000271043	MTRNR2L2
X	113625127	113625709	ENSG00000226547	SSU72P1
11	9115910	9117737	ENSG00000213538	KRT8P41
1	42965876	42966067	ENSG00000236876	TMSB4XP1
1	95104017	95285837	ENSG00000224081	LINC01057
15	76764440	76764706	ENSG00000261232	RP11-331H13.1
3	71338920	71355004	ENSG00000244203	FOXP1-AS1
1	243244458	243244561	ENSG00000212230	RNU6-747P
5	7980259	7980417	ENSG00000199773	RNU1-76P
19	17502238	17503093	ENSG00000269720	CTD-2521M24.5
10	124639246	124658230	ENSG00000255624	RP11-564D11.3
1	243299200	243303890	ENSG00000227230	RP11-261C10.5
6	32000490	32004035	ENSG00000229776	C4B-AS1
17	12893466	12893927	ENSG00000263707	RP11-597M12.1
11	92231318	92232101	ENSG00000244244	RPS3AP42
17	12999225	13004245	ENSG00000273098	RP11-488L1.1
8	71516767	71516872	ENSG00000238450	snoU13
3	71591121	71591240	ENSG00000221264	MIR1284
8	87497059	87573726	ENSG00000085719	CPNE3
6	32046285	32046405	ENSG00000252512	RNA5SP206
1	243327940	243332747	ENSG00000232085	RP11-261C10.4
1	43034704	43034810	ENSG00000200254	RNU6-536P
8	71566815	71567118	ENSG00000243532	RN7SL19P
15	76878988	76879032	ENSG00000266449	MIR3713
1	187610358	187612992	ENSG00000230426	ERVMER61-1
X	113824088	113824403	ENSG00000224664	RPL36AP53
3	71619406	71623608	ENSG00000242094	FOXP1-IT1
11	92462496	92462581	ENSG00000239086	snoU13
16	337440	402673	ENSG00000103126	AXIN1
6	32152516	32153659	ENSG00000273333	XXbac-BPG300A18.13
4	70212327	70223895	ENSG00000250612	RP11-618I10.2
8	71693149	71693243	ENSG00000223220	Y_RNA
11	9263995	9267056	ENSG00000255097	RP11-5L12.1
1	43036641	43037061	ENSG00000236180	RP11-163G10.4
15	77028982	77029321	ENSG00000201510	RN7SKP217
5	8157654	8157901	ENSG00000249486	RP11-215I16.1
15	65526798	65592956	ENSG00000138617	PARP16
11	92481898	92500033	ENSG00000255506	RP11-203F8.1
13	27998681	28009958	ENSG00000122034	GTF3A
1	187675692	187678029	ENSG00000236401	RP11-393M18.4
15	77269258	77269551	ENSG00000243365	RN7SL278P
3	71634094	71636560	ENSG00000270562	RP11-154H23.3
8	72067692	72116458	ENSG00000254031	RP11-326E22.1
2	10884312	10884375	ENSG00000239053	RNU7-138P
11	9332831	9333236	ENSG00000254884	RP11-682B13.2
6	32223488	32233615	ENSG00000225914	XXbac-BPG154L12.4
15	77271586	77272792	ENSG00000259565	KRT8P23
1	243430559	243431421	ENSG00000224727	FCF1P7
1	43144406	43147325	ENSG00000234917	RP5-994D16.3
6	160874460	160932156	ENSG00000213071	LPAL2
11	92647768	92649757	ENSG00000255127	RP11-676F20.2
3	71876328	71876614	ENSG00000239250	RN7SL271P
10	38120817	38120899	ENSG00000266800	AL135791.1
1	187683374	187683866	ENSG00000223847	RP5-925F19.1
6	32292996	32293955	ENSG00000237285	HNRNPA1P2
11	9450320	9450501	ENSG00000201998	SNORA23
3	72055925	72056126	ENSG00000244130	UBE2Q2P9
10	38146668	38148038	ENSG00000236514	RP11-162G10.5
1	43241484	43242461	ENSG00000228452	RP5-994D16.9
11	3108346	3187969	ENSG00000021762	OSBPL5
11	9451903	9455033	ENSG00000254397	CTD-2371O3.2
5	8333596	8457671	ENSG00000245729	RP11-480D4.1
2	23608088	23931481	ENSG00000119771	KLHL29
HSCHR6_MHC_QBL	33027765	33039900	ENSG00000224929	HLA-DPA3
10	38172522	38173037	ENSG00000151963	RP11-775A3.1
17	29298670	29300330	ENSG00000264456	RP11-848P1.2
8	72361046	72361454	ENSG00000253124	TRAPPC2P2
19	17516503	17529713	ENSG00000269640	CTD-2521M24.9
11	9599575	9599678	ENSG00000238387	snoU13
HSCHR6_MHC_QBL	33041365	33044349	ENSG00000238100	HCG24
1	188036429	188036656	ENSG00000150732	RP11-134C1.1
14	96505661	96560417	ENSG00000227051	C14orf132
17	29302405	29302972	ENSG00000264743	DPRXP4
6	32320654	32320760	ENSG00000223335	RNU6-603P
11	9602453	9602763	ENSG00000243869	RN7SL56P
1	43300352	43312093	ENSG00000228192	RP11-342M1.3
5	139154890	139155057	ENSG00000271792	CTB-35F21.5
HSCHR6_MHC_QBL	33096204	33096298	ENSG00000265071	Y_RNA
1	243509478	243509557	ENSG00000265201	MIR4677
11	9627689	9628156	ENSG00000243964	RP11-16F15.1
17	29305628	29307268	ENSG00000266340	RP11-848P1.4
6	32358287	32361463	ENSG00000228962	HCG23
8	23082746	23088428	ENSG00000250714	RP11-1149O23.4
HSCHR6_MHC_QBL	33104442	33104551	ENSG00000263552	hsa-mir-219a-1
5	139227875	139235974	ENSG00000250692	CTB-35F21.4
15	77334178	77335533	ENSG00000260787	RP11-797A18.4
1	243708834	243711631	ENSG00000236031	RP11-269F20.1
9	130455257	130487152	ENSG00000187024	PTRH1
17	29335172	29335337	ENSG00000264148	RP11-848P1.7
8	72361930	72362043	ENSG00000221446	AC099805.1
10	124931048	124931395	ENSG00000227586	RP11-162A23.5
2	68686551	68694390	ENSG00000204923	FBXO48
4	164265091	164273086	ENSG00000164129	NPY5R
1	95116100	95116934	ENSG00000232857	KATNBL1P2
HSCHR6_MHC_QBL	33112312	33112935	ENSG00000231030	ZNF70P1
12	56122888	56124467	ENSG00000258056	RP11-644F5.11
1	188124970	188125311	ENSG00000222240	RN7SKP156
8	72587535	72615021	ENSG00000254277	RP11-1144P22.1
8	23193684	23223638	ENSG00000253837	RP11-177H13.2
HSCHR6_MHC_QBL	33134418	33136320	ENSG00000235684	HTATSF1P
1	188187531	188189807	ENSG00000261182	RP11-201A3.1
4	108852525	108874613	ENSG00000155016	CYP2U1
11	92670607	92670832	ENSG00000255287	SNRPGP16
16	3546201	3546768	ENSG00000240311	LA16c-306E5.1
1	243787968	243788358	ENSG00000226766	FABP7P1
6	32427598	32441277	ENSG00000196301	HLA-DRB9
2	110424705	110425579	ENSG00000231099	BMS1P19
15	77336022	77337502	ENSG00000259652	RP11-797A18.3
8	72691840	72705110	ENSG00000253287	RP11-281N10.1
4	70253298	70254025	ENSG00000268209	RP11-618I10.3
6	32517717	32517867	ENSG00000251916	RNU1-61P
12	56126150	56126432	ENSG00000257384	RP11-644F5.12
1	188211270	188211809	ENSG00000224278	RP11-405P11.1
15	77359996	77360667	ENSG00000269951	RP11-797A18.6
1	95138474	95139717	ENSG00000244433	PGBD4P7
3	135684515	135866733	ENSG00000073711	PPP2R3A
5	79950467	80172279	ENSG00000113318	MSH3
17	29335515	29420145	ENSG00000266865	RP11-848P1.9
11	92698963	92699769	ENSG00000254874	RP11-676F20.1
15	77496920	77497442	ENSG00000259722	RP11-94P14.1
16	3594431	3595785	ENSG00000262312	LA16c-390H2.4
8	23316114	23342484	ENSG00000253390	CTC-756D1.2
10	124975618	124975704	ENSG00000265463	AC012391.1
8	72727729	72727860	ENSG00000200191	U8
15	42120293	42140353	ENSG00000168970	JMJD7-PLA2G4B
1	95211416	95211456	ENSG00000263526	MIR378G
11	92785561	92785993	ENSG00000242807	RPL26P31
X	113865259	113865386	ENSG00000208839	SNORA35
16	3631182	3633267	ENSG00000261938	RP11-461A8.1
8	72744839	72744923	ENSG00000264576	AC104012.1
1	243866159	243904123	ENSG00000232184	RP11-370K11.1
6	32520490	32527799	ENSG00000229391	HLA-DRB6
1	40997233	41013841	ENSG00000117010	ZNF684
8	43102334	43102553	ENSG00000255166	RP11-726G23.11
10	38183565	38185594	ENSG00000235197	ZNF33AP1
8	23340529	23341047	ENSG00000253483	CTC-756D1.1
8	72808226	72808565	ENSG00000241942	RPS20P20
1	95302304	95320982	ENSG00000237416	RP11-465K1.2
16	3700637	3701704	ENSG00000263235	RP11-461A8.4
GL000201.1	3905	22432	ENSG00000215616	AC002321.2
10	38243850	38243919	ENSG00000266684	AL117337.1
11	92885241	92885916	ENSG00000255445	RP11-573M3.3
6	13358062	13487894	ENSG00000145990	GFOD1
15	77570807	77571116	ENSG00000230459	RP11-741G21.1
4	70255208	70267799	ENSG00000215110	RP11-790I12.1
2	89066835	89066930	ENSG00000221686	AC096579.1
1	243956507	243957702	ENSG00000228939	AKT3-IT1
16	3725411	3727060	ENSG00000178430	AC006111.1
10	38265753	38281395	ENSG00000226447	RP11-393J16.4
2	10908001	10910184	ENSG00000272275	RP11-791G15.2
X	113870731	113870837	ENSG00000263653	AC007025.1
2	89109984	89161075	ENSG00000240040	AC096579.13
1	188477669	188505596	ENSG00000225006	RP11-669M2.1
11	92954652	92954796	ENSG00000233737	RP11-573M3.4
16	3890529	3891011	ENSG00000262516	RP11-95J11.1
22	25297114	25297181	ENSG00000199783	SNORD56
1	244080704	244210619	ENSG00000226828	RP11-278H7.1
8	23350522	23351711	ENSG00000253986	CTC-756D1.3
1	43352268	43354438	ENSG00000233708	RP11-342M1.7
5	139399077	139399177	ENSG00000207317	Y_RNA
2	10955611	10955672	ENSG00000238962	RNU7-176P
10	38283791	38283903	ENSG00000206840	Y_RNA
22	25498407	25508659	ENSG00000203280	CTA-221G9.11
1	22328149	22339032	ENSG00000142789	CELA3A
16	3981218	3996306	ENSG00000262888	RP11-462G12.2
HSCHR6_MHC_QBL	33146133	33151585	ENSG00000231343	HCG25
1	188640484	188640890	ENSG00000235083	RP11-669M2.2
4	164392257	164395047	ENSG00000151005	TKTL2
1	95393122	95428826	ENSG00000235501	RP4-639F20.1
11	92973299	92974334	ENSG00000255233	RP11-755E23.3
3	72084451	72291716	ENSG00000241163	LINC00877
X	113873918	113874002	ENSG00000212100	MIR764
10	38332801	38332903	ENSG00000252132	RNU6-795P
8	73108569	73114504	ENSG00000253317	RP11-142A23.1
10	129894923	129924649	ENSG00000148773	MKI67
17	56752647	56752823	ENSG00000266561	CTD-2200P10.3
10	38368984	38369805	ENSG00000226086	EIF3LP3
15	77817882	77826452	ENSG00000259362	RP11-307C19.1
8	23457539	23457651	ENSG00000252067	RNU4-71P
11	93140991	93141079	ENSG00000221565	AP004242.1
17	56754935	56755098	ENSG00000206917	RNU1-52P
3	177725460	177725567	ENSG00000199858	RNU6-1120P
16	3997610	4000445	ENSG00000262185	RP11-462G12.1
12	96043031	96067775	ENSG00000257150	PGAM1P5
5	139452442	139488215	ENSG00000245146	LINC01024
X	113886019	113886098	ENSG00000222321	MIR1912
11	93268634	93268982	ENSG00000234106	RP11-288E14.2
6	154331631	154568001	ENSG00000112038	OPRM1
17	56756888	56757051	ENSG00000200997	RNU1-85P
2	11014417	11014693	ENSG00000270488	RP11-245G13.1
22	25575276	25575521	ENSG00000271181	CTA-221G9.10
10	125082938	125083102	ENSG00000270902	RP11-338O1.3
10	38380692	38380979	ENSG00000235964	FXYD6P2
11	64556290	64570713	ENSG00000168067	MAP4K2
8	73114986	73163800	ENSG00000250979	RP11-656G20.1
17	56913260	56913355	ENSG00000251865	RNU6-518P
8	23492389	23493020	ENSG00000253488	RP11-583M2.2
1	244232122	244256328	ENSG00000229960	RP11-278H7.4
10	125115966	125277224	ENSG00000230131	RP11-282I1.1
1	43356765	43358101	ENSG00000237090	RP11-342M1.6
2	29320571	29412509	ENSG00000115295	CLIP4
16	4082013	4082937	ENSG00000263159	RP11-462G12.4
1	244267234	244267510	ENSG00000244066	RN7SL148P
1	188663451	188664242	ENSG00000231022	RPS3AP9
11	93290079	93290369	ENSG00000240202	RN7SL223P
15	77861312	77901023	ENSG00000259420	RP11-307C19.2
17	56975137	56977053	ENSG00000241462	RP11-579O24.1
20	61584052	61599949	ENSG00000101194	SLC17A9
1	146310555	146349531	ENSG00000239475	HYDIN2
10	38426265	38433327	ENSG00000272983	RP11-508N22.12
1	244270667	244272313	ENSG00000237759	RP11-278H7.3
11	93342926	93343499	ENSG00000255515	RP11-178H8.3
10	38438896	38439221	ENSG00000273019	RP11-508N22.13
5	8387751	8457677	ENSG00000249159	RP11-480D4.2
16	4180556	4180821	ENSG00000262471	RP11-95P2.4
5	92919043	92930321	ENSG00000175745	NR2F1
1	244538402	244572894	ENSG00000240963	RP11-518L10.5
1	95527152	95533101	ENSG00000230427	RP11-313A24.1
22	25608709	25609652	ENSG00000236641	CTA-221G9.7
11	93452769	93452881	ENSG00000199875	Y_RNA
X	113949650	113949761	ENSG00000221710	MIR1298
4	133757927	133902832	ENSG00000251488	RP11-404I7.2
1	46640745	46651630	ENSG00000117472	TSPAN1
2	89111884	89111968	ENSG00000265510	MIR4436A
10	38450498	38450677	ENSG00000225965	RP11-508N22.6
16	4230118	4233516	ENSG00000263105	RP11-95P2.3
4	70272649	70273373	ENSG00000248824	RP11-790I12.6
11	93454679	93455032	ENSG00000254911	SCARNA9
8	23564654	23647000	ENSG00000253471	RP11-175E9.1
22	25675496	25678641	ENSG00000233577	RP3-462D8.2
17	47074774	47133012	ENSG00000159217	IGF2BP1
1	95585703	95604110	ENSG00000231992	RP11-57H12.2
10	38453576	38466958	ENSG00000241125	RP11-508N22.9
4	133906665	133909832	ENSG00000249513	RP11-404I7.1
15	77934106	77943997	ENSG00000259666	RP11-307C19.3
6	32627657	32628506	ENSG00000223534	HLA-DQB1-AS1
HSCHR6_MHC_QBL	33235605	33236122	ENSG00000230193	MYL8P
1	95591067	95591165	ENSG00000206679	Y_RNA
X	113997744	113997823	ENSG00000222715	MIR1911
1	244558278	244558962	ENSG00000225401	TGIF2P1
1	188674754	188680011	ENSG00000237283	RP11-316I3.1
16	4295826	4303790	ENSG00000262468	RP11-95P2.1
11	93463679	93463812	ENSG00000207112	SNORA25
10	38464596	38501285	ENSG00000224761	RP11-508N22.8
2	72356367	72375167	ENSG00000003137	CYP26B1
1	43368903	43369583	ENSG00000225099	ATP6V1E1P1
1	95628775	95699538	ENSG00000226026	RP11-57H12.3
6	32627663	32630227	ENSG00000241287	XXbac-BPG254F23.6
11	93464145	93464265	ENSG00000206799	SNORA32
1	188838608	188856565	ENSG00000238054	RP11-316I3.2
4	133996466	134070271	ENSG00000250241	RP11-9G1.3
22	25714223	25716047	ENSG00000206066	IGLL3P
6	32673901	32674732	ENSG00000235040	MTCO3P1
2	89130700	89165653	ENSG00000231486	AC096579.7
11	93464668	93464740	ENSG00000202314	SNORD6
12	56155334	56156412	ENSG00000257509	RP11-762I7.4
2	11018395	11025244	ENSG00000271952	RP11-245G13.2
1	188874819	189006393	ENSG00000226486	LINC01035
4	70274554	70288882	ENSG00000249956	RP11-790I12.2
11	93465170	93465299	ENSG00000206834	SNORA1
11	65657875	65659105	ENSG00000175602	CCDC85B
1	244752848	244752946	ENSG00000238952	AC099757.1
10	38475598	38475699	ENSG00000236309	RP11-508N22.10
1	189005092	189005575	ENSG00000271036	CLPTM1LP1
17	57043313	57044088	ENSG00000263938	RP11-579O24.3
11	93465527	93465665	ENSG00000207304	SNORA8
8	125948766	125956007	ENSG00000255313	RP11-1082L8.2
2	110490308	110490713	ENSG00000233307	AC109815.2
1	43424720	43449029	ENSG00000227533	SLC2A1-AS1
15	77952394	77960416	ENSG00000259281	CTD-2632K10.1
6	32685782	32686612	ENSG00000232080	XXbac-BPG254F23.7
1	244761693	244761989	ENSG00000227735	CYCSP5
1	95708781	95729610	ENSG00000228852	RP11-57H12.5
3	41236328	41301587	ENSG00000168036	CTNNB1
4	164415594	164441691	ENSG00000198498	TMA16
17	57066229	57066315	ENSG00000216168	AC100832.1
2	219934076	219934531	ENSG00000272644	RP11-33O4.1
5	33944721	33984835	ENSG00000164175	SLC45A2
8	12168471	12175825	ENSG00000232948	DEFB130
10	38536850	38622083	ENSG00000226113	RP11-672F9.1
8	126009227	126010440	ENSG00000253513	RP11-6D1.3
17	57136587	57136850	ENSG00000263558	RN7SL716P
2	219967156	219967437	ENSG00000240317	RN7SL764P
2	11242268	11243123	ENSG00000226080	RP11-345J13.1
6	90551048	90551143	ENSG00000199630	Y_RNA
12	56223529	56230030	ENSG00000182796	TMEM198B
1	244857732	244858022	ENSG00000232059	RP11-173A6.2
16	4374668	4378341	ENSG00000262686	AC005356.1
1	95776484	95783819	ENSG00000228504	RP4-586O15.1
17	57183959	57195628	ENSG00000224738	AC099850.1
X	10125024	10205700	ENSG00000073464	CLCN4
2	220088745	220088827	ENSG00000221344	AC068946.1
8	126052926	126057231	ENSG00000253167	KIAA0196-AS1
6	90586263	90586597	ENSG00000218300	RP11-63K6.4
10	38539370	38539531	ENSG00000234941	RP11-508N22.11
15	78079535	78081016	ENSG00000259213	CTD-2071N1.1
16	4385871	4387819	ENSG00000262712	RP11-295D4.1
8	126282846	126283142	ENSG00000242170	RN7SL329P
4	134045259	134047218	ENSG00000248735	R3HDM2P1
1	189101481	189102423	ENSG00000226196	RP11-373J16.2
17	57206637	57206819	ENSG00000252212	RNU2-58P
8	126360438	126363658	ENSG00000254431	RP11-550A5.2
16	4610002	4611663	ENSG00000261789	RP11-709D24.5
22	25723219	25735942	ENSG00000230637	CTA-246H3.8
9	141090383	141093775	ENSG00000237419	RP11-885N19.6
6	32698535	32699472	ENSG00000226030	HLA-DQB3
2	220117965	220136910	ENSG00000243910	TUBA4B
17	57215119	57215233	ENSG00000211514	MIR454
1	95816807	95817810	ENSG00000230434	RP11-14O19.1
2	110494713	110495100	ENSG00000233707	RPL22P11
16	4612815	4613129	ENSG00000261612	SUB1P3
8	126456807	126457060	ENSG00000266452	RN7SL590P
16	32471587	32471683	ENSG00000260662	RP11-626K17.2
4	134482011	134482089	ENSG00000221637	AC105252.1
8	126479181	126553615	ENSG00000253111	RP11-136O12.2
1	43457109	43457215	ENSG00000207256	RNU6-880P
15	78187026	78197016	ENSG00000260139	CSPG4P13
19	17525066	17533133	ENSG00000269481	CTD-2521M24.6
4	134495721	134496363	ENSG00000250191	RP11-285A15.1
15	52873514	53002014	ENSG00000047346	FAM214A
1	245003940	245018799	ENSG00000188206	HNRNPU-AS1
1	43489220	43489308	ENSG00000252803	RNU6-870P
HSCHR6_MHC_QBL	33262070	33262864	ENSG00000232376	LYPLA2P1
2	89214597	89214894	ENSG00000197794	IGKV7-3
22	25745510	25746289	ENSG00000231466	CTA-246H3.11
1	189635279	189635386	ENSG00000252553	RNA5SP73
17	29365593	29386139	ENSG00000265798	RP11-271K11.5
14	20811741	20826064	ENSG00000129484	PARP2
1	95821785	95846556	ENSG00000237954	RP11-14O19.2
1	43662088	43662207	ENSG00000199240	RNA5SP46
6	32717689	32717756	ENSG00000263649	MIR3135B
19	17527840	17529097	ENSG00000254503	CTD-2521M24.4
9	141106637	141143444	ENSG00000233013	FAM157B
5	133936834	133984961	ENSG00000152700	SAR1B
7	64027192	64027821	ENSG00000235349	RP11-561N12.6
6	90595875	90597567	ENSG00000219240	RP11-63K6.5
11	65659520	65668044	ENSG00000175592	FOSL1
1	43855553	43918321	ENSG00000198198	SZT2
1	189744595	189784048	ENSG00000232212	RP11-398M15.1
22	25830291	25831037	ENSG00000272942	CTA-246H3.12
11	9652555	9652906	ENSG00000255463	RP11-16F15.4
19	40721965	40724306	ENSG00000174521	TTC9B
15	65619465	65670378	ENSG00000174498	IGDCC3
1	43820355	43824329	ENSG00000234694	RP1-92O14.3
16	32486372	32489571	ENSG00000261233	ABCD1P3
8	126761299	126762485	ENSG00000253470	RP11-697B24.1
2	89221844	89222269	ENSG00000225136	PGBD4P5
7	64029806	64030815	ENSG00000213642	RP11-561N12.5
22	25832279	25832882	ENSG00000272798	CTA-390C10.9
12	129277739	129308528	ENSG00000139370	SLC15A4
1	146392310	146392852	ENSG00000244371	PFN1P8
10	38645305	38667433	ENSG00000099251	HSD17B7P2
4	134792401	134931845	ENSG00000251388	RP11-427M20.1
4	70303075	70306768	ENSG00000250828	RP11-790I12.3
1	95940293	95944912	ENSG00000233907	RP4-617C6.1
6	32811863	32814272	ENSG00000204261	TAPSAR1
8	73269963	73270050	ENSG00000252509	RNA5SP271
11	9681946	9682503	ENSG00000239470	RP11-16F15.2
5	98104354	98134347	ENSG00000174136	RGMB
22	25833273	25833790	ENSG00000271138	IGLVIVOR22-1
6	90608002	90608111	ENSG00000252891	Y_RNA
7	64043111	64043585	ENSG00000224669	RP11-561N12.1
19	17530114	17530583	ENSG00000269053	CTD-2521M24.8
1	43850784	43854826	ENSG00000229431	RP1-92O14.6
4	134964622	134964708	ENSG00000266277	AC096763.1
8	126913195	126913298	ENSG00000206695	RNU6-442P
HSCHR6_MHC_QBL	33285981	33286082	ENSG00000227168	RPL35AP4
8	73341855	73342347	ENSG00000212989	RP11-351E7.2
1	189837131	189837658	ENSG00000238270	RP11-445J9.1
6	90629915	90631479	ENSG00000232532	RP11-63K6.7
1	146473490	146475177	ENSG00000234225	RP4-704D21.2
1	95970532	95970619	ENSG00000216037	AL356479.1
19	17563020	17563778	ENSG00000269736	CTD-2521M24.11
2	89231184	89231898	ENSG00000253435	IGKV2-4
4	135176328	135248628	ENSG00000251199	RP11-400D2.2
5	154393260	154397685	ENSG00000226650	KIF4B
12	49962001	50038449	ENSG00000110844	PRPF40B
19	47177532	47220384	ENSG00000105287	PRKD2
1	189958700	189962227	ENSG00000230987	RP11-113I24.1
8	126934552	126963493	ENSG00000245164	LINC00861
1	43913447	43914315	ENSG00000229372	SZT2-AS1
2	11239977	11272947	ENSG00000145063	AC062028.1
8	73374546	73383207	ENSG00000254347	RP11-351E7.1
HSCHR6_MHC_QBL	33296657	33297154	ENSG00000228099	RPL12P1
14	77564654	77691805	ENSG00000259164	RP11-463C8.4
1	95975672	96247898	ENSG00000228971	RP11-286B14.1
2	220158833	220158922	ENSG00000207647	MIR153-1
8	12282913	12293915	ENSG00000145002	FAM86B2
19	17568066	17568166	ENSG00000222805	AC010319.1
2	110690738	110742667	ENSG00000186148	AC013271.3
1	43919598	43922666	ENSG00000229348	HYI-AS1
11	9702471	9702785	ENSG00000201564	RN7SKP50
4	144257915	144395721	ENSG00000109458	GAB1
2	220163724	220168852	ENSG00000230432	AC114803.3
1	245028040	245028574	ENSG00000273175	RP11-11N7.4
22	25844072	25916821	ENSG00000100058	CRYBB2P1
10	23728198	23731308	ENSG00000165312	OTUD1
19	17599799	17622698	ENSG00000269439	CTD-3131K8.2
8	73530957	73531618	ENSG00000253226	HAUS1P3
6	90659835	90662905	ENSG00000226455	RP3-512E2.2
11	9776317	9781080	ENSG00000245522	RP11-540A21.2
X	53094235	53094730	ENSG00000270497	RP1-290F12.3
2	220223592	220223705	ENSG00000232789	AC053503.2
1	190234028	190331400	ENSG00000225811	RP11-547I7.1
4	135248218	135249953	ENSG00000248191	PES1P1
4	70315732	70317331	ENSG00000249686	RP11-790I12.4
2	220253218	220268355	ENSG00000229525	AC053503.4
1	245107212	245107518	ENSG00000201758	RN7SKP55
1	146490895	146596107	ENSG00000227242	NBPF13P
2	89319489	89320183	ENSG00000253278	IGKV2-10
16	32611620	32626960	ENSG00000259966	RP11-652G5.1
1	245118160	245118265	ENSG00000252073	RNU6-947P
19	17629139	17631374	ENSG00000269161	CTD-3131K8.3
4	151503077	151505843	ENSG00000181541	MAB21L2
X	53122892	53124040	ENSG00000234019	RP11-236P24.3
1	245186317	245186420	ENSG00000252282	RNU6-1089P
HSCHR6_MHC_QBL	33306984	33307829	ENSG00000239756	PHF1
6	90710941	90711225	ENSG00000222078	RN7SKP110
1	45140364	45191263	ENSG00000198520	C1orf228
4	135345022	135379007	ENSG00000251291	RP11-400D2.3
1	44165436	44173809	ENSG00000236200	KDM4A-AS1
1	245207230	245207334	ENSG00000251754	RNU6-999P
8	126964105	126964558	ENSG00000253651	SOD1P3
19	17700404	17700880	ENSG00000243771	CTD-3131K8.1
6	90826419	90826824	ENSG00000218730	RP3-453I5.2
17	34391640	34399392	ENSG00000006074	CCL18
1	190447681	190449865	ENSG00000237457	RP11-547I7.2
4	146539415	146581187	ENSG00000151611	MMAA
1	245286773	245287752	ENSG00000223353	RP11-290P14.2
2	220289793	220290906	ENSG00000234638	AC053503.6
4	135680554	135738444	ENSG00000249000	CTD-2012I17.1
4	70345049	70345152	ENSG00000264696	AC108078.1
6	91022461	91022552	ENSG00000266760	MIR4464
15	78206559	78219188	ENSG00000260776	RP11-114H24.2
X	53123327	53196196	ENSG00000232593	LINC01155
8	127011238	127013245	ENSG00000254227	RP11-622O11.4
3	20038295	20038417	ENSG00000201545	RNU4-85P
4	70383385	70384118	ENSG00000248886	UGT2A3P7
2	89345492	89345963	ENSG00000253497	IGKV1-13
4	135854044	135855286	ENSG00000249847	RP11-192C21.2
9	141150045	141150148	ENSG00000223256	RNU6-785P
2	220346795	220381599	ENSG00000227432	AC053503.11
6	91054938	91072351	ENSG00000260271	RP1-45N11.1
11	9779839	9832866	ENSG00000246273	SBF2-AS1
8	127084831	127086475	ENSG00000250563	KNOP1P5
8	73644280	73664078	ENSG00000253726	RP11-313C15.1
2	220362333	220362968	ENSG00000268603	RP11-316O14.1
4	135865430	135865678	ENSG00000251228	RP11-192C21.3
16	4683596	4683882	ENSG00000263955	RN7SL850P
HSCHR12_2_CTG2_1	59314420	59465068	ENSG00000262592	RP11-150C16.1
16	4684330	4690624	ENSG00000261442	RP11-709D24.6
4	70438109	70451245	ENSG00000251177	RP11-401E5.2
1	190449509	190463427	ENSG00000241505	RP11-161I10.1
2	220411933	220412380	ENSG00000268896	RP11-256I23.1
1	96208652	96225026	ENSG00000271252	RP11-286B14.2
6	91156491	91156565	ENSG00000252676	AL391559.1
HSCHR12_2_CTG2_1	59420999	59421724	ENSG00000262159	RPS6P22
1	245297229	245297392	ENSG00000201170	RNU1-132P
4	135873414	135874044	ENSG00000241411	RP11-192C21.1
8	127085290	127085776	ENSG00000253841	RP11-622O11.5
2	120302008	120419827	ENSG00000163075	PCDP1
2	220413795	220413869	ENSG00000265252	MIR3132
1	190594020	190770788	ENSG00000231175	RP11-463J7.2
1	96352096	96352182	ENSG00000221798	AC092812.1
1	22379120	22419437	ENSG00000070831	CDC42
6	92100031	92102718	ENSG00000224605	RP1-177I10.1
16	32630054	32630173	ENSG00000262187	RP11-652G5.2
4	108910870	108956331	ENSG00000138796	HADH
9	130469268	130478281	ENSG00000160401	C9orf117
1	245369746	245397803	ENSG00000232192	RP11-62I21.1
8	127153920	127154003	ENSG00000221706	AC090573.1
14	77582911	77725838	ENSG00000165548	TMEM63C
16	4780116	4802566	ENSG00000266994	RP11-127I20.7
4	135966619	135968005	ENSG00000250144	RP11-553P9.1
1	96691457	96691616	ENSG00000200800	RNU1-130P
2	89377506	89378280	ENSG00000253265	IGKV2-14
2	220423805	220424348	ENSG00000269068	RP11-256I23.2
19	17724531	17725239	ENSG00000269752	CTD-3149D2.3
10	78907410	78909858	ENSG00000225497	RP11-180I22.2
6	32846948	32847625	ENSG00000234515	PPP1R2P1
1	190750917	190751125	ENSG00000236025	RP11-463J7.1
8	127186430	127187258	ENSG00000248720	RFPL4AP5
2	220455409	220455706	ENSG00000222678	RN7SKP213
6	92231378	92231455	ENSG00000263734	MIR4643
HSCHR12_2_CTG2_1	59453810	59455014	ENSG00000262036	RP11-557F20.2
1	96719625	96839681	ENSG00000231987	RP5-898J17.1
16	32646994	32647366	ENSG00000261111	RP11-96K14.1
19	17838649	17845322	ENSG00000268112	CTD-3149D2.4
2	220489781	220491415	ENSG00000228973	AC009955.8
16	4845266	4846533	ENSG00000267077	RP11-127I20.5
5	155297354	156194799	ENSG00000170624	SGCD
6	92339633	92400146	ENSG00000224944	CASC6
10	79073699	79075452	ENSG00000224500	RP11-328K22.1
X	53142200	53142456	ENSG00000235224	RP11-236P24.1
19	17973397	17973529	ENSG00000207166	SNORA68
5	139536904	139552636	ENSG00000254363	CTB-131B5.5
X	53159663	53159723	ENSG00000251707	RNU7-37P
1	96856208	96856949	ENSG00000225923	RP4-736I12.1
GL000215.1	23516	25354	ENSG00000268851	AL162851.1
Y	15016019	15032390	ENSG00000067048	DDX3Y
1	190766654	190767086	ENSG00000238108	RP11-463J7.3
16	4853207	4854787	ENSG00000256599	AC020663.1
2	220509812	220510353	ENSG00000267919	RP11-256I23.3
6	92436528	92436788	ENSG00000262095	RP3-433F14.4
19	18082834	18082926	ENSG00000252591	RNA5SP468
X	53172014	53173095	ENSG00000231340	ACTG1P10
1	245446133	245446391	ENSG00000232793	DNAJC19P8
6	32864193	32864267	ENSG00000235301	HLA-Z
4	135988388	136018813	ENSG00000248434	RP11-553P9.2
8	127337740	127341780	ENSG00000244791	RP11-65D17.1
16	5001774	5001892	ENSG00000200980	Y_RNA
1	204485511	204542871	ENSG00000198625	MDM4
6	92436877	92437042	ENSG00000219087	RP3-433F14.2
6	32904693	32904787	ENSG00000212066	AL645941.1
19	18133212	18142909	ENSG00000268032	CTB-52I2.4
16	32660514	32675277	ENSG00000261569	RP11-586K12.11
1	146522379	146524043	ENSG00000225603	RP11-325P15.1
16	5060910	5092251	ENSG00000267072	RP11-165E7.1
6	32938009	32938663	ENSG00000223837	BRD2-IT1
8	127486434	127504841	ENSG00000253427	RP11-103H7.1
10	79114162	79136371	ENSG00000225652	RP11-619F23.2
X	53172216	53172299	ENSG00000266700	AL139396.1
1	96884150	96884489	ENSG00000234422	UBE2WP1
5	139575287	139575376	ENSG00000264890	AC011379.1
1	44175063	44193014	ENSG00000229444	RP11-184I16.4
1	191115155	191116091	ENSG00000228020	HNRNPA1P46
2	220548752	220549517	ENSG00000231802	AC009502.1
1	245533636	245533721	ENSG00000221165	AL359983.1
2	89428207	89428966	ENSG00000254157	IGKV2-18
10	121588972	121652068	ENSG00000197771	MCMBP
5	139579748	139582772	ENSG00000250069	CTB-131B5.2
X	53193573	53193739	ENSG00000227329	RP11-258C19.4
10	28339922	28623415	ENSG00000150054	MPP7
8	127510394	127512548	ENSG00000253220	RP11-103H7.2
1	245778075	245778447	ENSG00000238224	RP11-522M21.2
HSCHR18_2_CTG2	65243268	65253666	ENSG00000262102	DSEL
6	32939842	32940630	ENSG00000263756	XXbac-BPG181M17.6
5	139728069	139737379	ENSG00000253965	CTC-329D1.3
1	96912486	96913874	ENSG00000228502	EEF1A1P11
1	44182138	44182227	ENSG00000252201	RNU6-1058P
4	136034060	136044934	ENSG00000248456	RP11-553P9.3
4	70657590	70679606	ENSG00000236959	SULT1D1P
1	245837034	245839780	ENSG00000231612	RP11-522M21.3
8	127517008	127517114	ENSG00000207138	RNU6-869P
16	32661516	32662231	ENSG00000261263	RP11-586K12.13
1	191120640	191123764	ENSG00000261642	RP11-309H21.3
1	146551295	146551419	ENSG00000201142	RNVU1-8
6	92437000	92437223	ENSG00000220340	RP3-433F14.1
6	33047228	33047637	ENSG00000224796	RPL32P1
9	12685439	12710290	ENSG00000107165	TYRP1
19	18151165	18151893	ENSG00000268623	CTB-52I2.3
X	53198279	53200096	ENSG00000270189	RP11-258C19.7
1	44209142	44209412	ENSG00000233674	RP11-184I16.3
8	127530943	127534596	ENSG00000253530	RP11-103H7.3
HSCHR6_MHC_DBB	32786475	32790461	ENSG00000230034	PSMB8
3	177919838	178103205	ENSG00000223930	RP11-33A14.1
1	146553887	146555127	ENSG00000230832	RP11-325P15.2
1	191148651	191148869	ENSG00000271187	RP11-309H21.4
10	79193330	79193540	ENSG00000228092	COX6CP15
19	18159447	18159900	ENSG00000243455	RPS18P13
2	220550103	220602659	ENSG00000227308	AC009502.4
1	246196853	246198905	ENSG00000235096	RP11-83A16.1
1	97048765	97049081	ENSG00000241992	RN7SL831P
6	33059530	33065072	ENSG00000231461	HLA-DPA2
8	127569141	127569678	ENSG00000254010	RP11-103H7.5
2	89434458	89434740	ENSG00000253732	IGKV2-19
4	136236573	136236677	ENSG00000207188	RNU6-569P
16	32675246	32677854	ENSG00000260311	RP11-586K12.10
10	79346807	79346917	ENSG00000199592	RNA5SP321
HSCHR18_2_CTG2	65218480	65221652	ENSG00000263322	CTD-2541J13.1
1	97049973	97050290	ENSG00000234226	NDUFS5P2
17	33333009	33416338	ENSG00000092871	RFFL
19	40728115	40732597	ENSG00000105219	CNTD2
4	136292332	136293079	ENSG00000250834	KRT18P54
6	7727030	7881655	ENSG00000153162	BMP6
1	246271928	246277168	ENSG00000226876	RP11-36N20.1
10	79490524	79494527	ENSG00000213514	RP11-428P16.2
1	191190289	191197597	ENSG00000233882	RP11-309H21.2
1	44315972	44317283	ENSG00000224751	SHMT1P1
22	25872185	25875938	ENSG00000272977	CTA-390C10.10
1	41086351	41131329	ENSG00000117016	RIMS3
19	18255332	18262501	ENSG00000269145	AC007192.6
8	127570120	127725660	ENSG00000254286	RP11-89K10.1
1	246342080	246342506	ENSG00000225222	CHCHD4P5
22	25928687	25928776	ENSG00000265978	AL008721.1
2	89470259	89470696	ENSG00000253578	IGKV1-22
6	33071571	33075107	ENSG00000228688	COL11A2P1
4	136292745	136292836	ENSG00000207849	AC108867.1
2	220562521	220562936	ENSG00000223903	RPL23P4
HG999_1_PATCH	248881950	248914431	ENSG00000259823	XX-CR54.3
1	191827837	191859359	ENSG00000223344	RP11-541F9.1
X	53241590	53243861	ENSG00000235262	KDM5C-IT1
1	97144430	97145176	ENSG00000137970	RPL7P9
17	57228497	57228582	ENSG00000207996	MIR301A
4	136486272	136488312	ENSG00000248104	TARS2P1
1	146644350	146683136	ENSG00000237188	RP11-337C18.8
15	42140345	42186275	ENSG00000137877	SPTBN5
19	18315540	18331290	ENSG00000268650	AC068499.10
22	25957084	25960429	ENSG00000234884	CTA-407F11.8
16	32686358	32690152	ENSG00000260974	RP11-586K12.8
10	79536709	79536813	ENSG00000199664	RNU6-1266P
X	53352187	53353019	ENSG00000226299	RP6-29D12.4
17	57252344	57259148	ENSG00000266537	CTD-2510F5.2
10	88414314	88426605	ENSG00000122375	OPN4
HG1091_PATCH	59735036	61237194	ENSG00000262683	FHIT
1	246352316	246352420	ENSG00000202184	RNU6-1283P
10	79540095	79541634	ENSG00000213513	RP13-39P12.2
16	32727252	32727377	ENSG00000261391	RP11-586K12.7
4	152020725	152025804	ENSG00000145425	RPS3A
8	127594876	127595251	ENSG00000253543	RP11-89K10.2
1	246484965	246485740	ENSG00000230184	SMYD3-IT1
1	97161412	97161723	ENSG00000223229	RN7SKP270
2	220768772	220769610	ENSG00000228909	AC008281.1
1	97368255	97368348	ENSG00000212039	AL592205.1
16	32737936	32740858	ENSG00000260864	FAM108A8P
11	65684279	65686588	ENSG00000175573	C11orf68
X	53353767	53353879	ENSG00000207408	Y_RNA
1	97401101	97401219	ENSG00000265771	AL592205.2
1	191844625	191980390	ENSG00000228215	RP11-541F9.2
4	136713539	136727059	ENSG00000250865	RP11-780O17.1
HG999_1_PATCH	248885294	248885502	ENSG00000261495	AHCYP8
8	127683767	127683899	ENSG00000212451	RNU11-4P
1	246589308	246589421	ENSG00000207326	Y_RNA
19	18392887	18392971	ENSG00000267959	MIR3188
1	146644765	146724314	ENSG00000273071	RP11-337C18.10
6	33080228	33102442	ENSG00000224557	HLA-DPB2
X	53366989	53367179	ENSG00000236571	RP6-29D12.3
1	97561479	97788511	ENSG00000232878	DPYD-AS1
17	57280038	57281190	ENSG00000265415	CTD-2510F5.4
8	127779121	127802882	ENSG00000253573	RP11-351C8.1
22	25976208	25977349	ENSG00000237387	CTA-407F11.7
19	18396153	18396305	ENSG00000241464	RPL39P38
1	246672340	246685894	ENSG00000227728	RP11-690C23.4
4	136788138	136834835	ENSG00000248330	LINC00613
17	57338109	57338207	ENSG00000207235	Y_RNA
1	146647181	146649319	ENSG00000271721	RP11-337C18.9
10	79542624	79552934	ENSG00000228748	RP13-39P12.3
7	64139332	64147771	ENSG00000271550	RP11-561N12.7
8	127859300	128033259	ENSG00000253438	PCAT1
17	57358491	57358704	ENSG00000271063	SNRPGP17
4	70754595	70755124	ENSG00000251489	RP11-736K12.1
1	192215838	192216617	ENSG00000226723	RP11-142L4.3
2	220771223	220771286	ENSG00000266518	MIR4268
22	26043228	26045199	ENSG00000224003	CTA-407F11.6
1	146649692	146651206	ENSG00000180867	PDIA3P1
7	64196311	64197121	ENSG00000224172	RP11-416N13.1
17	57443444	57443515	ENSG00000263857	MIR4729
1	44410042	44412223	ENSG00000237950	RP11-7O11.3
2	220913543	220913993	ENSG00000225911	AC009310.1
5	8410902	8411109	ENSG00000251549	RP11-480D4.5
8	43106854	43107001	ENSG00000253312	RP11-359P18.2
17	57477849	57480664	ENSG00000266002	RP11-567L7.5
1	97859710	97885697	ENSG00000232542	DPYD-IT1
10	103330317	103369425	ENSG00000166171	DPCD
10	79672032	79672304	ENSG00000243446	RN7SL284P
8	128084939	128094466	ENSG00000253264	PCAT2
16	32747230	32752415	ENSG00000260845	RP11-586K12.4
4	136917084	136917247	ENSG00000207322	RNU1-89P
1	98011257	98012514	ENSG00000228057	SEC63P1
6	139224630	139309398	ENSG00000135597	REPS1
10	79687130	79689582	ENSG00000233871	DLG5-AS1
7	64295658	64297260	ENSG00000234338	RP11-797H7.1
17	57508230	57604307	ENSG00000265313	RP11-567L7.6
8	128098508	128099755	ENSG00000224722	PRNCR1
1	192216635	192217077	ENSG00000236792	RP11-142L4.2
8	43108875	43109232	ENSG00000253186	RP11-726G23.3
4	136925664	136926057	ENSG00000251492	RP11-782E2.2
10	79713253	79713634	ENSG00000234612	H2AFZP5
19	18444086	18444381	ENSG00000239821	RN7SL513P
X	53370192	53370711	ENSG00000234413	RP6-29D12.2
16	32750948	32751487	ENSG00000261108	RP11-586K12.5
5	8445062	8445648	ENSG00000272049	RP11-480D4.6
HSCHR12_3_CTG2_1	101505377	101522419	ENSG00000262139	ANO4
7	64312775	64313732	ENSG00000182722	SEPHS1P1
1	98051418	98051850	ENSG00000226128	RPL26P9
1	146674857	146676513	ENSG00000226015	CCT8P1
19	18497372	18497444	ENSG00000264175	MIR3189
17	48423453	48440499	ENSG00000015532	XYLT2
HG729_PATCH	8585996	8642307	ENSG00000262149	MYO1F
8	128197880	128215467	ENSG00000254166	CASC19
6	33098993	33111102	ENSG00000237398	HLA-DPA3
19	18520504	18520592	ENSG00000221167	AC008397.1
4	137018952	137020395	ENSG00000261166	RP11-775H9.3
4	70933103	70951007	ENSG00000234124	CSN1S2AP
17	57614720	57614860	ENSG00000200889	RNU4-13P
1	192460258	192460350	ENSG00000221145	AL136987.1
19	18552229	18554407	ENSG00000268199	CTD-3137H5.1
1	44501798	44570647	ENSG00000230615	RP5-1198O20.4
6	33112560	33115544	ENSG00000230313	HCG24
17	57862174	57862396	ENSG00000267637	RP11-619I22.1
6	149539777	149732749	ENSG00000055208	TAB2
1	246679341	246687589	ENSG00000242042	RP11-690C23.2
1	98240225	98240582	ENSG00000230718	RP11-272L13.2
X	53459670	53459979	ENSG00000233250	RP3-339A18.6
8	128220111	128231333	ENSG00000247844	CCAT1
20	3801178	3805949	ENSG00000125843	AP5S1
1	192486769	192536347	ENSG00000232498	RP5-1011O1.2
9	130478345	130493879	ENSG00000167094	TTC16
2	220970377	221315499	ENSG00000239498	AC114765.1
4	137039830	137316626	ENSG00000251567	RP11-775H9.2
6	33167378	33167472	ENSG00000202441	RNY4P10
8	43125341	43127105	ENSG00000253606	AFG3L2P1
22	18270415	18507325	ENSG00000243156	MICAL3
7	64323377	64324748	ENSG00000213640	RP11-797H7.3
17	57918627	57918698	ENSG00000199004	MIR21
19	18553705	18554469	ENSG00000256989	AC010335.1
5	8450856	8463208	ENSG00000247516	MIR4458HG
14	56542198	56542284	ENSG00000221254	AL163952.2
6	33175612	33175721	ENSG00000199036	MIR219-1
X	53483220	53483976	ENSG00000235416	RP3-339A18.3
1	146695146	146695940	ENSG00000236806	RP11-337C18.7
1	192498709	192507232	ENSG00000236069	RP5-1011O1.3
1	98262477	98263622	ENSG00000235777	DPYD-AS2
1	246690332	246691457	ENSG00000230813	RP11-690C23.5
14	56770208	56777479	ENSG00000259483	RP11-930O11.2
19	55385704	55401838	ENSG00000186431	FCAR
17	57924799	57924905	ENSG00000201524	RNU6-450P
19	18642423	18643442	ENSG00000268938	AC005387.3
6	33183482	33184105	ENSG00000225463	ZNF70P1
12	23261392	23261427	ENSG00000256353	RP11-686N4.1
4	137047064	137060029	ENSG00000250665	RP11-775H9.1
16	5128169	5128606	ENSG00000260882	RP11-10K17.3
8	128302062	128494384	ENSG00000246228	CASC8
17	57962376	57962913	ENSG00000270264	NDUFB8P2
1	192685313	192685783	ENSG00000231767	MIR4426
X	53489150	53489251	ENSG00000199422	VTRNA3-1P
4	164445450	165305202	ENSG00000145416	MARCH1
2	220992267	221077212	ENSG00000235337	AC114765.2
19	18643718	18646998	ENSG00000269191	AC005387.2
7	64348905	64350478	ENSG00000189316	RP11-797H7.5
HG1091_PATCH	60602555	60603812	ENSG00000261928	RP11-641C17.4
16	32752635	32787517	ENSG00000260644	HERC2P5
16	5148740	5192596	ENSG00000267070	RP11-10K17.6
1	146790828	146791942	ENSG00000213226	RP11-337C18.4
1	246691864	246692143	ENSG00000229112	RP11-690C23.3
8	43129925	43130434	ENSG00000253486	RP11-726G23.7
6	33205576	33207467	ENSG00000223457	HTATSF1P
4	137276265	137277491	ENSG00000249311	TERF1P3
X	53513659	53513758	ENSG00000263522	Z97054.1
14	56777598	56811719	ENSG00000259719	RP11-930O11.1
2	221056599	221056677	ENSG00000221199	AC114765.3
12	23334268	23404433	ENSG00000115934	RP11-153K16.2
19	18668585	18672370	ENSG00000268030	AC005253.2
X	53583184	53583302	ENSG00000271886	MIR98
1	246769175	246771404	ENSG00000225300	RP11-439E19.1
8	43131413	43131966	ENSG00000234713	RP11-726G23.10
1	98321131	98322381	ENSG00000270911	RP11-272L13.4
6	36822603	36842800	ENSG00000137168	PPIL1
2	221315400	221569286	ENSG00000236451	AC067956.1
1	98399030	98407302	ENSG00000269998	RP11-272L13.3
16	5257089	5257440	ENSG00000260431	RP11-382N13.6
12	23790907	23791421	ENSG00000256473	RP11-437F6.1
19	18679316	18680185	ENSG00000268983	AC005253.4
HSCHR6_MHC_DBB	30447487	30452225	ENSG00000229252	HLA-E
X	53584153	53584235	ENSG00000208012	MIRLET7F2
X	136058576	136067864	ENSG00000237307	SRRM1P3
1	246795553	246795780	ENSG00000228955	RP11-452J6.2
1	98432561	98434370	ENSG00000259946	RP11-490G2.2
16	417384	420527	ENSG00000086504	MRPL28
14	56981049	57018027	ENSG00000258803	RP11-624J12.1
1	192765663	192766335	ENSG00000228687	RP3-419C19.3
1	44553630	44554149	ENSG00000227163	RP5-1198O20.5
12	24365355	24365429	ENSG00000216192	MIR920
X	53785524	53785702	ENSG00000224735	RP11-272G22.1
2	221341704	221341813	ENSG00000222096	AC019051.1
4	137628333	137628416	ENSG00000264362	AC093875.1
6	92449327	92449614	ENSG00000240961	RN7SL415P
6	143815948	143832827	ENSG00000001036	FUCA2
8	128304478	128304685	ENSG00000271509	RP11-382A18.3
HG1091_PATCH	60675958	60676452	ENSG00000262189	RP11-641C17.2
2	221655798	221662613	ENSG00000224819	AC093843.1
16	5265395	5270595	ENSG00000261811	RP11-382N13.2
1	192769701	192770271	ENSG00000226814	RP3-419C19.2
4	137717877	138133953	ENSG00000248869	RP11-138I17.1
14	57099962	57115376	ENSG00000258428	RP11-1085N6.2
19	18742459	18742718	ENSG00000263490	RN7SL155P
8	128351519	128404876	ENSG00000253929	RP11-382A18.2
6	92525561	92526146	ENSG00000219867	RP11-40G16.1
22	26111008	26111136	ENSG00000222585	RNA5SP494
GL000201.1	26348	27637	ENSG00000215611	AC002321.1
12	24366190	24715524	ENSG00000255864	RP11-444D3.1
1	98453556	98515419	ENSG00000225206	MIR137HG
HG1091_PATCH	60715788	60716377	ENSG00000262502	RP11-641C17.3
X	53795484	53795717	ENSG00000226110	RP11-272G22.2
17	34415602	34417515	ENSG00000006075	CCL3
22	26279041	26279128	ENSG00000264925	Z98949.1
1	146890777	146891610	ENSG00000226653	OR13Z1P
2	222027491	222027773	ENSG00000232089	AC011233.2
1	192844816	192845115	ENSG00000223075	RN7SKP126
16	5289803	6826015	ENSG00000260411	RP11-420N3.2
6	33213852	33214633	ENSG00000272217	XXbac-BPG157A10.21
8	43139769	43139949	ENSG00000253707	RP11-726G23.8
19	18992489	18994185	ENSG00000269694	AC005197.2
8	128698588	128746213	ENSG00000249375	CASC11
1	246845410	246848377	ENSG00000260698	RP11-439E19.9
1	44568978	44570375	ENSG00000271647	KRT8P47
HG729_PATCH	8645126	8675619	ENSG00000261964	ADAMTS10
14	57150139	57150459	ENSG00000242995	RP11-1085N6.1
1	192906430	192917387	ENSG00000234871	LINC01032
HSCHR12_3_CTG2_1	101555447	101610166	ENSG00000262217	SLC5A8
4	138114910	138119521	ENSG00000250341	RP11-785F11.1
10	125185229	125187156	ENSG00000225152	RP11-338O1.2
1	246853349	246855123	ENSG00000235021	RP11-439E19.7
14	57226097	57232475	ENSG00000258703	RP11-1085N6.4
19	19051131	19057640	ENSG00000269019	AC005932.1
11	65686728	65689032	ENSG00000175550	DRAP1
1	192962579	192963807	ENSG00000234473	ZNF101P2
HG1091_PATCH	60717877	60718369	ENSG00000262281	RP11-641C17.1
HSCHR12_3_CTG2_1	101599226	101599332	ENSG00000261867	U6
1	246918813	246919134	ENSG00000228879	RP11-439E19.6
5	8456059	8456671	ENSG00000250037	RP11-480D4.4
1	146891926	146892027	ENSG00000207209	Y_RNA
14	57266623	57267306	ENSG00000270163	RP11-1085N6.6
16	5310687	5311044	ENSG00000260817	RP11-382N13.4
19	19068769	19069067	ENSG00000241172	RN7SL70P
HSCHR12_3_CTG2_1	101628096	101628831	ENSG00000263114	RP11-399D15.1
13	28009776	28024739	ENSG00000122033	MTIF3
12	113494514	113535833	ENSG00000135144	DTX1
HSCHR6_MHC_MCF	33452528	33456065	ENSG00000237056	ZBTB22
4	138149282	138149385	ENSG00000222526	AC060835.1
1	146917312	146917866	ENSG00000272443	OR13Z2P
6	33217311	33222766	ENSG00000232940	HCG25
2	202899310	202903160	ENSG00000155760	FZD7
19	19101702	19104419	ENSG00000269131	AC004447.2
20	61637331	61638387	ENSG00000125533	BHLHE23
2	222384284	222384377	ENSG00000221432	AC079834.2
X	49044269	49056718	ENSG00000102003	SYP
4	138222155	138222341	ENSG00000250813	SERF1AP1
X	53834274	53835121	ENSG00000229037	RP11-272G22.3
8	43147626	43218661	ENSG00000188877	POTEA
2	222397388	222397728	ENSG00000226726	TMEM256P2
14	57279901	57618895	ENSG00000248550	OTX2-AS1
1	44582772	44583069	ENSG00000239560	RN7SL479P
19	19343664	19343756	ENSG00000252973	RNU6-1028P
X	72345876	72347919	ENSG00000204118	NAP1L6
1	193026411	193026545	ENSG00000238754	snoU109
1	44587825	44588184	ENSG00000233514	RP11-570P14.1
1	146953988	146954378	ENSG00000272480	OR13Z3P
HG1091_PATCH	60842123	60842338	ENSG00000262620	U3
12	121586813	121586912	ENSG00000257053	Z98941.1
4	71567472	71567575	ENSG00000207448	RNU6-520P
1	246935139	246993361	ENSG00000223519	KIF28P
19	19366451	19384178	ENSG00000267629	AC138430.4
2	222437226	222439174	ENSG00000272944	CTD-2308L22.1
1	193059996	193060686	ENSG00000272579	RP11-101E13.5
1	146986158	146989699	ENSG00000234610	LINC00624
4	138346580	138347018	ENSG00000251440	STMN1P2
4	71568735	71568840	ENSG00000207058	RNU6-784P
X	53852385	53852807	ENSG00000235916	RP13-444K19.1
Y	20278734	20278893	ENSG00000252166	RNU1-95P
1	193105633	193105713	ENSG00000221680	MIR1278
5	8525291	8528791	ENSG00000249782	RP11-417J1.1
4	71569464	71570208	ENSG00000272986	RP11-46J23.1
2	222457161	222457581	ENSG00000230406	AC079834.1
12	121625359	121625835	ENSG00000261827	RP11-340F14.5
4	138369241	138369655	ENSG00000213448	RPS23P2
10	75669727	75682535	ENSG00000222047	C10orf55
16	5313224	5313372	ENSG00000221809	AC074051.1
X	53935488	53935595	ENSG00000201618	RNA5SP505
5	8618693	8619216	ENSG00000250389	MTND6P2
1	193273875	193335083	ENSG00000232077	LINC01031
1	44603514	44604485	ENSG00000239275	RP4-675G8.2
4	138466885	138524584	ENSG00000251632	RP11-714L20.1
21	34914924	34949812	ENSG00000159140	SON
16	5320175	5320955	ENSG00000242278	RP11-382N13.1
X	54091278	54091399	ENSG00000252175	U3
8	128806779	129113499	ENSG00000249859	PVT1
12	96186307	96186413	ENSG00000199506	RNU6-247P
17	57989558	57989727	ENSG00000241913	RP5-1073F15.1
X	54173805	54174092	ENSG00000224949	RP11-161N3.3
10	125333743	125343283	ENSG00000234542	RP11-282I1.2
5	110559351	110830584	ENSG00000152495	CAMK4
1	147161375	147161681	ENSG00000242379	RN7SL261P
12	96189123	96252617	ENSG00000258343	RP11-536G4.2
1	44616266	44617425	ENSG00000226804	RP4-675G8.3
1	193648024	193696165	ENSG00000226640	RP11-21J7.1
16	5339201	5339410	ENSG00000267182	RP11-382N13.5
X	54249757	54250495	ENSG00000234566	RPL7AP71
4	138566419	138576328	ENSG00000250126	RP13-884E18.2
1	147169914	147171461	ENSG00000227139	RP11-533N14.3
19	19512788	19513412	ENSG00000267234	CTB-184G21.3
Y	20283081	20285685	ENSG00000232744	USP9YP16
10	70939988	70968855	ENSG00000156502	SUPV3L1
4	71677963	71678063	ENSG00000238318	snoU13
10	125494301	125494372	ENSG00000221293	AC009987.1
16	5415798	5416689	ENSG00000261007	RP11-382N13.3
6	33306755	33307272	ENSG00000229596	MYL8P
20	61826781	61847586	ENSG00000149658	YTHDF1
X	72432135	72434684	ENSG00000186462	NAP1L2
1	98542556	98543024	ENSG00000233557	NFU1P2
4	71713853	71713935	ENSG00000252880	RNU6-459P
1	193653376	193657559	ENSG00000237011	RP11-98G13.1
1	147229426	147230517	ENSG00000234482	RP11-433J22.2
19	19545872	19545967	ENSG00000207821	MIR640
4	138611631	138656131	ENSG00000250777	RP13-884E18.4
11	9860690	9950810	ENSG00000255476	RP11-1H15.2
X	54369979	54370085	ENSG00000207104	RNU6-434P
4	71717847	71717957	ENSG00000207007	RNU6-891P
12	96390299	96405267	ENSG00000257878	RP11-256L6.3
5	8619290	8620422	ENSG00000248765	RP11-417J1.3
6	92723560	92724452	ENSG00000220553	RPL5P19
1	147249700	147261065	ENSG00000234190	RP11-433J22.3
X	54698418	54699071	ENSG00000215197	PGAM4P1
19	19698900	19699224	ENSG00000267178	PHF5CP
4	72165975	72166952	ENSG00000249170	RP11-1J11.1
HSCHR21_3_CTG1_1	34106210	34144169	ENSG00000263141	PAXBP1
1	98676303	98738214	ENSG00000226053	RP5-1070A16.1
Y	20290496	20298913	ENSG00000244646	AC024183.3
15	65673802	65715410	ENSG00000103742	IGDCC4
1	44619057	44619152	ENSG00000200171	Y_RNA
12	96419101	96421749	ENSG00000257715	RP11-256L6.2
11	9865362	9865423	ENSG00000252568	RNU7-28P
1	147313096	147314493	ENSG00000223728	RP11-314N2.2
6	92829240	92829349	ENSG00000200492	U3
1	98838941	98839055	ENSG00000221777	AL160056.1
1	44620700	44620973	ENSG00000238037	OOSP1P1
1	193700988	193701074	ENSG00000252241	U3
1	246935603	246939074	ENSG00000260855	RP11-439E19.10
11	9980291	9981337	ENSG00000254765	RP11-1H15.1
6	93097559	93098545	ENSG00000261038	RP1-149C7.1
22	26279363	26299214	ENSG00000231933	CTA-125H2.2
1	99469832	99614408	ENSG00000232825	RP5-896L10.1
6	33333325	33334020	ENSG00000228285	LYPLA2P1
12	96453802	96454153	ENSG00000258251	RP11-256L6.4
1	193725945	193726397	ENSG00000237213	RPL23AP22
5	8785154	8785580	ENSG00000260981	RP11-315A16.1
1	44638178	44638391	ENSG00000227994	RP5-891H21.1
6	93354459	93354526	ENSG00000265419	AL359987.1
X	54840803	54840930	ENSG00000221716	SNORA11
X	72667090	72675081	ENSG00000131264	CDX4
6	43418090	43424370	ENSG00000171462	DLK2
4	72300122	72303641	ENSG00000270098	LDHAL6EP
6	93432721	93433547	ENSG00000220908	RP11-127B16.1
1	246939315	246955687	ENSG00000227953	RP11-439E19.3
19	19717159	19719469	ENSG00000259242	AC002306.1
X	54953738	54953866	ENSG00000221750	SNORA11
1	99473774	99474030	ENSG00000227034	RP11-234N17.1
1	44653615	44654721	ENSG00000271329	RP5-891H21.5
12	121829765	121837662	ENSG00000258435	RP11-711D18.2
6	93500171	93500382	ENSG00000221455	U3
X	55081378	55082271	ENSG00000234466	RP11-266I3.1
11	10170739	10186656	ENSG00000254865	RP11-748C4.1
19	19810012	19810218	ENSG00000271283	CTC-412M14.6
1	44709080	44709945	ENSG00000233602	ERI3-IT1
1	194118603	194167824	ENSG00000227240	RP11-563D10.1
20	57556263	57570188	ENSG00000101158	NELFCD
6	93521759	93521852	ENSG00000238412	AL589947.1
6	33357151	33357252	ENSG00000225644	RPL35AP4
11	10293599	10293806	ENSG00000254719	RP11-351I24.3
12	122018697	122031409	ENSG00000256742	RP13-941N14.1
4	72625235	72625333	ENSG00000222236	RNA5SP163
6	93596969	93598299	ENSG00000219387	ATF1P1
1	44798777	44798850	ENSG00000252146	AL390776.1
1	99929934	99930332	ENSG00000233983	RP4-735N21.1
HSCHR6_MHC_QBL	32900651	32906085	ENSG00000206292	HLA-DOA
4	72687022	72689697	ENSG00000248567	RP11-545L5.1
12	96495731	96496027	ENSG00000266889	RN7SL88P
5	8839844	8881637	ENSG00000250198	RP11-143A12.3
12	122042807	122042917	ENSG00000252393	RNU6-1004P
10	23983675	24836772	ENSG00000120549	KIAA1217
X	55199150	55202459	ENSG00000186678	RP11-266I3.7
HG339_PATCH	97889472	97965046	ENSG00000261900	ZNF518A
1	44856394	44856495	ENSG00000199385	RNU6-369P
11	10324204	10325251	ENSG00000254554	RP11-351I24.1
6	33367836	33368333	ENSG00000204194	RPL12P1
19	19819774	19821274	ENSG00000270402	CTC-412M14.5
1	147466094	147484331	ENSG00000215859	RP6-74O6.2
12	96616575	96617751	ENSG00000258177	RP11-394J1.2
Y	20309770	20310894	ENSG00000229465	ACTG1P11
1	45011165	45011224	ENSG00000263381	MIR5584
1	194158097	194159472	ENSG00000233057	EEF1A1P14
11	93466394	93466466	ENSG00000239195	SNORD5
16	32820877	32835966	ENSG00000260158	RP11-67H24.2
1	99937971	99999571	ENSG00000224445	RP11-413P11.1
12	96697153	96697291	ENSG00000201435	RNU4-24P
1	45187458	45187574	ENSG00000199377	RNU5F-1
2	202937978	203062585	ENSG00000182329	AC079354.1
7	64393651	64393994	ENSG00000223476	VN1R42P
11	93466632	93466763	ENSG00000207145	SNORA18
11	10420739	10420864	ENSG00000221574	RNU6ATAC33P
4	73188745	73196468	ENSG00000250877	RP11-373J21.1
12	96780596	96780972	ENSG00000257169	RP11-117N2.2
1	45196727	45196842	ENSG00000200169	RNU5D-1
X	55204640	55205170	ENSG00000229760	RP11-266I3.5
19	19861427	19863353	ENSG00000271499	CTC-559E9.9
11	93466840	93466930	ENSG00000221170	MIR1304
16	32822350	32822572	ENSG00000261719	RP11-67H24.1
19	7828035	7834491	ENSG00000104938	CLEC4M
1	100163798	100164734	ENSG00000223656	HMGB3P10
7	64402521	64403304	ENSG00000270948	RP11-460N20.7
6	93780105	93813102	ENSG00000235099	RP1-23E21.2
6	33406108	33406214	ENSG00000264085	MIR5004
11	93468277	93468402	ENSG00000210825	SNORA40
1	45224709	45241482	ENSG00000225721	RP11-269F19.2
7	64483582	64483688	ENSG00000201165	RNU6-1229P
11	10562819	10621479	ENSG00000177112	MRVI1-AS1
4	73672984	73673909	ENSG00000270665	HNRNPA1P67
16	32857285	32857501	ENSG00000259934	RP11-989E6.1
HSCHR21_3_CTG1_1	34144411	34271837	ENSG00000263140	C21orf49
1	147466533	147481824	ENSG00000244211	PDZK1P2
6	33508471	33508774	ENSG00000242014	RN7SL26P
6	7881483	8026646	ENSG00000239264	TXNDC5
2	52154020	52154500	ENSG00000226366	AC097463.1
11	93530379	93530479	ENSG00000238437	snoU13
X	55205627	55206432	ENSG00000231947	MTND2P24
6	93801694	93802478	ENSG00000213187	COPS5P1
16	32881306	32883370	ENSG00000260047	RP11-989E6.2
11	93533649	93533916	ENSG00000265292	RN7SL195P
6	33553883	33561115	ENSG00000197251	LINC00336
1	100250296	100250441	ENSG00000201491	RNU4-75P
X	10413350	10851773	ENSG00000101871	MID1
11	93560788	93560900	ENSG00000206911	Y_RNA
4	73830895	73831020	ENSG00000252955	RNU4ATAC9P
X	55206810	55207710	ENSG00000238047	MTND1P30
12	96816104	96879220	ENSG00000258272	RP11-510I5.4
1	100257218	100257309	ENSG00000202254	Y_RNA
X	72783036	72906937	ENSG00000204116	CHIC1
1	45241536	45241615	ENSG00000264294	SNORD55
11	93724512	93724595	ENSG00000255995	HPRTP4
4	73892465	73892590	ENSG00000210839	RNU6ATAC5P
1	100295021	100295093	ENSG00000252226	AL451051.1
1	246970417	246970487	ENSG00000252495	SNORD112
7	64498732	64535091	ENSG00000234585	CCT6P3
1	45242162	45242265	ENSG00000200913	SNORD46
X	119205848	119211707	ENSG00000203989	RHOXF2B
X	55306272	55315118	ENSG00000251617	RP11-382F24.1
5	54174066	54174416	ENSG00000249843	RP11-45H22.2
19	19868175	19887232	ENSG00000266904	LINC00663
1	100308166	100308317	ENSG00000231996	RP4-581O6.1
2	226265364	226518734	ENSG00000144460	NYAP2
3	129041889	129044269	ENSG00000248916	NUP210P3
6	33665905	33666011	ENSG00000266509	MIR3934
1	246981378	246981482	ENSG00000235386	RP11-397A15.4
12	57388230	57390468	ENSG00000166856	GPR182
11	93731809	93732384	ENSG00000256752	HPRTP3
2	11374114	11374220	ENSG00000207267	RNU6-1081P
4	73918079	73918634	ENSG00000272859	RP11-352E8.2
1	45243515	45243584	ENSG00000202031	SNORD38A
1	194320073	194321556	ENSG00000231714	RP11-476H20.1
2	11448151	11449067	ENSG00000230154	AC018463.4
1	194457233	194457335	ENSG00000251813	RNU6-983P
1	45244062	45244128	ENSG00000207421	SNORD38B
1	246996750	246996831	ENSG00000252011	SNORA25
11	10747450	10747551	ENSG00000206858	Y_RNA
6	94588824	94588947	ENSG00000252249	SNORA18
8	73787094	73793975	ENSG00000253784	RP11-1145L24.1
1	46654354	46685977	ENSG00000085998	POMGNT1
9	12775020	12822130	ENSG00000153714	LURAP1L
4	73964539	73964862	ENSG00000248641	HMGA1P2
1	194687925	194688366	ENSG00000228167	RP11-489C13.1
12	122233173	122241812	ENSG00000212694	AC084018.1
1	247178370	247180593	ENSG00000236775	RP11-551G24.3
1	100433939	100435420	ENSG00000228084	RP5-884G6.2
6	33835283	33864691	ENSG00000249346	LINC01016
6	94596618	94599128	ENSG00000229600	RP11-524K14.1
11	10804860	10823172	ENSG00000255125	RP11-685M7.5
16	32888790	32896822	ENSG00000214617	SLC6A10P
1	45245998	45246387	ENSG00000234093	RPS15AP11
5	98190908	98262240	ENSG00000153922	CHD1
4	74124926	74183670	ENSG00000250220	RP11-692D12.1
1	147484031	147484460	ENSG00000273059	XXyac-YX155B6.7
11	93788189	93789138	ENSG00000227593	RP11-715G18.3
8	73859385	73862680	ENSG00000260838	RP11-531A24.3
6	94873638	94904376	ENSG00000231143	RP3-463P15.1
5	54317127	54338672	ENSG00000240535	CTD-2313F11.1
HSCHR21_3_CTG1_1	34165875	34186038	ENSG00000262938	C21orf62
1	247206093	247207323	ENSG00000215796	RP11-551G24.2
1	147486649	147486815	ENSG00000206791	RNU1-129P
11	10823014	10823155	ENSG00000238622	SNORD97
4	74129677	74129801	ENSG00000221639	SNORA3
3	129053429	129053917	ENSG00000270492	RP13-685P2.8
6	95054455	95054680	ENSG00000220370	RP3-399J4.2
1	147494090	147498172	ENSG00000229952	RP6-74O6.3
11	10830844	10844478	ENSG00000246308	RP11-685M7.3
3	129064254	129065007	ENSG00000270773	RP13-685P2.7
4	74202950	74203488	ENSG00000249976	RP11-580P21.1
6	95151748	95153527	ENSG00000270484	RP3-399J4.4
3	129100141	129112992	ENSG00000244932	RP11-529F4.1
2	11491753	11492250	ENSG00000226961	AC018463.5
1	195095811	195095906	ENSG00000265108	AL357932.1
11	93921615	93922163	ENSG00000256745	RP11-680H20.1
11	107373452	107436472	ENSG00000137760	ALKBH8
1	196014126	196030203	ENSG00000227421	RP11-476B1.1
1	100444495	100444601	ENSG00000212248	RNU6-750P
1	247248691	247249369	ENSG00000228982	RP11-107G24.3
1	147511004	147511167	ENSG00000206585	RNVU1-9
6	95156458	95156897	ENSG00000216853	RP3-399J4.1
1	100466193	100466295	ENSG00000202259	RNU6-1318P
7	25729200	25729579	ENSG00000239622	CTA-242H14.1
1	196551543	196551611	ENSG00000265986	MIR4735
X	114009387	114011334	ENSG00000224773	HSPA8P7
1	100496122	100501188	ENSG00000261254	RP4-714D9.5
11	93971316	94012372	ENSG00000250519	RP11-680H20.2
1	45285555	45285669	ENSG00000202444	RNU5E-6P
6	95952058	95952372	ENSG00000219627	CYCSP17
1	147552868	147566198	ENSG00000227778	XXyac-YX155B6.2
19	19871847	19932525	ENSG00000267581	CTC-559E9.4
7	25988277	25989023	ENSG00000270933	CTD-2227E11.1
1	197107878	197108437	ENSG00000235748	RP11-32D17.4
8	73931180	73931279	ENSG00000222488	RNU6-285P
4	74374520	74399845	ENSG00000250436	RP11-622A1.2
8	128972879	128972941	ENSG00000221771	MIR1205
HSCHR2_1_CTG1	36589102	36784311	ENSG00000261899	CRIM1
1	247282971	247283580	ENSG00000226164	FGFR3P6
2	52298493	52304335	ENSG00000236538	ZNF863P
1	45309593	45309754	ENSG00000226499	RP5-882O7.1
19	19879540	19879798	ENSG00000267693	CTC-559E9.2
8	73955145	73955581	ENSG00000272254	RP11-531A24.7
1	100523546	100550027	ENSG00000241073	RP4-714D9.2
5	9001886	9046052	ENSG00000250619	CTD-2215L10.1
8	129011377	129011540	ENSG00000207110	RNU1-106P
7	25989539	25989606	ENSG00000199085	MIR148A
3	139654027	140296239	ENSG00000158258	CLSTN2
11	94149876	94149927	ENSG00000263966	AP000765.1
8	73964413	73975296	ENSG00000253636	RP11-531A24.5
8	129022628	129022857	ENSG00000222501	RNU4-25P
6	96023059	96025326	ENSG00000261366	MANEA-AS1
X	136071175	136071263	ENSG00000263845	AL390879.1
11	94199661	94199746	ENSG00000221230	MIR548L
1	100564795	100565046	ENSG00000226952	RP4-714D9.4
19	19887411	19945736	ENSG00000267419	CTC-559E9.6
3	129101765	129118498	ENSG00000251474	RPL32P3
7	26099959	26100058	ENSG00000266430	AC004520.1
1	247338558	247338827	ENSG00000224014	RP11-488L18.6
8	129061398	129061484	ENSG00000221176	MIR1207
8	73996022	73998114	ENSG00000237061	RP11-956J14.1
20	61867235	61871859	ENSG00000101197	BIRC7
HSCHR6_MHC_MCF	33456681	33467390	ENSG00000231617	DAXX
X	136407131	136407208	ENSG00000214748	RP11-332E4.1
8	23583844	23600555	ENSG00000254002	RP11-213G6.2
6	96077991	96080805	ENSG00000219549	RP11-374I15.1
11	94206074	94206736	ENSG00000255893	RP11-685N10.1
1	45378740	45378844	ENSG00000266294	AL136380.1
7	26213153	26214565	ENSG00000273237	CTB-119C2.1
1	197191352	197192385	ENSG00000237861	RP11-332L8.1
1	100662372	100662607	ENSG00000271415	RP11-305E17.7
8	129162362	129162434	ENSG00000221261	MIR1208
X	136523417	136523995	ENSG00000237584	RAC1P4
1	45397995	45398103	ENSG00000253039	RNA5SP47
8	74128164	74128862	ENSG00000253564	RP11-956J14.2
4	74409539	74409730	ENSG00000249970	RP11-622A1.1
8	23626069	23626158	ENSG00000216123	AC012119.1
X	119243011	119249847	ENSG00000101883	RHOXF1
13	28120050	28194541	ENSG00000139517	LNX2
8	129232750	129233049	ENSG00000201782	RN7SKP226
1	197332947	197333208	ENSG00000221879	MRPS21P3
11	94245747	94265289	ENSG00000257057	LINC01171
2	227596033	227664475	ENSG00000169047	IRS1
1	45424229	45425067	ENSG00000229815	CCNB1IP1P1
6	33850947	33851188	ENSG00000271362	RP3-468B3.4
8	23663446	23663667	ENSG00000271118	RP11-175E9.2
1	247347115	247348784	ENSG00000215795	RP11-488L18.3
7	26315815	26316226	ENSG00000232383	AC010677.5
HSCHR2_1_CTG1	36526531	36526973	ENSG00000263240	AC009414.1
2	11497641	11505762	ENSG00000230952	AC099344.2
8	74189599	74190281	ENSG00000254213	RP11-434I12.5
6	96438983	96440225	ENSG00000219941	KRT18P50
1	45453906	45454397	ENSG00000232369	RP5-882O7.4
X	114058017	114058127	ENSG00000199001	MIR448
1	147601780	147602181	ENSG00000225080	PFN1P4
1	197407106	197416599	ENSG00000230260	RP11-75C23.1
1	100678849	100679226	ENSG00000225169	BRI3P1
6	31654739	31681849	ENSG00000204422	XXbac-BPG32J3.20
6	33861100	33895408	ENSG00000233183	RP3-468B3.2
19	19899564	19901340	ENSG00000267481	CTC-559E9.5
4	74576019	74580244	ENSG00000228277	AC112518.3
8	129417515	129576925	ENSG00000254275	RP11-89M16.1
8	23663742	23663890	ENSG00000207027	SNORA67
14	96110845	96111569	ENSG00000270038	RP11-1070N10.7
1	45454377	45457506	ENSG00000268949	MRPS17P1
HG729_PATCH	8762287	8763706	ENSG00000263000	ACTL9
12	29490285	29534122	ENSG00000087502	ERGIC2
1	197654770	197654870	ENSG00000207139	Y_RNA
1	247350583	247351828	ENSG00000259865	RP11-488L18.10
4	128838960	128887150	ENSG00000164073	MFSD8
X	114134922	114135137	ENSG00000270413	RP11-810O3.2
1	147618673	147621845	ENSG00000203835	ABHD17AP1
6	74303102	74363878	ENSG00000119899	SLC17A5
4	74643353	74643777	ENSG00000249051	RP11-447E20.1
3	178136989	178175097	ENSG00000223941	LINC01014
X	136638350	136646546	ENSG00000224765	RP1-137H15.2
1	197657890	197659757	ENSG00000213046	EEF1A1P32
19	19967784	19968336	ENSG00000270325	CTC-559E9.12
8	74209946	74268696	ENSG00000250295	RP11-434I12.2
1	247353153	247374158	ENSG00000227671	MIR3916
6	13469513	13486415	ENSG00000187461	AL583828.1
1	100714646	100714873	ENSG00000230287	RP11-305E17.4
1	45499641	45499692	ENSG00000264650	AL359473.1
19	19981532	19982108	ENSG00000270270	CTC-559E9.10
4	74713583	74714546	ENSG00000250550	PPBPP1
HG729_PATCH	8795838	8796893	ENSG00000263211	OR2Z1
6	96730443	96730737	ENSG00000242560	RN7SL797P
5	9053928	9054007	ENSG00000266415	MIR4636
1	45535649	45536101	ENSG00000234315	OSTCP5
11	94278496	94473521	ENSG00000255929	RP11-867G2.8
2	52525133	52525234	ENSG00000202195	Y_RNA
1	100729565	100731676	ENSG00000224616	RP11-305E17.6
6	96806250	96969545	ENSG00000233797	UFL1-AS1
4	74804321	74805275	ENSG00000249920	HNRNPA1P55
2	52600256	52617150	ENSG00000225444	AC087073.1
6	33967749	33967828	ENSG00000221697	MIR1275
1	100746797	100746864	ENSG00000207750	MIR553
1	45697890	45697979	ENSG00000221707	AL592294.1
6	34036934	34036995	ENSG00000221779	AL590403.1
6	97096365	97096945	ENSG00000213183	RPS7P8
19	20001968	20002050	ENSG00000265339	AC011477.1
1	45824324	45824420	ENSG00000238945	snoU13
1	100797360	100798173	ENSG00000215871	RP5-837M10.1
2	52701211	52701549	ENSG00000225842	AC139712.1
6	34157557	34158856	ENSG00000271231	KRT18P9
3	178146985	178147078	ENSG00000252336	RNA5SP148
4	146601356	146692184	ENSG00000237136	C4orf51
4	74809728	74810041	ENSG00000250339	CXCL1P
19	20003242	20006656	ENSG00000267565	CTC-559E9.8
1	45880692	45881016	ENSG00000236872	RP11-291L19.1
11	94371204	94373999	ENSG00000233536	RP11-867G2.5
2	11528149	11530493	ENSG00000231403	AC099344.3
8	74271148	74275023	ENSG00000253339	RP11-434I12.3
3	178211115	178211598	ENSG00000271131	RP11-33A14.3
8	23934510	23934671	ENSG00000207201	RNU1-148P
19	20011777	20074273	ENSG00000267268	AC007204.2
14	96116835	96146170	ENSG00000187621	TCL6
6	97097329	97097467	ENSG00000207309	RNU4-70P
1	197704766	197705237	ENSG00000235582	RP11-448G4.2
X	119292467	119297945	ENSG00000131721	RHOXF2
6	34187216	34187843	ENSG00000214810	CYCSP55
8	142217265	142318404	ENSG00000022567	SLC45A4
HSCHR6_MHC_QBL	29640092	29648802	ENSG00000206510	ZFP57
8	24027470	24034593	ENSG00000253891	RP11-203E8.1
6	97101150	97102018	ENSG00000219139	RP11-304C16.2
1	100810033	100810798	ENSG00000223906	RP5-837M10.2
4	74877295	74877595	ENSG00000244194	RN7SL218P
1	147634989	147658907	ENSG00000232265	XXyac-YX155B6.5
8	129832040	129832124	ENSG00000221351	AC068570.1
8	74281005	74281530	ENSG00000253235	RP11-434I12.4
2	52721826	52727890	ENSG00000236837	AC139712.4
1	45996599	45997811	ENSG00000234379	HMGB1P48
3	178244293	178578193	ENSG00000237978	RP11-385J1.2
8	130228713	130253496	ENSG00000250400	LINC00977
1	100844238	100844331	ENSG00000216067	AC104457.1
4	74919755	74921116	ENSG00000248848	PPBPP2
8	12579403	12613582	ENSG00000154359	LONRF1
8	24153327	24769586	ENSG00000253535	RP11-624C23.1
8	74332239	74353761	ENSG00000253302	STAU2-AS1
17	13202501	13210077	ENSG00000234634	AC003664.1
1	197715881	197716581	ENSG00000233040	FAM204BP
11	94375073	94384797	ENSG00000255666	RP11-867G2.6
1	100858589	100859582	ENSG00000234332	BCAS2P2
10	88428206	88495825	ENSG00000122367	LDB3
1	247365269	247365362	ENSG00000263568	MIR3916
6	34231088	34231450	ENSG00000220583	RPL35P2
6	31674640	31685581	ENSG00000204424	LY6G6F
6	97120005	97120845	ENSG00000217331	RP11-304C16.3
1	247367872	247367963	ENSG00000252516	RNA5SP82
HG339_PATCH	97951459	98031303	ENSG00000262509	BLNK
5	9363387	9422593	ENSG00000248537	CTD-2201E9.4
3	129158968	129239198	ENSG00000163913	IFT122
17	13403571	13403645	ENSG00000266115	AC005375.1
2	52797786	52799660	ENSG00000204993	AC139712.2
16	420773	437113	ENSG00000129925	TMEM8A
11	63678693	63684316	ENSG00000167771	RCOR2
1	247373993	247405125	ENSG00000232347	RP11-488L18.8
17	13446846	13446963	ENSG00000221698	MIR548H3
X	73524025	73524868	ENSG00000187969	ZCCHC13
7	143651937	143694405	ENSG00000243583	RP4-669B10.3
6	34247456	34254545	ENSG00000225339	RP11-513I15.6
4	138728860	138737556	ENSG00000250034	RP11-793B23.1
5	139750476	139780952	ENSG00000249637	CTC-329D1.2
3	131252399	132004254	ENSG00000196353	CPNE4
1	197726449	197731095	ENSG00000224901	RP11-448G4.4
4	74951712	74952389	ENSG00000251017	RP11-629B11.4
8	130263213	130263384	ENSG00000253225	RP11-1057N3.2
8	74423511	74423889	ENSG00000254273	RP11-181D18.4
12	66696325	66737423	ENSG00000127311	HELB
6	97198700	97199604	ENSG00000216518	EEF1GP6
1	198166909	198167316	ENSG00000232824	RP11-401A10.2
8	130303229	130303521	ENSG00000222755	RN7SKP206
22	26921458	26992681	ENSG00000128294	TPST2
17	13659795	13972812	ENSG00000236088	COX10-AS1
5	139776908	139777029	ENSG00000222790	RNU4-14P
4	75192603	75192680	ENSG00000265720	AC097470.1
1	247393242	247395182	ENSG00000214144	RP11-488L18.1
X	114266990	114267096	ENSG00000222122	RNU6-648P
8	74502809	74503118	ENSG00000253383	RP11-116B19.2
6	97233013	97243697	ENSG00000224384	RP3-417O22.3
6	34438567	34438706	ENSG00000221635	BX255972.1
2	227700297	227863931	ENSG00000144468	RHBDD1
6	158402888	158520208	ENSG00000078269	SYNJ2
16	32896515	32900195	ENSG00000214614	RP11-989E6.3
5	139906937	139907013	ENSG00000200051	SNORD45
1	198566854	198567998	ENSG00000223881	RP11-553K8.2
13	28194903	28241548	ENSG00000186184	POLR1D
11	94607217	94658686	ENSG00000256469	RP11-856F16.2
4	75284634	75306174	ENSG00000250532	RP11-727M10.1
X	114298499	114299357	ENSG00000238223	RP6-204F4.2
6	34544035	34544433	ENSG00000196114	RP3-391O22.3
4	138948576	139051863	ENSG00000248307	LINC00616
8	130363937	130692485	ENSG00000229140	CCDC26
5	139959252	139959377	ENSG00000200235	SNORA27
1	100927955	100951553	ENSG00000228086	RP5-837M10.4
8	74563524	74563837	ENSG00000254105	VENTXP6
6	97362577	97362871	ENSG00000263479	RN7SL509P
5	139961089	139961920	ENSG00000251453	HAUS1P1
1	198626682	198636190	ENSG00000261573	RP11-553K8.5
HG339_PATCH	97872504	97872608	ENSG00000263132	U6
11	94646212	94646931	ENSG00000213368	ST13P11
4	75418301	75514664	ENSG00000249942	AC142293.3
X	136677424	136677710	ENSG00000239579	RN7SL325P
7	143676214	143677318	ENSG00000270729	RP4-669B10.6
5	54336675	54336773	ENSG00000207229	Y_RNA
1	46111488	46111869	ENSG00000225447	RPS15AP10
1	147635066	147700929	ENSG00000226335	XXyac-YX155B6.6
2	190618190	190618285	ENSG00000223249	Y_RNA
HG339_PATCH	97949117	97949976	ENSG00000263228	RP11-44D15.6
6	97731179	97757924	ENSG00000226684	RP3-418C23.2
1	101052205	101052987	ENSG00000213421	RP11-84O12.2
X	136742678	136744401	ENSG00000229562	ZFYVE9P1
5	54350256	54350968	ENSG00000251376	CTD-2313F11.2
8	74582676	74645132	ENSG00000254538	RP11-463D19.1
2	110741635	110742565	ENSG00000240069	GPAA1P1
7	143677998	143678913	ENSG00000273377	OR2Q1P
6	34584315	34585035	ENSG00000216636	RPL7P25
6	13574816	13614790	ENSG00000124523	SIRT5
2	190627430	190630282	ENSG00000253559	OSGEPL1-AS1
2	11534107	11543203	ENSG00000224177	LINC00570
1	198648268	198649162	ENSG00000236278	PEBP1P3
HSCHR19LRC_LRC_J_CTG1	54530502	54530601	ENSG00000272640	AC012314.4
5	54359007	54362058	ENSG00000248029	CTD-2313F11.3
6	98150157	98155979	ENSG00000224849	RP1-104O17.1
8	74743378	74744182	ENSG00000253273	RP11-99A14.1
4	75454449	75475972	ENSG00000248760	RP11-727M10.2
6	34650575	34650679	ENSG00000239059	snoU13
9	130493803	130497604	ENSG00000160404	TOR2A
2	52856881	52857216	ENSG00000233083	FTH1P6
1	46116711	46117498	ENSG00000234329	RP11-767N6.2
6	98155635	98180588	ENSG00000242486	RP1-104O17.2
6	34653134	34653419	ENSG00000265123	RN7SL200P
X	114303800	114304409	ENSG00000236080	YAP1P2
4	75843032	75843348	ENSG00000250356	HSPE1P23
11	94695787	94706776	ENSG00000150316	CWC15
1	101092605	101106169	ENSG00000230402	RP11-84O12.4
X	136770050	136770153	ENSG00000222114	RNU6-985P
HG686_PATCH	95352269	95368320	ENSG00000259916	RP11-407P15.2
7	143682235	143683744	ENSG00000242280	SLC16A1P1
8	130428195	130458098	ENSG00000253926	RP11-26E5.1
6	34654379	34654883	ENSG00000220643	RP3-391O22.1
1	147665993	147666115	ENSG00000238677	RNA5SP58
X	137479510	137479787	ENSG00000252163	RN7SKP31
6	98158829	98165073	ENSG00000226207	RP1-104O17.3
X	73641085	73753752	ENSG00000147100	SLC16A2
20	3827487	3849280	ENSG00000088888	MAVS
2	190628585	190629182	ENSG00000273240	RP11-455J20.3
1	198776622	198906558	ENSG00000229989	MIR181A1HG
1	101117503	101117823	ENSG00000224685	RP11-84O12.3
4	75881184	75895572	ENSG00000249717	RP11-44F21.3
7	143774814	143774918	ENSG00000239967	OR2A41P
10	38671997	38691844	ENSG00000120555	SEPT7P9
1	46160356	46162747	ENSG00000230896	RP11-767N6.7
1	147706573	147706607	ENSG00000224335	RP11-301M17.2
16	32914763	32915215	ENSG00000261834	IGHV3OR16-15
X	119384607	119392253	ENSG00000177485	ZBTB33
2	190749490	190749579	ENSG00000238641	AC008122.1
11	65712916	65727434	ENSG00000175513	TSGA10IP
X	137564903	137565955	ENSG00000183981	MAGEA13P
8	130496303	130496388	ENSG00000263763	MIR3686
1	147718440	147718956	ENSG00000227700	RP11-301M17.1
7	143815554	143816453	ENSG00000239981	OR2A15P
2	190781980	190782484	ENSG00000223824	AC019178.3
8	130508088	130508189	ENSG00000265513	hsa-mir-3673
8	74746010	74746277	ENSG00000272469	Metazoa_SRP
1	101360484	101360912	ENSG00000273204	RP4-549L20.3
6	98264585	98847748	ENSG00000271860	RP11-436D23.1
1	46246949	46247629	ENSG00000236111	RP11-630I5.1
10	79828381	79829296	ENSG00000231957	GNAI2P2
1	147735751	147735907	ENSG00000199879	RNU1-120P
7	143839102	143840031	ENSG00000273234	OR2A13P
8	130508468	130508569	ENSG00000266096	AC011652.2
5	54368843	54392381	ENSG00000249454	GZMAP1
2	190788062	190788942	ENSG00000204253	HNRNPCP2
8	74817592	74827245	ENSG00000251633	GYG1P1
6	34660557	34660660	ENSG00000238484	snoU13
1	147744014	147752855	ENSG00000234283	RP11-495P10.6
5	139988670	139988985	ENSG00000240518	RP11-515C16.1
8	130508758	130508857	ENSG00000265219	AC011652.1
1	101406573	101407551	ENSG00000230946	HNRNPA1P68
16	32926395	32926857	ENSG00000270864	IGHV3OR16-6
4	75919087	75960034	ENSG00000248165	RP11-44F21.2
8	24347825	24372342	ENSG00000253643	RP11-561E1.1
5	140027429	140027511	ENSG00000264052	MIR3655
8	130509216	130509296	ENSG00000265687	AC016178.1
4	138978618	139099331	ENSG00000250033	SLC7A11-AS1
1	198828002	198828111	ENSG00000207975	MIR181B1
7	143854319	143855271	ENSG00000183122	OR2A3P
6	34664094	34665247	ENSG00000272288	RP11-140K17.3
Y	20323252	20338370	ENSG00000231311	PRYP2
8	130509594	130509674	ENSG00000264680	hsa-mir-3669
5	140090860	140090958	ENSG00000199990	VTRNA1-1
1	147760107	147761057	ENSG00000228626	RP11-495P10.9
2	190795003	190795736	ENSG00000213110	AC019178.2
2	130865257	130867314	ENSG00000224087	AC018804.3
18	48405419	48474691	ENSG00000082212	ME2
1	198828173	198828282	ENSG00000207759	MIR181A1
1	46312666	46313266	ENSG00000232467	TMA16P2
8	130509833	130509913	ENSG00000266387	AC016178.2
12	76438670	76478813	ENSG00000187109	NAP1L1
1	247400170	247401259	ENSG00000235818	VN1R17P
1	198918145	198918934	ENSG00000227747	RP11-16L9.1
1	147762996	147767966	ENSG00000231196	RP11-495P10.8
2	110744516	110745971	ENSG00000225108	ZBTB45P1
8	130691381	130695925	ENSG00000254223	RP11-419K12.1
5	172989481	173000202	ENSG00000253768	CTB-33O18.1
8	74892019	74892112	ENSG00000202220	Y_RNA
2	52929660	52929753	ENSG00000264975	MIR4431
10	80008505	80434724	ENSG00000230417	LINC00856
4	76006912	76009927	ENSG00000260265	RP11-44F21.5
16	32943089	32943890	ENSG00000260610	RP11-989E6.11
8	74894360	74894702	ENSG00000244295	RPS20P21
1	101461029	101461816	ENSG00000235795	RP11-421L21.2
12	118470712	118500235	ENSG00000176871	WSB2
1	147767287	147769663	ENSG00000238107	RP11-495P10.5
1	46512490	46514040	ENSG00000226957	RP4-533D7.4
2	52949815	53137158	ENSG00000228033	AC010967.2
2	130866777	130866883	ENSG00000252223	RNU6-1049P
16	32963314	33039358	ENSG00000261259	RP11-19N8.2
2	191318818	191319247	ENSG00000272979	RP11-647K16.1
1	247419374	247420445	ENSG00000197617	VN1R5
8	130740990	130742691	ENSG00000224110	RP11-274M4.1
14	96671016	96710666	ENSG00000168398	BDKRB2
5	9511445	9518198	ENSG00000251370	CTD-2201E9.1
HG686_PATCH	95635180	95640576	ENSG00000260842	TEKT4
2	191399581	191432828	ENSG00000233654	AC093388.3
2	130887194	130896990	ENSG00000223760	MED15P9
1	46570622	46570847	ENSG00000233114	RP4-533D7.3
1	147767899	147769378	ENSG00000244252	RP11-495P10.7
1	198952450	198954529	ENSG00000225172	RP11-16L9.2
1	204586298	204654861	ENSG00000170382	LRRN2
5	92956402	92956494	ENSG00000251725	MIR2277
6	98472407	98472497	ENSG00000238367	MIR2113
6	34683390	34683717	ENSG00000186328	RP11-140K17.2
8	74896728	74897118	ENSG00000253833	RP11-367E12.4
3	238279	451090	ENSG00000134121	CHL1
16	32989782	32990212	ENSG00000259852	IGHV1OR16-2
6	98627375	98627708	ENSG00000220505	EIF4EBP2P3
2	191417990	191418206	ENSG00000251935	RN7SKP179
15	53049637	53083273	ENSG00000169856	ONECUT1
1	147789799	147790129	ENSG00000235988	RP11-495P10.4
X	114360879	114361007	ENSG00000271907	SNORA35
1	247458137	247458243	ENSG00000202079	Y_RNA
1	101491434	101552821	ENSG00000233184	RP11-421L21.3
8	74960912	74961019	ENSG00000212348	RNU6-1300P
7	1878222	1889567	ENSG00000176349	AC110781.3
5	93018544	93019373	ENSG00000249353	NPM1P27
X	114373593	114373686	ENSG00000212241	Y_RNA
20	61872136	61904046	ENSG00000101198	NKAIN4
1	46600203	46604753	ENSG00000227857	RP4-533D7.5
2	191541670	191573442	ENSG00000228509	AC006460.2
8	74964575	75012088	ENSG00000254288	RP11-6I2.3
1	147801124	147816764	ENSG00000224481	RP11-495P10.3
5	54466360	54466450	ENSG00000198983	MIR449A
6	98657896	98662559	ENSG00000236920	RP11-111D3.2
4	76026687	76027153	ENSG00000250315	RP11-44F21.4
2	197669726	197675000	ENSG00000187944	C2orf66
1	247654370	247655710	ENSG00000203664	OR2W5
5	92953775	93447404	ENSG00000113391	FAM172A
X	114432995	114433312	ENSG00000235656	RPL36P18
4	139198269	139202938	ENSG00000249091	RP11-733C7.1
6	34711953	34712450	ENSG00000217130	RP3-375P9.2
8	130844547	130856750	ENSG00000254317	RP11-473O4.5
13	28366780	28368905	ENSG00000169840	GSX1
5	9519965	9523290	ENSG00000250001	CTD-2201E9.2
2	68694693	68858004	ENSG00000169621	APLF
4	139220010	139233812	ENSG00000248397	LINC00498
5	54466474	54466570	ENSG00000207728	MIR449B
6	99006310	99006447	ENSG00000235504	RP3-453D15.1
6	161087260	161097555	ENSG00000243831	RP1-81D8.4
1	147802396	147802519	ENSG00000252744	Y_RNA
1	198975169	198990166	ENSG00000233410	RP11-16L9.3
5	37812779	37839788	ENSG00000168621	GDNF
16	33006858	33008091	ENSG00000260921	RP11-989E6.8
5	54468090	54468181	ENSG00000251856	MIR449C
1	46641158	46642150	ENSG00000250719	RP11-322N21.2
2	89471506	89472037	ENSG00000253625	IGKV2-23
1	147806736	147806886	ENSG00000202408	RNU1-122P
8	130876724	130877298	ENSG00000243402	RP11-473O4.1
6	34789222	34789319	ENSG00000206717	Y_RNA
4	76120077	76120289	ENSG00000250560	RP11-598G2.1
5	140098510	140098598	ENSG00000202111	VTRNA1-2
6	99228133	99241868	ENSG00000187472	RP11-67P15.1
8	24769678	24772230	ENSG00000272163	GS1-72M22.1
4	139230865	139345498	ENSG00000251372	LINC00499
10	125536186	125537265	ENSG00000231138	RP11-391M7.3
2	53091373	53093769	ENSG00000232604	AC010967.3
1	147830374	147830815	ENSG00000272824	RP6-74O6.6
2	191745523	191746785	ENSG00000235852	AC005540.3
8	130880836	130880962	ENSG00000200075	SNORA25
6	34991299	34991608	ENSG00000187762	HSPE1P11
5	140105743	140105831	ENSG00000202515	VTRNA1-3
12	82752276	82873015	ENSG00000127720	METTL25
19	40736224	40791443	ENSG00000105221	AKT2
1	147834502	147834665	ENSG00000207340	RNVU1-10
8	130902711	130914004	ENSG00000254263	RP11-473O4.4
1	46836258	46836627	ENSG00000225779	RP4-603I14.3
10	125670995	125671077	ENSG00000221437	AC068058.1
16	33013654	33013942	ENSG00000259997	IGHV1OR16-4
4	76194278	76286392	ENSG00000251185	RP11-542G1.1
X	114658576	114660070	ENSG00000237332	RP5-878I13.1
1	198985262	199045864	ENSG00000235492	RP11-16L9.4
2	191857365	191858293	ENSG00000229023	AC067945.3
5	140111875	140112448	ENSG00000250515	RP11-515C16.7
5	54529762	54591029	ENSG00000251307	RP11-506H20.1
6	99530325	99530637	ENSG00000271042	RP3-364H10.1
13	28494157	28500368	ENSG00000139515	PDX1
10	125673090	125691113	ENSG00000234677	RP11-285A18.2
5	9546312	9550721	ENSG00000250786	SNHG18
8	130952102	130961640	ENSG00000253720	RP11-473O4.3
1	247687981	247690054	ENSG00000227135	GCSAML-AS1
1	147835127	147931933	ENSG00000215863	LINC01138
4	76266489	76284234	ENSG00000251454	RP11-542G1.2
5	173001941	173003278	ENSG00000254164	CTB-33O18.2
1	199117726	199362435	ENSG00000231718	RP11-382E9.1
X	11129421	11141198	ENSG00000004961	HCCS
5	140143695	140144406	ENSG00000248106	AC005609.2
5	93077346	93079206	ENSG00000272406	RP11-185E12.2
6	35101231	35101315	ENSG00000264241	AL138721.1
19	20137836	20137926	ENSG00000264441	AC006539.1
6	99572485	99572572	ENSG00000265226	MIR548AI
2	53110381	53110593	ENSG00000232668	AC010967.1
4	76279286	76287776	ENSG00000251383	RP11-542G1.3
10	125751426	125752185	ENSG00000213438	YBX2P1
5	173006646	173012071	ENSG00000253955	CTB-33O18.3
1	199166208	199166312	ENSG00000239006	AC105941.1
7	2273866	2281840	ENSG00000122687	FTSJ2
1	247728941	247804156	ENSG00000236817	RP11-978I15.10
8	131016774	131016847	ENSG00000253043	RNU7-181P
2	89491988	89492240	ENSG00000253202	IGKV3-25
19	20144253	20145141	ENSG00000268070	AC006539.3
6	35188147	35192407	ENSG00000272374	RP3-329A5.8
6	44310397	44344904	ENSG00000249481	SPATS1
HG962_PATCH	70856397	70914929	ENSG00000265880	CBWD3
1	46897801	46911193	ENSG00000232022	RP5-1109J22.1
8	24808468	24814624	ENSG00000104725	NEFL
2	110744640	110753717	ENSG00000204588	LINC01123
1	199341005	199341425	ENSG00000228190	RP11-104D3.1
8	131020580	131020699	ENSG00000264653	MIR5194
6	99622620	99623357	ENSG00000232699	BDH2P1
3	50126341	50156454	ENSG00000003756	RBM5
4	76286417	76359659	ENSG00000248646	RP11-567N4.2
2	191882680	191883805	ENSG00000230686	AC067945.2
8	131081787	131081898	ENSG00000200304	RNU6-1255P
16	33054930	33106752	ENSG00000260141	RP11-19N8.4
5	54652136	54653351	ENSG00000271410	RP11-506H20.2
1	147857985	147858119	ENSG00000252842	RNU1-135P
4	76326405	76348233	ENSG00000250735	RP11-567N4.3
5	173069522	173085197	ENSG00000253959	CTB-43E15.1
8	131085393	131085648	ENSG00000203377	AC131568.1
10	125763820	125764344	ENSG00000232334	RP11-47G11.2
1	147860642	147860803	ENSG00000202064	RNVU1-11
2	191886252	191897040	ENSG00000231858	AC067945.4
19	20173564	20174129	ENSG00000269154	AC006539.4
6	161119320	161121664	ENSG00000224477	RP1-81D8.3
1	101598709	101598895	ENSG00000252765	SCARNA16
2	187350883	187374090	ENSG00000065548	ZC3H15
2	53697585	53697767	ENSG00000251942	SCARNA16
6	35246954	35247596	ENSG00000217004	RP3-329A5.1
1	199356269	199357603	ENSG00000236468	RP11-104D3.2
10	126133808	126134344	ENSG00000269962	RP13-238F13.5
1	147874868	147875028	ENSG00000201183	RNVU1-12
5	54804678	54804754	ENSG00000265135	MIR5687
1	101656076	101656550	ENSG00000271578	RP5-1033H2.1
8	131175218	131175373	ENSG00000212342	SNORA12
5	93196375	93199531	ENSG00000251023	RP11-549J18.1
5	173116462	173132852	ENSG00000253428	CTB-43E15.2
6	99872798	99879249	ENSG00000228506	RP11-98I9.4
5	140240860	140243104	ENSG00000249504	PCDHA14
1	247770428	247770503	ENSG00000252394	RNU6-691P
8	131607545	131667958	ENSG00000253656	KB-1568E2.1
HG729_PATCH	8741728	8741952	ENSG00000262658	AC092566.1
2	53713282	53713418	ENSG00000223897	AC069157.1
4	76587305	76587397	ENSG00000201644	Y_RNA
4	146678779	146859787	ENSG00000151612	ZNF827
19	20190627	20191348	ENSG00000240673	AC006539.2
10	126136282	126138617	ENSG00000271434	RP13-238F13.3
1	147887350	147901508	ENSG00000231551	RP11-495P10.1
1	101694220	101694321	ENSG00000238296	snoU13
16	33071257	33071419	ENSG00000260900	RP11-19N8.3
2	191986676	191986782	ENSG00000207402	RNU6-959P
1	247782945	247783872	ENSG00000198452	OR14L1P
4	76750607	76750742	ENSG00000222644	RNU2-16P
2	130941016	130941092	ENSG00000265280	AC018804.1
2	89495584	89496317	ENSG00000254098	IGKV2-26
6	35410821	35417643	ENSG00000227154	MKRNP2
X	73805052	73834452	ENSG00000131263	RLIM
6	161293920	161339681	ENSG00000224371	RP11-235G24.1
8	131904316	131905031	ENSG00000253259	RP11-737F9.2
1	101701239	101702084	ENSG00000225938	RP4-575N6.4
2	192038959	192039561	ENSG00000230611	HMGB1P27
5	140479829	140481794	ENSG00000272154	AC005754.7
4	76751904	76753858	ENSG00000229717	RP11-556N4.1
5	54825984	54826529	ENSG00000250853	RNF138P1
HG729_PATCH	8793619	8794088	ENSG00000262301	CTD-2557P19.1
2	130959885	130970201	ENSG00000227632	AC018804.6
10	126178392	126179147	ENSG00000229455	RPS10P18
1	247803051	247910364	ENSG00000235749	RP11-634B7.4
6	99968569	99979794	ENSG00000228439	TSTD3
8	131947655	131961911	ENSG00000253992	RP11-737F9.1
2	110765252	110768360	ENSG00000235721	AC013268.3
4	76901943	76927095	ENSG00000245928	RP11-630D6.5
12	113536624	113574044	ENSG00000111344	RASAL1
1	101708714	101709305	ENSG00000260940	RP4-575N6.5
13	28519343	28519727	ENSG00000180389	ATP5EP2
2	192093891	192110898	ENSG00000227542	AC092614.2
2	53797511	53797617	ENSG00000207456	RNU6-997P
16	33105525	33140411	ENSG00000261599	HERC2P8
HSCHR6_MHC_QBL	32961400	32977612	ENSG00000206291	HLA-DPA1
2	53878538	53878610	ENSG00000264740	AC008064.1
4	76957903	76958217	ENSG00000225846	RP11-630D6.1
1	247830189	247831143	ENSG00000230411	OR3D1P
1	101721830	101722172	ENSG00000228399	RP4-575N6.2
5	93903166	93904614	ENSG00000251544	MTND5P12
HSCHR6_MHC_QBL	29688014	29703770	ENSG00000206509	HLA-F
2	54066862	54066966	ENSG00000238756	snoU13
1	199584316	199584408	ENSG00000263805	AL450244.1
12	57390745	57391335	ENSG00000268162	HBCBP
4	77016561	77016661	ENSG00000265931	AC112719.1
2	192235664	192235770	ENSG00000252130	RNU6-1045P
2	54076259	54076342	ENSG00000265452	MIR3682
5	173134617	173173214	ENSG00000253686	CTB-43E15.3
6	161326802	161334670	ENSG00000220913	RP11-235G24.2
1	199721619	199722018	ENSG00000231984	RP11-2L13.1
2	11657523	11657629	ENSG00000201610	RNA5SP84
8	132142635	132157128	ENSG00000253407	RP11-381I15.1
1	101736431	101736919	ENSG00000173810	PPIAP7
2	192658151	192684976	ENSG00000225884	AC098872.3
4	77265703	77266743	ENSG00000249858	SNX5P1
2	54256689	54257819	ENSG00000235937	AC008280.1
6	100015973	100016972	ENSG00000272017	RP1-199J3.7
12	57392618	57400230	ENSG00000166860	ZBTB39
22	26995242	27014052	ENSG00000100122	CRYBB1
1	147907215	147909036	ENSG00000225871	RP11-495P10.10
2	11680731	11680803	ENSG00000264010	MIR4429
4	77277763	77277868	ENSG00000212368	RNU6-1000P
7	143050493	143059863	ENSG00000159784	FAM131B
2	130970443	130971063	ENSG00000230756	RHOQP3
1	199846106	199846686	ENSG00000228530	RP11-567B20.1
10	126392194	126402786	ENSG00000233334	FAM53B-AS1
2	113973574	114036527	ENSG00000125618	PAX8
4	77322404	77322722	ENSG00000240426	RP11-356M17.1
X	119392505	119445411	ENSG00000125355	TMEM255A
13	28536274	28545276	ENSG00000165556	CDX2
8	132320792	132329879	ENSG00000253507	CTD-2501M5.1
2	130986949	130989679	ENSG00000213225	AC018804.7
1	101788893	101855859	ENSG00000231671	RP11-157N3.1
11	65729160	65747299	ENSG00000175467	SART1
6	100023588	100024332	ENSG00000219755	RP1-199J3.5
4	77323229	77323299	ENSG00000199857	SNORD50
2	89533655	89534393	ENSG00000253998	IGKV2-29
1	199857287	199857389	ENSG00000200139	RNU6-778P
2	192711265	192908909	ENSG00000233766	AC098617.1
2	11701320	11701432	ENSG00000251718	RNU2-13P
X	114689494	114689955	ENSG00000271021	RP5-878I13.2
1	199878049	199878776	ENSG00000229747	RP11-567B20.2
2	11701787	11701905	ENSG00000202248	RNA5SP85
19	20235248	20236293	ENSG00000224864	CTC-260E6.2
1	147983307	147983593	ENSG00000270656	RP3-328E19.5
5	173157081	173157180	ENSG00000263401	AC008674.1
X	114752490	114797058	ENSG00000271826	RP1-93I3.1
5	140498262	140500347	ENSG00000272108	AC005754.8
6	100090113	100090223	ENSG00000199303	Y_RNA
1	147994146	147994313	ENSG00000212456	RNVU1-13
2	54278471	54278897	ENSG00000233266	HMGB1P31
1	46912345	46915376	ENSG00000224863	RP5-1109J22.2
1	148000213	148000494	ENSG00000223491	RP3-328E19.4
2	11724899	11725176	ENSG00000239899	RN7SL674P
5	173213793	173236042	ENSG00000254211	CTB-43E15.4
5	93904634	93905175	ENSG00000254132	MTND6P3
1	199977633	199977735	ENSG00000202491	RNU6-716P
6	161347401	161348194	ENSG00000233342	RP11-235G24.3
6	100441820	100524289	ENSG00000229315	MCHR2-AS1
1	41157320	41237275	ENSG00000066136	NFYC
1	148193172	148193875	ENSG00000223612	RP11-289I10.2
1	199983817	199983923	ENSG00000202329	RNU6-609P
X	114779969	114780049	ENSG00000252441	SNORA64
1	200023189	200023293	ENSG00000252860	RNU6-570P
1	102189298	102195170	ENSG00000226715	RP11-411H5.1
5	140566893	140571111	ENSG00000177839	PCDHB9
14	31494312	31562818	ENSG00000100478	AP4S1
5	9548948	9549017	ENSG00000239112	SNORD123
1	46921495	46948147	ENSG00000225667	LINC00505
X	114894033	114894342	ENSG00000270431	RP1-241P17.7
10	126454765	126454866	ENSG00000199466	Y_RNA
1	200113962	200114063	ENSG00000221403	AC096633.1
2	54307111	54307417	ENSG00000241114	AC008280.3
6	35512409	35513446	ENSG00000228559	RP3-340B19.3
1	102194198	102194293	ENSG00000252530	RNU6-965P
4	155548097	155674270	ENSG00000121207	LRAT
6	161352112	161390803	ENSG00000231863	RP3-428L16.1
10	126493333	126493557	ENSG00000203457	AC068896.1
1	200116659	200117407	ENSG00000229220	RP11-47A17.2
8	24814135	24814624	ENSG00000272157	CTD-2168K21.2
1	47004368	47035927	ENSG00000269956	MKNK1-AS1
1	102251892	102254059	ENSG00000183298	RP11-556K13.1
2	89551697	89552222	ENSG00000253158	IGKV3-31
6	35523650	35524041	ENSG00000219023	RP3-340B19.2
19	20236186	20432114	ENSG00000267383	CTC-260E6.6
HSCHR6_MHC_COX	33052091	33081908	ENSG00000227801	COL11A2
X	114899215	114900453	ENSG00000227881	ASS1P5
1	148229952	148230238	ENSG00000271291	RP11-289I10.3
1	200182656	200183643	ENSG00000233827	FAM58BP
2	11747530	11747631	ENSG00000265583	AC011994.1
6	161411350	161413374	ENSG00000272841	RP3-428L16.2
2	192745908	192746931	ENSG00000213946	DNAJB1P1
2	216946589	216967506	ENSG00000163449	TMEM169
10	126503527	126503631	ENSG00000207494	Y_RNA
6	100498248	100499112	ENSG00000219257	NPM1P38
1	148241465	148241628	ENSG00000207501	RNVU1-14
13	28551851	28562791	ENSG00000183463	URAD
5	9621489	9658570	ENSG00000248525	CTD-2001E22.1
10	126556079	126556895	ENSG00000214807	NPM1P31
15	53805938	54055075	ENSG00000166415	WDR72
1	148246959	148248104	ENSG00000236140	RP11-89F3.2
1	47131582	47132047	ENSG00000233647	RP11-8J9.1
6	162036098	162036191	ENSG00000221021	AL035697.1
6	35575405	35575711	ENSG00000218749	RP3-340B19.5
2	11805495	11806095	ENSG00000230044	AC110754.3
5	93905245	93906381	ENSG00000251340	RP11-461G12.2
1	22443798	22470462	ENSG00000162552	WNT4
1	200284563	200285095	ENSG00000273093	RP11-532L16.3
6	162989411	162990760	ENSG00000227913	KRT8P44
19	55417508	55427508	ENSG00000189430	NCR1
2	193494645	193510432	ENSG00000229395	AC013401.1
12	70132461	70216984	ENSG00000127328	RAB3IP
2	54309691	54312203	ENSG00000272156	RP11-477N3.1
8	24849516	24867292	ENSG00000253832	CTD-2168K21.1
1	200298289	200298805	ENSG00000213045	RP11-532L16.1
X	153287024	153363212	ENSG00000169057	MECP2
2	131003544	131006343	ENSG00000234398	AC134915.1
6	100583940	100584539	ENSG00000213177	PRDX2P4
1	47139708	47157770	ENSG00000228237	EFCAB14-AS1
5	140613938	140617101	ENSG00000146001	PCDHB18
10	126605712	126631450	ENSG00000249456	RP11-298J20.4
8	24998909	24999483	ENSG00000253670	RP11-429O2.1
6	35619595	35619722	ENSG00000212579	SNORA40
6	163378290	163378580	ENSG00000217557	RP11-157L10.1
5	54847713	54848382	ENSG00000249410	AK4P2
1	148349256	148349657	ENSG00000234367	PFN1P3
6	35632494	35632566	ENSG00000265527	MIR5690
10	126633773	126635001	ENSG00000226899	RP11-298J20.3
2	193508828	193510113	ENSG00000232227	AC013401.2
1	102325407	102325513	ENSG00000252717	RNU6-352P
6	35668780	35668915	ENSG00000223063	AL157823.1
10	75757872	75879918	ENSG00000035403	VCL
1	102348072	102348450	ENSG00000271277	RP11-82O2.2
10	126721352	126721439	ENSG00000264572	MIR4296
2	54394081	54394144	ENSG00000252934	RNU7-172P
HSCHR6_MHC_COX	31613489	31615961	ENSG00000235360	C6orf47
6	35701644	35704724	ENSG00000232909	RP3-510O8.4
2	89553057	89553501	ENSG00000253870	IGKV1-32
1	47208001	47208805	ENSG00000236476	RP11-8J9.5
22	26355040	26379492	ENSG00000232464	CTA-125H2.1
6	163463589	163475193	ENSG00000225437	RP1-257A15.1
7	26411764	26416321	ENSG00000225792	AC004540.4
1	148542873	148545128	ENSG00000229002	RP11-666A1.4
X	114937131	114938440	ENSG00000234785	EEF1GP5
2	54743185	54767834	ENSG00000228108	AC092839.3
2	110769842	110770178	ENSG00000229730	AC013268.4
10	126855246	126855506	ENSG00000214298	MRPS21P6
2	131009141	131010132	ENSG00000236595	MED15P5
22	26359949	26360239	ENSG00000223056	RN7SKP169
1	148574653	148575051	ENSG00000227212	PFN1P7
1	200311672	200343482	ENSG00000203721	LINC00862
6	35733685	35734704	ENSG00000220734	RP3-510O8.3
22	26402355	26402498	ENSG00000232050	CTA-125H2.3
2	131028169	131029845	ENSG00000237722	MTND1P29
22	27017928	27026636	ENSG00000196431	CRYBA4
8	25038946	25039235	ENSG00000241811	RN7SL651P
22	26557800	26560269	ENSG00000236464	CTA-796E4.3
1	47308767	47366109	ENSG00000154198	CYP4Z2P
5	55046034	55046229	ENSG00000251368	RP11-175M2.1
2	193614571	193641625	ENSG00000227418	PCGEM1
10	80027085	80090352	ENSG00000227136	LINC00595
X	114938132	114938187	ENSG00000264759	AC005000.2
5	93914474	93914555	ENSG00000211498	AC093311.1
2	197697728	197792520	ENSG00000197121	PGAP1
5	55073297	55073415	ENSG00000199322	RNA5SP183
1	148598398	148599531	ENSG00000237253	RP11-666A1.5
8	25283037	25284096	ENSG00000253476	RP11-395I14.2
1	102358661	102359603	ENSG00000162699	DNAJA1P5
6	35957292	35958213	ENSG00000271304	DPRXP2
22	26557876	26559180	ENSG00000229770	CTA-796E4.4
5	55134629	55135853	ENSG00000248854	HNRNPH1P3
5	93928473	93930496	ENSG00000232578	CTC-303L1.1
6	163647942	163648037	ENSG00000239136	snoU13
11	1490687	1522477	ENSG00000182208	MOB2
X	114953100	114953685	ENSG00000255927	AC005000.1
6	36059768	36060423	ENSG00000237719	RP1-179N16.3
7	2281857	2290781	ENSG00000106268	NUDT1
1	148598464	148598976	ENSG00000226675	RP11-666A1.3
2	54756480	54756938	ENSG00000237887	RPL23AP32
11	9595228	9615004	ENSG00000166483	WEE1
5	173466754	173467243	ENSG00000253109	RP11-619L12.1
2	193638808	193639142	ENSG00000226242	RPS17P8
6	163784242	163784495	ENSG00000217514	RP3-495O10.1
22	26637297	26650058	ENSG00000224192	RP11-259P1.1
10	115939029	115992063	ENSG00000095627	TDRD1
1	148604908	148605072	ENSG00000207205	RNVU1-15
7	26438213	26538594	ENSG00000214870	AC004540.5
5	140619518	140621864	ENSG00000262096	PCDHB19P
1	200443048	200447421	ENSG00000230623	RP11-469A15.2
6	36108275	36108365	ENSG00000221743	Z95152.1
X	73952684	74145282	ENSG00000050030	KIAA2022
1	148616292	148616578	ENSG00000271439	RP11-666A1.7
2	131030052	131031084	ENSG00000231954	MTND2P22
22	26786633	26786742	ENSG00000252267	RNA5SP495
1	200638635	200663378	ENSG00000260088	RP11-92G12.3
8	25543314	25545040	ENSG00000253100	RP11-219J21.1
6	36114475	36164982	ENSG00000246982	RP1-179N16.6
11	63706431	63724800	ENSG00000110583	NAA40
1	148644011	148644795	ENSG00000231267	PPIAL4E
6	163834097	163834992	ENSG00000270419	CAHM
6	100625085	100626068	ENSG00000216378	RP3-344J20.1
1	102665295	102855186	ENSG00000233359	RP11-202K23.1
22	26818037	26819159	ENSG00000230203	CTB-1048E9.7
4	139346677	139358023	ENSG00000249381	LINC00500
2	110827538	110827619	ENSG00000265682	MIR4267
8	132445023	132445116	ENSG00000252158	SNORA72
HG747_PATCH	66255298	66418847	ENSG00000263074	ARSG
10	103338639	103348027	ENSG00000166169	POLL
1	200832936	200833280	ENSG00000231333	RPL34P6
5	55231971	55237555	ENSG00000262211	CTD-2031P19.5
8	132724759	132725227	ENSG00000254255	CTD-2008O4.1
5	173483063	173483588	ENSG00000253244	RP11-619L12.3
5	140699661	140700339	ENSG00000255729	AC005618.1
5	9641417	9903938	ENSG00000249781	CTD-2143L24.1
4	139402409	139403250	ENSG00000248305	RP11-310A13.2
6	164007615	164009197	ENSG00000228692	RP5-826L7.1
1	103228878	103319398	ENSG00000230864	RP5-936J12.1
X	114957297	114959383	ENSG00000229335	RP1-241P17.1
2	131031481	131033022	ENSG00000236211	AC068137.5
5	156346293	156390266	ENSG00000145850	TIMD4
6	100874994	100885360	ENSG00000228082	RP1-121G13.2
HG686_PATCH	95339723	95350930	ENSG00000261522	RP11-407P15.1
6	164124936	164180873	ENSG00000235538	RP1-230L10.1
1	148736689	148737087	ENSG00000237533	PFN1P6
8	133572745	133573726	ENSG00000253521	HPYR1
22	26908503	26910534	ENSG00000261188	CTA-445C9.14
2	194121208	194122482	ENSG00000232658	AC092638.1
2	89575056	89575545	ENSG00000253860	IGKV3-34
2	54772505	54773814	ENSG00000234943	AC092839.4
12	57403784	57422667	ENSG00000166863	TAC3
19	47212550	47212602	ENSG00000211513	MIR320E
X	55307804	55315218	ENSG00000232765	RP11-382F24.2
6	164261593	164261882	ENSG00000266128	RN7SL366P
6	100978152	100978928	ENSG00000220695	RP1-121G13.3
4	139481858	139483095	ENSG00000248795	RP11-173E2.1
2	110844010	110844100	ENSG00000264979	MIR4436B2
8	133693146	133693248	ENSG00000222570	AF216667.1
1	200890122	200935658	ENSG00000233217	MROH3P
5	173508509	173513562	ENSG00000253447	RP11-619L12.4
1	103565699	103566260	ENSG00000234257	SOD2P1
5	55240458	55240856	ENSG00000264281	CTD-2031P19.4
6	164505055	164506693	ENSG00000260422	RP1-155D22.2
19	47231860	47235957	ENSG00000269487	CTB-174O21.2
18	48494361	48514491	ENSG00000141642	ELAC1
8	133838424	133839148	ENSG00000270137	CTC-137K3.1
1	148760504	148761583	ENSG00000237343	RP11-763B22.4
8	25634195	25634972	ENSG00000253342	RP11-219J21.2
3	178815519	178815628	ENSG00000200616	Y_RNA
5	140705777	140708924	ENSG00000272070	AC005618.6
6	164529652	164530726	ENSG00000230627	RP1-155D22.1
6	36354608	36359771	ENSG00000224666	RP1-50J22.4
3	178819154	178865761	ENSG00000229102	RP11-360P21.2
19	47239569	47239676	ENSG00000222614	Y_RNA
8	25691645	25697651	ENSG00000254178	RP11-299D14.2
2	89586446	89586730	ENSG00000253461	IGKV1-35
4	139585879	139586723	ENSG00000250977	RP11-173E2.2
3	178886871	178886998	ENSG00000201957	SNORA25
2	54888148	54889929	ENSG00000238018	AC093110.3
6	36418692	36418978	ENSG00000240733	RN7SL502P
1	148760506	148761018	ENSG00000233586	RP11-763B22.3
8	133850375	133856543	ENSG00000223697	AF230666.2
X	55477928	55478015	ENSG00000266328	hsa-mir-4536-2
19	47312842	47313440	ENSG00000269576	HNRNPMP2
3	178954479	178955163	ENSG00000272700	RP11-245C23.3
6	36478294	36478375	ENSG00000264878	Z85986.1
X	55609166	55609267	ENSG00000200635	Y_RNA
6	101329347	101330863	ENSG00000260000	RP3-467N11.1
X	115033604	115085422	ENSG00000235244	RP11-761E20.1
1	148766938	148767102	ENSG00000206968	RNVU1-16
7	143873833	143874235	ENSG00000240621	OR2AO1P
4	139694704	139722793	ENSG00000250501	RP11-98O2.1
6	36489968	36490275	ENSG00000239964	RN7SL748P
6	164767522	164769677	ENSG00000226739	RP11-347L18.1
X	55626096	55626539	ENSG00000235136	RP13-146A14.1
22	26917949	26921002	ENSG00000260065	CTA-445C9.15
19	47330152	47331697	ENSG00000269014	CTB-147N14.4
2	110884309	110884401	ENSG00000212091	AC013268.1
1	148778320	148778606	ENSG00000270239	RP11-763B22.10
6	36590213	36590289	ENSG00000263894	MIR3925
7	143880548	143883173	ENSG00000256178	AC004889.1
5	55290995	55299477	ENSG00000227908	CTD-2031P19.3
12	129337972	129469509	ENSG00000151948	GLT1D1
HSCHR6_MHC_QBL	31966588	32011521	ENSG00000229353	TNXB
8	25798739	25801385	ENSG00000248731	AC090103.1
6	36607322	36607449	ENSG00000238554	RNU1-88P
HSCHR6_MHC_DBB	30866676	30872598	ENSG00000226384	GTF2H4
3	63213991	63602597	ENSG00000163630	SYNPR
1	200902473	200902575	ENSG00000201032	RNU6-704P
1	148806015	148806799	ENSG00000230582	PPIAL4F
2	131033165	131033830	ENSG00000230496	AC068137.6
6	165241239	165245119	ENSG00000227455	RP11-300M24.1
2	110941631	110942756	ENSG00000233370	AC092664.1
17	7835419	7853236	ENSG00000170037	CNTROB
19	47451546	47451631	ENSG00000252071	snoU13
6	36640615	36640721	ENSG00000251864	Y_RNA
8	25994396	25994514	ENSG00000199620	RNA5SP258
22	26951178	26951289	ENSG00000221760	MIR548J
8	134014850	134015320	ENSG00000240237	CTD-2182N23.1
6	101337479	101338214	ENSG00000270987	RP3-467N11.2
5	93947611	93953827	ENSG00000270133	CTC-303L1.2
X	55659464	55662089	ENSG00000229594	RP11-167P23.4
4	139732832	139732920	ENSG00000238971	AC093766.1
HSCHR6_MHC_COX	31616421	31621476	ENSG00000236011	GPANK1
1	200993077	200997920	ENSG00000229191	RP11-168O16.1
19	47582188	47582450	ENSG00000263555	RN7SL533P
6	36641594	36643047	ENSG00000213500	LAP3P2
2	194141393	194142339	ENSG00000235218	AC092638.2
X	115108801	115109100	ENSG00000266828	RN7SL712P
2	131034080	131034760	ENSG00000232990	MTATP6P7
22	26956492	26957054	ENSG00000213707	HMGB1P10
6	165530684	165531013	ENSG00000217878	RP11-534P19.1
19	47730199	47730278	ENSG00000265134	MIR3191
HG686_PATCH	95489421	95489682	ENSG00000261381	CNN2P11
2	54974240	54975541	ENSG00000231334	AC104781.1
8	134241299	134241940	ENSG00000270132	WISP1-OT1
13	28577411	28674729	ENSG00000122025	FLT3
X	115174736	115175671	ENSG00000231371	AKR1B1P8
4	139741108	139933800	ENSG00000250195	RP11-371F15.3
2	131034757	131035530	ENSG00000249997	AC068137.8
22	27040853	27041300	ENSG00000226912	ISCA2P1
6	165823051	165823165	ENSG00000199523	RNA5SP226
6	101405036	101405139	ENSG00000238999	snoU13
1	201004224	201012201	ENSG00000234132	RP11-168O16.2
1	148852393	148853717	ENSG00000235887	RP11-763B22.6
8	134338240	134338647	ENSG00000243537	CTC-458A3.1
19	47849965	47850584	ENSG00000269619	CTD-3023J11.2
17	73622925	73663269	ENSG00000108469	RECQL5
6	166131723	166131826	ENSG00000206681	RNU6-730P
1	47357311	47358502	ENSG00000238145	RP11-346M5.1
12	56263832	56266386	ENSG00000257966	OLA1P3
6	101878287	101879429	ENSG00000218475	RP11-93K7.1
2	55077426	55077489	ENSG00000252507	RNU7-81P
8	134404454	134404933	ENSG00000253638	CTC-369M3.1
6	166167677	166189268	ENSG00000236627	RP11-252P19.1
2	201754050	201768655	ENSG00000196290	NIF3L1
7	143891951	143977640	ENSG00000244198	RP4-545C24.1
2	131036330	131037683	ENSG00000230548	MTND4P27
8	26112399	26114144	ENSG00000249213	RP11-98P2.1
X	55681142	55683447	ENSG00000169164	RP11-167P23.2
5	94124494	94129304	ENSG00000249175	CTC-484P3.3
5	55296346	55296449	ENSG00000238326	snoU13
1	148853803	148854120	ENSG00000223495	RP11-763B22.7
19	47987539	48004854	ENSG00000268061	NAPA-AS1
1	201191241	201192251	ENSG00000229821	RP11-567E21.3
2	55241554	55241657	ENSG00000200086	RNU6-433P
5	173600104	173608817	ENSG00000254011	CTC-229L21.1
5	55354877	55363199	ENSG00000249236	CTD-2227I18.1
4	139845084	139845386	ENSG00000250577	RP11-577B7.1
HG686_PATCH	95498403	95499591	ENSG00000260813	AC073464.4
1	201398103	201398489	ENSG00000227048	RP11-134G8.2
6	166186689	166188674	ENSG00000223942	RP11-252P19.2
X	11136239	11683821	ENSG00000047648	ARHGAP6
1	148854138	148891740	ENSG00000231448	RP11-763B22.9
2	131037872	131039678	ENSG00000234934	MTND5P29
4	139938647	139938733	ENSG00000264953	AC093602.1
6	36704827	36705763	ENSG00000220349	RP3-431A14.4
2	55335846	55335939	ENSG00000266376	AC093165.1
6	102526747	102527430	ENSG00000218536	AP002530.2
4	139976629	139976732	ENSG00000252503	RNU6-531P
19	48084280	48084576	ENSG00000264280	RN7SL322P
6	36907847	36912451	ENSG00000232598	RP1-90K10.4
2	55441523	55443262	ENSG00000203327	AC012358.7
4	140021531	140021810	ENSG00000240723	RN7SL382P
1	22778344	22857650	ENSG00000184677	ZBTB40
1	201433511	201434274	ENSG00000224818	RP11-134G8.8
19	48110781	48236355	ENSG00000268746	CTD-2571L23.8
6	166322290	166401536	ENSG00000223414	LINC00473
4	140036084	140036528	ENSG00000179967	PPP1R14BP3
X	115238174	115239683	ENSG00000234558	API5P1
5	173756615	173757506	ENSG00000249722	CTC-430J12.2
19	48118956	48129652	ENSG00000269806	CTD-3001H11.1
7	37723399	37873390	ENSG00000187037	GPR141
5	55421498	55421597	ENSG00000253032	RNU6-299P
2	194595279	194595413	ENSG00000224219	AC074290.1
4	140106595	140106897	ENSG00000265892	RN7SL311P
6	37059088	37059582	ENSG00000216412	RPL12P2
2	89594990	89595212	ENSG00000253487	IGKV2-36
19	48259110	48259219	ENSG00000221803	SNORD23
2	131039658	131040179	ENSG00000248136	MTND6P8
5	55432806	55433358	ENSG00000243592	RPL17P22
HG686_PATCH	95501084	95501996	ENSG00000260998	CNN2P8
1	201476369	201502736	ENSG00000224536	RP11-134G8.7
4	140121549	140121667	ENSG00000207384	Y_RNA
2	11821586	11823454	ENSG00000228496	AC106875.1
1	47433351	47433546	ENSG00000259832	CYP4A26P
22	28144265	28197486	ENSG00000169184	MN1
8	26236775	26240469	ENSG00000228451	SDAD1P1
4	140152180	140152273	ENSG00000252362	RNU6-506P
19	48260293	48272097	ENSG00000269656	CTD-2571L23.6
4	155702365	155749965	ENSG00000151962	RBM46
2	55451416	55453044	ENSG00000227799	AC012358.4
4	140177811	140177914	ENSG00000206722	RNU6-1074P
2	72403113	73053170	ENSG00000144036	EXOC6B
12	56268462	56268625	ENSG00000207339	RNU1-69P
1	201487831	201499602	ENSG00000223396	RPS10P7
4	140239532	140239640	ENSG00000200520	RNU6-1214P
5	140805853	140808219	ENSG00000248449	PCDHGB8P
12	56294084	56294402	ENSG00000257569	GSTP1P1
1	47460054	47460174	ENSG00000261196	CYP4A43P
19	48297724	48298147	ENSG00000213035	RPL23AP80
5	173763298	173959460	ENSG00000249306	RP11-267A15.1
X	55930020	55930089	ENSG00000252961	SNORD112
1	201489184	201489677	ENSG00000242150	RP11-134G8.6
X	55934556	56041606	ENSG00000227486	RP13-188A5.1
2	194763091	194764118	ENSG00000260142	RP11-764E7.1
22	27042392	27072438	ENSG00000225783	MIAT
4	140333081	140375188	ENSG00000273247	RP11-83A24.2
19	48297907	48298177	ENSG00000271150	CTD-2571L23.9
1	47466570	47466759	ENSG00000261593	CYP4A27P
1	148864594	148865175	ENSG00000242943	NKAIN1P1
6	102901242	102901667	ENSG00000219757	RP11-793L10.1
2	194892643	194892888	ENSG00000224670	AC068135.1
5	55442566	55442673	ENSG00000223003	RNA5SP184
6	37151373	37151444	ENSG00000252687	SNORD112
2	89609655	89609901	ENSG00000253592	IGKV2-38
X	115532008	115532113	ENSG00000207033	RNU6-154P
6	103450389	103451772	ENSG00000217120	RP1-76C18.1
19	48366740	48368598	ENSG00000259108	CTD-3098H1.2
HG686_PATCH	95514329	95515040	ENSG00000259893	AC073464.6
5	55488357	55489460	ENSG00000251435	RP11-365H8.2
6	37218980	37219082	ENSG00000238375	snoU13
12	56360622	56361258	ENSG00000258554	RP11-973D8.4
6	166355759	166355829	ENSG00000252196	AL590482.1
6	104031010	104031143	ENSG00000202283	SNORA33
19	41807492	41859816	ENSG00000105329	TGFB1
1	201642233	201643272	ENSG00000236390	RP11-25B7.1
5	140858883	140859190	ENSG00000242020	RN7SL68P
X	115803778	115814271	ENSG00000236077	RP11-232D9.2
X	55987641	55988915	ENSG00000214745	RP11-54I5.1
1	47468667	47468820	ENSG00000261290	CYP4A44P
6	37328961	37329256	ENSG00000239953	RN7SL273P
1	148900615	148903715	ENSG00000175658	DRD5P2
6	104465508	104467623	ENSG00000216817	R3HDM2P2
2	216972187	217071026	ENSG00000079246	XRCC5
2	11861745	11864348	ENSG00000203643	AC012456.3
6	166477779	166478788	ENSG00000216624	GAPDHP72
5	140937878	140944830	ENSG00000246422	CTD-2024I7.13
6	37475124	37503392	ENSG00000204110	RP1-153P14.8
12	56374216	56374819	ENSG00000237493	RP11-603J24.7
2	55509455	55511658	ENSG00000162997	PRORSD1P
19	18682540	18688360	ENSG00000221983	UBA52
2	194994078	194994990	ENSG00000215043	GLULP6
16	446725	460367	ENSG00000103202	NME4
1	47540450	47541651	ENSG00000225154	RP11-184J23.2
5	140968502	140968709	ENSG00000240974	CTD-2024I7.1
19	48401990	48402073	ENSG00000221072	AC124853.1
X	56269370	56269842	ENSG00000234135	RPL23AP83
1	201657387	201798687	ENSG00000231871	IPO9-AS1
19	48554681	48554766	ENSG00000221595	AC010458.1
12	56385991	56388469	ENSG00000255990	AC034102.1
2	131040252	131040902	ENSG00000233550	AC068137.11
2	110969106	111002997	ENSG00000175701	LINC00116
6	104473415	104474638	ENSG00000214428	NPM1P10
6	37511329	37515056	ENSG00000229559	RP1-153P14.3
5	94161666	94162399	ENSG00000243806	RPL7P18
19	48564628	48568202	ENSG00000269420	CTD-2265M8.2
8	26280109	26281445	ENSG00000253430	RP11-14I17.2
12	56423433	56435590	ENSG00000257449	RP11-603J24.4
2	131051395	131051978	ENSG00000226915	AC068137.13
2	11881123	11885427	ENSG00000230790	AC012456.4
HG686_PATCH	95523006	95524026	ENSG00000261165	CYP4F32P
5	94314855	94316597	ENSG00000249545	CTC-558O19.1
1	45205490	45233439	ENSG00000142945	KIF2C
1	47562325	47644943	ENSG00000225506	CYP4A22-AS1
X	115822838	115824153	ENSG00000237860	RP11-232D9.4
12	56498398	56507689	ENSG00000257553	RP11-603J24.17
15	42190950	42264776	ENSG00000103966	EHD4
2	131071507	131071984	ENSG00000271435	RP11-803A13.1
2	11907570	11907651	ENSG00000265056	MIR548S
X	56644824	56650891	ENSG00000230105	RP11-431N15.2
2	195052103	195053033	ENSG00000236695	HNRNPA1P47
2	89911273	89911512	ENSG00000254009	IGKV2D-38
1	201688636	201688755	ENSG00000264802	MIR5191
7	37723446	37991543	ENSG00000086289	EPDR1
2	131087715	131087858	ENSG00000224352	AC132479.4
1	47630182	47631592	ENSG00000225514	MTND1P34
6	105135116	105135546	ENSG00000218173	RP11-427E4.1
6	105214697	105214801	ENSG00000252944	RNU6-897P
8	26290545	26291581	ENSG00000251203	RP11-14I17.1
1	201692422	201706634	ENSG00000235121	RP11-90L20.2
6	105279004	105293695	ENSG00000227535	RP11-809N15.2
X	56755692	56844813	ENSG00000204272	RP11-622K12.1
1	148913273	148913382	ENSG00000222854	RNA5SP59
5	55556160	55556273	ENSG00000212265	RNA5SP185
1	201702534	201702633	ENSG00000200942	RNU6-501P
6	166513153	166526761	ENSG00000231297	SNORD45
12	96820978	96821264	ENSG00000252827	RN7SKP11
19	48621689	48630963	ENSG00000269534	CTC-453G23.5
1	201777739	201777830	ENSG00000221028	MIR1231
5	55571131	55572457	ENSG00000248781	PSMC1P4
4	152023903	152246784	ENSG00000109686	SH3D19
5	140997981	141006048	ENSG00000228737	AC008781.7
14	57284288	57360428	ENSG00000258776	RP11-1085N6.5
5	9761019	9761125	ENSG00000222054	RNA5SP177
6	105308324	105309998	ENSG00000271099	RP11-809N15.3
5	94775748	94776391	ENSG00000225165	CTD-2538A21.1
5	55593391	55593516	ENSG00000210678	RNU6ATAC2P
1	148928322	148951595	ENSG00000232527	RP11-14N7.2
1	201862970	201869106	ENSG00000223774	RP11-307B6.3
2	11977059	11977112	ENSG00000265172	MIR4262
X	115826878	115828156	ENSG00000230159	RP11-232D9.3
6	166622891	166622994	ENSG00000201292	RNU6-153P
5	55609732	55617224	ENSG00000249697	RP11-155L15.1
6	105384169	105388402	ENSG00000203809	LINC00577
5	141275733	141276254	ENSG00000226040	AC005740.3
19	48649165	48650670	ENSG00000269321	CTC-453G23.4
6	166650457	166657197	ENSG00000233365	RP4-655C5.4
2	195208993	195284369	ENSG00000225539	AC018799.1
1	47644922	47646011	ENSG00000224805	LINC00853
2	131174328	131188936	ENSG00000178162	FAR2P2
5	55677608	55677902	ENSG00000250787	HMGN1P17
3	156864297	156878549	ENSG00000163660	CCNL1
1	201947589	201947723	ENSG00000206637	SNORA70
19	48707340	48716411	ENSG00000268583	CTC-453G23.8
6	166653778	166653981	ENSG00000213536	GNG5P1
1	47691469	47696422	ENSG00000226252	RP1-18D14.7
2	55513154	55513264	ENSG00000206964	Y_RNA
1	201947770	201948077	ENSG00000238003	RP11-465N4.2
6	105493437	105493543	ENSG00000212147	RNU6-1106P
6	37512921	37518636	ENSG00000227920	RP1-153P14.5
5	55752865	55752965	ENSG00000265665	AC008391.1
6	166748056	166748959	ENSG00000233231	HNRNPA1P49
19	48758932	48761456	ENSG00000268001	CTC-241F20.3
10	80828792	81076276	ENSG00000108175	ZMIZ1
1	47846600	47874149	ENSG00000225762	RP11-511I2.2
8	26298007	26300111	ENSG00000254362	RP11-14I17.3
X	56763675	56764010	ENSG00000237748	UQCRBP1
14	57291092	57291374	ENSG00000243801	RN7SL461P
1	201964824	201965480	ENSG00000273478	RP11-465N4.5
2	89925832	89926057	ENSG00000253127	IGKV2D-36
6	105584183	105617820	ENSG00000203808	BVES-AS1
X	137569824	137571030	ENSG00000214930	KRT8P6
2	55535628	55573185	ENSG00000240401	AC012358.8
14	57291704	57291810	ENSG00000200818	RNU6-1204P
1	201969222	201979481	ENSG00000234678	RP11-465N4.4
2	89934312	89934582	ENSG00000232747	IGKV1D-35
1	47897805	47900313	ENSG00000237424	FOXD2-AS1
22	28247657	28316122	ENSG00000180957	PITPNB
X	115882498	115882845	ENSG00000224217	RP11-232D9.1
6	37523141	37523198	ENSG00000263926	MIR4462
14	57445127	57446339	ENSG00000243388	RPL3P3
17	29417805	29422468	ENSG00000264107	RP11-848P1.5
19	48766157	48774540	ENSG00000268186	CTC-241F20.4
8	134420249	134421471	ENSG00000225259	ST13P6
1	149036312	149036377	ENSG00000264022	AL732363.1
X	56999943	57001229	ENSG00000224799	RP11-445O16.3
6	37783553	37786994	ENSG00000225945	RP3-441A12.1
2	195319305	195319866	ENSG00000225394	AC106883.1
12	56660642	56664750	ENSG00000135469	COQ10A
14	57507603	57509222	ENSG00000258758	RP11-613G13.1
1	47949370	47949834	ENSG00000271355	RP4-666O22.3
19	48968850	48972950	ENSG00000268530	CTC-273B12.5
1	149036435	149067496	ENSG00000203825	RP11-744H18.1
17	29421368	29421443	ENSG00000265444	MIR4733
2	195422898	195422998	ENSG00000264560	AC073973.1
9	130500596	130541020	ENSG00000095370	SH2D3C
8	26405185	26405979	ENSG00000253208	RP11-1G11.2
HSCHR6_MHC_QBL	32972757	32984034	ENSG00000215048	HLA-DPB1
8	43158519	43158625	ENSG00000238509	RNU6-104P
2	110988683	111043433	ENSG00000261760	RP11-1223D19.1
8	134585426	134586104	ENSG00000261220	RP11-629O1.2
17	37617764	37721160	ENSG00000167258	CDK12
X	57095347	57096118	ENSG00000237708	RP11-445O16.2
6	166796677	166798312	ENSG00000261420	RP1-168L15.5
5	55800462	55800899	ENSG00000226221	AC022431.1
2	195528831	195528898	ENSG00000252517	SNORD59
8	43169091	43169343	ENSG00000255497	RP11-726G23.12
17	29460200	29465536	ENSG00000266371	RP11-142O6.1
1	47963566	47964013	ENSG00000229554	RPL21P24
5	94857073	94857179	ENSG00000212259	RNU6-308P
8	134656841	134656968	ENSG00000212273	SNORA40
14	57511364	57511678	ENSG00000259136	RP11-108M12.2
6	37800698	37800961	ENSG00000243313	RN7SL285P
2	195595319	195626159	ENSG00000230173	AC006196.1
6	166874151	166878871	ENSG00000232082	RPS6KA2-IT1
8	26629307	26629657	ENSG00000240519	RP11-384C12.1
17	29672539	29673205	ENSG00000263535	AK4P1
8	134767054	134767693	ENSG00000253970	MTND2P7
16	33140637	33145820	ENSG00000261682	RP11-19N8.7
6	37883349	37883518	ENSG00000200597	RNU1-87P
5	95036953	95067999	ENSG00000250240	CTD-2154I11.2
6	105629024	105629107	ENSG00000221544	AL359709.1
14	57532978	57579378	ENSG00000258592	RP11-108M12.3
X	57148095	57153676	ENSG00000226310	RP3-323P24.3
6	37970608	37971089	ENSG00000218521	RP11-420A21.1
X	137709238	137709504	ENSG00000232183	RP6-27P15.2
8	134768088	134768889	ENSG00000253916	CTD-2309H9.2
6	105644728	105644811	ENSG00000252918	AL359709.2
5	55832410	55833653	ENSG00000234553	AC022431.3
X	115984807	115984913	ENSG00000206752	RNU6-1323P
16	33141556	33141763	ENSG00000259800	RP11-19N8.6
6	166922842	166922921	ENSG00000222958	MIR1913
6	105721095	105721635	ENSG00000272102	RP3-355L5.5
17	29792561	29792848	ENSG00000239595	RN7SL79P
1	201980498	201984785	ENSG00000249007	RP11-510N19.5
X	116097017	116097644	ENSG00000213526	SETP8
8	43221856	43221930	ENSG00000264094	AC022616.1
8	134783652	134826780	ENSG00000253561	CTD-2588J1.1
6	38175050	38175121	ENSG00000200706	SNORD45
6	166999612	166999965	ENSG00000235272	FAM103A2P
1	47968176	47968311	ENSG00000221346	AL356458.1
2	195868435	195891094	ENSG00000235056	AC010983.1
17	29845450	29845745	ENSG00000264862	RN7SL45P
X	57255467	57255848	ENSG00000231765	PPP1R11P2
5	56066626	56068130	ENSG00000228650	AC008940.1
X	74273115	74376567	ENSG00000131269	ABCB7
6	105726891	105729630	ENSG00000231628	RP3-355L5.4
X	137749872	137749954	ENSG00000207800	MIR504
6	38326924	38327005	ENSG00000238716	AL031905.1
19	48969623	48970237	ENSG00000269423	CTC-273B12.6
1	48015868	48016425	ENSG00000227883	ATP6V0E1P4
8	134787794	134789595	ENSG00000253165	CTD-2309H9.3
1	201997734	201997820	ENSG00000232296	RP11-510N19.2
6	167114582	167116327	ENSG00000235008	RP3-497J21.1
16	74254828	74255326	ENSG00000260471	AC009120.8
2	196313256	196343649	ENSG00000224099	AC064834.1
16	33152171	33155118	ENSG00000261536	FAM108A10P
8	43227702	43227820	ENSG00000254342	RP11-726G23.6
14	57822164	57826128	ENSG00000259008	RP11-932A10.1
6	38449468	38450307	ENSG00000226533	BTBD9-AS1
17	29861901	29861989	ENSG00000266459	MIR4724
1	202008979	202009062	ENSG00000235811	RP11-510N19.3
8	26693334	26693817	ENSG00000253813	COX6B1P4
6	105746024	105746770	ENSG00000216639	RP3-355L5.3
X	57419079	57421842	ENSG00000231831	MTHFD1P1
2	89945567	89946056	ENSG00000253501	IGKV3D-34
14	58045350	58048038	ENSG00000259039	RP11-409I10.2
1	202065887	202066106	ENSG00000227109	CRIP1P3
8	134798336	134798511	ENSG00000254313	CTD-2309H9.4
17	29887015	29887102	ENSG00000207614	MIR193A
6	38533726	38533831	ENSG00000199938	Y_RNA
19	48983104	48985571	ENSG00000269751	CTC-273B12.8
5	156456424	156486130	ENSG00000113249	HAVCR1
8	26868664	26869888	ENSG00000215288	RP11-613H2.1
8	134898739	134914650	ENSG00000253593	RP11-157E21.1
2	196316502	196380423	ENSG00000271893	RP11-762E8.1
X	137793614	137798779	ENSG00000226031	FGF13-AS1
17	29890787	29890913	ENSG00000221038	RNU6ATAC7P
1	48086765	48086849	ENSG00000221447	AL591415.1
1	149089875	149130302	ENSG00000179571	NBPF23
16	74316313	74321417	ENSG00000261248	AC009120.10
6	38555099	38556305	ENSG00000217227	RP1-319M7.2
6	167317186	167318323	ENSG00000231654	RPS6KA2-AS1
17	29902288	29902377	ENSG00000265976	MIR4725
2	196378760	196378866	ENSG00000202206	RNU6-169P
HG1063_PATCH	102421704	102455855	ENSG00000263031	GIN1
14	58096559	58097880	ENSG00000258856	CTD-2325K12.1
1	48154135	48169055	ENSG00000227947	RP11-543D5.1
19	49016464	49016917	ENSG00000269814	CTC-273B12.10
8	134975235	134975502	ENSG00000271240	RP11-157E21.2
2	196397759	196403405	ENSG00000223466	AC064834.2
16	74339100	74369244	ENSG00000259972	AC009120.6
17	29902430	29902540	ENSG00000199187	MIR365B
8	135224108	135332690	ENSG00000253627	RP11-513H8.1
20	61904137	61921142	ENSG00000101199	ARFGAP1
X	116531901	116532169	ENSG00000238066	RP3-378P9.1
1	48226804	48231219	ENSG00000223814	RP11-543D5.2
8	142264664	142266916	ENSG00000254019	RP11-10J21.3
17	29910181	29964562	ENSG00000266877	RP1-41C23.1
2	196434352	196437694	ENSG00000234919	AC064834.3
8	135610314	135612932	ENSG00000248492	ZFAT-AS1
6	105750328	105750698	ENSG00000219902	RPL35P3
19	49122529	49127389	ENSG00000268093	AC022154.7
2	89967232	89967677	ENSG00000253191	IGKV1D-32
6	167357853	167360151	ENSG00000197146	AL133458.1
8	43233441	43233652	ENSG00000201329	U3
10	131265448	131566271	ENSG00000170430	MGMT
X	116533415	116534044	ENSG00000224314	RP3-378P9.2
1	48283738	48285909	ENSG00000225028	RP11-330M19.1
17	30036587	30036878	ENSG00000266448	RP11-805L22.1
5	33986283	34008220	ENSG00000242110	AMACR
8	43236787	43237091	ENSG00000222630	RN7SKP41
8	87566205	87755903	ENSG00000170289	CNGB3
18	48494389	48584514	ENSG00000267699	RP11-729L2.2
6	167383114	167412553	ENSG00000227598	RP1-167A14.2
6	38681827	38682993	ENSG00000236355	RP3-503A6.2
16	74346507	74347288	ENSG00000239763	AC009120.3
6	106060542	106080071	ENSG00000237567	RP3-359N14.2
1	202137179	202158583	ENSG00000243323	PTPRVP
8	135685374	135685755	ENSG00000271048	CTD-2342N23.2
17	58039724	58096413	ENSG00000267104	TBC1D3P1-DHX40P1
2	196447518	196448755	ENSG00000213107	AHCYP5
19	20242703	20262717	ENSG00000267220	CTC-260E6.9
8	43298045	43308055	ENSG00000250637	RP11-359P18.1
8	142366600	142377367	ENSG00000204882	GPR20
8	26906370	26906480	ENSG00000221616	MIR548H4
1	48519217	48532873	ENSG00000226133	RP4-683M8.2
6	167411295	167411400	ENSG00000265828	MIR3939
16	33165673	33165796	ENSG00000260414	RP11-1437A8.2
6	38711862	38712159	ENSG00000244297	RN7SL465P
17	30040772	30040872	ENSG00000202026	RNU6-1134P
19	20247742	20248042	ENSG00000270716	CTC-260E6.11
6	38730681	38732470	ENSG00000219273	RP1-217P22.2
6	106114201	106115873	ENSG00000219088	RP3-359N14.1
16	74347235	74349532	ENSG00000260884	AC009120.5
6	167412893	167552629	ENSG00000272980	RP11-517H2.6
17	30086814	30088404	ENSG00000265863	RP11-805L22.2
X	49061523	49089833	ENSG00000102001	CACNA1F
4	156129781	156138230	ENSG00000185149	NPY2R
X	57703500	57706693	ENSG00000215174	RP13-487C10.1
5	95104703	95106404	ENSG00000251348	HSPD1P11
2	196535096	196535198	ENSG00000201813	RNU6-915P
19	49141328	49184461	ENSG00000232871	SEC1P
HSCHR6_MHC_MCF	33465695	33468861	ENSG00000257593	CR759793.1
19	20285822	20287872	ENSG00000267641	CTC-260E6.8
6	106352248	106352562	ENSG00000200198	RN7SKP211
19	41816094	41830788	ENSG00000142039	CCDC97
2	196858983	196860404	ENSG00000203435	AC104600.1
6	106548015	106548468	ENSG00000269919	RP1-134E15.3
1	48544459	48547868	ENSG00000231413	RP11-193P11.3
HSCHR6_MHC_MCF	28743697	28743804	ENSG00000272713	AL662890.6
17	30089459	30096067	ENSG00000263567	RP11-805L22.3
6	38790083	38790180	ENSG00000212586	SNORA8
7	37888199	37940003	ENSG00000086288	NME8
X	57792753	57793725	ENSG00000227427	RP1-49C23.1
3	20049344	20049739	ENSG00000230697	AC097635.4
HSCHR6_MHC_MCF	28763753	28763816	ENSG00000273023	AL662890.10
1	48555040	48555306	ENSG00000237180	CYP46A4P
17	30157750	30158769	ENSG00000265046	CTC-542B22.1
11	59473530	59473856	ENSG00000223223	RN7SKP192
6	106731290	106731586	ENSG00000244710	RN7SL47P
16	74366300	74402138	ENSG00000214331	RP11-252A24.2
HSCHR6_MHC_MCF	28805655	28806792	ENSG00000235668	XXbac-BPG308K3.5
3	20053944	20054098	ENSG00000229468	AC097635.5
6	106752051	106752161	ENSG00000252444	RNU6-344P
19	20317653	20317763	ENSG00000267771	CTC-260E6.7
17	30200945	30213685	ENSG00000263990	CTC-542B22.2
11	59495992	59496965	ENSG00000254403	OR10Y1P
6	38890805	38920875	ENSG00000231150	RP1-207H1.3
4	165875598	165898820	ENSG00000183439	TRIM61
6	167622119	167622385	ENSG00000216966	RP11-568A7.1
6	106806441	106807592	ENSG00000233941	RP11-404H14.1
19	20332678	20333272	ENSG00000271524	CTC-260E6.10
8	135735190	135736192	ENSG00000272456	CTD-2342N23.3
3	20179057	20179133	ENSG00000266745	MIR3135A
5	173940308	173941310	ENSG00000213376	GAPDHP71
HSCHR6_MHC_MCF	28827410	28831132	ENSG00000234966	XXbac-BPG308K3.6
17	30290824	30290952	ENSG00000253058	RNA5SP437
17	45908993	45915079	ENSG00000141294	LRRC46
X	57960271	57961237	ENSG00000228004	MYCLP2
5	141331984	141332940	ENSG00000271871	AC005740.6
1	48561764	48648100	ENSG00000242267	SKINTL
6	106868581	106868682	ENSG00000207499	Y_RNA
2	89968511	89969012	ENSG00000253999	IGKV3D-31
3	20215736	20227919	ENSG00000237485	SGOL1-AS1
19	20359861	20361104	ENSG00000268620	AC078899.4
6	106897256	106897372	ENSG00000202386	RNA5SP211
HSCHR6_MHC_MCF	28829201	28829832	ENSG00000234904	RPL13P
17	30330129	30333707	ENSG00000264300	RP11-640N20.1
15	78208864	78214361	ENSG00000261244	RP11-114H24.7
8	135804263	135810515	ENSG00000259820	AC083843.1
4	144434616	144478639	ENSG00000153147	SMARCA5
6	136878185	137113656	ENSG00000197442	MAP3K5
11	59508798	59509522	ENSG00000254743	OR10V3P
5	141350202	141362252	ENSG00000254099	AC005740.5
6	106902703	106902804	ENSG00000200314	Y_RNA
X	137888536	137889253	ENSG00000235975	RP1-106C24.1
5	173988779	173989066	ENSG00000249031	SUMO2P6
8	142402093	142441620	ENSG00000184489	PTP4A3
15	78209065	78209324	ENSG00000242066	RN7SL214P
6	107055591	107055694	ENSG00000200295	RNU6-527P
6	167650996	167653968	ENSG00000231720	RP11-568A7.3
HSCHR6_MHC_MCF	28856780	28857854	ENSG00000232017	ZNF90P2
6	107090338	107090803	ENSG00000216977	RPL21P65
5	141416272	141416690	ENSG00000250347	AC005740.4
3	20234274	20234366	ENSG00000252442	RNY4P22
6	38895807	38895929	ENSG00000220076	RP1-207H1.2
2	196928036	196928687	ENSG00000227878	AC114760.1
15	78232253	78236924	ENSG00000214646	RP11-114H24.4
19	20368529	20370227	ENSG00000213985	AC078899.1
17	30351488	30351602	ENSG00000264497	RP11-640N20.5
5	174045167	174052778	ENSG00000250256	RP11-267A15.3
19	49187292	49187563	ENSG00000264835	RN7SL345P
15	96831280	96831660	ENSG00000205148	AC016251.1
6	167655379	167659404	ENSG00000228648	RP11-568A7.2
3	20310457	20310562	ENSG00000199577	RNU6-822P
11	59516284	59517047	ENSG00000255538	OR10V2P
15	54305101	54920806	ENSG00000137766	UNC13C
6	107143410	107147869	ENSG00000229654	RP1-60O19.2
19	49296409	49296515	ENSG00000206758	RNU6-317P
3	20383960	20392420	ENSG00000231304	AC107622.1
19	20378626	20379200	ENSG00000269055	AC078899.2
2	90007677	90008154	ENSG00000224607	IGKV1D-27
6	167760960	167761541	ENSG00000217447	RP3-366N23.4
5	174059935	174060212	ENSG00000248929	HIGD1AP3
17	30366993	30369847	ENSG00000266777	SH3GL1P1
19	49414187	49422148	ENSG00000235191	NUCB1-AS1
6	39007379	39007761	ENSG00000220556	RP1-202I21.3
3	20429741	20432054	ENSG00000261734	RP11-669C19.1
4	165878100	165880273	ENSG00000250486	FAM218A
HSCHR6_MHC_MCF	28864474	28865264	ENSG00000236835	HCG14
11	59520488	59522448	ENSG00000254477	AP000640.10
3	20549136	20549248	ENSG00000206807	RNU6-815P
1	48671637	48672515	ENSG00000223720	RP5-1024N4.2
5	174178307	174277728	ENSG00000251670	CTD-2532K18.1
6	149721495	149722177	ENSG00000177688	SUMO4
X	138444199	138444541	ENSG00000173954	SNURFL
3	21179755	21179833	ENSG00000221659	AC104441.1
6	168067520	168079950	ENSG00000272549	RP11-351J23.2
6	39078097	39080728	ENSG00000217165	ANKRD18EP
11	59548786	59549195	ENSG00000234964	FABP5P7
19	20405898	20414603	ENSG00000269274	AC078899.3
5	174178737	174178790	ENSG00000266890	MIR4634
3	21430025	21430109	ENSG00000252306	AC104183.1
2	197015987	197019605	ENSG00000272211	RP11-347P5.1
16	33202882	33206675	ENSG00000260419	RP11-1437A8.3
19	49429428	49429701	ENSG00000260366	CTD-2639E6.4
5	174247030	174253327	ENSG00000251144	CTD-2532K18.2
2	197079943	197080046	ENSG00000239161	snoU13
HSCHR6_MHC_MCF	28883588	28883687	ENSG00000263598	U6
3	21447218	21448175	ENSG00000236380	VENTXP7
1	48693560	48695233	ENSG00000272491	RP5-1024N4.4
5	174346085	174422516	ENSG00000204754	CTC-281M20.1
19	49467232	49468415	ENSG00000267898	CTD-2639E6.9
11	59665658	59666606	ENSG00000270929	SRD5A3P1
HSCHR6_MHC_MCF	28894881	28895162	ENSG00000264597	Metazoa_SRP
6	107165327	107235416	ENSG00000235142	RP1-60O19.1
16	33215094	33217783	ENSG00000260827	RP11-1437A8.4
6	168080306	168084467	ENSG00000203688	RP11-351J23.1
8	146024261	146036554	ENSG00000197363	ZNF517
HSCHR6_MHC_MCF	28994615	28995542	ENSG00000225567	OR2AD1P
2	197124748	197128928	ENSG00000229056	AC020571.3
1	150121373	150136916	ENSG00000023902	PLEKHO1
5	174350093	174350948	ENSG00000251122	NIFKP2
11	59792381	59798550	ENSG00000255393	RP11-736I10.1
3	21453714	21455436	ENSG00000272511	RP11-180N14.1
15	96869167	96883492	ENSG00000185551	NR2F2
10	80053599	80060760	ENSG00000229543	RP11-90J7.2
1	48790752	48791795	ENSG00000224986	PPP1R8P1
11	9685624	9774538	ENSG00000133789	SWAP70
5	95170128	95170750	ENSG00000251000	AC008592.3
HSCHR6_MHC_MCF	29039754	29040529	ENSG00000228635	OR2P1P
19	20413399	20413481	ENSG00000266609	AC078899.8
19	49521504	49522741	ENSG00000268655	CTB-60B18.10
6	168167763	168169248	ENSG00000213065	RP3-431P23.2
10	80112354	80115857	ENSG00000230229	RP11-90J7.4
6	39321523	39321948	ENSG00000218986	RP1-137F1.3
1	48809881	48809987	ENSG00000206700	RNU6-723P
8	43349080	43349905	ENSG00000254069	RP11-359P18.7
4	165953105	165962896	ENSG00000176979	TRIM60
19	20434801	20435377	ENSG00000271638	CTC-575C13.2
15	78246417	78255996	ENSG00000261403	RP11-114H24.3
5	174353544	174353720	ENSG00000248293	CTC-281M20.3
10	80127264	80127380	ENSG00000201393	SNORA71
6	39521587	39522719	ENSG00000231276	E2F4P1
1	48901639	48902895	ENSG00000235105	RP11-329A14.1
HG686_PATCH	95524521	95524863	ENSG00000260138	AC073464.7
11	59844823	59845874	ENSG00000255331	RP11-736I10.2
3	21584308	21621451	ENSG00000225542	ZNF385D-AS1
8	43366963	43367176	ENSG00000253319	RP11-359P18.8
HSCHR6_MHC_MCF	29044503	29045098	ENSG00000238070	SAR1P1
10	80455819	80456779	ENSG00000228683	RP11-31E13.2
12	24376205	24390899	ENSG00000256120	RP11-778H2.1
6	168224556	168227389	ENSG00000198221	MLLT4-AS1
6	39588121	39588240	ENSG00000252990	RNU1-54P
8	43368786	43369564	ENSG00000253418	SNX18P27
15	78268384	78285399	ENSG00000261143	ADAMTS7P3
19	49528718	49529277	ENSG00000267019	NTF6A
1	48913608	48913714	ENSG00000223175	RNU4-61P
2	131185304	131186798	ENSG00000230646	KLF2P2
5	95171647	95188425	ENSG00000251409	AC008592.4
HG686_PATCH	95550435	95551008	ENSG00000261531	SNX18P14
22	27063656	27068617	ENSG00000206028	CTA-373H7.7
3	21871230	21871329	ENSG00000221384	AC023798.1
1	48962935	48963408	ENSG00000232514	RP11-329A14.2
X	138529050	138529835	ENSG00000232549	SRD5A1P1
6	39849580	39867847	ENSG00000235033	RP11-61I13.3
19	55434877	55477680	ENSG00000167634	NLRP7
HG686_PATCH	95559555	95570199	ENSG00000260713	AC073464.11
3	21984058	22021320	ENSG00000223351	ZNF385D-AS2
19	20451078	20607775	ENSG00000231205	ZNF826P
19	49532983	49533598	ENSG00000267099	NTF6G
HSCHR6_MHC_MCF	29105804	29106740	ENSG00000228698	OR2N1P
12	24719898	24737102	ENSG00000197503	LINC00477
5	174413298	174414053	ENSG00000249403	CTC-281M20.4
5	141704858	142051566	ENSG00000231185	AC005592.2
11	59927160	59928295	ENSG00000254952	AP001257.1
5	131877136	131892530	ENSG00000113525	IL5
8	43394280	43394615	ENSG00000254145	RP11-359P18.5
11	1575274	1593150	ENSG00000184545	DUSP8
3	22423310	22424420	ENSG00000132967	HMGB1P5
19	49541736	49542295	ENSG00000267685	NTF6B
11	107461817	107537505	ENSG00000110675	ELMOD1
18	48494410	48611415	ENSG00000141646	SMAD4
2	131187400	131199048	ENSG00000239402	CYP4F62P
19	49545431	49545988	ENSG00000268669	CTB-60B18.17
X	138681375	138681462	ENSG00000216114	AL033403.1
11	65764016	65769647	ENSG00000175376	EIF1AD
3	22711692	22712202	ENSG00000234723	AC092421.1
X	138784446	138784549	ENSG00000238485	snoU13
19	49553474	49554103	ENSG00000269706	CTB-60B18.15
12	24736495	24737483	ENSG00000256852	KNOP1P1
1	49513988	49653257	ENSG00000229846	RP11-141A19.1
5	73073864	73082316	ENSG00000249293	CTC-575I10.1
22	27068730	27176170	ENSG00000244625	CTA-211A9.5
3	22852881	22853538	ENSG00000271235	RP11-1037D22.1
6	168376604	168380456	ENSG00000235994	RP3-470B24.5
11	60383209	60454622	ENSG00000181995	LINC00301
19	49563870	49564389	ENSG00000268108	CTB-60B18.12
8	43395116	43396070	ENSG00000253748	CYP4F44P
1	49617064	49617175	ENSG00000239144	snoU13
3	22945626	22946642	ENSG00000226183	RANP7
5	110831731	110848288	ENSG00000164211	STARD4
19	49567516	49568113	ENSG00000268287	CTB-60B18.18
12	24795621	24796100	ENSG00000244662	RP11-615I16.1
5	73099121	73099424	ENSG00000184084	CTD-2372A4.1
1	49723083	49734957	ENSG00000230114	RP11-141A19.2
1	149114655	149115188	ENSG00000226028	PFN1P12
HG962_PATCH	70917783	70920000	ENSG00000266157	FOXD4L3
19	18683030	18718551	ENSG00000006016	CRLF1
3	23031314	23033073	ENSG00000231915	SALL4P5
6	168393502	168397757	ENSG00000229921	KIF25-AS1
1	202166756	202166859	ENSG00000238571	snoU13
19	49584589	49584885	ENSG00000265675	RN7SL708P
12	24857499	24927147	ENSG00000255745	RP11-625L16.1
1	202200792	202200892	ENSG00000239046	snoU13
5	73123837	73123898	ENSG00000238913	RNU7-196P
1	49839873	49937757	ENSG00000225623	AGBL4-IT1
19	43084393	43099207	ENSG00000124469	CEACAM8
6	39926153	39926572	ENSG00000180211	RP1-278E11.3
19	49758729	49759359	ENSG00000269009	SLC6A21P
3	23175863	23176315	ENSG00000215016	RPL24P7
1	202338654	202339273	ENSG00000229120	CYCSP4
4	156263810	156298122	ENSG00000164114	MAP9
5	73248765	73249839	ENSG00000259968	RP11-428C6.2
4	165995574	166129701	ENSG00000170088	TMEM192
21	34931848	34961014	ENSG00000159147	DONSON
6	39960554	39967972	ENSG00000220586	TUBBP9
Y	20340818	20341146	ENSG00000236599	TCEB1P26
2	175612320	175629200	ENSG00000138435	CHRNA1
1	50156934	50157195	ENSG00000237478	RP5-926E3.1
12	24859722	24860015	ENSG00000240481	RN7SL38P
X	138967640	138967762	ENSG00000221375	RNU6ATAC23P
3	23236561	23244069	ENSG00000233153	UBE2E2-AS1
5	73379893	73399041	ENSG00000248474	CTD-2292M14.1
1	149146714	149146879	ENSG00000202167	RNU1-114P
12	24983355	24989492	ENSG00000256482	RP11-625L16.3
X	138992063	138992193	ENSG00000252719	SNORA18
1	149194106	149194269	ENSG00000207349	RNVU1-17
X	139006307	139006390	ENSG00000207633	MIR505
5	73567507	73567590	ENSG00000222551	AC106732.1
1	149215166	149215300	ENSG00000252826	RNU1-92P
12	25102097	25113092	ENSG00000255921	RP11-662I13.2
Y	20344721	20346300	ENSG00000232899	CDY9P
15	65734801	65810042	ENSG00000074603	DPP8
11	63742079	63744015	ENSG00000176340	COX8A
5	73602235	73604150	ENSG00000248942	CTD-2275D24.4
8	43397219	43399200	ENSG00000253195	RP11-359P18.6
5	174717734	174718255	ENSG00000248355	ARL2BPP6
19	49769740	49769825	ENSG00000265023	AC011450.1
1	149224058	149224221	ENSG00000206737	RNVU1-18
6	107186823	107186929	ENSG00000202285	RNU6-117P
12	25120061	25120438	ENSG00000213736	RP11-662I13.1
1	202379236	202379335	ENSG00000272262	U6
6	168595038	168605181	ENSG00000234768	RP11-503C24.1
19	49778376	49778677	ENSG00000235555	SUMO1P4
6	107232000	107232095	ENSG00000207577	MIR587
6	40239305	40243976	ENSG00000227131	RP11-552E20.1
5	73613811	73614107	ENSG00000244326	RN7SL814P
1	149230716	149232554	ENSG00000232721	RP11-403I13.5
1	202407524	202409085	ENSG00000232626	RP11-175B9.2
1	50307493	50312072	ENSG00000215887	ZNF859P
6	107454275	107454374	ENSG00000252125	RNU6-1299P
6	168625959	168627197	ENSG00000237987	RP11-503C24.2
5	73617456	73635977	ENSG00000251041	CTD-2275D24.1
HG686_PATCH	95578783	95620920	ENSG00000260691	AC073464.10
Y	20438493	20439381	ENSG00000229302	TAF9P2
X	139099427	139100196	ENSG00000233145	RP11-364B14.1
6	107547242	107547443	ENSG00000214985	AL591516.5
HSCHR6_MHC_MCF	29149439	29150374	ENSG00000220379	OR2J4P
6	149768794	149806197	ENSG00000178199	ZC3H12D
12	25164349	25173827	ENSG00000258879	RP11-713N11.5
X	58011120	58012567	ENSG00000235124	KRT8P17
5	73618311	73624122	ENSG00000249343	CTD-2275D24.2
16	33217752	33231583	ENSG00000261507	RP11-1437A8.6
6	107549615	107549859	ENSG00000203384	AL591516.3
6	168630412	168641395	ENSG00000228361	RP11-503C24.3
3	12525931	12581122	ENSG00000154743	TSEN2
X	139114503	139115665	ENSG00000214653	HNRNPA3P3
1	50447887	50447967	ENSG00000221746	AL645730.1
6	40302693	40347624	ENSG00000204091	TDRG1
5	174877819	174877921	ENSG00000239026	snoU13
3	72110212	72119084	ENSG00000273461	RP11-398A8.4
16	33246423	33246597	ENSG00000263337	RP11-1277H1.3
19	49812054	49812125	ENSG00000265407	MIR4324
1	202440937	202441258	ENSG00000236439	RP11-175B9.3
6	107550448	107550687	ENSG00000203285	AL591516.2
2	96068469	96082364	ENSG00000115042	FAHD2A
1	50482764	50483175	ENSG00000233595	MTND2P29
11	60581405	60589212	ENSG00000255845	RP11-804A23.1
5	174910598	174911195	ENSG00000270839	CTC-571O20.1
6	168643618	168663261	ENSG00000234647	RP11-503C24.4
3	72134240	72134438	ENSG00000239350	RP11-398A8.2
HSCHR6_MHC_MCF	29169703	29169769	ENSG00000265947	CR759834.1
Y	20442064	20446647	ENSG00000228945	CLUHP2
1	149239531	149265510	ENSG00000223779	RP11-403I13.4
5	73623820	73630591	ENSG00000250446	CTD-2275D24.3
19	49834874	49843865	ENSG00000197813	CTC-301O7.4
5	175055191	175055465	ENSG00000222111	RN7SKP148
HSCHR6_MHC_MCF	29183173	29184116	ENSG00000233182	OR2H4P
6	36839646	36896740	ENSG00000198663	C6orf89
16	33271714	33274156	ENSG00000261009	RP11-1437A8.5
5	175130901	175131007	ENSG00000200648	RNU6-226P
11	60603469	60610438	ENSG00000255959	RP11-804A23.2
6	107550963	107551356	ENSG00000220237	RPS24P12
5	73665201	73832801	ENSG00000248673	CTC-419K13.1
12	25245649	25246834	ENSG00000258546	RP11-713N11.3
12	56512752	56513723	ENSG00000258345	RP11-603J24.6
5	175333942	175385541	ENSG00000250820	RP11-91H12.4
6	168687585	168690030	ENSG00000230711	CTAGE13P
1	202496438	202496555	ENSG00000253042	SNORA70
11	60609279	60618554	ENSG00000256813	RP11-804A23.4
X	61998720	61999796	ENSG00000236852	RP11-3D23.1
19	49859409	49861026	ENSG00000268157	AC010524.4
19	20462311	20462888	ENSG00000271704	CTC-575C13.1
1	202573396	202574421	ENSG00000226862	RP11-569A11.1
2	68870721	68882708	ENSG00000169618	PROKR1
15	96904487	96904900	ENSG00000268484	AC087477.1
7	99425636	99463718	ENSG00000021461	CYP3A43
2	131220959	131221267	ENSG00000256066	AC013269.1
5	74020924	74021029	ENSG00000207336	RNU6-658P
HSCHR6_MHC_MCF	29258648	29259590	ENSG00000224633	OR2B4P
12	56513817	56523403	ENSG00000258317	RP11-603J24.5
1	50580609	50580954	ENSG00000230828	RP11-492I2.1
8	43415811	43415916	ENSG00000221295	AC134698.1
2	131255316	131255422	ENSG00000251973	RNU6-473P
11	60674261	60677214	ENSG00000257052	RP11-881M11.2
5	74075134	74075238	ENSG00000199645	RNU6-1330P
6	168698749	168702794	ENSG00000224417	RP11-503C24.6
19	49871962	49891338	ENSG00000268686	AC010524.2
6	107555445	107555703	ENSG00000203284	AL591516.1
1	202601556	202602039	ENSG00000225620	RP11-569A11.2
12	25249802	25253914	ENSG00000258449	RP11-713N11.4
19	20473327	20473432	ENSG00000221181	AC078899.5
5	175362212	175362304	ENSG00000266083	AC138965.1
8	43527966	43528218	ENSG00000253845	RP11-643N23.2
5	74094819	74095925	ENSG00000250071	CTD-2060C23.1
3	178976816	178979061	ENSG00000240429	LRRFIP1P1
6	107558468	107558747	ENSG00000213167	AL591516.4
1	50639978	50641540	ENSG00000237337	RP11-567C20.2
19	20510081	20510163	ENSG00000238517	MIR1270-1
2	131273570	131284264	ENSG00000225819	AC013269.3
11	60680638	60681524	ENSG00000256944	RP11-881M11.1
19	49977843	49990894	ENSG00000273189	CTD-3148I10.15
1	202736357	202736546	ENSG00000235449	RP11-480I12.2
17	27071002	27077974	ENSG00000076604	TRAF4
15	97326619	97328845	ENSG00000185594	SPATA8
8	43529413	43529734	ENSG00000253198	RP11-643N23.1
6	107584371	107584617	ENSG00000203281	AL590489.1
6	154475631	154677926	ENSG00000074706	IPCEF1
12	25557222	25557362	ENSG00000201439	RNU4-67P
19	20579240	20579322	ENSG00000221147	MIR1270-2
12	56544580	56552004	ENSG00000257809	RP11-603J24.14
3	179055910	179056371	ENSG00000273190	RP11-255C15.4
19	41856758	41930906	ENSG00000255730	CTC-435M10.3
2	227867427	228028829	ENSG00000081052	COL4A4
HSCHR6_MHC_MCF	29267209	29267748	ENSG00000257571	CR933842.1
5	175399614	175412859	ENSG00000250801	RP11-91H12.3
6	107831007	107832925	ENSG00000234206	RP1-67A8.3
12	25562227	25562379	ENSG00000241846	RP11-318G8.1
X	139168014	139168307	ENSG00000241248	RN7SL727P
16	74401360	74403724	ENSG00000261079	RP11-252A24.3
5	74161718	74163679	ENSG00000271714	CTD-2377O17.1
11	60685941	60692869	ENSG00000256196	RP11-881M11.4
19	20585356	20585532	ENSG00000269372	CTC-513N18.4
1	202765158	202766222	ENSG00000226148	SLC25A39P1
1	50671756	50688799	ENSG00000233407	RP11-567C20.3
X	139173902	139174720	ENSG00000230707	RP11-364B14.3
6	168775377	168776035	ENSG00000260771	RP1-39J2.1
3	179058110	179059675	ENSG00000260743	RP11-255C15.3
12	56556143	56584068	ENSG00000258199	RP11-977G19.5
16	74456018	74469152	ENSG00000261170	RP11-252A24.5
HSCHR6_MHC_MCF	29297638	29299073	ENSG00000232435	DDX6P1
5	74178481	74178608	ENSG00000212363	SNORA40
12	25588515	25589172	ENSG00000256079	RP11-318G8.2
11	60752533	60752639	ENSG00000207153	RNU6-933P
6	108251292	108251386	ENSG00000238420	RNU6-437P
8	47172182	47172472	ENSG00000255915	AC113134.1
Y	20444739	20444833	ENSG00000252439	AC007241.1
19	49993222	49993305	ENSG00000201675	SNORD32A
11	63742092	63755818	ENSG00000256100	AP000721.4
1	50791803	50792682	ENSG00000234080	RP11-183G22.1
6	169067733	169068243	ENSG00000255905	AL391319.1
5	74213551	74319753	ENSG00000249856	CTD-2503O16.4
3	179113877	179115965	ENSG00000269728	RP11-145M9.4
6	108253004	108253458	ENSG00000232778	RPL23AP50
11	60823209	60835007	ENSG00000256733	RP11-881M11.8
1	202779366	202779957	ENSG00000260021	RP11-480I12.10
2	131287848	131294755	ENSG00000225341	AC013269.4
Y	20488139	20515096	ENSG00000233522	FAM224A
19	49993872	49993956	ENSG00000199631	SNORD33
X	139298187	139298956	ENSG00000231110	AC004070.1
12	25593809	25593986	ENSG00000255988	TUBB4BP1
6	108278617	108281190	ENSG00000272476	RP1-191J18.66
19	20599320	20599875	ENSG00000268174	CTC-513N18.5
6	40312083	40313890	ENSG00000204092	LINC00951
Y	20508009	20508124	ENSG00000251953	RNA5SP522
22	27254597	27261749	ENSG00000223704	RP1-90L6.2
16	74481325	74483790	ENSG00000260539	RP11-252A24.7
19	49994161	49994231	ENSG00000202503	SNORD34
3	72136039	72136876	ENSG00000242609	RP11-398A8.1
1	202780082	202781284	ENSG00000228288	PCAT6
6	108306293	108306894	ENSG00000224987	RP1-191J18.65
6	40326483	40337213	ENSG00000226070	RP11-552E20.4
5	74225705	74226391	ENSG00000196390	CTD-2503O16.3
11	60994640	61016005	ENSG00000256220	CTD-2331C18.5
Y	20509921	20510033	ENSG00000252667	RNA5SP523
8	47460711	47462424	ENSG00000253425	HSPA8P13
2	131341122	131348036	ENSG00000232408	AC140481.4
16	33287358	33287592	ENSG00000263204	RP11-1437A8.7
6	169116745	169123604	ENSG00000235815	RP1-125N5.2
1	50864497	50865445	ENSG00000229316	HMGB1P45
19	49994432	49994517	ENSG00000200259	SNORD35A
16	74490439	74490509	ENSG00000251794	RNU6-237P
16	451826	462487	ENSG00000242612	DECR2
HSCHR6_MHC_MCF	29384836	29385782	ENSG00000249571	OR12D1
6	40375592	40375694	ENSG00000252767	RNU6-250P
11	61211602	61211899	ENSG00000240823	RN7SL23P
12	25738928	25745862	ENSG00000257009	RP11-685B13.2
19	50000977	50001063	ENSG00000200530	SNORD35B
16	74497786	74497886	ENSG00000207525	Y_RNA
Y	20548860	20551037	ENSG00000249726	TUBB1P1
6	108306863	108306983	ENSG00000253090	SNORA73
5	74227487	74227642	ENSG00000239517	CTD-2503O16.1
11	61263912	61267548	ENSG00000255931	RP11-286N22.10
6	40469370	40470132	ENSG00000236075	RP11-121P10.1
3	179114749	179116979	ENSG00000242539	AC007620.3
6	169362705	169364436	ENSG00000225879	RP3-495K2.3
11	1605572	1606513	ENSG00000205869	KRTAP5-1
5	175433148	175434390	ENSG00000272494	OR1X1P
X	11311533	11318881	ENSG00000125363	AMELX
6	108307015	108307235	ENSG00000231112	MTHFD2P3
3	72200408	72223483	ENSG00000243083	LINC00870
5	74286014	74286462	ENSG00000182383	RPL27AP5
1	149261186	149263729	ENSG00000242352	RP11-403I13.6
12	25932221	25932503	ENSG00000222950	RN7SKP262
10	80510359	80510454	ENSG00000223243	AC074323.1
11	61276068	61276129	ENSG00000266006	MIR4488
16	33298410	33298560	ENSG00000262090	RP11-23E10.5
6	108325561	108326772	ENSG00000225093	RPL3P7
5	74302538	74302837	ENSG00000249157	RP11-229C3.4
6	40484075	40491672	ENSG00000226454	RP3-462C17.1
12	25935640	25967105	ENSG00000256686	RP11-443N24.2
5	23507264	23528706	ENSG00000164256	PRDM9
22	27282872	27283511	ENSG00000231369	RP1-40G4P.1
11	61306988	61309731	ENSG00000256443	RP11-794G24.1
2	131380411	131380517	ENSG00000251757	RNU6-848P
6	108351453	108351922	ENSG00000271734	RP1-111B22.3
6	169434292	169435737	ENSG00000229720	RP3-495K2.2
2	70302150	70302404	ENSG00000263669	RN7SL470P
11	1618409	1619524	ENSG00000205867	KRTAP5-2
10	80703085	80827652	ENSG00000224596	ZMIZ1-AS1
5	175467747	175469881	ENSG00000250992	RP11-826N14.1
12	25956137	25957460	ENSG00000255725	RP11-443N24.1
1	50871102	50871696	ENSG00000225671	FCF1P6
X	139479227	139480476	ENSG00000224942	RP11-51C14.1
7	143947138	143950050	ENSG00000170356	OR2A20P
2	70316853	70323232	ENSG00000233060	AC016700.2
6	108382022	108382134	ENSG00000238490	Y_RNA
11	61355966	61375022	ENSG00000250230	RP11-855O10.2
4	128886461	128960866	ENSG00000164074	C4orf29
16	33336283	33337443	ENSG00000260626	RP11-23E10.3
22	27299255	27316574	ENSG00000235271	RP1-90L6.3
6	169467913	169469519	ENSG00000234519	RP3-495K2.1
2	131414572	131414880	ENSG00000257010	AC140481.1
1	149279016	149279311	ENSG00000270962	RP11-403I13.10
6	108444719	108480596	ENSG00000225174	OSTM1-AS1
5	74343544	74348668	ENSG00000250889	RP11-229C3.2
12	25984350	25987116	ENSG00000256440	RP11-443N24.3
19	43225790	43244721	ENSG00000221826	PSG3
10	38238500	38265561	ENSG00000175395	ZNF25
12	26035888	26038788	ENSG00000256256	RP11-443N24.4
6	169558187	169563019	ENSG00000223485	RP11-417E7.1
HSCHR6_MHC_MCF	29432158	29437368	ENSG00000234856	UBDP1
2	131437623	131449264	ENSG00000214081	CYP4F30P
1	149284645	149286975	ENSG00000226067	LINC00869
1	202820956	202830748	ENSG00000214796	RP11-480I12.5
Y	20552880	20566932	ENSG00000226362	FAM41AY2
11	61382508	61406921	ENSG00000243742	RPLP0P2
2	70321026	70330352	ENSG00000226505	AC016700.3
1	149286177	149286322	ENSG00000252105	RNU1-143P
7	140218220	140373793	ENSG00000146966	DENND2A
6	7881755	8064597	ENSG00000259040	BLOC1S5-TXNDC5
1	149287451	149291743	ENSG00000235999	RP11-403I13.8
8	47490835	47526145	ENSG00000248498	ASNSP1
6	108564659	108564762	ENSG00000238974	snoU13
HSCHR6_MHC_MCF	29442587	29443633	ENSG00000227668	MAS1LP1
13	28712643	28869475	ENSG00000152520	PAN3
1	149305910	149313076	ENSG00000233430	RP11-403I13.9
HSCHR6_MHC_SSTO	31839421	31849264	ENSG00000224143	EHMT2
6	108573418	108573604	ENSG00000233511	RP1-128O3.5
7	143948357	144053274	ENSG00000244479	OR2A1-AS1
19	18699495	18703146	ENSG00000006015	C19orf60
4	108968701	109090112	ENSG00000138795	LEF1
6	169575401	169582835	ENSG00000261039	RP11-417E7.2
22	27431850	27431954	ENSG00000200443	RNU6-1066P
17	26684604	26708716	ENSG00000244045	TMEM199
1	149323331	149323422	ENSG00000212044	CR812485.1
6	108573605	108573711	ENSG00000212525	RNA5SP212
15	98285448	98417780	ENSG00000251209	LINC00923
6	169613349	169639660	ENSG00000226445	XXyac-YX65C7_A.2
1	149340659	149341066	ENSG00000237503	RP5-998N21.3
5	74521249	74521493	ENSG00000251663	SUMO2P5
22	27444106	27456480	ENSG00000236858	CTA-992D9.6
6	108596846	108597750	ENSG00000230248	RP1-128O3.4
Y	20602683	20603011	ENSG00000225716	TCEB1P13
6	108613970	108614073	ENSG00000206974	RNU6-1144P
6	44355262	44418163	ENSG00000096401	CDC5L
5	74615980	74632739	ENSG00000247372	CTD-2235C13.2
6	108639283	108639608	ENSG00000238055	RP1-128O3.6
Y	20615036	20634023	ENSG00000229406	OFD1P4Y
2	70329683	70329994	ENSG00000225392	AC016700.4
17	13812548	13814529	ENSG00000265494	RP11-131K5.2
1	149369294	149378365	ENSG00000253193	FCGR1C
6	169686629	169689311	ENSG00000233085	XXyac-YX65C7_A.3
17	13836037	13843911	ENSG00000233852	AC005304.1
5	74659585	74660067	ENSG00000271815	CTD-2235C13.3
11	61422137	61423174	ENSG00000255947	RP11-855O10.3
HSCHR6_MHC_MCF	29456833	29457238	ENSG00000223376	RPS17P1
17	13861065	13870269	ENSG00000266744	RP11-131K5.1
2	222502263	222506533	ENSG00000234446	AC068489.1
3	41288090	42003922	ENSG00000168038	ULK4
5	175551213	175558464	ENSG00000251458	RP11-844P9.1
2	70351168	70352449	ENSG00000231327	AC016700.5
6	169696566	169698054	ENSG00000224999	XXyac-YX65C7_A.4
6	108693976	108694131	ENSG00000238079	RP11-72I2.1
17	13927831	13928805	ENSG00000141028	CDRT15P1
2	222808942	222809331	ENSG00000233868	AC009302.2
5	141913820	141913910	ENSG00000252831	AC005215.1
5	175564160	175582741	ENSG00000251623	RP11-826N14.4
10	127162255	127162501	ENSG00000233135	RPS27P18
22	27539439	27555840	ENSG00000231405	CTA-992D9.7
11	61513965	61525127	ENSG00000124915	RP11-467L20.10
6	108708716	108709284	ENSG00000227072	RP3-466I7.1
5	141946265	141946641	ENSG00000225147	RPS12P10
6	108713277	108713381	ENSG00000200799	RNU6-770P
5	74670288	74670634	ENSG00000242198	CTD-2235C13.1
Y	20642973	20649286	ENSG00000227494	USP9YP14
HSCHR6_MHC_MCF	29465072	29478119	ENSG00000227886	XXbac-BPG13B8.10
6	169770093	169788480	ENSG00000226194	RP1-137D17.1
6	108872221	108872410	ENSG00000271608	RP11-697G4.4
19	41856816	41889988	ENSG00000142046	TMEM91
3	129116053	129116191	ENSG00000207088	SNORA7B
15	98462784	98517068	ENSG00000140450	ARRDC4
2	70480050	70480137	ENSG00000221238	MIR1285-2
17	43699267	43913194	ENSG00000120088	CRHR1
X	139486264	139486355	ENSG00000263377	AL121875.1
1	22890057	22930087	ENSG00000070886	EPHA8
3	129310192	129310488	ENSG00000239437	RN7SL752P
12	26092262	26112698	ENSG00000246695	RASSF8-AS1
6	108939203	108939488	ENSG00000228976	SUMO2P8
5	74834423	74834483	ENSG00000251724	RNU7-175P
10	127262940	127267014	ENSG00000237675	TEX36-AS1
22	27600173	27601088	ENSG00000238195	CTA-503F6.2
3	129350862	129351335	ENSG00000248659	RP11-263I1.1
2	111042430	111042520	ENSG00000263881	MIR4436B1
X	139553031	139553439	ENSG00000225758	RPS17P17
HG962_PATCH	70943224	71114201	ENSG00000266607	PGM5
6	169826515	169827164	ENSG00000272848	RP1-137D17.2
5	74894307	74895205	ENSG00000248881	CTC-366B18.2
3	1134260	1445901	ENSG00000134115	CNTN6
3	129537775	129537876	ENSG00000202412	Y_RNA
5	142029565	142029647	ENSG00000252968	AC005370.1
2	222826456	222828484	ENSG00000226666	HSPA9P1
3	129538620	129538719	ENSG00000252786	RNU6-1142P
22	27617310	27620688	ENSG00000233521	RP5-1172A22.1
5	175570088	175626298	ENSG00000248596	RP11-844P9.2
5	142083347	142084986	ENSG00000261757	AC005592.3
6	170097344	170097429	ENSG00000265654	AL513547.1
2	70480987	70481142	ENSG00000231414	AC016700.6
3	129565893	129566800	ENSG00000203644	AC083799.1
2	111058889	111058970	ENSG00000264336	AC140479.1
6	170125187	170125950	ENSG00000232640	RP1-266L20.2
2	70528583	70529204	ENSG00000233849	AC022201.5
5	142125165	142140563	ENSG00000236714	AC005592.1
6	33239787	33244287	ENSG00000231500	RPS18
6	109072857	109091145	ENSG00000203801	LINC00222
X	139763271	139769870	ENSG00000230668	XXyac-YR29IB3.1
3	129612714	129637418	ENSG00000271270	TMCC1-AS1
6	170125600	170139088	ENSG00000227704	RP1-266L20.4
5	74904642	74905808	ENSG00000272040	CTC-366B18.4
HSCHR6_MHC_MCF	29496990	29501138	ENSG00000233857	LINC01015
11	63753325	63769283	ENSG00000167770	OTUB1
1	149369722	149399226	ENSG00000240929	HIST2H2BB
2	111116367	111116703	ENSG00000226991	AC112229.6
6	170170509	170172138	ENSG00000266896	RP1-266L20.9
X	140008337	140008384	ENSG00000221081	MIR320D2
1	202830882	202844369	ENSG00000234996	RP11-480I12.7
12	122235417	122239878	ENSG00000272849	RP11-347I19.8
2	70580142	70583047	ENSG00000235289	BRD7P6
6	170188886	170198921	ENSG00000229214	LINC00242
X	140013903	140079613	ENSG00000229269	RP11-298A8.2
3	129672948	129688137	ENSG00000250643	RP11-93K22.6
12	122294165	122294965	ENSG00000256811	RP11-7M8.2
22	28374004	29075853	ENSG00000100154	TTC28
1	202842422	202843454	ENSG00000243113	RP11-480I12.9
8	47583461	47583548	ENSG00000254070	RP11-790L1.3
11	65769550	65771620	ENSG00000175334	BANF1
HSCHR6_MHC_DBB	32789894	32825298	ENSG00000240118	PSMB9
6	170190417	170202969	ENSG00000231690	LINC00574
5	75005320	75005424	ENSG00000207333	RNU6-680P
1	149372292	149379646	ENSG00000234571	RP5-998N21.4
3	129717374	129717779	ENSG00000248459	RP11-93K22.1
2	23729913	23747214	ENSG00000224361	AC011239.1
12	122346009	122346069	ENSG00000239082	RNU7-170P
X	140212215	140212321	ENSG00000207041	RNU6-3P
5	75048395	75049304	ENSG00000251078	SLC25A5P9
12	122445340	122457920	ENSG00000255856	RP11-87C12.5
11	61559967	61560033	ENSG00000207601	MIR611
1	149398877	149400540	ENSG00000273213	RP5-998N21.10
5	142239169	142248487	ENSG00000226272	ARHGAP26-AS1
22	27672201	27682310	ENSG00000233574	CTA-929C8.5
8	47609252	47610310	ENSG00000251470	ASNSP4
11	61582633	61582712	ENSG00000222326	MIR1908
1	149400063	149429348	ENSG00000230186	RP5-998N21.7
6	170209414	170210198	ENSG00000236173	RP1-182D15.2
6	143857982	144152322	ENSG00000112419	PHACTR2
22	27703444	27714499	ENSG00000223726	CTA-929C8.7
11	61705366	61705472	ENSG00000200898	RNU6-1243P
Y	20648397	20648558	ENSG00000252209	RNU1-48P
11	61779223	61780074	ENSG00000244176	RP11-810P12.1
1	202880940	202881857	ENSG00000230280	HNRNPA1P59
6	170477741	170478251	ENSG00000232197	RP11-302L19.1
1	149424566	149424954	ENSG00000268074	RP5-998N21.8
4	166128770	166244308	ENSG00000109466	KLHL2
HSCHR6_MHC_MCF	29505274	29506357	ENSG00000228993	GPR53P
16	28996147	29002104	ENSG00000213658	LAT
2	70630066	70649810	ENSG00000229229	AC022201.4
12	122501212	122506522	ENSG00000256546	AC156455.1
16	5651170	5666197	ENSG00000260338	RP11-124K4.1
11	61840354	61840524	ENSG00000254424	RP11-810P12.6
22	27706612	27713417	ENSG00000226741	CTA-929C8.6
X	140232663	140233358	ENSG00000214925	RP3-507I15.1
2	70682662	70682756	ENSG00000215996	AC017084.1
1	46669006	46686933	ENSG00000171357	LURAP1
2	112895962	112945791	ENSG00000144152	FBLN7
6	170493905	170494884	ENSG00000273100	RP11-302L19.3
3	179123236	179123732	ENSG00000272699	RP11-145M9.5
4	140347453	140352038	ENSG00000248863	RP11-83A24.1
1	149514090	149514256	ENSG00000212544	RNVU1-19
5	75127080	75128589	ENSG00000251419	RP11-524L6.4
1	202884008	202884108	ENSG00000199471	Y_RNA
11	61844749	61849656	ENSG00000255553	RP11-810P12.5
3	179170183	179170207	ENSG00000239255	RP11-145M9.2
HSCHR6_MHC_MCF	29520811	29521758	ENSG00000232049	OR2I1P
1	149524787	149525073	ENSG00000271594	RP11-277L2.6
2	111118185	111121314	ENSG00000230650	AC112229.1
6	170514993	170515482	ENSG00000218716	RPL12P23
6	109103329	109108256	ENSG00000219565	ZNF259P1
1	202955685	202957710	ENSG00000234761	RP11-38O14.5
16	5810688	5810789	ENSG00000221257	AC012175.1
1	149575345	149575767	ENSG00000268544	RP11-277L2.4
16	5888132	5888662	ENSG00000270440	RP11-19H6.1
4	140357522	140357648	ENSG00000239005	ACA64
11	61936765	61937300	ENSG00000236607	RP11-691L4.2
3	179182134	179183116	ENSG00000181260	MTHFD2P7
2	222909244	222909713	ENSG00000226331	AC009302.4
22	27727748	27775226	ENSG00000230051	CTA-929C8.8
16	74586149	74586644	ENSG00000240861	RP11-572F4.1
2	70694517	70695627	ENSG00000224606	TGFA-IT1
4	140467420	140467881	ENSG00000249302	FTH1P24
6	8013800	8064647	ENSG00000188428	BLOC1S5
15	28947100	28983530	ENSG00000188626	GOLGA8M
16	6106976	6142955	ENSG00000257180	RP11-509E10.1
1	202968866	202969480	ENSG00000231547	RP11-38O14.6
8	26921513	26922795	ENSG00000253899	RP11-613H2.2
11	61980899	62028021	ENSG00000254404	RP11-703H8.9
4	140477953	140478797	ENSG00000272717	RP11-342I1.2
2	70914274	70918956	ENSG00000235035	AC007395.3
15	55473004	55489265	ENSG00000137876	RSL24D1
16	74646494	74647119	ENSG00000270945	HSPE1P7
22	27853208	27856021	ENSG00000227880	RP11-46E17.6
12	56588931	56589180	ENSG00000266023	RN7SL770P
X	117048207	117048308	ENSG00000200291	Y_RNA
6	170563422	170571657	ENSG00000230960	RP5-1086L22.1
11	62098418	62099285	ENSG00000255213	NPM1P35
10	131308884	131309525	ENSG00000268421	AL355531.2
X	117250142	117250763	ENSG00000239500	RP1-169K13.3
12	56661577	56663888	ENSG00000258260	RP11-977G19.14
4	140539290	140544386	ENSG00000261268	RP11-308D13.3
1	203096387	203097082	ENSG00000234775	RP11-335O13.7
8	47696422	47697550	ENSG00000228984	RP11-101E19.8
5	75206108	75206401	ENSG00000249301	RP11-524L6.3
16	74701404	74702604	ENSG00000262904	RP11-144N1.1
16	6623768	6627360	ENSG00000260835	RP11-468I15.1
HSCHR6_MHC_MCF	29541490	29542417	ENSG00000223853	OR2H5P
2	203070903	203103331	ENSG00000116030	SUMO1
1	149575482	149616786	ENSG00000269501	RP11-353N4.6
6	170575757	170585850	ENSG00000271820	RP5-894D12.5
11	62104383	62105562	ENSG00000255118	RP11-703H8.7
12	56693926	56708592	ENSG00000257303	RP11-977G19.11
1	203113092	203122028	ENSG00000224671	RP11-335O13.8
16	6771787	6771961	ENSG00000259963	RP11-185J20.2
12	83080659	83528649	ENSG00000179104	TMTC2
6	109138883	109139129	ENSG00000231559	RP3-354J5.3
2	223181961	223183372	ENSG00000267034	RP11-384O8.1
Y	20652801	20656181	ENSG00000249634	USP9YP5
8	27005221	27005309	ENSG00000221623	AC090150.1
16	74781109	74781209	ENSG00000263661	AC009132.1
4	140606281	140606581	ENSG00000201533	RN7SKP237
16	6798909	6798970	ENSG00000252080	RNU7-99P
8	27041838	27068011	ENSG00000253888	RP11-521M14.1
11	62138618	62140640	ENSG00000254454	RCC2P6
2	71030289	71030558	ENSG00000228034	HMGN2P21
4	140619298	140619708	ENSG00000178458	H3F3AP6
6	109177603	109177940	ENSG00000218872	RP11-249L21.2
16	74876485	74877781	ENSG00000261458	RP11-787D11.1
2	131447706	131476404	ENSG00000240253	FAR2P3
6	170581562	170588975	ENSG00000227508	RP5-894D12.3
12	56702652	56703233	ENSG00000257740	RP11-977G19.12
16	6923900	6924006	ENSG00000200869	RNU6-457P
22	27959800	27969534	ENSG00000224027	RP1-231P7P.1
1	203224871	203225603	ENSG00000236523	NPM1P40
11	9800214	10315754	ENSG00000133812	SBF2
5	142572065	142573731	ENSG00000230789	ARHGAP26-IT1
17	48445218	48450575	ENSG00000108826	MRPL27
16	7054008	7054113	ENSG00000212189	RNU6-328P
4	140715279	140715587	ENSG00000252233	RN7SKP253
X	117262711	117262981	ENSG00000237458	TUBB4BP3
12	56746171	56746234	ENSG00000252206	RNU7-40P
2	223182994	223217708	ENSG00000237732	AC010980.2
16	7176294	7176640	ENSG00000240419	RP11-545E8.1
22	28072556	28110959	ENSG00000227838	RP1-213J1P__B.1
2	111132715	111142019	ENSG00000175772	LINC01106
4	141049169	141055719	ENSG00000250698	RP11-392B6.1
11	62140128	62140191	ENSG00000265696	AP003064.2
15	98980391	99057611	ENSG00000185087	FAM169B
5	75206390	75207692	ENSG00000248684	BIN2P2
12	56774145	56776495	ENSG00000259099	RP11-348M3.2
11	62158988	62160844	ENSG00000255126	CTD-2531D15.5
HSCHR6_MHC_MCF	29545041	29545330	ENSG00000224293	TMEM183AP1
6	170606964	170607463	ENSG00000271234	RP5-894D12.4
16	7481218	7481297	ENSG00000252405	snoMe28S-Am2634
17	30410198	30424084	ENSG00000264164	RP11-640N20.6
4	147096837	147121152	ENSG00000164167	LSM6
2	23971534	24149984	ENSG00000119778	ATAD2B
16	75142499	75144610	ENSG00000247033	RP11-252E2.1
6	109228818	109229076	ENSG00000228834	RP11-249L21.4
X	62062012	62062972	ENSG00000235170	MTND1P31
16	7664232	7664994	ENSG00000261198	RP11-26O3.1
4	141196195	141196266	ENSG00000252300	SNORD112
2	71037930	71038606	ENSG00000231386	AC007395.4
19	18718240	18731849	ENSG00000105696	TMEM59L
15	42273780	42343388	ENSG00000188089	PLA2G4E
8	27417791	27446590	ENSG00000234770	GULOP
11	62189317	62194196	ENSG00000255446	CTD-2531D15.4
6	170639849	170639932	ENSG00000266245	MIR4644
HSCHR6_MHC_COX	31818512	31834373	ENSG00000231479	SLC44A4
16	75153456	75178098	ENSG00000261058	RP11-252E2.2
1	203256280	203257929	ENSG00000231507	RP11-134P9.3
16	7776843	7776953	ENSG00000252138	SNORA40
5	75216495	75217485	ENSG00000228367	RP11-524L6.2
17	60778675	60885705	ENSG00000173838	MARCH10
10	131633547	131762105	ENSG00000108001	EBF3
4	141204878	141294535	ENSG00000196951	RP11-425I13.3
6	109244179	109245306	ENSG00000230290	ARMC2-AS1
5	142712170	142712804	ENSG00000231579	RPL7P21
6	170723227	170728413	ENSG00000261003	RP1-140C12.2
16	7938491	7944397	ENSG00000260289	CTD-2535I10.1
11	62231107	62231196	ENSG00000238861	AP003064.1
16	75226363	75227145	ENSG00000213318	RP11-331F4.1
6	109319685	109320328	ENSG00000271730	RP11-787I22.3
5	142869420	142910915	ENSG00000249429	CTD-2050E21.1
22	28103578	28105929	ENSG00000231495	RP1-213J1P__B.2
X	62063167	62063776	ENSG00000228182	MTND2P25
11	62304784	62309490	ENSG00000250659	RP11-864I4.3
16	7949340	7949433	ENSG00000222109	AC093515.1
17	30415179	30421952	ENSG00000266379	RP11-640N20.8
2	131449816	131451343	ENSG00000223349	KLF2P3
22	28112468	28117665	ENSG00000226169	RP11-375H17.1
2	68906733	69053965	ENSG00000163219	ARHGAP25
6	109380712	109380817	ENSG00000199944	RNU6-653P
11	62313471	62315171	ENSG00000257058	RP11-864I4.4
16	8326265	8345702	ENSG00000260003	RP11-279O17.2
X	62098281	62104312	ENSG00000234570	ZFRP1
2	111140689	111142219	ENSG00000226065	ZBTB45P2
HSCHR6_MHC_MCF	29549832	29549915	ENSG00000265013	SNORD33
6	109609643	109609765	ENSG00000233908	RP11-425D10.1
2	71115001	71117089	ENSG00000237751	LINC01143
11	62373633	62373877	ENSG00000254964	RP11-831H9.3
2	131501111	131513452	ENSG00000229797	AC140481.8
1	203267886	203274437	ENSG00000233791	LINC01136
16	75259972	75262093	ENSG00000240338	RP11-331F4.4
11	62432894	62433042	ENSG00000206597	SNORA57
16	8348494	8349774	ENSG00000261319	RP11-279O17.1
11	64570982	64578766	ENSG00000133895	MEN1
10	38712553	38712656	ENSG00000222314	RNU6-1118P
6	109609774	109611706	ENSG00000219700	PTCHD3P3
5	75371356	75371745	ENSG00000249777	CTC-235G5.1
4	141235317	141235704	ENSG00000249754	RP11-425I13.2
11	62538592	62539078	ENSG00000267811	RP11-727F15.11
X	11776278	11793870	ENSG00000005302	MSL3
16	8359541	8359659	ENSG00000264844	AC018767.1
10	38741915	38744293	ENSG00000228882	CICP9
1	149576594	149577296	ENSG00000233368	RP11-277L2.3
11	65779312	65780976	ENSG00000175315	CST6
X	62519126	62519552	ENSG00000230823	CBX1P1
16	8359964	8407862	ENSG00000260058	RP11-279O17.3
5	175630317	175630713	ENSG00000270989	RP11-844P9.4
10	80760241	80763560	ENSG00000229569	RP11-481G8.2
11	62553498	62554257	ENSG00000269176	RP11-727F15.12
X	117280026	117280524	ENSG00000234524	RPL12P43
1	149587502	149587988	ENSG00000269614	RP11-277L2.5
2	223269704	223269814	ENSG00000200822	Y_RNA
4	141287394	141288015	ENSG00000241923	RP11-425I13.1
5	175735066	175736016	ENSG00000251667	RP11-844P9.3
1	203288124	203288227	ENSG00000202300	RNU6-487P
10	38742109	38755104	ENSG00000203496	RP11-291L22.4
11	62575154	62575535	ENSG00000269463	RP11-727F15.13
10	81142084	81169030	ENSG00000235426	RP11-342M3.5
16	8419866	8426278	ENSG00000259819	RP11-568A19.1
2	223317119	223317845	ENSG00000228670	NANOGP2
1	203322493	203322779	ENSG00000229652	RP11-435P24.2
1	149590752	149591762	ENSG00000229801	RP11-353N4.1
16	8558071	8558587	ENSG00000260379	RP11-483K5.2
17	30433349	30441144	ENSG00000263369	RP11-640N20.9
22	28315364	28404569	ENSG00000235954	TTC28-AS1
5	156512843	156569880	ENSG00000135077	HAVCR2
2	71157470	71157545	ENSG00000239064	snoU13
10	94353043	94415150	ENSG00000138160	KIF11
10	81259422	81259740	ENSG00000259021	TPRX1P1
1	203369394	203369709	ENSG00000271588	RP11-435P24.3
5	142922079	142922152	ENSG00000253023	RNU7-156P
4	141499079	141499374	ENSG00000242102	RN7SL152P
1	149605640	149633208	ENSG00000232151	RP11-353N4.8
11	62583438	62583539	ENSG00000252361	RNU6-118P
10	81263829	81266037	ENSG00000241317	RP11-342M3.1
16	8576551	8582015	ENSG00000261066	RP11-483K5.3
14	96671181	96730266	ENSG00000258691	RP11-404P21.8
X	117412122	117417330	ENSG00000270619	RP11-197B12.1
5	142938784	142942113	ENSG00000251205	CTD-2050E21.2
2	71168947	71175740	ENSG00000239322	AC007040.7
10	38894549	38898740	ENSG00000215151	ABCD1P2
4	141521555	141521729	ENSG00000248621	RP11-5K16.3
11	62584302	62584561	ENSG00000264442	RN7SL119P
14	96129593	96158967	ENSG00000259084	RP11-1070N10.6
2	223363010	223363117	ENSG00000202016	RNU6-619P
1	46713360	46744145	ENSG00000085999	RAD54L
16	8777111	8777406	ENSG00000243954	RN7SL743P
X	117512907	117513007	ENSG00000264567	AL391803.1
10	81270301	81270439	ENSG00000272475	RP11-342M3.2
1	149605917	149606079	ENSG00000202496	RNVU1-20
11	62599706	62601515	ENSG00000256690	RP11-727F15.9
2	131534219	131534530	ENSG00000232503	CYCSP8
6	109612231	109676266	ENSG00000203799	CCDC162P
16	8799313	8799374	ENSG00000238417	RNU7-63P
4	141562994	141566643	ENSG00000249661	TNRC18P1
2	223368602	223369562	ENSG00000234285	GAPDHP49
5	142985193	143208337	ENSG00000249881	CTB-57H20.1
X	62563106	62780951	ENSG00000235437	RP11-357C3.3
1	203626097	203626888	ENSG00000236035	RP11-90O23.1
16	8825273	8825416	ENSG00000260764	RNU7-63P
10	81286264	81286387	ENSG00000271985	RP11-589B3.7
1	149626959	149637707	ENSG00000268554	RP11-353N4.7
7	150521715	150558592	ENSG00000002726	AOC1
4	141621989	141622096	ENSG00000207155	Y_RNA
8	135812763	135812850	ENSG00000207582	MIR30B
16	75320610	75320696	ENSG00000252101	RNU6-758P
2	131588551	131594567	ENSG00000233221	AC133785.1
11	62609091	62609281	ENSG00000222328	RNU2-2P
2	102508955	102511150	ENSG00000233404	FLJ20373
4	141633322	141637235	ENSG00000248335	RP11-102N12.2
16	75355788	75358946	ENSG00000259999	RP11-252K23.1
10	38929039	38931213	ENSG00000225638	PABPC1P12
8	135817119	135817188	ENSG00000199153	MIR30D
11	626431	627143	ENSG00000070031	SCT
10	81303843	81304112	ENSG00000232965	RPS12P18
14	96722161	96735304	ENSG00000100739	BDKRB1
17	68049570	68131749	ENSG00000153822	KCNJ16
16	75413716	75415158	ENSG00000261783	RP11-252K23.2
2	111143954	111145740	ENSG00000230596	AC112229.4
8	135844990	135846725	ENSG00000254028	AC083843.2
4	141677682	141679075	ENSG00000273472	RP11-102N12.3
8	47703687	47704686	ENSG00000250857	TRIM60P15
5	75374491	75375588	ENSG00000251342	CTC-235G5.2
10	81342054	81344633	ENSG00000219430	MBL3P
8	135850312	135854880	ENSG00000253433	AC083843.3
4	141700193	141700295	ENSG00000222613	Y_RNA
2	223431624	223434438	ENSG00000261428	RP11-16P6.1
5	175774944	175780587	ENSG00000250909	RP11-843P14.2
4	142161893	142199943	ENSG00000248747	RP11-586L23.1
3	179301050	179301550	ENSG00000272910	RP11-15L13.4
X	140267420	140267773	ENSG00000261212	RP3-507I15.2
8	135862178	135894142	ENSG00000251218	RP11-1057B8.2
16	8941507	8942581	ENSG00000260350	RP11-152P23.2
3	179302059	179302198	ENSG00000272660	RP11-145M9.6
5	75377771	75380011	ENSG00000248127	CTC-235G5.3
X	140355255	140358349	ENSG00000213423	RBMX2P2
11	65784223	65793988	ENSG00000175294	CATSPER1
4	77414400	77414539	ENSG00000221118	AC112249.1
5	175781209	175783171	ENSG00000251414	RP11-843P14.1
1	149646785	149649302	ENSG00000239903	RP11-353N4.2
3	179332563	179332666	ENSG00000239096	snoU13
4	142218928	142219032	ENSG00000238695	snoU13
21	34947431	34947645	ENSG00000268265	AP000304.1
17	14080448	14080627	ENSG00000252305	SNORA74
16	8941962	8954274	ENSG00000260276	RP11-77H9.2
4	77430437	77430872	ENSG00000249278	RP11-688H10.1
2	71183029	71183364	ENSG00000226186	TCEB1P21
11	107462471	107463949	ENSG00000268467	AP000889.3
5	175794949	175795034	ENSG00000221464	MIR1271
3	179343366	179345434	ENSG00000213165	AC090425.1
17	14113805	14121239	ENSG00000231595	AC005224.2
2	71192701	71192995	ENSG00000241159	RN7SL160P
2	223542396	223543008	ENSG00000233751	AC104772.1
8	135991070	135991522	ENSG00000244413	RP11-1057B8.1
2	131687335	131687457	ENSG00000252829	SCARNA4
4	142240604	142253772	ENSG00000248810	RP11-362F19.1
5	75387533	75387626	ENSG00000252833	RNA5SP186
21	34956993	35284635	ENSG00000249209	AP000304.12
3	179367282	179367988	ENSG00000243977	RP11-473P24.2
2	131935191	131936519	ENSG00000230450	NEK2P4
11	1628795	1629693	ENSG00000196224	KRTAP5-3
2	71221573	71229884	ENSG00000228384	AC007040.6
8	136246374	136311962	ENSG00000254083	RP11-452N4.1
8	47733859	47765929	ENSG00000253314	LINC00293
14	96741383	96743060	ENSG00000258729	DKFZP434O1614
15	99192200	99507759	ENSG00000140443	IGF1R
11	107578104	107590419	ENSG00000170290	SLN
HSCHR6_MHC_DBB	30461233	30465132	ENSG00000257301	CR762481.2
14	96178084	96223993	ENSG00000257275	RP11-164H13.1
17	14198829	14200917	ENSG00000262786	RP11-214O1.1
16	33344309	33348279	ENSG00000261200	RP11-989E6.10
3	179521851	179522154	ENSG00000270178	RP11-494H4.3
4	77453375	77453480	ENSG00000207307	RNU6-145P
5	175878763	175878873	ENSG00000221373	AC010297.1
11	637293	640706	ENSG00000069696	DRD4
5	143059425	143059536	ENSG00000266478	MIR5197
1	149649060	149719362	ENSG00000234232	RP11-353N4.5
5	125935960	125962944	ENSG00000164902	PHAX
5	75466755	75466928	ENSG00000251668	RP11-466P24.5
4	77494721	77494785	ENSG00000263445	MIR4450
5	175974436	175974727	ENSG00000243959	RN7SL684P
3	179593164	179599397	ENSG00000243799	PEX5L-AS1
17	14207171	14208822	ENSG00000266709	RP11-214O1.2
5	143131655	143132269	ENSG00000225869	CTB-70D19.1
5	175983705	175983806	ENSG00000207420	Y_RNA
4	77496704	77496779	ENSG00000265314	MIR548AH
2	102608306	102645006	ENSG00000115590	IL1R2
2	179694484	179914813	ENSG00000163492	CCDC141
17	14230652	14232791	ENSG00000266378	RP11-214O1.3
5	75465911	75470171	ENSG00000254893	RP11-466P24.2
2	131938726	131938942	ENSG00000225448	AC009477.7
19	43256838	43359843	ENSG00000124467	PSG8
8	136252033	136252102	ENSG00000265266	AC022681.1
4	77558776	77565521	ENSG00000231335	AC107072.2
5	68576002	68628636	ENSG00000183323	CCDC125
17	14277456	14324343	ENSG00000230647	AC022816.2
14	96317818	96317927	ENSG00000263357	AL133167.1
8	136468108	136469195	ENSG00000254372	RP11-343P9.1
11	1642188	1643368	ENSG00000241598	KRTAP5-4
5	176056440	176056501	ENSG00000266329	MIR4281
12	96837258	96837327	ENSG00000263364	AC021052.1
3	179616017	179639683	ENSG00000244302	PEX5L-AS2
14	96321885	96332801	ENSG00000258516	RP11-185P18.2
2	223562615	223562719	ENSG00000238852	snoU13
4	77678113	77679627	ENSG00000233860	RP11-359D14.2
17	14608393	14608851	ENSG00000230897	RPS18P12
16	33350764	33356875	ENSG00000261466	RP11-23E10.2
4	142326326	142328740	ENSG00000250189	RP11-362F19.2
12	97294475	97296476	ENSG00000258846	EEF1A1P33
8	136637428	136638224	ENSG00000253915	MAPRE1P1
2	223563342	223564203	ENSG00000203531	AC016712.1
4	77679707	77723117	ENSG00000224218	RP11-359D14.3
2	131947407	131955066	ENSG00000236956	NF1P8
8	136754586	136754738	ENSG00000199652	RNU1-35P
4	142351985	142352438	ENSG00000272632	RP11-362F19.3
11	1651033	1652160	ENSG00000185940	KRTAP5-5
14	96342729	96391908	ENSG00000250366	LINC00617
4	142491084	142497230	ENSG00000250141	RP11-208N20.1
4	77775117	77775213	ENSG00000264124	AC104687.1
10	121652223	121702014	ENSG00000107651	SEC23IP
8	137059264	137178365	ENSG00000253248	RP11-149P24.1
2	71229661	71291873	ENSG00000236469	AC007040.8
4	143208070	143208778	ENSG00000242134	RPL5P13
4	77807182	77807523	ENSG00000270244	RP11-123J14.4
11	107582998	107595135	ENSG00000268602	AP002353.1
4	143238391	143238699	ENSG00000250835	LSM3P4
16	33365116	33373402	ENSG00000261405	RP11-23E10.4
4	77812187	77812598	ENSG00000242727	RP11-123J14.1
8	137501691	137542119	ENSG00000253839	RP11-431D12.1
17	14629046	14633003	ENSG00000226130	AC013248.2
2	71239461	71239537	ENSG00000266029	AC007040.2
X	140474987	140475271	ENSG00000227779	GS1-164F24.1
4	143435599	143440136	ENSG00000251248	RP11-223C24.2
2	223591176	223591553	ENSG00000235225	AC016712.2
2	197154133	197154429	ENSG00000264627	RN7SL820P
2	71240219	71240287	ENSG00000266186	AC007040.3
17	14670900	14683520	ENSG00000205325	AC005863.1
1	149664577	149664889	ENSG00000237168	RP11-353N4.3
11	107643129	107647344	ENSG00000214306	AP001024.2
2	197550872	197551054	ENSG00000252923	SCARNA16
11	10879806	10928349	ENSG00000247271	ZBED5-AS1
5	75537849	75538229	ENSG00000249014	HMGN2P4
4	143487172	143582103	ENSG00000249806	RP11-223C24.1
X	140590843	140738057	ENSG00000226574	SPANXA2-OT1
2	197879714	197880739	ENSG00000225636	HNRNPA3P15
4	77880013	77880322	ENSG00000234036	TXNP6
2	197893435	197894867	ENSG00000224442	AC017035.2
8	137543041	137997178	ENSG00000254101	RP11-30J20.1
X	140713994	140714863	ENSG00000223438	RP1-171K16.5
11	107650219	107652316	ENSG00000214305	AP001024.1
4	143854348	144106014	ENSG00000250326	RP11-284M14.1
17	14737955	14803871	ENSG00000238212	AC005863.2
2	71244154	71244239	ENSG00000265812	AC007040.1
6	149825869	149867174	ENSG00000131013	PPIL4
1	149671723	149671868	ENSG00000252925	RNU1-68P
1	149672997	149677289	ENSG00000223759	RP11-353N4.4
2	198062715	198063997	ENSG00000231621	AC013264.2
2	71256158	71257023	ENSG00000205847	OR7E91P
HSCHR6_MHC_MCF	29550091	29550608	ENSG00000231190	RPL13AP
11	10906432	10920869	ENSG00000250041	CTD-2003C8.2
12	97373306	97373407	ENSG00000202368	Y_RNA
14	96747595	96830207	ENSG00000066739	ATG2B
1	149689368	149689854	ENSG00000197844	AL358813.1
X	141235648	141236652	ENSG00000236205	RP3-406C18.1
2	223769358	223769773	ENSG00000224121	ATG12P2
12	97379434	97579387	ENSG00000258131	RP11-541G9.1
17	14851058	14851515	ENSG00000226156	RPL23AP76
2	198115582	198167243	ENSG00000236977	ANKRD44-IT1
4	78003556	78004279	ENSG00000214062	RPL7P17
1	149708860	149708951	ENSG00000263825	AL358813.2
2	71264815	71265833	ENSG00000234485	OR7E46P
HG990_PATCH	260118	264367	ENSG00000260950	C17orf97
16	8947169	8948204	ENSG00000259939	RP11-77H9.5
11	1718425	1718985	ENSG00000205864	KRTAP5-6
17	34430983	34433014	ENSG00000129277	CCL4
11	11139401	11205158	ENSG00000254401	RP11-179A10.1
12	97417799	97444907	ENSG00000257470	RP11-397H6.1
1	149725851	149726260	ENSG00000226500	RP11-196G18.1
HSCHR6_MHC_MCF	29603636	29603919	ENSG00000230888	SUMO2P1
17	14918122	14955593	ENSG00000232058	AC005772.2
16	8963108	8963889	ENSG00000261481	RP11-77H9.6
4	78033648	78034611	ENSG00000271676	RP11-1E1.2
5	75576781	75577092	ENSG00000251107	RP11-466P24.4
4	78071481	78071590	ENSG00000201641	RNU6-1187P
15	29129629	29410518	ENSG00000034053	APBA2
17	14934292	14935274	ENSG00000259944	CDRT7
16	9056563	9060847	ENSG00000260979	RP11-77H9.8
8	47738850	47740031	ENSG00000253828	MTND1P7
2	198127835	198128259	ENSG00000230482	ATP5G2P3
11	11157029	11159205	ENSG00000254957	RP11-179A10.2
4	78137569	78138031	ENSG00000270669	CTB-179I1.3
4	143966239	143967031	ENSG00000251300	RP11-54P19.1
11	62619460	62623386	ENSG00000255717	SNHG1
2	96257766	96265526	ENSG00000144015	TRIM43
4	78232550	78233264	ENSG00000250006	CTB-179I1.1
5	75581367	75607287	ENSG00000250348	RP11-466P24.6
1	149754433	149783312	ENSG00000242663	RP11-196G18.21
2	198176117	198177464	ENSG00000225979	AC010746.3
11	1753640	1771821	ENSG00000244242	IFITM10
17	15008554	15009504	ENSG00000265163	CDRT8
4	78271523	78272388	ENSG00000248831	CTB-179I1.2
2	223782105	223784081	ENSG00000234193	AC097461.4
10	38299578	38354016	ENSG00000189180	ZNF33A
8	138117595	138117701	ENSG00000206678	RNU6-144P
1	149757215	149764576	ENSG00000233030	RP11-196G18.3
4	78315645	78415440	ENSG00000249036	RP11-625I7.1
2	71266437	71266490	ENSG00000264382	AC007881.2
16	9162411	9166269	ENSG00000261392	RP11-473I1.6
17	15141102	15141200	ENSG00000238806	snoU13
11	11203654	11203960	ENSG00000270897	RP11-179A10.3
8	138708967	138710710	ENSG00000254076	CTD-3145H4.1
2	223797312	223797401	ENSG00000265621	AC013476.1
2	198244425	198245616	ENSG00000213104	NPM1P46
X	141260652	141261775	ENSG00000225469	RP3-406C18.2
16	9198705	9200618	ENSG00000262944	RP11-473I1.9
2	71282657	71283133	ENSG00000234896	OR7E62P
16	67876213	67878097	ENSG00000168286	THAP11
4	78623900	78623957	ENSG00000221711	SNORD75
17	15154944	15155013	ENSG00000265110	MIR4731
1	149802876	149804109	ENSG00000264207	RP11-196G18.23
HG990_PATCH	289769	295730	ENSG00000261321	FAM101B
6	20402398	20493941	ENSG00000112242	E2F3
2	224113219	224113512	ENSG00000243125	RN7SL807P
2	109403213	109501933	ENSG00000163006	CCDC138
HSCHR6_MHC_MCF	29675658	29676080	ENSG00000236926	ZDHHC20P1
11	11261306	11261827	ENSG00000255123	MTND5P21
16	9199691	9201031	ENSG00000260349	RP11-473I1.5
5	75627662	75629781	ENSG00000266045	RP11-466P24.7
4	78785662	78785958	ENSG00000250214	RP13-488H8.1
17	15164332	15169024	ENSG00000265445	RP11-849N15.1
8	138821687	139095813	ENSG00000253288	RP11-238K6.1
2	198269442	198269578	ENSG00000202434	SNORA4
2	224262985	224263264	ENSG00000233299	HIGD1AP4
2	198312469	198312575	ENSG00000206836	RNU6-1029P
4	144207446	144251011	ENSG00000250969	RP11-364L4.3
1	149814608	149815100	ENSG00000220323	HIST2H2BD
16	9201098	9207038	ENSG00000263244	RP11-473I1.10
11	11264735	11265262	ENSG00000255260	CTD-3224I3.3
17	15170778	15175607	ENSG00000230971	AC005703.3
HSCHR6_MHC_MCF	29687895	29688885	ENSG00000249663	HCG4P11
4	144230619	144230719	ENSG00000200049	Y_RNA
HG104_HG975_PATCH	145059323	145094942	ENSG00000261660	PARP10
2	198398527	198398689	ENSG00000231699	AC020550.7
1	149816065	149820591	ENSG00000261716	RP11-196G18.22
15	42359207	42386752	ENSG00000159337	PLA2G4D
2	71294649	71295255	ENSG00000272735	RP11-467P9.1
8	47742672	47742778	ENSG00000252594	RNU6-656P
HG990_PATCH	254332	263814	ENSG00000260707	AC108004.3
8	146052849	146072894	ENSG00000147789	ZNF7
4	78879154	78879934	ENSG00000248926	RP11-777B9.1
11	11373973	11374854	ENSG00000255351	RP11-567I13.1
17	15179879	15182794	ENSG00000237377	AC005703.2
1	149817383	149818053	ENSG00000272993	RP11-196G18.24
2	199052526	199056245	ENSG00000237035	AC109589.1
11	65809423	65816651	ENSG00000175229	GAL3ST3
8	47749200	47750328	ENSG00000254118	RP11-101E19.4
16	475619	573011	ENSG00000090565	RAB11FIP3
4	144256418	144258970	ENSG00000178972	AC097658.1
8	138864570	138941287	ENSG00000254361	RP11-238K6.2
5	56137843	56157991	ENSG00000237705	AC008937.2
10	38934102	38982199	ENSG00000233867	SLC9B1P3
5	176134357	176153244	ENSG00000248484	RP11-375B1.1
1	149821760	149822339	ENSG00000203819	HIST2H2BC
HSCHR6_MHC_MCF	29706644	29713883	ENSG00000228491	MICE
4	144264613	144264688	ENSG00000265623	MIR3139
HG1063_PATCH	102455853	102538940	ENSG00000262234	PPIP5K2
17	15214662	15214768	ENSG00000200437	RNU6-799P
5	75672500	75672974	ENSG00000251235	RP11-156N15.1
10	131934663	131982785	ENSG00000108010	GLRX3
11	11591631	11595329	ENSG00000255462	RP11-483L5.1
4	78885094	78885665	ENSG00000248956	HMGB1P44
8	139075511	139085483	ENSG00000253988	RP11-489O18.1
5	176153943	176166459	ENSG00000251446	RP11-375B1.2
4	144270428	144271270	ENSG00000228981	RP11-364L4.1
1	150025846	150027020	ENSG00000223945	RP11-458I7.1
2	199164087	199239821	ENSG00000236653	AC005235.1
17	15283181	15321195	ENSG00000266667	RP11-849N15.4
2	55662292	55662758	ENSG00000233594	BTF3P5
X	141282138	141283276	ENSG00000250625	RP1-142F18.2
8	140108548	140115073	ENSG00000253432	RP11-324F11.1
9	130547958	130553066	ENSG00000136807	CDK9
11	11678198	11678269	ENSG00000266645	MIR4299
5	176170206	176170872	ENSG00000248859	RP11-375B1.3
17	15311701	15312003	ENSG00000239888	RN7SL792P
4	78909014	78909967	ENSG00000248640	HNRNPA1P56
11	107661717	107799019	ENSG00000110660	SLC35F2
11	11780648	11780980	ENSG00000255309	RP11-756D7.1
2	224363491	224369329	ENSG00000231189	AC013448.1
4	147145709	147150208	ENSG00000250673	RP11-6L6.2
8	74968117	74968882	ENSG00000240047	RPS3AP32
8	140120673	140120777	ENSG00000251744	SNORA25
17	15346953	15347505	ENSG00000234324	RPL9P2
4	144345906	144347166	ENSG00000243175	RP11-58H15.1
11	11878037	11878406	ENSG00000255492	CTD-2381F24.1
8	140126436	140140196	ENSG00000253783	CTD-2534J5.1
2	199417919	199637080	ENSG00000225421	AC019330.1
2	71352653	71352722	ENSG00000264051	AC007881.1
2	224370194	224375651	ENSG00000235610	AC013448.2
X	141498839	141498957	ENSG00000201000	RNA5SP516
5	176478715	176479964	ENSG00000251666	ZNF346-IT1
2	71405717	71405903	ENSG00000233870	AC007881.4
1	150183930	150184221	ENSG00000266187	RN7SL480P
8	140472305	140475259	ENSG00000254258	RP11-398H6.1
14	58304072	58304378	ENSG00000252837	RN7SKP99
HSCHR6_MHC_QBL	32974007	32976386	ENSG00000257589	AL805913.1
X	141694646	141694731	ENSG00000266319	AL080272.1
2	199431369	199431453	ENSG00000252511	AC019330.2
15	55495164	55611311	ENSG00000069974	RAB27A
4	78924297	78924593	ENSG00000248128	RP11-777B9.4
2	224569338	224570055	ENSG00000226539	AC012512.1
2	71606885	71606988	ENSG00000200779	RNU6-105P
21	34961647	35016232	ENSG00000205758	CRYZL1
1	150209315	150209504	ENSG00000222222	RNU2-17P
14	58460263	58461243	ENSG00000259969	RP11-999E24.3
5	176691767	176692242	ENSG00000240729	CTD-2301A4.3
8	47750410	47750827	ENSG00000254156	MTND6P20
8	140923482	140928864	ENSG00000253574	RP11-284H18.1
2	199747297	199936514	ENSG00000231557	AC018717.1
8	74991772	74991878	ENSG00000212485	RNU6-1197P
5	56152975	56153078	ENSG00000238717	snoU13
11	12052422	12083332	ENSG00000254486	RP13-631K18.2
4	144418565	144419279	ENSG00000250540	RP11-58H15.3
1	150227489	150229681	ENSG00000271845	RP4-790G17.7
6	33244917	33252609	ENSG00000235863	B3GALT4
7	143078173	143088204	ENSG00000159840	ZYX
2	72211312	72211564	ENSG00000233971	RPS20P10
14	58567703	58568292	ENSG00000258836	RP11-349A22.2
16	67880635	67906470	ENSG00000102898	NUTF2
5	176692581	176693589	ENSG00000270706	CTD-2301A4.5
8	75015751	75018979	ENSG00000253115	RP11-6I2.4
5	56195868	56206541	ENSG00000225230	AC008937.3
4	78929666	78929842	ENSG00000249072	RP11-777B9.5
11	12088476	12094561	ENSG00000254991	RP13-631K18.3
1	150234093	150234196	ENSG00000238526	snoU13
2	199973307	199974811	ENSG00000230407	AC018717.2
5	176767675	176767919	ENSG00000266089	RN7SL562P
6	109612458	109612561	ENSG00000238474	snoU13
8	75111631	75120676	ENSG00000253983	RP1-16A9.1
8	141515912	141518142	ENSG00000259891	CTA-204B4.2
4	79102020	79103200	ENSG00000249565	SERBP1P5
5	56223701	56225400	ENSG00000271828	CTD-2310F14.1
1	150488233	150490508	ENSG00000228126	LINC00568
6	109626697	109626798	ENSG00000201023	Y_RNA
5	176773074	176773427	ENSG00000239393	CTD-2301A4.1
14	58607997	58608378	ENSG00000243023	UBA52P3
5	133984479	134063513	ENSG00000113615	SEC24A
X	141961746	141961849	ENSG00000239188	snoU13
11	12108438	12110988	ENSG00000255400	RP13-631K18.5
2	200055782	200055843	ENSG00000238698	RNU7-147P
6	109648378	109649117	ENSG00000218632	RPL7P28
8	141530255	141539600	ENSG00000259758	CASC7
2	224830418	224832423	ENSG00000228802	AC073641.2
HSCHR6_MHC_MCF	29710385	29713963	ENSG00000243430	DAQB-335A13.8
1	150521040	150530200	ENSG00000237781	RP11-54A4.2
2	55678140	55678235	ENSG00000238619	RNU6-775P
4	144434625	144435788	ENSG00000245112	SMARCA5-AS1
2	200190033	200194085	ENSG00000257045	RP11-486F17.1
8	75259992	75262285	ENSG00000253596	CTD-2320G14.2
11	12282973	12284720	ENSG00000254680	RP11-265D17.2
5	75806265	75806591	ENSG00000250574	CTD-2275D10.2
14	58646489	58646779	ENSG00000243700	RN7SL598P
9	13105703	13279589	ENSG00000107186	MPDZ
7	143969538	143991256	ENSG00000204959	ARHGEF34P
2	55683242	55683340	ENSG00000238493	RNU6-221P
5	176865504	176874700	ENSG00000246334	PRR7-AS1
4	79109490	79109577	ENSG00000221183	AC093897.1
2	228029281	228179508	ENSG00000169031	COL4A3
8	75288922	75289028	ENSG00000207417	Y_RNA
5	131891711	131980313	ENSG00000113522	RAD50
14	58651294	58652225	ENSG00000258519	RP11-349A22.3
2	225034381	225036254	ENSG00000224826	AC019109.1
4	79300351	79300668	ENSG00000248117	MINOS1P4
11	12325080	12329763	ENSG00000254983	RP11-573E11.2
5	56237134	56242979	ENSG00000235635	AC016644.1
5	75902433	75904795	ENSG00000249713	CTD-2236F14.1
8	75460778	75460852	ENSG00000266502	MIR5681A
6	109703998	109704869	ENSG00000260273	RP11-425D10.10
HSCHR6_MHC_MCF	29713203	29713427	ENSG00000228202	HCG9P5
11	12366314	12366408	ENSG00000264283	AC025300.1
19	55464498	55512510	ENSG00000022556	NLRP2
16	33379962	33380091	ENSG00000263277	RP11-293B20.3
4	79553427	79553539	ENSG00000200998	Y_RNA
6	109755377	109755443	ENSG00000239160	AL109947.1
8	75515479	75516479	ENSG00000253341	RP11-730G20.2
11	12559630	12562514	ENSG00000254847	RP11-51B23.3
8	141742663	141742752	ENSG00000254324	MIR151A
17	15410180	15410668	ENSG00000223878	AC005517.3
4	79561254	79561356	ENSG00000238816	snoU13
HSCHR6_MHC_MCF	29715285	29715386	ENSG00000264646	Y_RNA
6	109809109	109828003	ENSG00000223537	RP5-919F19.5
11	12843982	12845214	ENSG00000254688	RP11-47J17.3
2	72515914	72516239	ENSG00000228568	AC006461.2
1	150524405	150524490	ENSG00000264553	MIR4257
2	200322423	200341658	ENSG00000225953	SATB2-AS1
8	141950661	141950762	ENSG00000252864	RNA5SP278
2	55699880	55699977	ENSG00000264849	AC019198.1
HSCHR6_MHC_MCF	29715643	29716062	ENSG00000233298	IFITM4P
4	144476235	144476736	ENSG00000248924	RP11-481K16.2
11	644233	706715	ENSG00000177030	DEAF1
14	58731380	58736399	ENSG00000258682	CTD-2002H8.2
1	150539040	150539336	ENSG00000264508	RN7SL473P
2	55727086	55727191	ENSG00000239189	RNU6-634P
11	12870342	12870980	ENSG00000255067	RP11-47J17.1
17	15434087	15434403	ENSG00000266538	RP11-385D13.3
6	109825590	109825729	ENSG00000253037	AL109947.2
16	33390406	33425011	ENSG00000259882	RP11-293B20.2
2	131958715	131960514	ENSG00000248796	MED15P8
8	75521933	75545555	ENSG00000254080	RP11-730G20.1
8	142065389	142070695	ENSG00000253266	RP11-128L5.1
1	150541449	150541745	ENSG00000264584	RN7SL600P
17	15477333	15477512	ENSG00000252129	SNORA74
2	55792839	55792986	ENSG00000212175	SNORA12
11	12926364	12926535	ENSG00000252329	SCARNA16
1	150573015	150573135	ENSG00000253047	SNORA40
4	79567057	79603853	ENSG00000251442	LINC01094
1	150674342	150674448	ENSG00000206931	RNU6-1042P
5	56271420	56272051	ENSG00000233943	AC114973.1
11	12942733	12944472	ENSG00000203258	RP11-47J17.2
1	150752748	150753120	ENSG00000236713	RP11-363I22.3
13	28874489	29069265	ENSG00000102755	FLT1
8	75711019	75779174	ENSG00000253706	RP11-758M4.4
HSCHR6_MHC_MCF	29755699	29762471	ENSG00000229194	HLA-V
5	75987264	76012040	ENSG00000225407	CTD-2384B11.2
11	12984057	13011095	ENSG00000251381	LINC00958
1	150772949	150773507	ENSG00000224690	UBE2D3P3
14	58732083	58764852	ENSG00000257621	RP11-349A22.5
5	76079921	76080024	ENSG00000238688	snoU13
4	144480625	144570458	ENSG00000236296	GUSBP5
11	94745022	94745696	ENSG00000255653	RP11-60C6.3
5	76132727	76133020	ENSG00000264391	RN7SL208P
7	64498750	64498943	ENSG00000239985	RP11-460N20.3
11	94770646	94771620	ENSG00000256779	RP11-60C6.5
5	76244616	76244695	ENSG00000252684	RNU6ATAC36P
11	94773575	94774735	ENSG00000257012	RP11-60C6.6
2	225104179	225104273	ENSG00000211987	AC104802.1
16	75443230	75443364	ENSG00000252122	SNORA76
8	75716522	75717046	ENSG00000253777	RP11-758M4.3
11	94782586	94784109	ENSG00000255855	RP11-735A19.2
5	76369706	76370345	ENSG00000250615	CTC-564N23.2
2	55845044	55845508	ENSG00000272606	RP11-554J4.1
7	64526377	64526510	ENSG00000207344	SNORA22
16	75492150	75493915	ENSG00000261476	RP11-77K12.3
1	150785067	150785174	ENSG00000200175	RNU6-1309P
2	200472791	200523855	ENSG00000238217	AC093590.1
5	176921996	176930648	ENSG00000248996	RP11-1334A24.6
7	64530916	64531050	ENSG00000207062	SNORA15
2	225159647	225160470	ENSG00000228681	AC008072.1
11	94800056	94804388	ENSG00000180771	SRSF8
1	150853712	150854159	ENSG00000224800	RP11-235D19.2
2	72948935	72949132	ENSG00000222536	RNU2-39P
2	56178789	56179149	ENSG00000202344	RN7SKP208
8	75803386	75808537	ENSG00000254043	RP11-3N13.2
11	12985187	12985238	ENSG00000266625	AC084859.1
16	75509794	75529305	ENSG00000203472	RP11-77K12.4
7	64535401	64539158	ENSG00000227113	RP11-460N20.4
2	72987663	72987731	ENSG00000212378	SNORD78
7	143991573	143998027	ENSG00000228960	OR2A9P
2	56179293	56408787	ENSG00000272180	RP11-481J13.1
11	13022637	13030706	ENSG00000254670	CTC-497E21.3
1	150854927	150855011	ENSG00000212512	Y_RNA
2	131975976	132022250	ENSG00000250852	AC131180.1
5	76376259	76376396	ENSG00000238961	SNORA47
8	75938663	75941695	ENSG00000254238	RP11-300E4.2
16	75533686	75550178	ENSG00000262583	RP11-77K12.5
1	150876372	150876689	ENSG00000229357	CYCSP51
5	56377572	56377778	ENSG00000248652	RP11-101B14.4
2	73340146	73343035	ENSG00000272702	RP11-44N22.3
8	76079939	76088891	ENSG00000253712	RP11-697M17.2
3	140396881	140419992	ENSG00000155890	TRIM42
7	64544481	64560610	ENSG00000226002	RP11-460N20.5
11	13030696	13032647	ENSG00000189431	RASSF10
11	94876801	94878289	ENSG00000270689	RP11-712B9.4
8	76135639	76236976	ENSG00000249395	CASC9
3	129732025	129732384	ENSG00000249869	RP11-93K22.7
2	56190326	56274461	ENSG00000226702	AC011306.2
7	144131919	144132407	ENSG00000242978	RP4-545C24.5
8	12803151	12889012	ENSG00000250305	KIAA1456
4	144621410	144786225	ENSG00000246448	RP13-578N3.3
1	150937736	150938734	ENSG00000259357	RP11-316M1.12
11	94878601	94879168	ENSG00000270578	RP11-712B9.5
16	75575297	75642343	ENSG00000259992	RP11-77K12.8
6	33246885	33257304	ENSG00000227057	WDR46
19	20615358	20711421	ENSG00000269043	CTC-513N18.6
11	13076162	13156386	ENSG00000255558	CTC-497E21.5
6	40359325	40555204	ENSG00000156564	LRFN2
5	56416623	56418451	ENSG00000250480	RP11-101B14.1
3	129740396	129741363	ENSG00000180770	OR7E129P
7	144148774	144148910	ENSG00000221507	RNU6ATAC40P
8	76214531	76214809	ENSG00000253229	HIGD1AP6
4	144681552	144683246	ENSG00000250345	RP11-780M14.1
11	13173747	13173895	ENSG00000255018	RP11-413N13.1
4	79570108	79570396	ENSG00000251019	HIGD1AP13
19	20626021	20626531	ENSG00000268335	CTC-513N18.3
5	176981825	176982365	ENSG00000272459	RP11-1277A3.3
1	150945599	150948010	ENSG00000231073	RP11-316M1.3
7	144344279	144345668	ENSG00000243746	EEF1A1P10
3	179879674	179879765	ENSG00000201822	RNA5SP149
16	75732431	75732728	ENSG00000240199	RN7SL520P
2	200524274	200525452	ENSG00000213938	SEPHS1P6
11	13374755	13375070	ENSG00000222162	RN7SKP151
16	33489492	33500971	ENSG00000260518	BMS1P8
19	20736598	20844389	ENSG00000269110	CTC-513N18.7
10	125425871	125454123	ENSG00000154478	GPR26
8	76288944	76289249	ENSG00000254023	PKMP4
7	26591441	26596819	ENSG00000233760	AC004947.2
16	75742954	75743713	ENSG00000261424	ATP5F1P7
3	179918924	179930896	ENSG00000213158	GAPDHP36
1	150995222	150995328	ENSG00000200759	RNU6-884P
5	177038254	177046755	ENSG00000247679	RP11-1277A3.1
11	13499880	13500584	ENSG00000254583	RP11-15D14.1
11	94883703	94967268	ENSG00000245552	RP11-712B9.2
1	151084388	151085204	ENSG00000233717	RP11-68I18.2
6	31674681	31685695	ENSG00000250641	MEGT1
4	79689653	79689904	ENSG00000239793	RP11-109G23.1
4	147175127	147443123	ENSG00000120519	SLC10A7
19	20765890	20766453	ENSG00000268272	VN1R78P
8	76698600	76698695	ENSG00000221029	AC016194.1
11	13510159	13510937	ENSG00000255401	RP11-15D14.2
7	64601603	64694600	ENSG00000164669	INTS4L1
4	79694808	79697127	ENSG00000260278	RP11-109G23.3
22	28316513	28316600	ENSG00000264073	MIR3199-2
8	76805035	76805139	ENSG00000238595	snoU13
16	75872528	75894765	ENSG00000261313	RP11-2C15.1
5	177046060	177099210	ENSG00000246596	RP11-1277A3.2
8	77177778	77177967	ENSG00000222231	RNU2-54P
22	28452143	28452441	ENSG00000239249	RN7SL757P
7	26961729	26962531	ENSG00000213787	RPL7AP38
5	76382565	76462734	ENSG00000250802	ZBED3-AS1
17	37759789	37766030	ENSG00000171532	NEUROD2
22	28628744	28628811	ENSG00000201209	SNORD42
8	77316233	77317326	ENSG00000270866	RP11-706J10.2
2	96514587	96657541	ENSG00000174501	ANKRD36C
4	79741906	79741975	ENSG00000266270	MIR5096
2	225364104	225364817	ENSG00000228446	AC073052.1
2	56210102	56210211	ENSG00000207548	MIR217
11	65818200	65836779	ENSG00000087365	SF3B2
1	151102551	151104086	ENSG00000261168	RP11-68I18.10
11	13631910	13632318	ENSG00000228901	HMGN2P36
19	20794365	20798195	ENSG00000268560	CTD-2332E11.2
22	28699742	28699838	ENSG00000199797	Y_RNA
12	97666470	97669987	ENSG00000257920	RP11-541G9.2
18	48700920	48744674	ENSG00000176624	MEX3C
4	79820009	79820306	ENSG00000242175	RN7SL127P
22	29038969	29039258	ENSG00000266503	RN7SL162P
19	20874142	20880421	ENSG00000269779	CTD-2542C24.2
2	56216085	56216194	ENSG00000207798	MIR216A
11	1768897	1780281	ENSG00000250644	RP11-295K3.1
1	151273143	151273439	ENSG00000265753	RN7SL444P
16	75894946	75895055	ENSG00000199299	RNA5SP430
2	56227849	56227930	ENSG00000211520	MIR216B
11	13690874	13691696	ENSG00000254791	FAR1-IT1
1	151300425	151300905	ENSG00000273481	RP11-126K1.9
7	27022387	27022986	ENSG00000226059	HMGB3P20
10	75881524	75910821	ENSG00000185009	AP3M1
22	29196671	29244547	ENSG00000226471	CTA-292E10.6
8	77316293	77319373	ENSG00000271167	LINC01109
16	76141181	76181704	ENSG00000260223	RP11-293N14.1
17	58042193	58074333	ENSG00000267302	RP11-178C3.2
2	200732119	200775882	ENSG00000232732	AC073043.1
5	56464935	56465036	ENSG00000207293	Y_RNA
1	151313124	151314442	ENSG00000224645	RP11-126K1.8
11	13707046	13707203	ENSG00000240454	RPL39P26
3	180040895	180042847	ENSG00000239880	RP11-420J11.1
2	56304552	56317517	ENSG00000229805	AC011306.1
2	131987180	131987286	ENSG00000212199	RNU6-127P
7	27062156	27062295	ENSG00000266055	AC004079.1
6	40994772	41006928	ENSG00000124602	UNC5CL
8	77318889	77436591	ENSG00000254300	LINC01111
12	97825431	97958813	ENSG00000255794	RMST
8	142443929	142517330	ENSG00000226807	MROH5
19	20929729	20938056	ENSG00000268416	CTD-2626G11.2
1	151319443	151320503	ENSG00000237976	RP11-126K1.6
7	27063356	27064526	ENSG00000214869	TPM3P4
11	13708097	13708205	ENSG00000200685	Y_RNA
7	144546848	144547177	ENSG00000200673	RN7SKP174
19	20941246	20941758	ENSG00000269885	VN1R79P
17	79213039	79215081	ENSG00000224877	C17orf89
5	56613816	56615847	ENSG00000248586	CTD-2516K3.3
17	47209822	47247351	ENSG00000167080	B4GALNT2
3	180131962	180140294	ENSG00000241696	RP11-420J11.2
2	225875178	225875257	ENSG00000263828	MIR4439
2	132046326	132066641	ENSG00000231431	FAR2P4
7	144702151	144703228	ENSG00000236343	EI24P4
11	13777574	13779107	ENSG00000255075	RP11-23B7.3
16	76262283	76296263	ENSG00000260983	RP11-150D5.2
4	79892902	80229952	ENSG00000249307	LINC01088
2	56374765	56613306	ENSG00000271894	RP11-482H16.1
2	226264426	226265304	ENSG00000232784	AC067961.1
7	27087788	27088247	ENSG00000213786	NHP2P2
5	56690887	56829251	ENSG00000250961	CTD-2023N9.1
19	20967402	20967958	ENSG00000269040	CTD-2626G11.3
2	226562970	226563255	ENSG00000228206	AC016717.1
16	76268953	76269521	ENSG00000244485	RPL18P13
1	151411476	151411571	ENSG00000238711	RNY4P25
5	38258511	38465123	ENSG00000164318	EGFLAM
8	77403435	77595513	ENSG00000253661	ZFHX4-AS1
19	20988317	20988400	ENSG00000266156	AC010329.1
1	151500307	151500414	ENSG00000252840	SNORA44
HSCHR6_MHC_QBL	29791932	29796106	ENSG00000206506	HLA-G
19	18747775	18781309	ENSG00000167487	KLHL26
1	151512992	151534331	ENSG00000232536	RP11-74C1.4
19	21021321	21030223	ENSG00000269373	CTD-2542C24.3
11	13779658	13779892	ENSG00000255088	RP11-23B7.4
16	76321527	76321636	ENSG00000252814	RN7SKP233
HSCHR6_MHC_MCF	29755878	29757912	ENSG00000224564	HCG4
1	151518272	151518367	ENSG00000207606	MIR554
11	13806937	13869549	ENSG00000255411	RP11-98J9.1
4	156587863	156653501	ENSG00000164116	GUCY1A3
16	76413923	76414056	ENSG00000264645	AC010528.1
19	21143914	21146176	ENSG00000269012	KRT18P40
16	76503405	76503492	ENSG00000252022	SNORD33
2	56400669	56412905	ENSG00000233251	AC007743.1
2	226563230	226568370	ENSG00000273301	RP11-314B1.2
1	151529922	151530416	ENSG00000223861	RP11-74C1.2
19	21147641	21148000	ENSG00000269147	CTD-2542C24.7
11	13848390	13901046	ENSG00000254927	RP11-98J9.2
16	76668895	76692375	ENSG00000250514	RP11-96P7.1
22	29210902	29211650	ENSG00000272858	CTA-292E10.8
19	21155068	21166016	ENSG00000268326	CTD-2542C24.8
11	13866409	13892163	ENSG00000254930	RP11-98J9.3
22	29231881	29232125	ENSG00000224256	CTA-292E10.7
2	226857697	226857913	ENSG00000230621	AC080002.1
16	76770239	76962066	ENSG00000259995	CTD-2336H13.2
6	43445261	43474294	ENSG00000137221	TJAP1
19	21208721	21208847	ENSG00000271598	CTD-2542C24.9
1	151584514	151585839	ENSG00000250734	RP11-404E16.1
7	27135266	27139884	ENSG00000233429	HOTAIRM1
11	95206436	95206538	ENSG00000201204	Y_RNA
11	13929031	13929137	ENSG00000201856	RNA5SP331
16	76902833	76902916	ENSG00000266426	MIR4719
HSCHR6_MHC_MCF	29765075	29767083	ENSG00000259930	HLA-P
10	125465723	125699783	ENSG00000121898	CPXM2
11	95215570	95230717	ENSG00000250390	RP11-338H14.1
19	21238809	21238886	ENSG00000265650	AC012627.1
11	13942997	13946410	ENSG00000254438	RP11-231N3.1
1	151601800	151601906	ENSG00000206635	RNU6-1062P
2	187361840	187365393	ENSG00000213953	AC018867.1
16	76912171	76912833	ENSG00000260797	CTD-2336H13.1
19	21246730	21247067	ENSG00000268598	VN1R80P
5	56718291	56720218	ENSG00000250308	SALL4P1
14	77597613	77609077	ENSG00000177108	ZDHHC22
11	1773982	1785222	ENSG00000117984	CTSD
1	151673502	151680862	ENSG00000227045	RP11-98D18.1
1	46726868	46769280	ENSG00000132128	LRRC41
11	95431250	95433787	ENSG00000255605	RP11-644L4.1
8	77488786	77491580	ENSG00000253681	RP11-115I9.1
19	21295934	21296042	ENSG00000201035	RNA5SP469
5	177109295	177140970	ENSG00000249849	RP11-1101H11.1
2	187367219	187367356	ENSG00000268846	AC018867.2
6	31679548	31681842	ENSG00000255552	LY6G6E
17	73232694	73258444	ENSG00000125447	GGA3
19	21301321	21301529	ENSG00000256240	AC010620.1
5	56777647	56777730	ENSG00000264748	AC025470.1
5	177228205	177230345	ENSG00000248943	RP11-1026M7.3
11	95556681	95557336	ENSG00000256885	AP001877.1
8	77515475	77516087	ENSG00000254305	MRPL9P1
1	151720073	151720176	ENSG00000206980	RNU6-662P
2	227044760	227050087	ENSG00000235070	AC068138.1
5	56869854	56910168	ENSG00000248294	CTD-2023N9.2
16	77235371	77283854	ENSG00000261063	RP11-538I12.2
1	151728017	151732387	ENSG00000269621	RP11-98D18.15
11	95573181	95573288	ENSG00000222578	RNA5SP345
19	21306620	21306991	ENSG00000268357	VN1R81P
15	55611158	55647846	ENSG00000069943	PIGB
16	77254303	77255155	ENSG00000226348	VN2R10P
11	95696383	95696788	ENSG00000242993	RP11-697H10.1
2	227523426	227523509	ENSG00000263363	MIR5702
1	151730135	151730918	ENSG00000236940	RP11-98D18.7
17	48450581	48458844	ENSG00000154920	EME1
2	56462352	56462465	ENSG00000199395	RNA5SP93
2	227664862	227675745	ENSG00000272622	RP11-395N3.2
8	77816827	77825635	ENSG00000253416	RP11-48D4.2
19	21332451	21333241	ENSG00000240522	RPL7AP10
2	56977435	56977698	ENSG00000231570	AC008173.1
22	29388709	29414608	ENSG00000235786	ZNRF3-IT1
5	56910216	56913258	ENSG00000249436	CTD-2023N9.3
11	13983914	14289646	ENSG00000152268	SPON1
11	96074602	96074690	ENSG00000266192	MIR1260B
2	227668752	227669777	ENSG00000261379	RP11-395N3.1
4	80413570	80497614	ENSG00000250334	LINC00989
8	77879004	77879086	ENSG00000266712	hsa-mir-3149
11	96180296	96239990	ENSG00000255679	JRKL-AS1
22	29420987	29427464	ENSG00000177993	ZNRF3-AS1
2	227833705	227833838	ENSG00000212391	SNORA48
2	57243196	57243299	ENSG00000238690	snoU13
8	77925987	77926264	ENSG00000253952	HIGD1AP18
2	227988959	227989074	ENSG00000221608	AC079235.1
2	57275485	57276471	ENSG00000271115	RP11-443I9.1
3	140660672	140698775	ENSG00000114120	SLC25A36
1	151735860	151741977	ENSG00000249602	RP11-98D18.3
8	78199052	78199131	ENSG00000222334	AC105242.1
22	29495029	29507671	ENSG00000226772	CTA-747E2.10
11	96207736	96207856	ENSG00000200411	RNA5SP346
2	73525811	73525915	ENSG00000252988	RNU6-111P
5	56938722	56938813	ENSG00000221195	AC008780.1
6	31683133	31685581	ENSG00000244355	LY6G6D
19	21371401	21371756	ENSG00000268995	VN1R82P
2	57656683	57657828	ENSG00000270569	RP11-127H13.1
5	177236408	177377733	ENSG00000170089	RP11-423H2.1
14	77607026	77609339	ENSG00000269883	AC007375.1
8	78311308	78449526	ENSG00000254366	RP11-38H17.1
HSCHR6_MHC_SSTO	31879619	31905301	ENSG00000235696	C2
2	73597147	73598020	ENSG00000214484	AC074008.1
11	96241589	96247912	ENSG00000256684	RP11-49K4.2
1	151738185	151738865	ENSG00000232937	RP11-98D18.2
1	150190717	150208504	ENSG00000143401	ANP32E
HSCHR6_MHC_MCF	29767855	29768651	ENSG00000233982	RPL7AP7
19	21404447	21405548	ENSG00000268892	CTD-3233P19.8
2	228085768	228189917	ENSG00000236432	AC097662.2
12	56904786	56906487	ENSG00000257576	RP11-153M3.1
4	80508456	80509284	ENSG00000249646	OR7E94P
5	57047019	57047544	ENSG00000249198	RP11-772C9.1
11	96461317	96584822	ENSG00000254587	RP11-360K13.1
1	151738962	151739476	ENSG00000268288	RP11-98D18.16
1	22962999	22966101	ENSG00000173372	C1QA
22	29530002	29530108	ENSG00000200871	RNU6-810P
19	21407900	21428043	ENSG00000269839	CTD-3233P19.7
2	29415640	30144432	ENSG00000171094	ALK
10	127355444	127356519	ENSG00000214297	ALDOAP2
5	57168766	57168873	ENSG00000266864	AC116606.1
22	29587685	29587796	ENSG00000251952	RNU6-1219P
2	73683891	73686611	ENSG00000230002	ALMS1-IT1
3	63638344	63664696	ENSG00000188817	SNTN
8	79060336	79066148	ENSG00000254001	RP11-91P17.1
11	96513671	96514225	ENSG00000255376	RP11-360K13.2
2	57771670	57771734	ENSG00000212168	SNORD78
17	72772622	72835918	ENSG00000109066	TMEM104
12	56360553	56366568	ENSG00000123374	CDK2
19	21416137	21416454	ENSG00000242291	RPL36AP51
22	29656878	29658026	ENSG00000237015	CTA-984G1.5
1	151763280	151766878	ENSG00000203288	RP11-98D18.9
12	56982302	56982405	ENSG00000201579	RNU6-343P
4	80517696	80518327	ENSG00000251399	RP11-234K19.1
2	57982563	57993187	ENSG00000271615	CTD-2026C7.1
12	57038811	57038885	ENSG00000207031	SNORD59A
HSCHR6_MHC_MCF	29777227	29777358	ENSG00000233592	MICG
2	73715706	73715787	ENSG00000221087	AC096546.1
8	79310750	79310857	ENSG00000252935	RNU6-1220P
17	30438581	30439609	ENSG00000265574	CTD-2095E4.1
10	127371798	127398627	ENSG00000228021	RP11-383C5.3
HSCHR6_MHC_MCF	29792044	29793023	ENSG00000232122	HCG4P8
11	96871274	96871711	ENSG00000255205	MED28P5
12	57064236	57064530	ENSG00000241217	RN7SL809P
1	151770530	151771078	ENSG00000269489	RP11-98D18.17
2	73872046	73912703	ENSG00000163016	ALMS1P
5	57186154	57194989	ENSG00000249584	RP11-478P10.1
17	30462748	30462833	ENSG00000263985	AC116407.1
6	154708638	154831793	ENSG00000153721	CNKSR3
8	79338338	79470738	ENSG00000254266	RP11-594N15.2
19	21458825	21459134	ENSG00000268747	CTD-3030D20.1
12	57216769	57268052	ENSG00000258679	RP11-74M13.4
1	151814212	151814313	ENSG00000201134	Y_RNA
11	96957160	96957682	ENSG00000270753	RP11-693I21.1
4	20697905	20754530	ENSG00000163138	PACRGL
4	80584915	80617991	ENSG00000248408	RP11-452C8.1
22	29712733	29713209	ENSG00000273216	AC002059.10
17	30477452	30478523	ENSG00000265293	ARGFXP2
1	151814353	151822861	ENSG00000234614	AL450992.2
20	45129701	45142198	ENSG00000198185	ZNF334
5	57366015	57366118	ENSG00000238899	snoU13
11	97093644	97130987	ENSG00000255039	RP11-882G5.1
HG686_PATCH	95610280	95610386	ENSG00000262971	U6
4	80748625	80798924	ENSG00000251321	PCAT4
19	21472356	21472800	ENSG00000268521	VN1R83P
2	58289716	58289800	ENSG00000251738	AC073215.1
22	29729152	29729247	ENSG00000239127	SNORD125
19	21500963	21501521	ENSG00000268322	CTD-3030D20.2
1	151921999	151923388	ENSG00000223810	KRT8P28
11	97528464	97528582	ENSG00000199315	RNA5SP347
17	30554909	30555127	ENSG00000266282	UBL5P2
HSCHR6_MHC_MCF	29816995	29817123	ENSG00000234364	MICF
5	57403909	57418168	ENSG00000248132	CTD-2037L6.2
11	97749781	97813762	ENSG00000255502	RP11-379J13.2
22	29815144	29819182	ENSG00000242156	AC000041.8
19	21564022	21564723	ENSG00000268731	CTD-2561J22.1
4	80764256	80764382	ENSG00000212620	SNORA75
17	30607406	30607972	ENSG00000263674	RP11-443G13.2
2	228336848	228336903	ENSG00000266382	MIR5703
HSCHR6_MHC_MCF	29846327	29847295	ENSG00000225120	HCG4P7
8	79518187	79521940	ENSG00000260398	RP11-594N15.3
4	81000686	81002276	ENSG00000236530	AC097711.1
HG686_PATCH	95632416	95711088	ENSG00000262689	AC097374.2
2	73927754	73928432	ENSG00000204872	AC092653.5
2	228481714	228482506	ENSG00000236116	AC064853.2
12	57249478	57249670	ENSG00000258816	RP11-74M13.3
11	97779253	97779537	ENSG00000254555	RP11-379J13.1
1	151967007	152015250	ENSG00000229021	NBPF18P
19	50004042	50004125	ENSG00000207782	MIR150
2	58468484	58468821	ENSG00000273063	RP11-334G22.1
14	77731826	77737655	ENSG00000165553	NGB
17	30651450	30687719	ENSG00000265794	RP11-227G15.3
22	29832818	29874164	ENSG00000225465	RFPL1S
8	79636031	79636371	ENSG00000254352	RP11-578O24.2
1	22970123	22974603	ENSG00000159189	C1QC
11	97783797	97783889	ENSG00000216073	AP003730.1
10	127389005	127408135	ENSG00000224023	RP11-383C5.4
2	73977383	73977913	ENSG00000273245	RP11-434P11.2
19	50005689	50005896	ENSG00000268681	COX6CP7
2	228497685	228513322	ENSG00000250599	AC064853.3
15	42433332	42448839	ENSG00000168907	PLA2G4F
2	58478575	58479703	ENSG00000233426	EIF3FP3
11	98000967	98001926	ENSG00000255380	RP11-684B20.1
8	79672377	79674666	ENSG00000253919	PRKRIRP7
2	74104693	74105989	ENSG00000271536	RP11-51I5.1
12	57255159	57255292	ENSG00000212383	SNORA48
19	21565667	21569979	ENSG00000213976	CTD-2561J22.2
8	79749764	79752757	ENSG00000261618	RP11-79H23.3
HSCHR6_MHC_MCF	29846785	29849507	ENSG00000247700	HLA-H
5	57457024	57457579	ENSG00000248271	PGAM1P1
2	74174769	74208568	ENSG00000237883	DGUOK-AS1
1	151991138	151994984	ENSG00000240667	AL450992.6
19	7895119	7929862	ENSG00000142459	EVI5L
19	50069929	50070029	ENSG00000207073	Y_RNA
11	98435804	98437557	ENSG00000254939	CTD-2342I9.1
8	80009598	80009688	ENSG00000264969	AC009941.1
5	23951457	24178372	ENSG00000248874	C5orf17
X	62569525	62572057	ENSG00000233661	SPIN4-AS1
19	50129251	50129696	ENSG00000268636	CTB-33G10.11
8	80209952	80226706	ENSG00000253659	RP11-1114I9.1
19	50185328	50185411	ENSG00000264413	AC011495.1
HSCHR6_MHC_MCF	29855591	29856722	ENSG00000237098	HLA-T
17	30655460	30656414	ENSG00000265139	RP11-227G15.2
8	80432380	80432884	ENSG00000253391	RP11-758H6.1
19	21627043	21646710	ENSG00000268119	CTD-2561J22.5
2	74699113	74710535	ENSG00000135637	CCDC142
2	58503012	58523683	ENSG00000225226	AC007250.4
19	50192110	50193830	ENSG00000268677	CTB-33G10.6
15	29412457	29862927	ENSG00000104059	FAM189A1
X	153409698	153424507	ENSG00000102076	OPN1LW
22	29909878	29931379	ENSG00000234208	CTA-256D12.11
2	90028797	90029031	ENSG00000254097	IGKV3D-25
X	62890076	62891382	ENSG00000231729	ARHGEF9-IT1
2	74195250	74195333	ENSG00000201876	RNA5SP97
3	129752301	129752388	ENSG00000263767	AC083906.1
19	43370616	43383974	ENSG00000231924	PSG1
8	80483388	80484570	ENSG00000240540	RPL3P9
5	93070508	93077343	ENSG00000248483	POU5F2
2	74212259	74213470	ENSG00000235499	AC073046.25
22	30004889	30005490	ENSG00000233010	RPEP4
19	50222755	50223338	ENSG00000243829	CTB-33G10.1
HSCHR6_MHC_QBL	32073755	32079766	ENSG00000206331	PRRT1
X	62986755	62987280	ENSG00000236813	BTF3P8
1	152050428	152050687	ENSG00000232678	SPTLC1P4
16	577717	604636	ENSG00000103326	CAPN15
2	74213653	74220867	ENSG00000255989	RP11-711M9.1
11	98547121	98554465	ENSG00000254599	RP11-115E19.1
1	43916824	43919660	ENSG00000178922	HYI
5	95185013	95185559	ENSG00000272021	AC008592.8
HSCHR6_MHC_MCF	29865562	29865928	ENSG00000236265	DDX39BP1
11	98809642	98815809	ENSG00000254830	RP11-99C10.1
2	74347807	74350345	ENSG00000257800	FNBP1P1
X	63005882	63005967	ENSG00000222532	MIR1468
2	58654934	59290901	ENSG00000233723	LINC01122
12	29542227	29640421	ENSG00000257599	OVCH1-AS1
11	98990906	98991220	ENSG00000223269	RN7SKP53
10	127407340	127407934	ENSG00000234134	RP11-383C5.5
1	152095010	152097541	ENSG00000226716	AL589986.2
2	90048212	90048737	ENSG00000254345	IGKV2D-23
14	31569318	31677010	ENSG00000092148	HECTD1
22	30101245	30115848	ENSG00000232396	RP1-76B20.11
11	99295669	99295736	ENSG00000266616	AP003558.1
8	80680377	80715077	ENSG00000272138	RP11-27N21.3
X	63264185	63264938	ENSG00000232794	HNRNPDP1
5	143520444	143520729	ENSG00000239390	RN7SL87P
1	152096914	152097556	ENSG00000233792	HDHD1P2
11	100207588	100208357	ENSG00000255547	RPA2P3
2	74375136	74377188	ENSG00000225439	BOLA3-AS1
17	30670793	30671143	ENSG00000263749	OOSP1P2
19	21666176	21686040	ENSG00000268658	LINC00664
5	143748897	143764873	ENSG00000249605	CTC-218H9.1
12	26278088	26279550	ENSG00000256894	RP11-283G6.3
17	79218800	79269347	ENSG00000157637	SLC38A10
19	50267781	50267887	ENSG00000206599	RNU6-841P
HSCHR6_MHC_MCF	29866801	29867663	ENSG00000232649	MCCD1P1
19	50312190	50312995	ENSG00000269194	AC006942.4
17	30677128	30677221	ENSG00000207928	MIR632
3	72227430	72227961	ENSG00000272774	RP11-433A10.3
11	100512709	100513004	ENSG00000242165	RN7SL222P
10	127433296	127440679	ENSG00000236991	EDRF1-AS1
1	152140601	152339163	ENSG00000237975	FLG-AS1
HSCHR6_MHC_MCF	29988824	29989335	ENSG00000228921	HCG4P5
16	67906926	67918406	ENSG00000038358	EDC4
5	143818769	143819041	ENSG00000250972	CKS1BP5
17	30738236	30739439	ENSG00000266385	RP11-227G15.8
11	100537190	100537693	ENSG00000255059	AP000620.1
3	72252095	72259043	ENSG00000242618	RP11-433A10.2
22	30107809	30115703	ENSG00000239446	RP1-76B20.12
5	95197490	95210223	ENSG00000250362	AC008592.5
19	50341896	50354933	ENSG00000268006	PTOV1-AS1
12	26364097	26488789	ENSG00000256234	RP11-283G6.4
1	22979255	22988031	ENSG00000173369	C1QB
8	80681607	80783994	ENSG00000249328	RP11-26J3.1
17	30757986	30759860	ENSG00000264083	RP11-227G15.9
2	111143988	111191250	ENSG00000273471	RP13-1039J1.4
HSCHR6_MHC_MCF	30002851	30004812	ENSG00000236746	HLA-W
11	100554893	100558686	ENSG00000248027	CTD-2383M3.1
14	96485821	96486102	ENSG00000271358	RP11-241N4.2
12	26383752	26472653	ENSG00000255750	RP11-283G6.5
12	112191694	112229222	ENSG00000257767	RP11-162P23.2
19	50356144	50358224	ENSG00000268047	AC018766.6
14	96603188	96603280	ENSG00000221236	AL137190.1
22	30154747	30154848	ENSG00000200976	Y_RNA
2	90049551	90049994	ENSG00000253365	IGKV1D-22
5	143901703	143902551	ENSG00000213488	CTB-85P21.1
14	96677197	96681155	ENSG00000258412	RP11-404P21.5
11	100665172	100665266	ENSG00000265208	AC015600.1
22	30295576	30295682	ENSG00000207455	RNU6-331P
19	50357848	50357908	ENSG00000265954	MIR4749
8	80712368	80712430	ENSG00000238884	RNU7-85P
14	20833826	20881588	ENSG00000129566	TEP1
11	100710361	100710677	ENSG00000200047	RN7SKP115
5	76433792	76433901	ENSG00000222316	AC008581.1
HSCHR6_MHC_MCF	30017032	30018695	ENSG00000235600	MICD
11	100805005	100805109	ENSG00000238388	snoU13
8	80868700	80869616	ENSG00000272518	RP11-26J3.3
3	72311473	72311579	ENSG00000212070	AC112219.1
5	76442393	76442990	ENSG00000251566	HMGB1P35
15	99511459	99551024	ENSG00000183571	PGPEP1L
5	134074191	134087847	ENSG00000164615	CAMLG
11	101018881	101080322	ENSG00000255504	RP11-788M5.3
19	50360227	50362546	ENSG00000269352	AC018766.5
3	72370202	72373178	ENSG00000260670	RP11-447M4.1
2	187454792	187545628	ENSG00000138448	ITGAV
3	72553957	72599703	ENSG00000244345	RP11-654C22.2
HSCHR6_MHC_COX	31227577	31230958	ENSG00000233841	HLA-C
11	101390551	101390636	ENSG00000263885	MIR3920
5	76586093	76587625	ENSG00000251400	ALDH7A1P1
8	80944959	80945535	ENSG00000272264	RP11-92K15.3
11	63766030	63933578	ENSG00000133315	MACROD1
22	30340198	30340285	ENSG00000221736	AC003681.1
8	81035087	81039905	ENSG00000254205	RP11-92K15.1
5	57799122	57799527	ENSG00000271257	CTD-2117L12.3
11	101455026	101465887	ENSG00000254506	RP11-748H22.1
5	95297705	95966789	ENSG00000251314	CTD-2337A12.1
3	180260489	180260624	ENSG00000201810	U8
HG536_PATCH	69624992	69633792	ENSG00000261155	FGF3
5	76841222	76842091	ENSG00000244019	RPS2P24
8	81116841	81117135	ENSG00000241550	RN7SL41P
22	30404731	30476469	ENSG00000227117	CTA-85E5.10
20	61924538	61966203	ENSG00000101203	COL20A1
5	57825870	57825936	ENSG00000265699	MIR548AE2
2	111160491	111192743	ENSG00000184115	RP13-1039J1.2
5	76878198	76879010	ENSG00000244363	RPL7P23
8	81153624	81153708	ENSG00000265588	MIR5708
HG536_PATCH	69723952	69725762	ENSG00000260348	RP11-643C9.1
1	152178334	152179533	ENSG00000236427	RP11-107M16.2
8	81177763	81178390	ENSG00000241746	RP11-941H19.1
16	9250219	9250761	ENSG00000220793	RPL21P119
5	58037408	58112926	ENSG00000248475	RP11-479O16.1
HG536_PATCH	69736406	69741581	ENSG00000260679	RP11-643C9.2
12	97885678	97885761	ENSG00000221479	MIR1251
5	10441636	10472141	ENSG00000145491	ROPN1L
11	101636666	101640692	ENSG00000254534	RP11-748H22.2
HG536_PATCH	69800644	69830583	ENSG00000260819	RP11-626H12.1
1	152346430	152417932	ENSG00000227415	RP1-91G5.3
19	50363139	50363771	ENSG00000267896	AC018766.4
11	107799229	107834208	ENSG00000179331	RAB39A
12	97945915	97946006	ENSG00000251844	snoMe28S-Am2634
8	81178389	81252075	ENSG00000253238	RP11-941H19.3
HG536_PATCH	69829626	69835827	ENSG00000261547	RP11-626H12.2
2	74533855	74535135	ENSG00000229798	KRT18P26
16	9407692	9407761	ENSG00000264694	AC092122.1
8	142524738	142528837	ENSG00000226490	AC138647.1
12	97957590	97957689	ENSG00000207586	MIR135A2
2	26466038	26513336	ENSG00000138029	HADHB
5	58118330	58119541	ENSG00000240412	RPL5P15
19	50391432	50391487	ENSG00000263462	MIR4750
1	152372053	152372245	ENSG00000183586	HMGN3P1
5	93488671	93954309	ENSG00000185261	KIAA0825
16	9407764	9407831	ENSG00000266492	AC092122.2
8	81213104	81213716	ENSG00000213791	RP11-941H19.2
HG536_PATCH	69870998	69880139	ENSG00000260980	RP11-626H12.3
12	98073657	98073825	ENSG00000257157	RP11-528M18.3
19	50436321	50436394	ENSG00000265438	MIR4751
2	74546526	74546628	ENSG00000252214	RNU6-542P
16	9449445	9501950	ENSG00000261617	RP11-243A14.1
12	7341281	7371170	ENSG00000139197	PEX5
5	58142712	58159241	ENSG00000248733	CTD-2176I21.2
19	50452574	50452784	ENSG00000221125	U3
1	152616869	152617193	ENSG00000226947	RP1-52J10.9
2	74577196	74578136	ENSG00000234632	NECAP1P2
HG536_PATCH	69887202	69890201	ENSG00000260606	ANO1-AS2
12	118501398	118573831	ENSG00000176834	VSIG10
15	29560353	29562033	ENSG00000185115	NDNL2
HSCHR6_MHC_MCF	30021353	30024652	ENSG00000234599	HCG9
2	90085628	90085889	ENSG00000253765	IGKV2D-19
16	9535151	9538842	ENSG00000261397	RP11-243A14.2
6	151561134	151679692	ENSG00000131016	AKAP12
1	152627953	152629280	ENSG00000176075	LINC00302
5	58335588	58359330	ENSG00000247345	RP11-266N13.2
2	90091427	90092218	ENSG00000254220	IGKV2D-18
3	113367232	113415493	ENSG00000176542	KIAA2018
10	32735068	32863492	ENSG00000216937	CCDC7
8	81229174	81229304	ENSG00000206649	SNORA20
HG536_PATCH	69890131	69890237	ENSG00000262538	U6
5	77080705	77081827	ENSG00000213763	ACTBP2
10	127508309	127508391	ENSG00000265092	MIR4484
5	58824687	58825077	ENSG00000251306	NDUFB4P2
3	171757418	172119455	ENSG00000075420	FNDC3B
16	9539867	9549362	ENSG00000261075	RP11-243A14.3
8	81263367	81263651	ENSG00000253237	RP11-775E10.1
11	101927694	101927748	ENSG00000252679	snoU13
5	77238581	77242262	ENSG00000253572	RP11-107N7.1
10	127531513	127531598	ENSG00000215972	AL360176.1
HSCHR6_MHC_MCF	30039453	30039849	ENSG00000227389	DDX39BP2
2	90137998	90138233	ENSG00000178894	AC073416.1
19	50472857	50479071	ENSG00000161643	SIGLEC16
11	101929036	101929139	ENSG00000239154	snoU13
10	127579135	127579247	ENSG00000222629	RNU2-42P
22	30442265	30443182	ENSG00000227201	CNN2P1
1	152709994	152710344	ENSG00000229713	RP1-43O17.1
16	9560512	9611421	ENSG00000260071	RP11-418I22.2
2	74578261	74578546	ENSG00000225658	TAF13P2
8	81317751	81317844	ENSG00000252884	RNU6-1213P
5	58999432	58999529	ENSG00000202601	MIR582
11	101978617	101980573	ENSG00000260008	RP11-732A21.2
1	152716775	152717082	ENSG00000233819	RP1-43O17.2
2	203104292	203104435	ENSG00000267889	AC079354.2
1	204797779	204991950	ENSG00000163531	NFASC
2	112969102	113012713	ENSG00000144161	ZC3H8
HSCHR6_MHC_MCF	30040681	30041558	ENSG00000236113	MCCD1P2
8	81396796	81397854	ENSG00000251867	Y_RNA
5	95300703	95322015	ENSG00000250955	AC008592.7
10	127648777	127648975	ENSG00000234016	GNG10P1
1	152902516	152921686	ENSG00000224308	RP1-13P20.6
5	59317076	59328847	ENSG00000248935	CTD-2254N19.1
22	30501083	30501397	ENSG00000226573	CTA-85E5.7
5	77337703	77339962	ENSG00000253558	CTD-2179L22.1
11	102100582	102101653	ENSG00000254422	RP11-864G5.3
16	9658247	9658354	ENSG00000200468	RNA5SP403
1	46769303	46782448	ENSG00000173660	UQCRH
8	81447241	81451370	ENSG00000254162	RP11-48B3.3
5	143914917	143915233	ENSG00000201423	RN7SKP246
1	152984958	152985090	ENSG00000252920	SNORA31
16	9693954	9694085	ENSG00000252927	RNA5SP404
11	102165791	102166537	ENSG00000243777	RP11-864G5.1
11	14156532	14156646	ENSG00000212365	RNA5SP332
12	112204691	112247782	ENSG00000111275	ALDH2
5	144381416	144385352	ENSG00000249229	CTC-342P15.1
2	90160638	90161416	ENSG00000254292	IGKV2D-14
1	152996438	152996736	ENSG00000234262	RP1-20N18.4
16	9847272	9851895	ENSG00000260432	RP11-297M9.2
6	158530536	158589312	ENSG00000122335	SERAC1
2	58687427	58689167	ENSG00000231043	AC007238.1
4	166248775	166264312	ENSG00000052802	MSMO1
11	14284392	14295237	ENSG00000254418	RP11-21L19.1
8	81453535	81455339	ENSG00000260317	RP11-48B3.4
8	12940870	13373167	ENSG00000164741	DLC1
11	102176843	102177002	ENSG00000270868	RP11-864G5.7
1	153112967	153113185	ENSG00000229035	SPRR2C
4	81082283	81083165	ENSG00000244002	RP11-162K6.1
11	14462333	14463223	ENSG00000255074	RP11-140L24.3
11	102179288	102179528	ENSG00000271600	RP11-864G5.8
1	153146994	153164152	ENSG00000229699	RP1-140J1.1
16	10127541	10131154	ENSG00000261810	RP11-895K13.2
HSCHR1_2_CTG31	155219647	155229865	ENSG00000262446	GBA
11	102184453	102184560	ENSG00000212466	RNU6-952P
4	81104434	81111323	ENSG00000248719	RP11-377G16.2
5	144577338	144577422	ENSG00000221467	AC132803.1
2	74612613	74621009	ENSG00000237737	DCTN1-AS1
17	26691290	26700110	ENSG00000109072	VTN
15	99638420	99675798	ENSG00000182253	SYNM
14	77741299	77787227	ENSG00000009830	POMT2
11	102323650	102332739	ENSG00000255337	RP11-315O6.1
8	81471105	81471992	ENSG00000188856	RPSAP47
16	10205239	10206742	ENSG00000261647	IMPDH1P11
5	144602173	144608545	ENSG00000251031	CTC-367F4.1
HSCHR6_MHC_MCF	30047255	30107921	ENSG00000232691	NCRNA00171
4	81307332	81309870	ENSG00000232327	RP11-395C17.1
16	33571888	33572146	ENSG00000261580	ENPP7P13
1	153197556	153198482	ENSG00000230779	RP1-140J1.4
11	14500438	14500499	ENSG00000251991	RNU7-49P
16	610422	615528	ENSG00000161992	C16orf11
16	10315634	10315930	ENSG00000266439	RN7SL493P
5	144608374	144609617	ENSG00000215325	ASS1P10
17	15492166	15492398	ENSG00000223544	AC005838.2
11	14695152	14696101	ENSG00000255040	RP11-677N16.1
16	10445297	10446609	ENSG00000260756	RP11-609N14.1
5	95308745	95309150	ENSG00000213716	FABP5P5
16	33573502	33573715	ENSG00000260308	RP11-104C4.4
11	102477647	102498801	ENSG00000256916	RP11-817J15.2
8	143293441	143484601	ENSG00000171045	TSNARE1
16	10499800	10500074	ENSG00000264305	RN7SL99P
17	15554904	15557803	ENSG00000266261	RP11-640I15.1
11	14929064	14929532	ENSG00000253179	CALCP
16	33611245	33613234	ENSG00000261153	RP11-104C4.2
8	81480285	81480741	ENSG00000253760	RP11-48B3.2
16	10590129	10590231	ENSG00000199482	RNU6-633P
6	74405508	74538040	ENSG00000156535	CD109
5	59599874	59599978	ENSG00000202017	RNU6-806P
17	15578790	15578957	ENSG00000108452	ZNF29P
11	15009217	15010240	ENSG00000250640	RP11-7O20.4
5	59725730	59726103	ENSG00000213896	RP11-546M4.1
16	10608699	10622059	ENSG00000260468	RP11-27M24.3
17	15607546	15608214	ENSG00000233966	UBE2SP1
2	90218730	90219428	ENSG00000253906	IGKV2D-10
4	82086094	82114549	ENSG00000251059	RP11-100N20.1
5	144717495	144761233	ENSG00000250842	CTC-806A22.1
16	33650943	33651111	ENSG00000270924	RP11-812E19.13
2	59444843	59506535	ENSG00000222030	AC007131.1
8	81497820	81498008	ENSG00000223327	RNU2-71P
15	55632230	55700708	ENSG00000260916	CCPG1
16	10623297	10625939	ENSG00000256013	RP11-27M24.1
8	81507050	81507938	ENSG00000254181	SLC25A51P3
5	144809431	144830662	ENSG00000248125	CTB-73N10.1
11	15503354	15503439	ENSG00000253072	snoMBII-202
1	153304098	153304204	ENSG00000207321	RNU6-160P
17	15638337	15652506	ENSG00000233002	AC005324.6
16	33654252	33654536	ENSG00000271691	RP11-812E19.12
11	15574401	15612644	ENSG00000254946	RP11-531H8.1
5	77352448	77352570	ENSG00000222085	AC024568.1
16	10670356	10672040	ENSG00000260310	RP11-27M24.2
1	153352297	153353275	ENSG00000237008	AL591704.5
8	81525779	81526061	ENSG00000243424	RN7SL107P
5	59755675	59756566	ENSG00000214244	SETP21
19	47222764	47250251	ENSG00000090372	STRN4
5	77518008	77518341	ENSG00000249372	ATP6V1G1P6
2	111206819	111208641	ENSG00000227574	RP13-1039J1.3
11	15593569	15643937	ENSG00000254789	RP11-531H8.2
8	81557174	81557408	ENSG00000254331	CKS1BP7
11	102617699	102707497	ENSG00000255282	WTAPP1
2	203130439	203168389	ENSG00000055044	NOP58
3	2140497	3099645	ENSG00000144619	CNTN4
16	10785130	10786830	ENSG00000263279	RP11-109M19.1
5	77603327	77603738	ENSG00000251605	CTD-2037K23.1
5	145107923	145108912	ENSG00000249363	CTB-78O21.1
11	15665431	15726914	ENSG00000254695	RP11-396O20.1
3	113435307	113465147	ENSG00000121579	NAA50
8	81661796	81661928	ENSG00000212429	RNU11-6P
5	95385819	95551223	ENSG00000250551	RP11-254I22.1
8	81688901	81689197	ENSG00000243951	RN7SL308P
4	82255457	82255572	ENSG00000207065	RNU5A-2P
16	10812490	10813619	ENSG00000263241	RP11-109M19.4
16	33660402	33661331	ENSG00000260312	RP11-812E19.7
5	77610740	77610849	ENSG00000200331	RNU6-183P
5	59783540	59843484	ENSG00000152931	PART1
17	15652017	15652629	ENSG00000267227	RP11-640I15.2
20	3869486	3907605	ENSG00000125779	PANK2
11	15723509	15780444	ENSG00000254645	RP11-396O20.2
2	111257677	111257812	ENSG00000231583	AC108938.3
5	77612860	77612961	ENSG00000206714	Y_RNA
12	26468648	26470746	ENSG00000255858	RP11-612B6.1
2	132056793	132058017	ENSG00000236516	KLF2P4
17	15664928	15667083	ENSG00000233193	AC005324.7
16	33661363	33661819	ENSG00000270318	IGHV3OR16-11
16	10813690	10813872	ENSG00000262107	RP11-109M19.5
1	153369067	153369247	ENSG00000224784	AL591704.7
4	82523951	82965397	ENSG00000251331	RP11-689K5.3
5	77638189	77656331	ENSG00000245556	CTD-2037K23.2
6	8015959	8102763	ENSG00000265818	EEF1E1-BLOC1S5
17	15668017	15668978	ENSG00000227255	CDRT15P2
4	152198323	152212605	ENSG00000189099	PRSS48
3	180284506	180319723	ENSG00000239774	RP11-496B10.3
16	10813872	10815321	ENSG00000261904	RP11-109M19.3
1	153399496	153400877	ENSG00000203781	AL591704.9
16	33677506	33677935	ENSG00000260525	RP11-812E19.10
1	23037332	23241818	ENSG00000133216	EPHB2
2	132085749	132088430	ENSG00000227817	ARHGAP42P1
11	57791353	57949088	ENSG00000186509	OR9Q1
5	145376781	145377566	ENSG00000248493	AC005351.1
2	90294146	90294339	ENSG00000237677	AC113612.2
17	15672031	15674740	ENSG00000235430	ZSWIM5P1
11	15932503	15948989	ENSG00000254661	RP11-222N13.1
3	180298845	180298951	ENSG00000199986	RNU6-486P
12	26471886	26574395	ENSG00000255968	RP11-513G19.1
1	153472943	153473240	ENSG00000263841	RN7SL44P
3	180307675	180307835	ENSG00000241946	RP11-496B10.1
2	90300126	90300402	ENSG00000234047	AC113612.1
16	10815555	10816925	ENSG00000262322	RP11-109M19.2
5	145478969	145499975	ENSG00000251556	RP11-118M9.3
1	153506079	153507591	ENSG00000238279	BX470102.3
11	16044736	16053061	ENSG00000254878	CTD-3096P4.1
17	15685655	15685769	ENSG00000251829	RNA5SP436
3	180397872	180418237	ENSG00000243187	CCDC39-AS1
12	26488797	26489883	ENSG00000256185	RP11-612B6.2
5	95414842	95414916	ENSG00000207578	MIR583
2	111368493	111369981	ENSG00000231536	AC123886.2
11	16145862	16145942	ENSG00000221556	AC103794.1
4	82654539	82655361	ENSG00000248282	RP11-112L18.1
17	15686602	15687621	ENSG00000227018	IL6STP1
11	102621801	102625674	ENSG00000225678	AP000619.5
3	180454196	180454491	ENSG00000242811	RN7SL229P
2	74640147	74640608	ENSG00000234521	AC005041.11
11	16505631	16506218	ENSG00000213785	RP11-449L13.2
19	50546453	50554319	ENSG00000269091	CTD-2126E3.3
3	180490538	180491702	ENSG00000242068	RP11-259P15.4
16	33709886	33739634	ENSG00000260781	ARHGAP23P1
16	29049923	29064047	ENSG00000196796	CTB-134H23.2
5	145517318	145517944	ENSG00000239602	RP11-449H3.1
8	142136143	142140060	ENSG00000253210	RP11-809O17.1
11	16598398	16598682	ENSG00000241943	RN7SL188P
1	153598808	153606816	ENSG00000271853	RP1-178F15.5
2	74645249	74645569	ENSG00000233155	HMGA1P8
16	10816922	10817212	ENSG00000262259	CTD-2318B16.4
2	90512495	90512771	ENSG00000237474	AC233263.2
11	16863800	16864134	ENSG00000199883	RN7SKP90
4	128982423	129144086	ENSG00000138709	LARP1B
4	82841148	82841540	ENSG00000248448	COX5BP1
22	30532662	30533670	ENSG00000225971	CTA-85E5.6
19	50553846	50570050	ENSG00000204666	CTD-2126E3.1
11	16995968	16996035	ENSG00000251928	RNU6-585P
2	90532368	90532626	ENSG00000237261	AC233263.1
16	10817281	10817623	ENSG00000263196	CTD-2318B16.3
8	142262385	142263391	ENSG00000253307	RP11-10J21.4
3	180538332	180539400	ENSG00000241473	RP11-259P15.3
11	16996240	16996560	ENSG00000244398	RP11-466H18.1
2	132109787	132110812	ENSG00000224425	AC073869.2
17	15689932	15690889	ENSG00000179277	MEIS3P1
2	111391524	111391910	ENSG00000216867	AC114776.1
5	95545825	95545931	ENSG00000206997	RNU6-524P
10	38989555	38991356	ENSG00000227264	ACTR3BP5
8	81724377	81724816	ENSG00000253516	HMGB1P41
4	82849466	82849592	ENSG00000252762	SNORA31
8	142288327	142302961	ENSG00000254197	RP11-10J21.5
22	30580633	30603098	ENSG00000225676	RP3-438O4.4
6	8073593	8102811	ENSG00000124802	EEF1E1
11	17029425	17029515	ENSG00000266493	AC116533.3
4	82931818	82934248	ENSG00000248543	NPM1P41
19	50562139	50563489	ENSG00000269540	CTD-2126E3.5
17	30761958	30762047	ENSG00000264373	RP11-227G15.6
8	142336229	142337236	ENSG00000254291	RP11-10J21.6
2	111467152	111474172	ENSG00000235881	AC114776.3
16	10817693	10818474	ENSG00000262158	CTD-2318B16.2
3	180545765	180547638	ENSG00000239516	FLYWCH1P1
8	81949199	81953066	ENSG00000254060	RP11-172E10.1
1	46805849	46830824	ENSG00000117481	NSUN4
22	30635183	30636527	ENSG00000232530	RP1-102K2.6
11	17035545	17074583	ENSG00000184669	OR7E14P
17	15691101	15691519	ENSG00000265519	CTD-3157E16.1
7	150642049	150675403	ENSG00000055118	KCNH2
X	12156585	12742642	ENSG00000169933	FRMPD4
5	95549050	95550779	ENSG00000249746	RP11-254I22.3
17	30790392	30790500	ENSG00000202100	Y_RNA
19	21704145	21704698	ENSG00000268705	CTD-2561J22.6
5	145518334	145518571	ENSG00000239317	RP11-449H3.2
8	142350648	142354720	ENSG00000253595	CTD-3064M3.1
12	66741211	67197966	ENSG00000155974	GRIP1
2	132118066	132121731	ENSG00000233087	AC073869.1
8	81970758	81979979	ENSG00000254177	RP11-1149M10.1
17	30822554	30826351	ENSG00000266718	RP11-466A19.1
2	111725411	111726296	ENSG00000236330	RPL5P9
19	7933605	7939326	ENSG00000183248	CTD-3193O13.9
2	59445815	60327335	ENSG00000271955	RP11-444A22.1
2	91635931	91636149	ENSG00000226615	AC018696.1
19	50578380	50579159	ENSG00000267890	CTD-2126E3.4
22	30641984	30642987	ENSG00000268812	RP1-102K2.8
19	21737442	21752039	ENSG00000268081	RP11-678G14.2
16	10818477	10819153	ENSG00000262381	CTD-2318B16.1
12	98107190	98155637	ENSG00000257501	RP11-1016B18.1
8	82066514	82076834	ENSG00000253214	RP11-1149M10.2
3	180605465	180605863	ENSG00000213157	RP11-259P15.1
19	21753624	21770124	ENSG00000268555	RP11-678G14.3
19	55525073	55549632	ENSG00000088053	GP6
5	145624754	145624816	ENSG00000238374	RNU7-180P
17	30836972	30850442	ENSG00000265222	RP11-466A19.8
2	200736895	200737101	ENSG00000227004	AC108032.1
10	39006326	39012360	ENSG00000234541	CHEK2P5
17	19807615	19881656	ENSG00000108599	AKAP10
4	83049688	83050809	ENSG00000250826	HNRNPA3P13
16	10934241	10935401	ENSG00000262488	RP11-876N24.1
8	142363503	142365465	ENSG00000261655	CTD-3064M3.3
5	145686661	145756526	ENSG00000250025	CTC-359M8.1
22	30770930	30773862	ENSG00000241528	RP1-130H16.16
11	17076459	17076554	ENSG00000264378	AC116533.2
19	50813279	50813796	ENSG00000267815	CTB-191K22.5
2	59465851	59960531	ENSG00000233891	AC007131.2
17	30839887	30846368	ENSG00000263717	RP11-466A19.6
8	142400039	142402674	ENSG00000244998	CTD-3064M3.4
19	41860326	41870078	ENSG00000123810	B9D2
10	39055226	39055622	ENSG00000227679	RP11-453N3.1
11	17095499	17095582	ENSG00000221322	AC116533.1
5	77656339	77776562	ENSG00000085365	SCAMP1
8	82156391	82156573	ENSG00000254014	RP11-363E6.1
16	10958771	10982609	ENSG00000262151	RP11-876N24.2
11	17096201	17096291	ENSG00000272034	SNORD14A
2	73114489	73119287	ENSG00000116096	SPR
5	95583480	95614455	ENSG00000250158	RP11-254I22.2
22	30816501	30816901	ENSG00000273350	RP4-539M6.20
17	30845971	30858510	ENSG00000266599	RP11-466A19.3
10	39076135	39076239	ENSG00000233832	RP11-96F8.1
8	142444645	142448054	ENSG00000271959	CTD-3064M3.7
19	21770234	21777430	ENSG00000268240	RP11-678G14.4
2	200765806	200766100	ENSG00000240302	RN7SL717P
11	17097326	17097415	ENSG00000201403	SNORD14B
2	132126635	132127284	ENSG00000233285	AC073869.13
22	30817034	30817137	ENSG00000222915	RNU6-564P
2	201237898	201237992	ENSG00000201649	Y_RNA
4	74262831	74287129	ENSG00000163631	ALB
10	42644758	42644997	ENSG00000229485	KSR1P1
16	11032743	11033901	ENSG00000263013	RP11-876N24.5
2	111855922	111873165	ENSG00000204581	AC096670.3
11	17137199	17137310	ENSG00000201586	RNU6-593P
8	142457575	142457649	ENSG00000238854	SNORD5
22	30817195	30817525	ENSG00000272689	RP4-539M6.21
17	30856026	30857067	ENSG00000265337	RP11-466A19.5
2	201251898	201251987	ENSG00000264798	AC105381.1
8	142469175	142470131	ENSG00000253605	HNRNPA1P38
10	115999018	116051272	ENSG00000165816	VWA2
16	11034576	11036878	ENSG00000262222	RP11-876N24.4
11	17159523	17159812	ENSG00000240808	CTD-3236F5.1
1	153603914	153606873	ENSG00000272030	RP1-178F15.4
2	91679087	91679734	ENSG00000219041	IGKV1OR2-118
4	83095700	83095806	ENSG00000202485	RNU6-499P
20	45169585	45179213	ENSG00000149635	OCSTAMP
19	21817635	21817977	ENSG00000271182	RP11-678G14.5
22	30831531	30832234	ENSG00000273428	RP4-539M6.22
4	83196224	83197753	ENSG00000234568	BIN2P1
8	143026860	143026986	ENSG00000221123	AC104417.1
5	125967414	125971979	ENSG00000196900	C5orf48
16	11120881	11121620	ENSG00000229917	RPL7P46
11	17215036	17215855	ENSG00000213779	RP11-452G18.1
22	30831531	30832231	ENSG00000203606	AC004832.1
16	616995	634136	ENSG00000007541	PIGQ
5	145755154	145755782	ENSG00000271724	CTC-359M8.3
8	143049452	143050202	ENSG00000254183	RP11-953B20.2
1	45240923	45244451	ENSG00000142937	RPS8
8	143171188	143172980	ENSG00000261710	RP11-953B20.1
2	201542956	201603504	ENSG00000244301	AOX3P
2	111953540	111964071	ENSG00000230499	AC108463.1
1	153676564	153676859	ENSG00000242565	RN7SL372P
19	21820776	21839102	ENSG00000268278	RP11-420K14.1
8	143257700	143257779	ENSG00000265247	MIR4472-1
4	83266029	83266693	ENSG00000273156	RP11-127B20.2
22	30835824	30836305	ENSG00000230137	RP4-539M6.18
16	29392675	29415350	ENSG00000254206	NPIPB11
5	95925896	95925980	ENSG00000238518	AC020900.1
2	132127358	132127874	ENSG00000227275	MTND6P10
16	11160353	11164959	ENSG00000262020	RP11-66H6.3
1	153689779	153690823	ENSG00000235015	RP11-216N14.1
17	58053370	58079745	ENSG00000266992	DHX40P1
5	145780544	145786922	ENSG00000248842	CTB-1H10.1
8	143279717	143290364	ENSG00000254008	LINC00051
19	21860352	21861023	ENSG00000268433	RP11-420K14.2
22	30877298	30877898	ENSG00000214161	SDC4P
HSCHR6_MHC_QBL	29898417	29903057	ENSG00000206505	HLA-A
19	21880209	21880317	ENSG00000266008	AC092364.4
16	11290034	11318373	ENSG00000263033	RP11-396B14.2
19	21892324	21892993	ENSG00000268535	RP11-420K14.3
4	83295454	83305180	ENSG00000272677	RP11-127B20.3
11	17249817	17250698	ENSG00000197149	RP11-452G18.2
22	30879341	30888791	ENSG00000181123	RP4-539M6.14
19	50837053	50848024	ENSG00000131401	NAPSB
19	21902603	21902837	ENSG00000268117	VN1R84P
1	153698728	153698829	ENSG00000199565	Y_RNA
16	11336510	11337409	ENSG00000263179	HNRNPCP4
5	96030235	96030335	ENSG00000264129	AC020900.2
6	151685252	151712683	ENSG00000181472	ZBTB2
1	153719327	153723703	ENSG00000243613	RP11-216N14.8
8	143328948	143329227	ENSG00000253602	CTD-3135A9.3
19	21933549	21936240	ENSG00000269845	RP11-420K14.6
3	23315298	23315401	ENSG00000206728	Y_RNA
Y	15360259	15592553	ENSG00000183878	UTY
8	143485013	143488389	ENSG00000261693	RP13-467H17.1
19	21935813	21935885	ENSG00000265084	AC092364.2
3	23431152	23431400	ENSG00000228171	AC121251.1
16	33740804	33741266	ENSG00000271620	IGHV3OR16-7
1	153723459	153724652	ENSG00000233222	RP11-216N14.9
12	26526531	26526666	ENSG00000212549	RNA5SP354
2	91685386	91685524	ENSG00000227114	AC018696.3
16	11367970	11368093	ENSG00000212228	SNORA48
22	30938523	30940292	ENSG00000225774	SIRPAP1
3	23440991	23441060	ENSG00000221506	AC092038.1
19	21951574	21976662	ENSG00000268184	RP11-420K14.8
5	59926341	59926800	ENSG00000251303	CTD-2003D5.1
4	152330368	152584784	ENSG00000164142	FAM160A1
12	26776302	26802412	ENSG00000234428	RP11-666F17.1
16	33750745	33751015	ENSG00000261607	RP11-812E19.5
3	23521988	23522069	ENSG00000265645	AC092038.2
11	17402196	17405078	ENSG00000260196	RP1-239B22.5
5	96076783	96078402	ENSG00000249180	CTC-506B8.1
16	29454551	29465972	ENSG00000261740	RP11-345J4.5
22	30994296	31002674	ENSG00000223831	RP1-56J10.8
8	143648621	143653366	ENSG00000232722	MROH4P
19	21983282	21984068	ENSG00000269136	RP11-420K14.7
3	23655152	23655250	ENSG00000252562	RNU6-922P
12	26953776	26954235	ENSG00000256640	RP11-666F17.2
3	23682980	23683083	ENSG00000212269	RNU6-788P
19	22009315	22010081	ENSG00000268438	CTD-2607J13.1
HSCHR6_MHC_MCF	30052365	30053360	ENSG00000223892	HCG4P3
2	111953927	112252677	ENSG00000172965	MIR4435-1HG
5	59960257	59960333	ENSG00000256404	AC109133.1
1	153726600	153726703	ENSG00000238511	snoU13
3	23809102	23809195	ENSG00000238672	AC020626.1
16	33752443	33752887	ENSG00000259842	IGHV3OR16-16
22	31049864	31050801	ENSG00000250318	CTA-963H5.5
1	153758196	153758297	ENSG00000207039	Y_RNA
2	132127994	132129648	ENSG00000235080	MTND5P23
3	23845515	23848396	ENSG00000223791	UBE2E1-AS1
8	143701734	143702425	ENSG00000261044	AP006547.3
2	59468756	59468837	ENSG00000221653	AC007131.3
9	130556876	130576606	ENSG00000136877	FPGS
12	27124519	27132515	ENSG00000247903	RP11-421F16.3
1	153767649	153774567	ENSG00000231827	RP11-216N14.5
13	29233241	29253062	ENSG00000132963	POMP
5	60039390	60040797	ENSG00000250148	KRT8P31
11	62677018	62685833	ENSG00000257002	AP000438.2
19	22123622	22124335	ENSG00000269615	AC003973.1
8	143719949	143722027	ENSG00000253753	AC145123.2
3	23920472	23920989	ENSG00000231395	AC124914.3
2	91693219	91693945	ENSG00000203344	AC018696.2
12	27138867	27138918	ENSG00000265012	AC024896.1
12	27246856	27247156	ENSG00000271418	RP11-582E3.5
11	62703456	62703706	ENSG00000241082	RN7SL259P
HSCHR6_MHC_MCF	30052827	30056200	ENSG00000226586	HLA-J
X	142178133	142178463	ENSG00000202473	RN7SKP81
11	17457219	17457728	ENSG00000255035	SDHCP4
3	24137760	24144729	ENSG00000224074	LINC00691
19	22180450	22181642	ENSG00000271095	AC003973.6
11	65834748	65837090	ENSG00000255038	RP11-1167A19.2
10	42680787	42681239	ENSG00000237592	IGKV1OR10-1
11	62799975	62800575	ENSG00000256041	RP11-959F10.4
8	47782524	47783667	ENSG00000253803	RP11-101E19.7
6	20534688	21232635	ENSG00000145996	CDKAL1
12	27258084	27314326	ENSG00000256226	RP11-582E3.2
2	59662348	59669396	ENSG00000231815	AC007179.1
11	17716569	17719018	ENSG00000254586	RP11-358H18.3
X	12809474	12842341	ENSG00000101911	PRPS2
X	142285034	142285377	ENSG00000199878	RN7SKP149
11	62814257	62815598	ENSG00000253547	RP11-959F10.5
1	153824582	153825890	ENSG00000223599	RP11-216N14.7
19	22200761	22219117	ENSG00000269504	AC003973.4
X	142372754	142604631	ENSG00000227303	GS1-256O22.5
2	59742025	59742259	ENSG00000270447	RP11-569H17.1
3	24138003	24138851	ENSG00000242109	NPM1P23
10	42705438	42705831	ENSG00000271650	AL031601.4
12	27274843	27300597	ENSG00000256625	RP11-582E3.4
19	22226302	22232807	ENSG00000269199	AC003973.5
5	60162284	60162762	ENSG00000272308	RP11-231G3.1
8	47834183	47840454	ENSG00000253745	RP11-350F16.1
10	42730351	42730423	ENSG00000264398	AL031601.1
8	143738874	143763386	ENSG00000234616	JRK
3	180707558	181554668	ENSG00000242808	SOX2-OT
3	24472239	24472598	ENSG00000229756	RPL31P20
19	22248630	22249200	ENSG00000269742	CTB-135N1.2
2	59760119	59760210	ENSG00000252455	AC007179.2
11	62883352	62883810	ENSG00000239924	RPL29P22
1	153863071	153863341	ENSG00000236327	RP11-759F5.1
17	58085798	58094859	ENSG00000238283	TBC1D3P1
5	96120481	96121703	ENSG00000248734	CTD-2260A17.1
3	24496627	24500925	ENSG00000224822	THRB-IT1
10	42775182	42777267	ENSG00000228755	PABPC1P8
5	60187762	60189404	ENSG00000215032	GNL3LP1
11	63005429	63006586	ENSG00000256863	RP11-959F10.6
X	142431769	142432378	ENSG00000226064	PGBD4P6
15	29991571	30261068	ENSG00000104067	TJP1
5	156564423	156586030	ENSG00000155868	MED7
19	22311429	22314736	ENSG00000269505	ZNF92P2
3	24535578	24541833	ENSG00000228791	THRB-AS1
12	121570622	121623876	ENSG00000089041	P2RX7
19	7953390	7966901	ENSG00000171017	LRRC8E
8	47842462	47846068	ENSG00000253782	RP11-350F16.2
5	10505108	10522196	ENSG00000249160	RP11-1C1.5
2	59874756	59874858	ENSG00000200101	RNU6-508P
17	58119722	58119803	ENSG00000263422	AC005702.1
1	153938992	153939406	ENSG00000273026	RP11-422P24.10
2	59921897	59922004	ENSG00000252726	RNA5SP94
17	58119907	58119988	ENSG00000266701	AC005702.4
2	91723049	91723916	ENSG00000214164	AC018696.5
11	63010557	63011476	ENSG00000256847	CCND2P1
X	142520836	142521752	ENSG00000235539	MTND1P33
11	63870660	63886645	ENSG00000126500	FLRT1
17	58120055	58120133	ENSG00000265638	AC005702.3
2	60577730	60580151	ENSG00000228590	AC007381.3
3	24537763	24541071	ENSG00000272554	RP11-317L10.1
17	58120166	58120243	ENSG00000263820	AC005702.2
1	153950219	153951636	ENSG00000272654	RP11-422P24.11
3	24562853	24562926	ENSG00000265028	MIR4792
17	58120386	58120466	ENSG00000264049	MIR4737
5	96140056	96141808	ENSG00000272109	CTD-2260A17.3
5	60213317	60215400	ENSG00000233847	AC104113.3
17	58140365	58142143	ENSG00000267526	RP11-178C3.6
3	24597325	24597950	ENSG00000233544	EIF3KP2
2	201560640	201658962	ENSG00000243478	AOX2P
1	153968108	153968436	ENSG00000231416	RP11-422P24.9
22	31127544	31127628	ENSG00000264661	MIR3200
17	58156670	58166056	ENSG00000267416	CTD-2319I12.2
1	153970517	153970627	ENSG00000252669	U3
3	24729410	25215796	ENSG00000237838	AC133680.1
17	65987217	65989765	ENSG00000186665	C17orf58
22	31298206	31298768	ENSG00000237977	EIF4HP2
8	47884099	47886240	ENSG00000215179	MAPK6PS4
5	60457897	60527867	ENSG00000251279	CTC-436P18.1
2	175664091	175870097	ENSG00000128656	CHN1
1	154012392	154012498	ENSG00000200220	RNU6-179P
16	77268774	77324831	ENSG00000260922	RP11-538I12.3
1	154051342	154052439	ENSG00000231837	RPS7P2
11	63033308	63033728	ENSG00000256181	AP000438.4
22	31318295	31328436	ENSG00000235989	MORC2-AS1
6	31686371	31694491	ENSG00000204420	C6orf25
6	151725989	151773259	ENSG00000155906	RMND1
2	60586351	60618510	ENSG00000223929	AC007381.2
11	63383780	63389143	ENSG00000203520	RP11-697H9.3
19	22313127	22313291	ENSG00000268116	RP11-157B13.1
17	58160927	58169246	ENSG00000261040	CTD-2319I12.1
1	154076997	154077068	ENSG00000263987	MIR5698
19	22320733	22321783	ENSG00000268140	PCGF7P
16	77467279	77478233	ENSG00000260701	RP11-449J10.1
11	63399705	63400192	ENSG00000270269	RP11-697H9.4
1	41249684	41306124	ENSG00000117013	KCNQ4
2	91734174	91734450	ENSG00000213356	AC018696.6
19	22323334	22323919	ENSG00000269575	RP11-157B13.3
X	153424682	153445634	ENSG00000102080	TEX28P2
1	154138723	154139025	ENSG00000264384	RN7SL431P
19	22357568	22357993	ENSG00000269345	VN1R85P
2	91740600	91740793	ENSG00000235388	AC018696.7
16	77469907	77469999	ENSG00000216131	AC025284.1
5	145942789	145996567	ENSG00000250407	CTB-99A3.1
X	142522311	142523074	ENSG00000230130	RP5-1189K21.2
1	154166141	154166219	ENSG00000215938	MIR190B
11	63405149	63426434	ENSG00000256789	RP11-697H9.2
5	60497136	60560756	ENSG00000249279	CTC-436P18.3
1	46859937	46879520	ENSG00000117480	FAAH
16	77624703	77644578	ENSG00000261154	RP11-571O6.1
1	154226921	154226997	ENSG00000252817	AL590431.1
5	145965662	145965763	ENSG00000252793	RNA5SP196
19	41884215	41930910	ENSG00000248098	BCKDHA
16	77744198	77744281	ENSG00000221226	AC092724.1
8	143783670	143808391	ENSG00000253741	CTD-2292P10.4
11	63466068	63466236	ENSG00000271100	RP11-697H9.5
1	154232203	154232338	ENSG00000201129	SNORA58
5	146035966	146036258	ENSG00000241291	RN7SL791P
16	77775365	77776897	ENSG00000261707	RP11-264M12.2
1	154260936	154261003	ENSG00000252682	SNORD59
16	29464914	29466285	ENSG00000183336	BOLA2
8	82167105	82167464	ENSG00000253677	UBE2HP1
5	146085944	146087163	ENSG00000248568	KRT8P48
8	143808701	143809108	ENSG00000253806	CTD-2292P10.2
1	154267979	154268077	ENSG00000212292	RNU6-239P
8	47979644	47979946	ENSG00000222099	RN7SKP32
13	29274201	29293107	ENSG00000139508	SLC46A3
11	63527364	63536113	ENSG00000188070	C11orf95
1	154270126	154270224	ENSG00000222457	RNU6-121P
2	91766537	91766632	ENSG00000230964	AC018696.4
8	82187634	82189805	ENSG00000272425	RP11-363E6.4
8	47996975	47997049	ENSG00000264231	AC026241.1
16	77926319	77926812	ENSG00000261330	RP11-281J9.1
8	143844534	143847845	ENSG00000253196	RP11-706C16.7
1	154311219	154311278	ENSG00000238365	RNU7-57P
11	65837834	66012218	ENSG00000175115	PACS1
16	78048580	78093351	ENSG00000261540	RP11-281J9.2
8	48001195	48110484	ENSG00000248347	RP11-1134I14.2
1	154349442	154351749	ENSG00000237920	RP11-350G8.4
8	143866790	143893536	ENSG00000253715	RP11-706C16.8
16	78082380	78083794	ENSG00000260731	KRT8P22
5	146114398	146114467	ENSG00000265875	AC011357.1
8	82192106	82193681	ENSG00000254027	RP11-363E6.3
5	146293770	146299069	ENSG00000249553	PPP2R2B-IT1
15	55700746	55710962	ENSG00000261652	C15orf65
17	61086917	61505060	ENSG00000170921	TANC2
5	96278003	96278888	ENSG00000227836	AC008850.3
8	143915554	143916356	ENSG00000253728	RP11-706C16.5
22	31366663	31375381	ENSG00000253352	TUG1
12	27542722	27599558	ENSG00000245311	RP11-165P7.1
5	146559767	146614422	ENSG00000250343	CTC-255N20.1
1	154350683	154351565	ENSG00000226855	RP11-350G8.3
5	126112315	126172712	ENSG00000113368	LMNB1
5	156569944	156682201	ENSG00000113263	ITK
11	102637532	102638658	ENSG00000256254	AP000647.3
5	146781323	146781559	ENSG00000272239	CTB-108O6.2
2	91768393	91768920	ENSG00000261600	RP11-575H3.1
HSCHR6_MHC_QBL	32078834	32089078	ENSG00000206329	PPT2
8	143939770	143940213	ENSG00000253421	ZNHIT1P1
5	147231207	147232222	ENSG00000249518	CTC-327F10.1
8	38368352	38386180	ENSG00000196166	C8orf86
8	82351671	82434053	ENSG00000253859	RP11-157I4.4
5	96298360	96298461	ENSG00000200884	Y_RNA
16	78089721	78090824	ENSG00000261776	RP11-358L22.2
7	108110866	108210110	ENSG00000135241	PNPLA8
11	102677679	102678647	ENSG00000256035	AP000619.6
1	154374804	154379040	ENSG00000228013	RP11-350G8.5
5	147265649	147266441	ENSG00000248362	CTC-327F10.5
19	7963689	7968427	ENSG00000214248	AC010336.1
8	144063155	144099854	ENSG00000247317	RP11-273G15.2
8	82433853	82445510	ENSG00000253374	RP11-257P3.3
5	147266675	147267267	ENSG00000251320	CTC-327F10.4
11	63534816	63536113	ENSG00000255651	RP11-466C23.4
5	96371586	96373214	ENSG00000213702	AC008865.1
1	154386845	154387613	ENSG00000228264	RP11-350G8.7
16	78271259	78275115	ENSG00000260969	RP11-190D6.2
6	137143717	137235075	ENSG00000112357	PEX7
5	147301742	147302984	ENSG00000250346	EEF1GP2
11	63565260	63565543	ENSG00000264519	RN7SL596P
X	142533993	142534122	ENSG00000221505	AL030997.1
16	78389426	78389731	ENSG00000260014	LSM3P5
5	10564442	10650308	ENSG00000164236	ANKRD33B
X	142627592	142631882	ENSG00000227675	GS1-256O22.1
5	147600923	147601205	ENSG00000249503	HMGN1P16
11	63602139	63602415	ENSG00000256280	RP11-466C23.5
2	74725815	74726494	ENSG00000258821	AC005041.17
11	102733467	102745764	ENSG00000110347	MMP12
X	142760232	142761441	ENSG00000213924	HNRNPH1P2
1	154452488	154453977	ENSG00000273110	RP11-350G8.9
5	147618133	147622157	ENSG00000248109	CTC-295J13.3
11	63650059	63650157	ENSG00000202089	RNU6-1306P
16	78529823	78540465	ENSG00000260733	RP11-264L1.4
1	154526085	154527493	ENSG00000229780	UBE2Q1-AS1
8	82433917	82434467	ENSG00000237264	FTH1P11
11	63737942	63738048	ENSG00000207200	RNU6-45P
11	63952744	63972015	ENSG00000168439	STIP1
3	129753396	129754382	ENSG00000251178	OR7E21P
2	74728844	74729492	ENSG00000272183	RP11-523H20.3
5	147647870	147763346	ENSG00000247199	RP11-373N22.3
11	63803442	63871125	ENSG00000256824	RP11-21A7A.2
1	154551541	154552139	ENSG00000233875	RP11-61L14.6
16	78568271	78569545	ENSG00000261837	RP11-264L1.3
11	57798402	57799403	ENSG00000172381	OR6Q1
8	82517804	82543369	ENSG00000251521	IMPA1P
2	74729722	74731805	ENSG00000257702	LBX2-AS1
8	144077267	144077899	ENSG00000253971	CDC42P3
1	150229554	150237478	ENSG00000118298	CA14
1	154909846	154910535	ENSG00000270361	RP11-307C12.13
16	78859178	78859903	ENSG00000243101	RPS3P7
11	63849162	63854647	ENSG00000256481	RP11-21A7A.4
3	129774567	129774763	ENSG00000251610	RP11-77P16.3
2	91777536	91809447	ENSG00000233991	AC116050.1
8	144138477	144139233	ENSG00000250115	AK3P2
1	154934301	154935099	ENSG00000271380	RP11-307C12.12
8	48043404	48043510	ENSG00000200986	RNU6-819P
16	78931062	78933541	ENSG00000260816	RP11-319G9.3
11	57885972	57886916	ENSG00000172377	OR9I1
14	58751491	58752116	ENSG00000180189	HMGB1P14
5	147686861	147687821	ENSG00000249834	PGBD4P3
8	48068741	48069394	ENSG00000188873	RPL10AP2
16	79028242	79038627	ENSG00000261537	RP11-319G9.5
HSCHR6_MHC_DBB	30499388	30515186	ENSG00000229470	GNL1
20	3907956	3996229	ENSG00000101236	RNF24
5	147809722	147810370	ENSG00000251330	CTD-2283N19.1
1	154948169	154948259	ENSG00000264349	MIR4258
2	74845983	74848106	ENSG00000233872	AC005033.6
8	144147332	144148004	ENSG00000243328	RP11-520P18.1
5	80256491	80525975	ENSG00000113319	RASGRF2
14	58759011	58759106	ENSG00000252782	RNU6-341P
11	57957906	57958990	ENSG00000186513	OR9Q2
5	148024250	148025953	ENSG00000253297	HTR4-IT1
3	129800674	129832070	ENSG00000251287	ALG1L2
16	79111273	79112131	ENSG00000260694	RP11-556H2.4
1	155017667	155018594	ENSG00000232093	RP11-307C12.11
8	82529455	82530795	ENSG00000254151	NIPA2P4
2	179966419	180129517	ENSG00000187231	SESTD1
14	58836741	58862359	ENSG00000258658	RP11-517O13.3
5	148349903	148350216	ENSG00000272411	RP11-44B19.1
2	201577028	201599900	ENSG00000237166	AC007163.3
X	142840832	142911228	ENSG00000225970	RP3-526F5.2
16	79123947	79135651	ENSG00000260479	RP11-556H2.3
2	111961541	111963792	ENSG00000227992	AC108463.2
14	58865275	58893843	ENSG00000258378	RP11-517O13.1
20	45186463	45304714	ENSG00000158296	SLC13A3
2	74855455	74856069	ENSG00000108442	TVP23BP2
10	94447945	94455403	ENSG00000152804	HHEX
8	82539504	82539852	ENSG00000240427	RPS26P34
X	142889486	142889828	ENSG00000235729	RP11-29O6.2
11	57970674	57971653	ENSG00000197887	OR1S2
10	38383264	38414472	ENSG00000075407	ZNF37A
16	79139854	79144779	ENSG00000260511	RP11-556H2.2
8	82546592	82547897	ENSG00000205184	SLC10A5P1
14	58908562	58908710	ENSG00000252198	Y_RNA
2	74981797	74981946	ENSG00000224646	AC007387.2
5	96392106	96393062	ENSG00000213701	SETP22
14	58930689	58930854	ENSG00000258650	HSBP1P1
8	82704058	82727949	ENSG00000253334	RP13-923O23.6
16	79246608	79263350	ENSG00000261722	RP11-679B19.2
5	96511654	96511817	ENSG00000206698	RNU1-73P
11	694438	727727	ENSG00000177106	EPS8L2
2	201640307	201640473	ENSG00000201737	RNU1-133P
8	82720007	82720961	ENSG00000231942	HNRNPA1P36
2	75059782	75061114	ENSG00000272711	RP11-259N19.1
8	48076493	48077147	ENSG00000248531	NDUFA5P12
19	7968728	7979363	ENSG00000076984	MAP2K7
2	228627768	228627868	ENSG00000252346	RNA5SP121
2	201645218	201676893	ENSG00000230408	AC007163.6
16	79298351	79298470	ENSG00000222244	RNA5SP431
3	72622116	72622219	ENSG00000238568	snoU13
11	102751222	102751576	ENSG00000255469	RP11-725K16.2
5	148437117	148437219	ENSG00000251842	RNU6-732P
2	228643226	228643451	ENSG00000226718	SNRPGP8
1	155092966	155093074	ENSG00000202027	Y_RNA
16	79539500	79550190	ENSG00000261472	RP11-467I17.1
5	148441876	148441972	ENSG00000207714	MIR584
11	102774622	102774683	ENSG00000238562	RNU7-159P
3	72625842	72626005	ENSG00000199469	RNU1-62P
2	75145275	75165545	ENSG00000204792	AC104135.3
11	57982217	57983195	ENSG00000172774	OR1S1
1	155115747	155115808	ENSG00000251780	RNU7-150P
11	102915966	102916441	ENSG00000239861	RP11-690D19.1
16	79703552	79703634	ENSG00000221330	AC009159.1
3	72632521	72632686	ENSG00000239568	RP11-654C22.1
7	37945543	38065297	ENSG00000106483	SFRP4
15	55702723	55800432	ENSG00000256061	DYX1C1
1	155121020	155121295	ENSG00000223452	HMGN2P18
X	143391959	143392205	ENSG00000224630	RP1-169P22.2
10	127660757	127661695	ENSG00000233409	FANK1-AS1
5	148442880	148489350	ENSG00000250072	CTC-529P8.1
11	102921416	102926528	ENSG00000260966	RP11-690D19.3
2	201689396	201692061	ENSG00000260006	RP11-469M7.1
2	75146682	75151973	ENSG00000236209	AC104135.2
16	79710005	79841819	ENSG00000260876	RP11-345M22.1
12	110718561	110788898	ENSG00000174437	ATP2A2
11	103272741	103273314	ENSG00000254895	RP11-37O16.7
8	48100928	48101183	ENSG00000254348	RP11-1134I14.4
2	228666556	228669421	ENSG00000229172	AC073065.3
1	155164968	155165063	ENSG00000271748	MIR92B
11	57995354	57996390	ENSG00000180475	OR10Q1
HSCHR1_2_CTG31	155232400	155240678	ENSG00000262666	FAM189B
2	75167385	75169797	ENSG00000230836	AC104135.4
6	52051185	52055436	ENSG00000112115	IL17A
2	201694732	201694839	ENSG00000207116	RNU6-31P
X	143392257	143392818	ENSG00000235598	RRM2P4
2	201707909	201708022	ENSG00000221530	AC005037.2
2	91805186	91847998	ENSG00000143429	AC027612.6
1	155166659	155175286	ENSG00000231064	RP11-263K19.4
2	201708963	201710184	ENSG00000224346	AC005037.1
11	58034264	58035732	ENSG00000172772	OR10W1
11	103273316	103274150	ENSG00000254931	RP11-37O16.6
2	201713761	201713867	ENSG00000223092	RNA5SP115
6	139349819	139364439	ENSG00000146386	ABRACL
8	48102395	48104885	ENSG00000255366	RP11-1134I14.8
8	48105625	48105970	ENSG00000253502	ATP6V1G1P2
HSCHR6_MHC_MCF	30077975	30079265	ENSG00000228765	ETF1P1
10	75910960	76469061	ENSG00000156110	ADK
11	58125597	58126542	ENSG00000197786	OR5B17
3	129808276	129813147	ENSG00000248243	RP11-93K22.13
2	111968572	111970053	ENSG00000271590	RP11-181E10.3
X	143922298	143923181	ENSG00000215054	HNRNPCP10
11	64590859	64612041	ENSG00000171219	CDC42BPG
2	112022860	112037457	ENSG00000229118	AC068491.2
3	129815216	129815281	ENSG00000266849	AC083906.2
11	58169937	58170882	ENSG00000172769	OR5B3
8	48109655	48109946	ENSG00000253817	RP11-1134I14.6
HSCHR6_MHC_MCF	30135099	30135231	ENSG00000264003	CR759763.1
2	228734799	228735360	ENSG00000183514	TDGF1P2
HSCHR6_MHC_MCF	30151503	30160985	ENSG00000225038	TRIM31-AS1
10	127834043	127834151	ENSG00000222740	RNA5SP328
3	129817935	129830315	ENSG00000253540	FAM86HP
X	144138628	144138957	ENSG00000201912	RN7SKP189
10	127961387	127961980	ENSG00000213170	RP11-81B10.2
16	79750622	79804460	ENSG00000261390	RP11-345M22.2
11	58189738	58190786	ENSG00000172365	OR5B2
X	153448107	153461633	ENSG00000147380	OPN1MW
HSCHR6_MHC_MCF	30179082	30179244	ENSG00000263517	SNORA48
X	144258102	144258414	ENSG00000233548	CYCSP44
2	132129867	132131223	ENSG00000231777	MTND4P21
HSCHR6_MHC_MCF	30233017	30234826	ENSG00000234574	PAIP1P1
1	155180942	155183610	ENSG00000236263	RP11-263K19.6
10	128102438	128110448	ENSG00000235180	LINC00601
12	98115494	98115600	ENSG00000206899	RNU6-36P
2	228752347	228752460	ENSG00000272237	SNORA25
2	75317939	75318041	ENSG00000263909	MIR5000
2	229034459	229034565	ENSG00000200281	RNU6-624P
12	98332834	98332899	ENSG00000265861	MIR4495
11	58206593	58207646	ENSG00000172362	OR5B12
6	149887430	149912884	ENSG00000055211	GINM1
2	75381492	75417075	ENSG00000270571	RP11-355F16.1
1	45249257	45253377	ENSG00000142959	BEST4
8	48114067	48114520	ENSG00000215177	IGLV8OR8-1
HSCHR6_MHC_MCF	30460941	30465545	ENSG00000230887	MICC
12	98389161	98389226	ENSG00000263890	MIR4303
2	229216836	229217931	ENSG00000203387	AC074019.2
12	98506792	98686223	ENSG00000258312	RP11-690J15.1
4	156680144	156728743	ENSG00000061918	GUCY1B3
2	75645972	75646075	ENSG00000238521	snoU13
2	75683120	75683704	ENSG00000236167	GAPDHP57
11	58274648	58275578	ENSG00000198283	OR5B21
5	177263435	177264647	ENSG00000214351	OR1X5P
16	79831947	79861047	ENSG00000261082	RP11-345M22.3
12	98711519	98712127	ENSG00000257580	RP11-718L23.1
3	129831393	129839422	ENSG00000249846	RP11-77P16.4
11	107879459	107978503	ENSG00000166266	CUL5
4	166282346	166419472	ENSG00000109472	CPE
13	29598748	30077892	ENSG00000132938	MTUS2
11	3239174	3240043	ENSG00000182170	MRGPRG
2	75701579	75709705	ENSG00000237293	AC007099.2
12	98811674	98811816	ENSG00000201296	RNU4-41P
X	144314449	144315139	ENSG00000234712	RP11-143G3.1
22	29083731	29138410	ENSG00000183765	CHEK2
2	75716702	75716836	ENSG00000238410	snoU109
12	98847613	98850923	ENSG00000227825	SLC9A7P1
5	177284946	177298195	ENSG00000249186	RP11-423H2.5
X	144711736	144713893	ENSG00000231093	RP13-150K15.1
2	75751194	75769832	ENSG00000231172	AC007099.1
3	129886633	129886873	ENSG00000248618	ENPP7P3
16	80074559	80079642	ENSG00000260237	RP11-148M9.1
22	18560689	18613905	ENSG00000215193	PEX26
16	616996	619495	ENSG00000257108	NHLRC4
8	48423596	48424703	ENSG00000253330	RP11-697N18.3
1	155183616	155197214	ENSG00000160766	GBAP1
HSCHR6_MHC_MCF	30562497	30565448	ENSG00000234057	XXbac-BPG249D20.9
20	61975420	62009753	ENSG00000101204	CHRNA4
2	132137726	132138486	ENSG00000227661	AC073869.10
17	45915058	45918699	ENSG00000141295	SCRN2
12	98906751	98910200	ENSG00000257167	TMPO-AS1
20	4050799	4055812	ENSG00000205300	RP11-352D3.2
18	49866542	51057784	ENSG00000187323	DCC
8	48439959	48440710	ENSG00000269924	RP11-697N18.4
6	139456249	139501939	ENSG00000112406	HECA
11	3248928	3253616	ENSG00000184350	MRGPRE
HSCHR6_MHC_MCF	30630566	30630651	ENSG00000266871	hsa-mir-877
2	229347977	229476111	ENSG00000232023	AC009410.1
X	12885202	12908499	ENSG00000196664	TLR7
HSCHR6_MHC_MCF	30662465	30662541	ENSG00000265446	CR759778.2
5	96519303	96772921	ENSG00000251513	RP11-155G15.2
11	58294344	58345693	ENSG00000110031	LPXN
11	103274240	103274895	ENSG00000255417	RP11-37O16.4
X	144849613	144849860	ENSG00000270709	GS1-115M3.4
2	229452519	229452589	ENSG00000251801	SNORD112
HSCHR6_MHC_MCF	30679868	30680134	ENSG00000227655	PTMAP1
4	152591656	152682175	ENSG00000059691	PET112
8	48459366	48460488	ENSG00000251354	RP11-697N18.1
2	73143389	73162020	ENSG00000135638	EMX1
2	229548253	229549296	ENSG00000228226	AC074019.1
22	31372501	31374834	ENSG00000269987	RP3-430N8.11
5	96523794	96537584	ENSG00000248758	CTD-2215E18.2
2	229618040	229618502	ENSG00000237322	RPL7L1P10
16	80099733	80201474	ENSG00000260706	RP11-525K10.1
22	31373502	31373844	ENSG00000269972	RP3-430N8.10
17	47280153	47287936	ENSG00000167083	GNGT2
5	177335466	177335558	ENSG00000221204	AC106795.1
5	134094469	134190823	ENSG00000145833	DDX46
3	132036211	132087142	ENSG00000014257	ACPP
7	144707054	144708086	ENSG00000214035	AC073310.4
X	145072385	145072455	ENSG00000216032	AL445258.1
HSCHR6_MHC_MCF	30694904	30694997	ENSG00000265290	CR759778.1
2	132138489	132139163	ENSG00000236590	MTATP6P4
X	145074271	145074343	ENSG00000252219	hsa-mir-892c
2	60611740	60611898	ENSG00000200807	RNU1-32P
22	31455975	31456269	ENSG00000240186	RN7SL633P
X	145075793	145075869	ENSG00000216075	MIR890
2	60614497	60614580	ENSG00000266078	MIR4432
5	96559075	96563661	ENSG00000251054	CTD-2215E18.3
HSCHR6_MHC_MCF	30743070	30743799	ENSG00000229575	RPL7P4
5	177366623	177410055	ENSG00000250101	RP11-1252I4.2
11	103275037	103276562	ENSG00000255350	RP11-37O16.3
8	48504709	48505171	ENSG00000254065	RP11-697N18.2
2	60722821	60727099	ENSG00000233953	AC009970.1
5	96672562	96672744	ENSG00000249761	CTD-2278B20.1
16	80188950	80597032	ENSG00000259867	RP11-525K10.3
2	75825197	75825685	ENSG00000230477	AC005034.2
22	31478142	31479551	ENSG00000273387	RP3-412A9.16
5	177377336	177390961	ENSG00000249684	RP11-423H2.3
X	145076302	145076378	ENSG00000216005	MIR888
22	31509003	31509382	ENSG00000235573	RP3-412A9.12
5	60642953	60643543	ENSG00000251682	RP11-631M6.3
7	99928400	99928500	ENSG00000201913	Y_RNA
2	75855079	75855293	ENSG00000221638	U3
8	48580333	48580439	ENSG00000207369	RNU6-665P
2	60867840	60868135	ENSG00000242158	RN7SL361P
8	48717640	48717740	ENSG00000207450	Y_RNA
2	75862267	75862370	ENSG00000239018	snoU13
HSCHR6_MHC_MCF	30749331	30759447	ENSG00000233883	MDC1-AS1
2	229868602	229869116	ENSG00000226297	AC007677.2
17	27082996	27182250	ENSG00000173065	FAM222B
5	60670939	60671682	ENSG00000250461	RP11-631M6.2
X	145078187	145078261	ENSG00000215943	MIR892A
2	75878414	75878753	ENSG00000226247	AC005034.3
8	48802619	48802691	ENSG00000211562	AC103686.1
2	60910008	60910379	ENSG00000271134	RP11-416L21.2
22	31551952	31552633	ENSG00000214125	RP3-412A9.15
X	153461812	153482755	ENSG00000182242	TEX28P1
17	72838162	72857627	ENSG00000161509	GRIN2C
8	48891974	48892081	ENSG00000222522	RNU6-519P
7	99933702	99949523	ENSG00000242294	STAG3L5P
7	38217824	38270272	ENSG00000010270	STARD3NL
5	60686495	60687698	ENSG00000213891	RPL3P6
1	46972668	46979898	ENSG00000197587	DMBX1
5	96704480	96706125	ENSG00000251389	YTHDF1P1
X	145078716	145078792	ENSG00000216098	MIR892B
HSCHR1_2_CTG31	155241174	155247625	ENSG00000263290	SCAMP3
2	132139413	132140070	ENSG00000234480	AC073869.8
HSCHR6_MHC_MCF	30782567	30782677	ENSG00000266523	Y_RNA
17	34493061	34503996	ENSG00000224226	TBC1D3B
HSCHR6_MHC_QBL	33059284	33089101	ENSG00000206290	COL11A2
2	60938619	60939055	ENSG00000213495	RP11-416L21.1
8	49106410	49107187	ENSG00000253843	RP11-769N21.2
10	94590935	94819250	ENSG00000138190	EXOC6
6	155054459	155155192	ENSG00000213079	SCAF8
X	145082571	145082649	ENSG00000216064	MIR891B
HSCHR6_MHC_MCF	30885789	30894426	ENSG00000224862	XXbac-BPG27H4.8
5	60853110	60853194	ENSG00000223200	AC008836.1
2	60946775	60946876	ENSG00000252718	RNU6-612P
8	49206586	49207254	ENSG00000253654	CTD-2210A23.1
2	60962030	60962850	ENSG00000271707	ATP1B3P1
3	63805038	63834312	ENSG00000163632	C3orf49
2	230101056	230101325	ENSG00000253006	RN7SKP283
X	145109312	145109390	ENSG00000216056	MIR891A
2	132140216	132141634	ENSG00000237910	AC073869.7
2	230470954	230471015	ENSG00000238782	RNU7-9P
8	49220487	49220590	ENSG00000252710	RNU6-295P
5	60954301	60994259	ENSG00000248529	RP11-2O17.2
6	139561198	139613276	ENSG00000164440	TXLNB
2	230566510	230566864	ENSG00000235993	AC007559.1
22	31556048	31556105	ENSG00000264141	MIR3928
8	49297150	49297609	ENSG00000224594	RPL29P19
5	96785062	96785445	ENSG00000249977	RP11-155G15.3
22	31601250	31601602	ENSG00000254835	RNF185-AS1
X	145508974	145509090	ENSG00000201594	RNA5SP517
2	230759062	230759169	ENSG00000222344	RNU6-613P
X	145619053	145619566	ENSG00000234748	RP11-183K14.1
5	96840400	97006750	ENSG00000250331	RP11-1E3.1
HSCHR6_MHC_MCF	30910596	30910898	ENSG00000265633	7SK
5	177398317	177399282	ENSG00000249129	SUDS3P1
2	230802530	230802598	ENSG00000252333	RNU6-964P
22	31618731	31618839	ENSG00000199695	RNU6-1128P
2	230807444	230809853	ENSG00000231534	FBXO36-IT1
22	31626057	31626158	ENSG00000202019	Y_RNA
10	42827314	42863422	ENSG00000215146	RP11-313J2.1
X	153485225	153498755	ENSG00000166160	OPN1MW2
2	230838031	230838137	ENSG00000206725	RNU6-1027P
HSCHR6_MHC_MCF	30913330	30922258	ENSG00000227422	DDR1-AS1
2	132142034	132143063	ENSG00000234939	MTND2P18
2	230922945	230923040	ENSG00000199400	RNY4P19
20	4101627	4168394	ENSG00000088826	SMOX
22	31688485	31734007	ENSG00000228839	RP3-400N23.6
3	129902366	129902466	ENSG00000221270	AC130888.1
19	22385930	22386805	ENSG00000268079	RP11-157B13.6
11	17716814	17718487	ENSG00000255335	RP11-358H18.2
19	22426056	22428149	ENSG00000267872	RP11-157B13.7
6	100054606	100063454	ENSG00000112238	PRDM13
17	37782993	37792879	ENSG00000131771	PPP1R1B
3	129918551	129918761	ENSG00000250580	RP11-93K22.14
2	61052267	61108449	ENSG00000228414	AC010733.4
2	230990026	231038939	ENSG00000225963	AC009950.2
19	22442495	22444137	ENSG00000268597	RP11-157B13.8
5	97013251	97014385	ENSG00000248931	RP11-72K17.2
11	18022089	18044478	ENSG00000255448	RP1-59M18.2
1	45265897	45271662	ENSG00000173846	PLK3
16	639357	679272	ENSG00000197562	RAB40C
HSCHR6_MHC_MCF	30937220	30937309	ENSG00000263559	MIR4640
19	22481779	22482670	ENSG00000270191	RP11-157B13.9
HSCHR6_MHC_MCF	30978938	30979029	ENSG00000264847	Y_RNA
2	112024445	112025050	ENSG00000270190	RP11-803D5.4
5	177482605	177483195	ENSG00000218227	RP11-889L3.1
22	31701390	31701498	ENSG00000212542	RNA5SP496
11	18128130	18128388	ENSG00000255254	HIGD1AP5
2	112053206	112053623	ENSG00000226928	RPS14P4
19	22545391	22545627	ENSG00000268685	CTB-31C7.3
HSCHR6_MHC_MCF	30992301	30992681	ENSG00000228448	HCG21
7	99933727	99965454	ENSG00000272752	STAG3L5P-PVRIG2P-PILRB
2	231371816	231372099	ENSG00000243650	RN7SL834P
2	61058800	61059063	ENSG00000241524	RN7SL632P
2	112078589	112078668	ENSG00000266139	MIR4435-2
22	31784719	31784823	ENSG00000206615	RNU6-338P
6	41001366	41065526	ENSG00000124596	OARD1
3	129931666	129992649	ENSG00000228252	COL6A4P2
19	22551401	22551754	ENSG00000236312	RPL34P34
2	231379738	231380353	ENSG00000250011	HMGB1P3
2	61079395	61079878	ENSG00000237024	AC010733.7
2	112141329	112142569	ENSG00000223973	AC068491.3
22	31850237	31860190	ENSG00000240591	RP11-247I13.11
11	18134019	18137679	ENSG00000166787	SAA3P
5	177592703	177593563	ENSG00000251211	RP11-889L3.4
HSCHR4_1	69176103	69215822	ENSG00000257413	YTHDC1
X	12924739	12941288	ENSG00000101916	TLR8
2	91862883	91862992	ENSG00000222835	RNA5SP100
10	42903616	42967688	ENSG00000182632	CCNYL2
5	148495741	148496043	ENSG00000200161	RN7SKP145
12	29565407	29650619	ENSG00000187950	OVCH1
12	129556270	130388211	ENSG00000151952	TMEM132D
HSCHR6_MHC_MCF	31044059	31044360	ENSG00000257255	CR759772.1
2	91872473	91874507	ENSG00000184303	DRD5P1
2	112248850	112268567	ENSG00000240350	AC017002.1
1	47011316	47017199	ENSG00000162456	KNCN
19	22605315	22608847	ENSG00000269796	AC011516.1
HSCHR6_MHC_MCF	31076239	31081035	ENSG00000227132	XXbac-BPG118E17.9
5	60959972	60960066	ENSG00000212215	RNU6-913P
16	33768122	33768558	ENSG00000270401	RP11-812E19.14
15	55831088	55881145	ENSG00000171016	PYGO1
19	22630736	22631579	ENSG00000268830	AC025811.2
5	61028601	61031496	ENSG00000251575	CTD-2170G1.2
22	31857650	31860190	ENSG00000224623	RP11-247I13.8
2	132143273	132143810	ENSG00000234576	MTND1P26
4	83322731	83323609	ENSG00000250325	IGBP1P4
17	30954757	31013502	ENSG00000264458	RP11-220C2.1
5	148543518	148656339	ENSG00000248647	RP11-331K21.1
11	18174824	18175802	ENSG00000254857	RP11-113D6.3
HSCHR6_MHC_MCF	31100520	31106180	ENSG00000225629	HCG22
2	231385309	231444721	ENSG00000235419	AC010149.4
17	31157237	31157347	ENSG00000201178	Y_RNA
4	83323791	83323859	ENSG00000202440	SNORD42
17	31203777	31205655	ENSG00000226377	AC084809.2
4	83411976	83412788	ENSG00000214988	RPL7AP26
2	112249520	112252388	ENSG00000224959	AC017002.2
19	22638790	22639261	ENSG00000270947	AC025811.3
22	31875369	31875475	ENSG00000199248	RNU6-28P
2	61138438	61138577	ENSG00000201076	RNU4-51P
4	166794410	167025047	ENSG00000038295	TLL1
5	97073598	97074617	ENSG00000251193	RP11-72K17.1
4	83415939	83417431	ENSG00000227304	RP11-791G16.2
2	112315990	112317514	ENSG00000271635	RP11-68E19.1
2	61153044	61158745	ENSG00000267520	RP11-373L24.1
22	31917185	31917578	ENSG00000233733	H2AFZP6
11	18204623	18204712	ENSG00000221037	AC090099.1
16	33775379	33778813	ENSG00000205452	RP11-812E19.3
6	36922209	36932613	ENSG00000164530	PI16
12	27649870	27651522	ENSG00000257037	RP13-200J3.2
19	22640131	22641014	ENSG00000268717	AC025811.1
11	18210435	18211041	ENSG00000224002	AC090099.2
6	100367786	100442123	ENSG00000152034	MCHR2
5	148596086	148656368	ENSG00000253406	AC012613.2
17	31232680	31233602	ENSG00000236377	AC084809.3
11	18210547	18211168	ENSG00000255138	GLTPP1
4	83492290	83492967	ENSG00000249960	RP11-791G16.5
2	112365418	112370095	ENSG00000225744	AC017002.4
2	231437882	231438524	ENSG00000183022	TPM3P8
17	31379125	31379885	ENSG00000264598	RP1-29G21.1
19	50869137	50872588	ENSG00000269392	CTB-191K22.6
11	18218204	18218884	ENSG00000254546	RP11-113D6.9
X	12993227	12995346	ENSG00000205542	TMSB4X
HSCHR6_MHC_MCF	31129315	31129414	ENSG00000263474	U6
19	22646724	22655838	ENSG00000269138	ZNF209P
X	63364752	63366932	ENSG00000226010	RP11-403E24.1
17	31438876	31458761	ENSG00000266535	RP11-40A13.1
5	148727679	148737205	ENSG00000253618	GRPEL2-AS1
19	50900510	50900775	ENSG00000264213	RN7SL324P
2	91874128	91902771	ENSG00000230572	AC027612.3
HSCHR6_MHC_MCF	31168918	31169087	ENSG00000257326	CR936880.1
19	55550476	55582659	ENSG00000160439	RDH13
5	61127774	61128851	ENSG00000249878	CTD-2244C20.1
4	83501270	83502537	ENSG00000248113	RP11-791G16.4
19	50983376	50986608	ENSG00000268854	CTD-2545M3.2
2	112432603	112432920	ENSG00000237583	AC093166.1
22	18593097	18629321	ENSG00000183785	TUBA8
22	31934338	31934575	ENSG00000229169	RP11-247I13.6
1	155200766	155204116	ENSG00000236675	MTX1P1
11	18252970	18270182	ENSG00000255071	SAA2-SAA4
17	31856806	31860779	ENSG00000265544	RP11-31I22.1
12	98918254	98918535	ENSG00000264461	RN7SL179P
19	50990067	50990895	ENSG00000268518	CTD-2545M3.8
5	177612720	177614300	ENSG00000244234	GMCL1P1
5	148751737	148754679	ENSG00000253865	RP11-394O4.3
19	22684501	22684750	ENSG00000270317	AC004004.2
16	33778506	33790097	ENSG00000198555	RP11-598D12.4
12	49976668	49999422	ENSG00000135436	FAM186B
2	61163954	61165184	ENSG00000237522	NONOP2
2	231451836	231451942	ENSG00000199791	RNU6-451P
12	98984501	98984992	ENSG00000225185	RP11-481K9.4
4	83534266	83542590	ENSG00000231782	LINC00575
HSCHR6_MHC_MCF	31176745	31177007	ENSG00000257263	CR938714.1
7	99949983	99951315	ENSG00000235333	PVRIG2P
19	22703797	22710751	ENSG00000260599	CTC-457E21.1
2	231555636	231565244	ENSG00000226125	AC098823.3
7	27147396	27173921	ENSG00000253552	HOXA-AS2
2	112475085	112475414	ENSG00000227842	AC093166.2
HSCHR6_MHC_MCF	31187044	31187230	ENSG00000233504	POLR2LP
5	177771844	177772317	ENSG00000271681	RP11-1259L22.2
19	51058627	51061226	ENSG00000268231	CTD-2560K21.6
5	61173936	61181956	ENSG00000248199	CTD-2244C20.2
11	18269936	18270053	ENSG00000200336	RNA5SP333
5	177777868	177779251	ENSG00000253698	RP11-1259L22.1
2	231589858	231590118	ENSG00000237758	BANF1P3
16	29465822	29469540	ENSG00000181625	SLX1B
19	22715428	22716296	ENSG00000269364	CTC-457E21.2
11	18283529	18284638	ENSG00000212789	ST13P5
5	33987279	34124633	ENSG00000273294	RP11-1084J3.4
19	18794487	18893004	ENSG00000105662	CRTC1
6	8413301	8435794	ENSG00000124786	SLC35B3
19	51261639	51262449	ENSG00000269565	GPR32P1
10	42970991	42990784	ENSG00000185904	LINC00839
2	132152790	132153115	ENSG00000226831	MED15P3
2	61165339	61165739	ENSG00000232713	AC010733.5
7	100032880	100034133	ENSG00000241357	RP11-758P17.2
22	31955469	31955925	ENSG00000214093	RP11-247I13.3
4	83612890	83613621	ENSG00000270480	RP11-57B24.1
2	75887588	75889334	ENSG00000270696	RP11-342K6.1
5	141016517	141020644	ENSG00000164620	RELL2
14	58987941	58988706	ENSG00000258900	HNRNPCP1
5	148786252	148808241	ENSG00000249669	MIR143HG
11	107992243	108018503	ENSG00000075239	ACAT1
11	3360491	3400448	ENSG00000005801	ZNF195
7	100033827	100036127	ENSG00000240211	RP11-758P17.3
HSCHR6_MHC_MCF	31220056	31224226	ENSG00000230983	PSORS1C3
5	177804925	177805219	ENSG00000242341	RN7SL646P
2	71004442	71017775	ENSG00000183733	FIGLA
2	75897115	75897580	ENSG00000271452	RP11-342K6.2
4	83674490	83674583	ENSG00000207746	MIR575
5	97217124	97258399	ENSG00000248202	RP11-455B3.1
1	155206540	155206628	ENSG00000216109	AL713999.1
11	18287940	18288057	ENSG00000201695	RNA5SP334
19	51279398	51289467	ENSG00000261341	CTD-2568A17.1
5	177865682	177870095	ENSG00000245688	CTB-26E19.1
8	38585704	38710546	ENSG00000147526	TACC1
7	100060452	100060725	ENSG00000264758	RN7SL161P
5	61442492	61442773	ENSG00000251983	RN7SKP157
11	18409334	18409407	ENSG00000264603	MIR3159
4	83696614	83697254	ENSG00000270842	RP11-57B24.2
5	77940088	77940668	ENSG00000248909	HMGB1P21
7	100081381	100081466	ENSG00000266372	AC092849.1
14	59030864	59031334	ENSG00000239510	RPL9P5
5	61739003	61739109	ENSG00000199279	RNU6-661P
11	18427156	18428278	ENSG00000256006	AC084117.3
15	55903744	56035288	ENSG00000166450	PRTG
1	155286654	155293967	ENSG00000225855	RUSC1-AS1
2	231616856	231616962	ENSG00000201044	RNU6-268P
7	100107340	100117549	ENSG00000225807	RP11-44M6.1
2	61225887	61226023	ENSG00000222251	RNA5SP95
1	43990858	44089343	ENSG00000142949	PTPRF
2	132160474	132166622	ENSG00000223631	LINC01120
22	32153188	32153482	ENSG00000242251	RN7SL20P
2	231701624	231702100	ENSG00000270891	RP11-499P1.1
2	75924709	75925122	ENSG00000270462	RP11-342K6.3
17	31861129	31868358	ENSG00000265697	RP11-31I22.4
5	61857686	61858043	ENSG00000241991	RP11-95I19.2
14	59237870	59237964	ENSG00000221427	AL121819.1
11	18471659	18472415	ENSG00000256734	RP11-613F22.7
5	97361669	97361843	ENSG00000249101	AC008834.2
19	22738063	22738169	ENSG00000207397	RNU6-1179P
7	100127987	100128282	ENSG00000242101	RN7SL416P
19	51295942	51296841	ENSG00000268375	CTD-2568A17.8
14	59261372	59261747	ENSG00000213598	RP11-112J1.1
5	78004557	78011905	ENSG00000254170	CTD-2073O6.1
22	32212365	32213477	ENSG00000236132	CTA-440B3.1
7	100167754	100168759	ENSG00000184414	RP11-44M6.3
19	22778281	22778965	ENSG00000271149	CTC-457E21.10
19	51302289	51302379	ENSG00000221381	SNORD88B
10	43008958	43048270	ENSG00000234420	ZNF37BP
11	18511790	18512502	ENSG00000256464	RP11-613F22.5
17	31892783	31951141	ENSG00000265125	RP11-31I22.3
5	97421964	97496897	ENSG00000248901	AC008834.1
14	59294397	59294894	ENSG00000258734	RP11-112J1.3
19	51302699	51302789	ENSG00000221241	SNORD88A
6	158589384	158620376	ENSG00000272047	GTF2H5
2	61368732	61372104	ENSG00000212978	AC016747.3
5	178046729	178046999	ENSG00000252464	RN7SKP70
19	51305585	51305675	ENSG00000220988	SNORD88C
5	68646811	68665840	ENSG00000085231	TAF9
7	100187025	100201829	ENSG00000224729	PCOLCE-AS1
19	22779059	22786352	ENSG00000269332	CTC-457E21.3
2	91911049	91911631	ENSG00000271627	RP11-165D20.1
11	18529155	18530367	ENSG00000256588	RP11-613F22.8
17	15696176	15696359	ENSG00000233090	AC015922.7
2	75946246	75947144	ENSG00000270996	RP11-342K6.4
14	59294952	59484046	ENSG00000258583	RP11-112J1.2
5	97538763	97540897	ENSG00000249135	RP11-274E7.1
11	18532590	18533022	ENSG00000256361	RP11-613F22.6
17	15709555	15721056	ENSG00000237057	AC015922.6
X	63430570	63430866	ENSG00000244006	RN7SL799P
7	2291405	2393953	ENSG00000106266	SNX8
2	113033171	113097640	ENSG00000188177	ZC3H6
5	178191862	178245436	ENSG00000250420	AACSP1
6	100832891	100912805	ENSG00000112246	SIM1
4	83814162	83822113	ENSG00000251022	THAP9-AS1
2	91924752	91955465	ENSG00000223703	AC027612.4
11	18617006	18621230	ENSG00000256282	RP11-504G3.4
X	63524927	63526613	ENSG00000213754	RP11-284B18.3
HSCHR6_MHC_MCF	31244106	31250362	ENSG00000223577	HCG27
2	76333142	76334450	ENSG00000233107	SUCLA2P2
X	49091927	49106987	ENSG00000101997	CCDC22
3	72740856	72740962	ENSG00000222838	RNA5SP136
HSCHR19LRC_PGF1_CTG1	54767820	54767928	ENSG00000262247	U6
17	15732683	15767467	ENSG00000227790	AC015922.5
Y	20653626	20709584	ENSG00000251510	AC022486.1
2	112500163	112502239	ENSG00000228615	AC093166.3
3	72821690	72822622	ENSG00000241537	RP11-624D20.1
HSCHR19LRC_PGF1_CTG1	55063157	55063228	ENSG00000265384	CU024913.1
8	144362331	144363860	ENSG00000253716	RP13-582O9.5
5	78049419	78049696	ENSG00000254310	CTD-2045M21.1
1	155316141	155316236	ENSG00000207720	MIR555
HSCHR19LRC_PGF1_CTG1	55139744	55139813	ENSG00000264786	CU041368.1
5	97549106	97549825	ENSG00000238000	RP11-274E7.2
22	32233224	32233284	ENSG00000252909	RNU6-201P
11	10326227	10328944	ENSG00000148926	ADM
12	57390043	57392225	ENSG00000258442	RP11-474N8.5
1	155328503	155328609	ENSG00000207134	RNU6-106P
2	71035775	71047732	ENSG00000152672	CLEC4F
HSCHR19LRC_PGF1_CTG1	55302201	55302307	ENSG00000262125	U6
2	231751215	231761806	ENSG00000232520	AC012507.3
11	18621334	18631802	ENSG00000247595	SPTY2D1-AS1
10	70980059	71027315	ENSG00000156510	HKDC1
10	43050888	43051172	ENSG00000270762	FXYD6P1
3	72925888	72927253	ENSG00000240135	PSMD12P
1	155365801	155366769	ENSG00000227773	ASH1L-IT1
22	32286330	32287420	ENSG00000227813	RP1-180M12.1
12	57515445	57515545	ENSG00000263832	AC023237.1
2	76485160	76486023	ENSG00000228209	AC073091.2
1	155385349	155385453	ENSG00000238805	snoU13
17	58191154	58198048	ENSG00000267295	CTD-2319I12.3
12	57538403	57541402	ENSG00000259125	RP11-545N8.3
17	33338368	33448512	ENSG00000267618	RAD51L3-RFFL
1	155389188	155389291	ENSG00000207144	RNU6-1297P
8	143530791	143626370	ENSG00000181790	BAI1
Y	20670463	20670954	ENSG00000238067	XKRYP1
12	101962131	102079796	ENSG00000196091	MYBPC1
2	112528638	112528711	ENSG00000266063	MIR4771-2
17	15947935	15948275	ENSG00000243686	RPLP1P11
22	32349391	32349493	ENSG00000238910	snoU13
2	91935966	91937021	ENSG00000232531	AC027612.1
5	78295935	78296947	ENSG00000214890	CTD-2299I21.1
5	61871778	61872098	ENSG00000240436	RP11-95I19.1
12	122806669	122808883	ENSG00000256304	RP11-512M8.3
6	43474707	43478424	ENSG00000204052	LRRC73
2	112623375	112623982	ENSG00000230958	AC093166.4
HSCHR6_MHC_MCF	31246516	31248313	ENSG00000226408	XXbac-BPG299F13.14
1	155402969	155404053	ENSG00000237872	POU5F1P4
19	22784247	22784539	ENSG00000240713	RN7SL860P
X	63652281	63654025	ENSG00000230889	SHC1P1
5	62072704	62073090	ENSG00000217416	ISCA1P1
19	22785508	22785590	ENSG00000221790	AC011467.1
12	57422301	57444982	ENSG00000166866	MYO1A
Y	20691244	20691509	ENSG00000233546	PRYP5
22	32359344	32366387	ENSG00000227519	CTA-342B11.1
19	22786071	22791303	ENSG00000268823	CTC-457E21.6
10	128245532	128245633	ENSG00000221717	AL583860.1
17	58203896	58213005	ENSG00000267248	CTD-2319I12.4
2	76487881	76488787	ENSG00000271356	RP11-335E8.1
5	97674448	97675536	ENSG00000176183	CH17-12M21.1
Y	20694212	20694542	ENSG00000230377	TCEB1P7
11	64619114	64655768	ENSG00000110047	EHD1
5	62318746	62319316	ENSG00000249579	RP11-586E1.1
X	63832512	63833142	ENSG00000227261	YWHAZP7
17	68164814	68176189	ENSG00000123700	KCNJ2
2	112645491	112646318	ENSG00000236307	AC104651.1
2	76672205	76672536	ENSG00000200488	RN7SKP203
17	15987356	15987695	ENSG00000233979	AC002553.4
22	32366810	32369462	ENSG00000230866	CTA-342B11.2
X	63842997	63844453	ENSG00000226502	KRT8P27
HSCHR6_MHC_COX	31618146	31649536	ENSG00000258097	AL670886.1
12	122849327	122850176	ENSG00000214760	RPL21P1
8	144372569	144372791	ENSG00000272172	RP13-582O9.7
6	52101479	52109335	ENSG00000112116	IL17F
2	76822539	76822804	ENSG00000251947	RN7SKP164
22	18632666	18660164	ENSG00000184979	USP18
5	93954052	94075141	ENSG00000133302	ANKRD32
5	62597350	62597883	ENSG00000248185	CTD-2049O17.1
19	22788541	22791013	ENSG00000269025	CTC-457E21.5
5	78466057	78466158	ENSG00000201955	RNY3P1
13	30083547	30169825	ENSG00000139514	SLC7A1
3	72933385	72933830	ENSG00000271266	RP11-728B21.3
8	144397091	144397176	ENSG00000263660	AC087793.1
16	679239	684116	ENSG00000127578	WFIKKN1
2	77000035	77000171	ENSG00000200028	RNA5SP98
X	63917758	63918427	ENSG00000225814	GRPEL2P2
2	112687752	112688041	ENSG00000240183	RN7SL297P
17	16002018	16002121	ENSG00000252383	RNU6-314P
8	144432342	144432448	ENSG00000212221	RNU6-220P
HSCHR6_MHC_MCF	31308228	31308595	ENSG00000258058	CR759828.2
12	118573663	118583389	ENSG00000089220	PEBP1
19	22792408	22793403	ENSG00000269316	CTC-457E21.4
5	78487372	78487570	ENSG00000249829	CTC-422A18.1
17	16041082	16041186	ENSG00000199674	RNU6-862P
5	63253720	63276870	ENSG00000248285	RP11-158J3.2
17	58213123	58217442	ENSG00000267095	CTD-2319I12.5
3	72978195	72978744	ENSG00000242960	FTH1P23
8	144448801	144450718	ENSG00000254389	RHPN1-AS1
X	63946628	63946928	ENSG00000236982	RP13-100A9.2
14	96689445	96689684	ENSG00000258788	RP11-404P21.9
17	16095146	16095466	ENSG00000239221	RN7SL442P
7	140372953	140396061	ENSG00000133597	ADCK2
Y	20702866	20706014	ENSG00000250951	USP9YP1
19	22798359	22806773	ENSG00000268038	AC011516.2
11	18686597	18687095	ENSG00000257043	RP11-137N23.1
5	63700339	63782442	ENSG00000236068	AC016561.1
17	58250683	58251183	ENSG00000266960	FAM106DP
2	77213091	77236917	ENSG00000234653	AC079117.1
17	16185328	16185402	ENSG00000221355	MIR1288
HSCHR6_MHC_MCF	31320465	31323637	ENSG00000226050	USP8P1
HSCHR1_2_CTG31	155248063	155263686	ENSG00000261893	CLK2
8	144494919	144499224	ENSG00000253931	RP11-909N17.2
X	64404898	64407145	ENSG00000237971	RP11-231N9.1
17	58308877	58309007	ENSG00000252577	SCARNA20
17	16285466	16285983	ENSG00000265401	RP11-138I1.4
2	91951951	91952044	ENSG00000238320	AC027612.2
17	58322649	58323008	ENSG00000241157	RP11-3K24.1
11	1848709	1858751	ENSG00000149043	SYT8
17	16294748	16295196	ENSG00000265095	FTLP12
8	144499849	144501320	ENSG00000254338	RP11-909N17.3
5	78516765	78516896	ENSG00000206592	SNORA18
11	18728084	18762115	ENSG00000254966	RP11-1081L13.4
10	81355050	81355416	ENSG00000225827	SFTPA3P
17	16317838	16320003	ENSG00000264739	RP11-138I1.2
2	77247462	77247547	ENSG00000211984	AC079117.2
2	91963970	91969195	ENSG00000236969	GGT8P
6	13615559	13632971	ENSG00000225921	NOL7
8	144624143	144631899	ENSG00000254859	RP11-661A12.5
17	16330788	16332033	ENSG00000239203	AC093484.4
5	78525727	78526411	ENSG00000250330	CTC-422A18.2
12	122880089	122885404	ENSG00000257097	RP11-450K4.1
2	61378568	61389240	ENSG00000271889	RP11-493E12.1
1	41326729	41328018	ENSG00000179862	CITED4
22	32377132	32377414	ENSG00000240647	RN7SL305P
X	64435117	64435222	ENSG00000222596	AL445523.1
10	81388513	81391944	ENSG00000226676	RP11-589B3.6
11	66024765	66035331	ENSG00000174996	KLC2
8	144624280	144624570	ENSG00000254144	7SK
6	158733692	158932860	ENSG00000130338	TULP4
22	32435477	32435883	ENSG00000232346	SC22CB-1E7.1
10	128468271	128468343	ENSG00000199321	SNORD60
X	64490793	64492899	ENSG00000225569	CCT4P2
3	135867764	135916083	ENSG00000174579	MSL2
2	77268904	77268989	ENSG00000263447	AC079117.3
10	128609376	128609472	ENSG00000202487	Y_RNA
8	144655660	144659567	ENSG00000255050	RP11-661A12.9
2	77879539	77881794	ENSG00000227088	AC084149.2
10	81420647	81437248	ENSG00000244733	RP11-506M13.3
1	155531821	155533775	ENSG00000235919	ASH1L-AS1
6	137243402	137246777	ENSG00000182747	SLC35D3
22	32517964	32529456	ENSG00000234479	AP1B1P1
5	78579955	78580741	ENSG00000213757	CTC-451P13.1
10	128798541	128824771	ENSG00000223528	RP11-223P11.3
8	144661806	144662840	ENSG00000254741	RP11-661A12.7
5	97727774	97729234	ENSG00000250221	KRT8P32
2	77899341	77900918	ENSG00000230968	AC084149.1
HSCHR6_MHC_MCF	31325200	31326399	ENSG00000227656	RPL3P2
17	3907739	4046314	ENSG00000074755	ZZEF1
8	144683416	144685394	ENSG00000271912	RP11-661A12.14
20	62037542	62103993	ENSG00000075043	KCNQ2
1	155535841	155536097	ENSG00000271267	RP11-29H23.7
5	78806257	78806742	ENSG00000213755	RP11-342F17.1
3	113465866	113530903	ENSG00000114573	ATP6V1A
22	32525676	32526599	ENSG00000237439	RP1-127L4.10
6	151773422	151791236	ENSG00000146476	C6orf211
10	81422844	81526085	ENSG00000226381	RP11-119F19.2
10	43062125	43062931	ENSG00000233837	EIF3LP2
11	18825955	18826033	ENSG00000265940	AC103974.1
5	63835331	63835621	ENSG00000242547	RN7SL169P
8	144714241	144715926	ENSG00000254812	RP11-661A12.12
1	155556435	155571988	ENSG00000225082	DAP3P1
2	78015508	78020213	ENSG00000237077	AC105399.2
HSCHR6_MHC_MCF	31332382	31333836	ENSG00000231309	WASF5P
2	61427114	61427904	ENSG00000273302	RP11-493E12.2
11	18885105	18886056	ENSG00000254529	RP11-583F24.7
18	51679079	51751158	ENSG00000134046	MBD2
HSCHR6_MHC_DBB	32790967	32799736	ENSG00000224212	TAP1
X	64547868	64551113	ENSG00000231857	MORF4L1P5
8	144728080	144728139	ENSG00000252075	RNU7-109P
5	63869396	63869497	ENSG00000201869	RNU6-294P
X	13053737	13062801	ENSG00000187268	FAM9C
11	18892536	18895009	ENSG00000255511	RP11-1081L13.3
8	144778324	144780583	ENSG00000181097	RP11-429J17.2
6	149916009	149970108	ENSG00000186625	KATNA1
22	32530015	32530120	ENSG00000232707	AP1B1P2
1	155560392	155561053	ENSG00000223503	RP11-29H23.6
10	43069633	43134016	ENSG00000272373	ZNF33B
5	78825125	78825916	ENSG00000243160	RP11-342F17.2
HSCHR6_MHC_MCF	31352706	31353440	ENSG00000228713	XXbac-BPG248L24.10
1	155579567	155580171	ENSG00000232519	RP11-29H23.4
1	23279536	23291831	ENSG00000215906	LACTBL1
11	63974150	63991354	ENSG00000149781	FERMT3
X	64576770	64577427	ENSG00000237963	RP11-151G12.2
16	684429	686358	ENSG00000130731	C16orf13
17	47287589	47300587	ENSG00000108798	ABI3
12	98993413	98993661	ENSG00000212443	SNORA53
5	78830676	78830777	ENSG00000207391	Y_RNA
2	92005797	92006650	ENSG00000235235	IGKV1OR-1
22	32537254	32539259	ENSG00000239674	RP1-127L4.7
8	144791177	144795754	ENSG00000254574	RP11-429J17.4
5	79070171	79112013	ENSG00000250258	CTC-431G16.2
HSCHR6_MHC_MCF	31381070	31381196	ENSG00000257632	CR759828.1
1	155584517	155630036	ENSG00000246203	RP11-29H23.5
4	83865891	83865998	ENSG00000199530	Y_RNA
X	64627964	64628565	ENSG00000228158	TLE1P1
4	83870321	83870397	ENSG00000252834	snoR442
22	32555441	32556379	ENSG00000230120	RP1-90G24.8
2	78143060	78145135	ENSG00000233605	AC073628.1
14	96699768	96700438	ENSG00000259036	RP11-404P21.1
11	103276941	103277969	ENSG00000254565	MTND2P26
4	83924565	83924670	ENSG00000251874	RNU6-615P
HSCHR6_MHC_MCF	31508507	31509970	ENSG00000227429	HCP5
14	96725748	96734961	ENSG00000258793	RP11-404P21.3
8	144800416	144801061	ENSG00000254548	RP11-429J17.5
4	84154665	84168366	ENSG00000250057	RP11-576N17.5
2	27587219	27593353	ENSG00000115211	EIF2B4
14	96790045	96790124	ENSG00000238776	snoU13
5	79145375	79145669	ENSG00000238254	CTC-431G16.3
X	64688967	64690260	ENSG00000227534	RP3-323B6.1
2	92028627	92031828	ENSG00000214330	ABCD1P5
4	84158456	84158597	ENSG00000250677	RP11-576N17.2
1	23337327	23342343	ENSG00000227868	C1orf234
7	144737092	144738034	ENSG00000225918	RPL7P59
5	34019553	34043937	ENSG00000082196	C1QTNF3
8	144815253	144815323	ENSG00000265660	MIR4664
22	32595906	32596221	ENSG00000254127	IGLCOR22-1
6	137321108	137366298	ENSG00000016402	IL20RA
8	144816310	144828507	ENSG00000203499	FAM83H-AS1
18	21572737	21715574	ENSG00000168234	TTC39C
4	84168332	84169359	ENSG00000248401	RP11-576N17.3
7	144966607	144967477	ENSG00000226592	AC004911.2
14	59602206	59603139	ENSG00000258685	CTD-2315A10.2
6	25279306	25620758	ENSG00000079691	LRRC16A
HSCHR6_MHC_COX	31620429	31628739	ENSG00000228875	CSNK2B
HSCHR6_MHC_MCF	31540833	31540934	ENSG00000263679	Y_RNA
1	155679889	155680354	ENSG00000227673	RP11-243J18.2
5	126203406	126366500	ENSG00000173926	MARCH3
X	64770778	64772301	ENSG00000227942	FRMD8P1
2	201773696	201828403	ENSG00000115942	ORC2
5	97738246	97738436	ENSG00000250830	MRPS35P2
14	59648311	59648658	ENSG00000258996	CTD-2315A10.1
22	32601102	32665653	ENSG00000242082	RP1-90G24.10
11	103278169	103279104	ENSG00000253245	MTND1P36
7	145280290	145281910	ENSG00000231839	AC073055.2
4	84298516	84299229	ENSG00000251647	RP11-576N17.4
X	64992583	64993474	ENSG00000231809	NANOGP9
2	120436743	120444083	ENSG00000144120	TMEM177
HSCHR6_MHC_COX	32014365	32044486	ENSG00000234539	ATF6B
HSCHR6_MHC_MCF	31563620	31564431	ENSG00000229706	PPIAP9
7	145372975	145378462	ENSG00000230746	AC006007.1
4	84398677	84399577	ENSG00000213608	SLC25A14P1
8	144840323	144853992	ENSG00000254973	RP11-429J17.7
3	3111233	3168297	ENSG00000091181	IL5RA
1	155581011	155720105	ENSG00000203761	MSTO2P
2	152645498	152685006	ENSG00000162980	ARL5A
7	145793180	145793471	ENSG00000264018	RN7SL207P
14	59866741	59866869	ENSG00000252869	AL159140.1
4	84423852	84424187	ENSG00000239525	RPL30P5
7	146593689	146593785	ENSG00000221766	AC084872.1
11	58346584	58388515	ENSG00000186660	ZFP91
5	97745379	97745804	ENSG00000249990	RP11-474J18.2
14	59945992	59992155	ENSG00000258782	RP11-701B16.2
22	32665368	32669097	ENSG00000214076	CPSF1P1
7	146778026	146794701	ENSG00000236795	AC006004.1
8	144871090	144872629	ENSG00000214733	RP11-429J17.8
4	84557349	84557443	ENSG00000201633	Y_RNA
4	84589663	84652908	ENSG00000249171	RP11-767N15.1
12	27699983	27705706	ENSG00000248100	RP11-709A23.1
2	92047410	92047507	ENSG00000237085	AC127391.3
11	103280308	103280385	ENSG00000254824	RP11-37O16.8
2	132181374	132182440	ENSG00000214077	GNAQP1
7	146843434	146843848	ENSG00000226857	DUTP3
3	42055294	42267381	ENSG00000182606	TRAK1
1	41445007	41478235	ENSG00000171793	CTPS1
14	107210932	107211471	ENSG00000211976	IGHV3-73
12	27745394	27746972	ENSG00000256056	RP11-709A23.2
8	146066427	146079121	ENSG00000170619	COMMD5
4	84717589	85214565	ENSG00000250546	RP11-8L2.1
7	146864436	146864664	ENSG00000232391	RANP2
HSCHR6_MHC_MCF	31572245	31572824	ENSG00000236547	RPL15P4
12	27761666	27761979	ENSG00000256557	RP11-1060J15.3
2	132200167	132202467	ENSG00000217950	AC073869.20
11	103546722	103765999	ENSG00000254987	RP11-563P16.1
3	50192478	50226508	ENSG00000001617	SEMA3F
16	29467127	29476300	ENSG00000213648	SULT1A4
7	147075109	147075213	ENSG00000221442	MIR548F4
3	164904508	164914897	ENSG00000121871	SLITRK3
8	144895127	144895212	ENSG00000216090	MIR937
11	103720634	103720708	ENSG00000264200	MIR4693
8	144915440	144916233	ENSG00000255343	RP11-299M14.2
7	147368803	147370235	ENSG00000230190	AC005518.2
22	32669407	32673173	ENSG00000224050	RP1-90G24.6
14	107218676	107219365	ENSG00000224650	IGHV3-74
2	92065995	92068221	ENSG00000227497	PABPC1P6
HSCHR6_MHC_QBL	29968112	29969556	ENSG00000258164	AL845454.1
6	139693393	139695757	ENSG00000164442	CITED2
11	103816276	103817274	ENSG00000255548	RP11-617B3.2
6	100956070	101329248	ENSG00000112249	ASCC3
HSCHR6_MHC_MCF	31580504	31580579	ENSG00000263625	SNORD83
8	144926240	144926325	ENSG00000264144	AC105049.1
HSCHR6_MHC_MCF	31585228	31585305	ENSG00000266755	SNORD83
2	132218533	132219150	ENSG00000232742	RHOQP2
8	145019359	145019447	ENSG00000207574	MIR661
11	104123307	104123343	ENSG00000252251	RNA5SP348
22	32680670	32681118	ENSG00000273325	RP1-90G24.11
5	10679342	10761384	ENSG00000112977	DAP
8	145104030	145106423	ENSG00000204791	CTD-3065J16.6
11	104316596	104480049	ENSG00000256422	RP11-886D15.1
14	107282792	107283280	ENSG00000211979	IGHV7-81
HSCHR6_MHC_MCF	31586431	31587265	ENSG00000234082	DDX39B-AS1
1	150237804	150241980	ENSG00000117362	APH1A
22	18721427	18745407	ENSG00000182824	AC008132.1
20	4201329	4229721	ENSG00000171873	ADRA1D
HSCHR1_2_CTG31	155262778	155275043	ENSG00000263324	HCN3
19	51320937	51322134	ENSG00000180279	CTD-2568A17.5
2	132219394	132221188	ENSG00000273073	RP11-109E12.1
HG871_PATCH	5029587	5060223	ENSG00000265231	AKR1C2
1	23345941	23410182	ENSG00000004487	KDM1A
12	56367697	56388490	ENSG00000111540	RAB5B
22	32723158	32739092	ENSG00000234626	RP1-149A16.12
2	132248733	132248809	ENSG00000265575	MIR4784
6	52128807	52149679	ENSG00000112118	MCM3
22	32752663	32752975	ENSG00000271093	IGLCOR22-2
14	19110203	19118336	ENSG00000215398	RP11-754I20.1
22	32772651	32780330	ENSG00000230736	RP1-149A16.3
19	51333786	51354345	ENSG00000267968	AC011523.2
7	64696164	64697097	ENSG00000237026	RP11-328P23.2
2	78315856	78354932	ENSG00000229494	AC012494.1
14	19119515	19119621	ENSG00000206906	RNU6-458P
4	156750881	156787425	ENSG00000256394	ASIC5
1	47023090	47082515	ENSG00000079277	MKNK1
HSCHR6_MHC_MCF	31667152	31667283	ENSG00000265754	SNORA38
11	104553111	104553309	ENSG00000270449	RP11-681H10.1
22	18834324	18848562	ENSG00000161103	AC008132.13
14	19172103	19188741	ENSG00000257171	RP11-754I20.3
3	130012180	130012603	ENSG00000249253	RP11-77P16.1
11	104743991	104744144	ENSG00000254569	RP11-693N9.1
HSCHR6_MHC_MCF	31702389	31704781	ENSG00000225390	C6orf47-AS1
2	201727875	201727970	ENSG00000252759	Y_RNA
19	51385352	51399654	ENSG00000197588	KLKP1
HSCHR6_MHC_QBL	30016279	30022269	ENSG00000206502	ZNRD1
5	79232402	79263449	ENSG00000250888	RP11-168A11.1
2	201746438	201746544	ENSG00000201499	RNU6-312P
7	64707972	64708122	ENSG00000229064	RP11-746P2.5
17	16342136	16381992	ENSG00000175061	FAM211A-AS1
2	201763743	201763844	ENSG00000252916	RNU6-762P
10	81107225	81115093	ENSG00000108179	PPIF
22	32772669	32773122	ENSG00000243519	IGLVIVOR22-2
2	201792267	201792534	ENSG00000263947	RN7SL694P
14	19195252	19195750	ENSG00000257356	RP11-754I20.2
7	64721415	64721774	ENSG00000225414	RP11-746P2.1
3	130088070	130088187	ENSG00000222683	AC093004.1
2	78639919	78640220	ENSG00000214429	CYCSP6
2	201827986	201873825	ENSG00000183308	AC005037.3
3	130530612	130530939	ENSG00000222783	RN7SKP212
2	132250386	132279146	ENSG00000152117	AC093838.4
7	64728309	64728404	ENSG00000265175	AC092685.1
14	19253848	19253930	ENSG00000238442	CR383657.1
HSCHR1_2_CTG31	155275034	155286629	ENSG00000262785	PKLR
HSCHR6_MHC_QBL	32079238	32097378	ENSG00000254875	EGFL8
3	130546503	130547220	ENSG00000232829	GSTO3P
19	43406231	43423715	ENSG00000170848	PSG6
7	2393721	2420380	ENSG00000106263	EIF3B
7	64791632	64791729	ENSG00000252102	SNORA63
14	19332154	19372787	ENSG00000257959	RP11-536C10.4
HSCHR6_MHC_MCF	31703068	31704007	ENSG00000258259	CR759761.2
14	19336524	19336668	ENSG00000257721	RP11-536C10.2
7	64792309	64792386	ENSG00000200130	SNORA63
2	201927812	201928774	ENSG00000225695	HNRNPA1P35
11	104772276	104789800	ENSG00000235505	RP11-693N9.2
2	201931414	201931914	ENSG00000226658	AC005037.4
12	98999652	98999738	ENSG00000221625	AC013283.1
22	32779773	32781618	ENSG00000241954	RP1-149A16.17
3	130618258	130648820	ENSG00000250592	RP11-39E3.3
GL000204.1	44537	47211	ENSG00000215635	AC145205.1
14	19339405	19345267	ENSG00000258367	RP11-536C10.3
19	51430334	51430831	ENSG00000228674	CTB-147C22.3
5	97745939	97747496	ENSG00000249448	RP11-474J18.1
2	201944565	201944667	ENSG00000252148	RNU6-1206P
6	26458150	26476849	ENSG00000112763	BTN2A1
HSCHR6_MHC_MCF	31707348	31707461	ENSG00000265738	Y_RNA
3	130633185	130633296	ENSG00000252894	Y_RNA
2	201966105	201967859	ENSG00000232719	RP11-13J8.1
HSCHR6_MHC_MCF	31745090	31745152	ENSG00000264873	MIR4646
3	130637070	130637964	ENSG00000249098	RP11-39E3.4
22	32782655	32782855	ENSG00000232218	RP1-149A16.16
11	58346645	58392112	ENSG00000255073	ZFP91-CNTF
2	201966812	201967680	ENSG00000224672	AC007272.3
5	79315432	79315743	ENSG00000251050	RP11-168A11.4
1	155815158	155816415	ENSG00000234937	RP11-101O6.2
2	74710200	74722013	ENSG00000115282	TTC31
HSCHR6_MHC_MCF	31801028	31801130	ENSG00000264951	U6
19	51453441	51466905	ENSG00000269495	CTB-147C22.8
2	201973424	201973553	ENSG00000237078	AC007272.1
X	153498930	153523796	ENSG00000185254	TEX28
5	79328994	79329125	ENSG00000249778	TRMT112P2
3	25061654	25061954	ENSG00000244404	RN7SL216P
22	32979286	32980190	ENSG00000236054	LL22NC03-104C7.1
7	134916731	134943244	ENSG00000146857	STRA8
12	85253492	85307394	ENSG00000072041	SLC6A15
1	155864072	155864177	ENSG00000201614	RNU4-19P
2	202002239	202004750	ENSG00000232133	IMPDH1P10
3	25066498	25066617	ENSG00000201713	RNA5SP125
5	97912045	97912964	ENSG00000251102	CTBP2P4
10	88516407	88692595	ENSG00000107779	BMPR1A
1	155889700	155889836	ENSG00000207475	SNORA42
3	130646598	130647120	ENSG00000251579	RP11-39E3.5
3	25365665	25366150	ENSG00000213877	CFL1P7
5	79348197	79379477	ENSG00000249825	CTD-2201I18.1
1	155895749	155895877	ENSG00000252808	SCARNA4
2	231773567	231774817	ENSG00000230385	AC012507.4
6	43477440	43497323	ENSG00000171453	POLR1C
HSCHR6_MHC_MCF	31808387	31809665	ENSG00000235765	SAPCD1-AS1
19	51471466	51515385	ENSG00000267879	CTB-147C22.9
13	30338508	30424821	ENSG00000122042	UBL3
X	65014187	65015677	ENSG00000233833	ETF1P3
3	165490692	165555260	ENSG00000114200	BCHE
1	155948590	155952777	ENSG00000273002	RP11-336K24.12
22	33031088	33031184	ENSG00000251890	RNA5SP497
2	231822308	231822665	ENSG00000235013	COX20P2
2	202005007	202022546	ENSG00000226312	CFLAR-AS1
19	51517630	51517990	ENSG00000268739	CTC-518B2.12
22	18893541	18901751	ENSG00000183628	DGCR6
5	97974801	97974935	ENSG00000223053	AC022142.1
HSCHR6_MHC_MCF	31822894	31822982	ENSG00000264887	Y_RNA
3	130772161	130791183	ENSG00000250129	RP11-265F19.1
19	51533332	51537591	ENSG00000268906	CTC-518B2.9
22	33179163	33180968	ENSG00000229673	LL22NC01-116C6.1
19	18893583	18902123	ENSG00000105664	COMP
3	25393775	25393883	ENSG00000201962	RNA5SP126
1	155961181	155971578	ENSG00000224276	RP11-336K24.5
X	13336770	13338518	ENSG00000123594	ATXN3L
5	63970680	63971214	ENSG00000224296	MRPL49P1
16	11387067	11387170	ENSG00000238409	snoU13
19	51547063	51555334	ENSG00000268390	CTC-518B2.10
HSCHR6_MHC_MCF	31928014	31928307	ENSG00000233649	DAQB-331I12.5
3	25482655	25482993	ENSG00000229421	AC133141.1
11	58378589	58378759	ENSG00000269570	AP001350.1
1	156047164	156047245	ENSG00000222611	AL355388.1
16	11400297	11400384	ENSG00000221801	MIR548H2
5	98015106	98017071	ENSG00000251553	CTC-463N11.1
1	156161854	156161994	ENSG00000252236	SNORA26
2	78664976	78666047	ENSG00000270470	RP11-601H16.1
22	33210035	33210372	ENSG00000197047	Z73979.1
16	11408924	11409035	ENSG00000199668	Y_RNA
19	51623244	51626222	ENSG00000268581	SIGLEC18P
11	58390146	58393198	ENSG00000242689	CNTF
2	61476915	61477756	ENSG00000271146	RP11-479F13.1
1	156293302	156293487	ENSG00000228155	AL589685.1
14	19364751	19364792	ENSG00000257825	RP11-536C10.5
16	11435666	11439068	ENSG00000263080	RP11-485G7.5
HSCHR6_MHC_MCF	31978673	31985947	ENSG00000223661	C4B-AS1
X	65041097	65042091	ENSG00000230039	RP11-314A15.2
1	156358018	156365401	ENSG00000237390	RP11-139I14.2
16	33790873	33794018	ENSG00000261217	RP11-598D12.3
14	19390865	19391038	ENSG00000257672	RP11-536C10.17
22	33256006	33256420	ENSG00000183531	Z98256.1
5	64315865	64316378	ENSG00000272370	RP11-307L14.1
2	71057347	71062952	ENSG00000116031	CD207
5	110998318	111333161	ENSG00000134986	NREP
2	231849083	231860747	ENSG00000238062	SPATA3-AS1
1	156390123	156390230	ENSG00000207933	MIR9-1
2	202006627	202006689	ENSG00000238829	RNU7-45P
16	11442000	11443178	ENSG00000262703	RP11-485G7.6
8	13424352	13425796	ENSG00000164743	C8orf48
22	33410965	33411446	ENSG00000228194	CTA-415G2.2
6	142379467	142409936	ENSG00000135577	NMBR
HSCHR1_2_CTG31	155180970	155183462	ENSG00000262734	ABC13-48559800H2.2
2	202027207	202027403	ENSG00000235579	AC007283.4
8	145106167	145118735	ENSG00000178814	OPLAH
2	61644022	61644332	ENSG00000234624	AC016894.1
X	65176131	65177038	ENSG00000217835	RP6-159A1.2
14	19400329	19403264	ENSG00000258233	ARHGAP42P5
1	156416204	156426369	ENSG00000236947	RP11-98G7.1
3	25597034	25597097	ENSG00000272166	SNORD5
2	202031688	202032269	ENSG00000234431	AC007283.5
16	11442584	11442653	ENSG00000238774	AC009121.1
3	25706364	25706430	ENSG00000264219	MIR4442
HSCHR6_MHC_MCF	32001063	32001164	ENSG00000266612	hsa-mir-1236
16	33815861	33816297	ENSG00000259990	RP11-598D12.1
16	11474716	11474975	ENSG00000262636	CTD-3088G3.4
HSCHR6_MHC_MCF	32026249	32026275	ENSG00000224639	C4B
2	202077006	202077804	ENSG00000227348	MTND5P25
3	25728387	25728614	ENSG00000238225	CRIP1P2
19	51641227	51641891	ENSG00000267990	CTD-3187F8.15
1	45271585	45272957	ENSG00000188396	TCTEX1D4
HSCHR1_2_CTG31	155195549	155198898	ENSG00000261905	ABC13-48559800H2.1
22	33501369	33502045	ENSG00000228622	RP1-302D9.1
16	11559116	11567030	ENSG00000262999	CTD-3088G3.6
2	202078021	202079383	ENSG00000225796	MTND4P23
17	33426811	33448541	ENSG00000185379	RAD51D
X	65219593	65220913	ENSG00000237311	RP6-159A1.3
8	82797612	82835428	ENSG00000254689	RP11-354A14.1
2	202079376	202079673	ENSG00000235318	AC005037.6
16	33817729	33853828	ENSG00000261197	RP11-598D12.2
5	64316441	64316816	ENSG00000272354	RP11-307L14.2
16	11561497	11561585	ENSG00000272310	snoU13
HSCHR6_MHC_MCF	32052157	32052675	ENSG00000229856	CYP21A1P
8	83010686	83072812	ENSG00000254123	RP11-99H20.1
15	65822756	65870687	ENSG00000074696	PTPLAD1
16	11571888	11572132	ENSG00000265731	RN7SL522P
5	64419196	64419301	ENSG00000207439	Y_RNA
2	202275267	202278031	ENSG00000213090	AC007256.5
19	51647083	51647453	ENSG00000267895	SIGLEC19P
17	31954046	31962076	ENSG00000265115	RP11-31I22.2
1	156453890	156454002	ENSG00000206651	Y_RNA
2	61644379	61644513	ENSG00000206937	SNORA70B
6	36935917	36954074	ENSG00000137409	MTCH1
16	11835766	11838362	ENSG00000262420	RP11-490O6.2
16	33922937	33923144	ENSG00000262561	CTD-2522B17.8
X	65238712	65238821	ENSG00000207939	MIR223
11	58407899	58499447	ENSG00000149124	GLYAT
1	156479646	156481473	ENSG00000260460	RP11-284F21.8
5	64505748	64506775	ENSG00000248288	CTD-2194F4.2
12	130647004	130650285	ENSG00000111432	FZD10
17	32007596	32007902	ENSG00000264643	RP11-118G23.2
11	10329860	10529126	ENSG00000133805	AMPD3
22	33504515	33512280	ENSG00000231253	RP1-302D9.2
X	65275429	65276429	ENSG00000215168	RP11-30M20.1
2	112697879	112698613	ENSG00000225496	AC104651.2
8	13947373	15095848	ENSG00000185053	SGCZ
2	202288236	202288327	ENSG00000202008	Y_RNA
16	33938203	33939259	ENSG00000261440	CTD-2522B17.5
8	83203859	83204614	ENSG00000206228	HNRNPA1P4
17	32015822	32016193	ENSG00000265689	RP11-118G23.1
2	202414354	202415030	ENSG00000234842	AC007163.8
19	51656180	51685222	ENSG00000269072	CTD-3187F8.14
3	25790979	25791387	ENSG00000213872	AC092798.2
2	92071102	92119740	ENSG00000214329	SLC9B1P2
15	42450899	42500514	ENSG00000166887	VPS39
16	11913686	11922702	ENSG00000262117	BCAR4
17	32201337	32201477	ENSG00000221699	AC024610.1
2	202415247	202415772	ENSG00000224299	AC007282.6
2	112709721	112710248	ENSG00000232277	AC104651.3
22	33533126	33533324	ENSG00000233632	RP1-302D9.5
16	691813	698474	ENSG00000172366	FAM195A
8	83426803	83589388	ENSG00000253503	RP11-653B10.1
19	51658545	51658881	ENSG00000269681	CTD-3187F8.6
2	202417582	202418335	ENSG00000227736	AC007163.9
X	65294677	65296189	ENSG00000237294	EIF4BP9
2	61698323	61711265	ENSG00000270820	RP11-355B11.2
2	113028848	113028944	ENSG00000238951	snoU13
2	202418411	202418754	ENSG00000224590	AC007163.10
HSCHR6_MHC_MCF	32052838	32056696	ENSG00000224140	TNXA
HSCHR16_2_CTG3_1	69166418	69202911	ENSG00000262788	CIRH1A
16	33941656	33942010	ENSG00000260087	PCMTD1P2
5	148786526	148793660	ENSG00000253864	AC131025.8
2	202418819	202419113	ENSG00000234731	AC007163.11
X	65580608	65581618	ENSG00000231356	RP13-238N7.2
1	45274154	45281257	ENSG00000222009	BTBD19
8	83775014	83870931	ENSG00000253836	RP11-731N10.1
2	113043634	113043999	ENSG00000235258	AC115115.3
2	202419107	202420774	ENSG00000249177	MTND4P29
X	65657187	65660510	ENSG00000226820	RP11-747I9.1
11	66036004	66044963	ENSG00000174903	RAB1B
16	33943723	33944473	ENSG00000259987	CTD-2522B17.4
14	60113680	60113738	ENSG00000263629	MIR5586
12	56665483	56694176	ENSG00000062485	CS
2	202421615	202422988	ENSG00000227841	MTND5P31
2	231916755	231917352	ENSG00000261829	RP11-223I10.1
5	148808481	148808586	ENSG00000208035	MIR143
14	60386141	60387057	ENSG00000261120	RP11-62H20.1
X	65717590	65719266	ENSG00000235892	PKMP2
19	51670585	51676780	ENSG00000171101	SIGLEC17P
8	83824339	83874161	ENSG00000254394	CTD-2272D18.1
2	231998176	231998344	ENSG00000201574	RNU1-93P
2	113089719	113091836	ENSG00000248341	AC115115.2
16	33944923	33945316	ENSG00000260207	CTD-2522B17.6
5	64546954	64547611	ENSG00000250732	RPEP1
2	232120810	232121019	ENSG00000237039	AC018738.2
4	85154810	85154916	ENSG00000200108	RNU6-774P
7	64800087	64800581	ENSG00000231556	RSL24D1P3
2	78825037	78826532	ENSG00000234877	AC092660.1
19	7981030	7983982	ENSG00000260001	TGFBR3L
2	62115859	62374382	ENSG00000173163	COMMD1
X	13587724	13651694	ENSG00000198759	EGFL6
2	202486369	202488153	ENSG00000241790	ENO1P4
16	11945506	11989468	ENSG00000263307	RP11-166B2.8
4	85165156	85166641	ENSG00000214980	RP11-274J2.1
16	33945949	33946021	ENSG00000265616	AC136932.2
5	64711180	64712049	ENSG00000205644	CTD-2375G15.1
2	232227419	232227504	ENSG00000263641	MIR4777
8	83891646	83892121	ENSG00000253581	CTD-2272D18.2
16	33961052	33962503	ENSG00000256642	LINC00273
16	11974932	11976426	ENSG00000261560	RP11-166B2.3
7	64820847	64822089	ENSG00000232906	RP11-746P2.3
10	122216466	122349367	ENSG00000203805	PPAPDC1A
16	33961652	33961766	ENSG00000207986	AC136932.1
17	79285074	79304474	ENSG00000185332	TMEM105
2	79109573	79109678	ENSG00000202423	RNU6-827P
2	232253687	232259702	ENSG00000224376	AC017104.6
16	11997780	11997994	ENSG00000260318	COX6CP1
16	80213026	80214579	ENSG00000261376	RP11-525K10.2
8	84012211	84013081	ENSG00000254189	RP11-296C13.1
5	148809849	148812397	ENSG00000269936	MIR145
X	153524024	153558700	ENSG00000007350	TKTL1
16	33965426	33965577	ENSG00000200434	RNA5-8SP2
2	79109754	79109860	ENSG00000200048	RNU6-812P
16	80581739	80586411	ENSG00000260183	RP11-109P11.1
7	64927984	64928351	ENSG00000238124	RP11-667F9.2
4	85292546	85301342	ENSG00000248749	RP11-42A4.1
2	102681004	102796334	ENSG00000115594	IL1R1
8	84113187	84114666	ENSG00000253423	RP11-813B8.1
16	34213115	34214215	ENSG00000260854	CTD-2144E22.8
5	79424184	79439706	ENSG00000251675	CTC-458I2.2
16	12002065	12002773	ENSG00000261216	RP11-166B2.5
7	64973686	64973857	ENSG00000226767	RP11-328P23.3
4	85465457	85465672	ENSG00000258013	RPL3P13
2	113103588	113103835	ENSG00000236555	AC115115.4
16	12009518	12009595	ENSG00000266163	AC007216.1
16	80600691	80606705	ENSG00000260737	RP11-18F14.1
2	232298634	232299137	ENSG00000172799	ZBTB8OSP2
7	64990542	65019657	ENSG00000235421	RP11-667F9.1
16	12062365	12062600	ENSG00000260224	UBL5P4
8	84315993	84321135	ENSG00000253898	RP11-51M18.1
2	113337061	113337161	ENSG00000207383	Y_RNA
16	34213746	34213986	ENSG00000261331	CTD-2144E22.7
4	85608881	85609171	ENSG00000239466	RN7SL552P
2	232301812	232302132	ENSG00000230047	AC017104.4
22	33560049	33562425	ENSG00000232073	RP1-302D9.3
4	85724411	85731544	ENSG00000251260	WDFY3-AS1
8	84824948	85052518	ENSG00000254202	RP11-120I21.2
5	148872949	148884233	ENSG00000230551	CTB-89H12.4
2	232320511	232320647	ENSG00000206885	SNORA75
22	33716851	33718799	ENSG00000230741	SC22CB-1D7.1
16	34232106	34232469	ENSG00000256579	AC135776.1
4	85807539	85807639	ENSG00000252062	RNU6-469P
2	232321155	232321234	ENSG00000207280	SNORD20
19	22803285	22803526	ENSG00000268589	CTC-457E21.7
8	85074353	85074706	ENSG00000254195	TPM3P3
5	178267098	178268135	ENSG00000253725	RP11-21I4.2
7	65081990	65084127	ENSG00000230386	RP13-157F18.2
2	79362629	79365553	ENSG00000204787	REG1P
22	33832568	33832655	ENSG00000266012	MIR4764
2	232325082	232325151	ENSG00000202400	SNORD82
16	12070708	12071707	ENSG00000260488	RP11-166B2.7
2	113346617	113372008	ENSG00000243389	AC012442.5
19	22848354	22899793	ENSG00000268981	CTC-457E21.9
4	85887538	85932430	ENSG00000180769	WDFY3-AS2
17	79369275	79375658	ENSG00000263053	RP11-1055B8.6
22	34100772	34100906	ENSG00000253007	SNORA76
2	232354915	232355000	ENSG00000263774	AC017104.1
5	178311716	178311880	ENSG00000206624	RNU1-39P
2	113348373	113349516	ENSG00000228251	AC012442.6
8	85075684	85076799	ENSG00000253362	RP11-120I21.3
2	232366701	232366912	ENSG00000223198	RNU2-22P
22	34119818	34120898	ENSG00000232081	LARGE-IT1
12	57588287	57588359	ENSG00000221365	MIR1228
5	178336711	178337610	ENSG00000213328	RP11-281O15.2
16	12175094	12175759	ENSG00000241641	RPS23P6
5	148924946	148925373	ENSG00000241112	RPL29P14
19	22867969	22869534	ENSG00000198153	ZNF849P
2	232373137	232379050	ENSG00000181798	LINC00471
2	113379386	113379744	ENSG00000231747	AC079922.2
19	7985201	7988135	ENSG00000104976	SNAPC2
5	178349065	178349717	ENSG00000253869	PIGFP1
16	80661448	80662276	ENSG00000260064	RP11-18F14.4
8	85208238	85208323	ENSG00000221185	AC103816.1
16	34257222	34258621	ENSG00000261566	CTD-2144E22.6
12	99188263	99188742	ENSG00000258204	RP11-90E9.1
16	80699358	80699460	ENSG00000265341	AC092332.1
19	22882154	22882487	ENSG00000241282	RPL34P33
16	12187484	12189164	ENSG00000261293	RP11-276H1.2
8	85577994	85578100	ENSG00000206701	RNU6-1040P
5	148983839	148983980	ENSG00000221135	AC021078.1
16	80770257	80776202	ENSG00000260594	CTD-2055G21.1
12	99325460	99370434	ENSG00000257458	RP11-473C19.1
16	12391054	12391180	ENSG00000238685	ACA64
2	232424614	232425075	ENSG00000231494	AC104634.3
8	85591033	85592077	ENSG00000253137	RP11-509P12.1
2	113399409	113403267	ENSG00000237753	AC079922.3
16	34257710	34258136	ENSG00000262885	CTD-2144E22.11
16	12460839	12466439	ENSG00000261394	RP11-165M1.3
2	279558	288851	ENSG00000189292	FAM150B
2	202511439	202511543	ENSG00000222972	RNU6-651P
22	34121000	34146830	ENSG00000224973	LARGE-AS1
2	202627460	202628296	ENSG00000230799	AC007279.2
5	148986200	148986304	ENSG00000222213	RNU6-588P
16	80862632	80926492	ENSG00000260896	RP11-314O13.1
16	34262756	34318684	ENSG00000216671	CCNYL3
5	149075312	149075522	ENSG00000221043	U3
8	85740808	85741714	ENSG00000248978	RP11-98H4.1
6	144128229	144165754	ENSG00000257065	RP3-468K18.5
16	12466669	12467756	ENSG00000260723	RP11-165M1.2
5	149101633	149101933	ENSG00000242928	RN7SL868P
18	21718942	21741567	ENSG00000154040	CABYR
7	65112777	65180636	ENSG00000232270	INTS4L2
2	113601888	113601988	ENSG00000221541	AC079753.1
Y	27177048	27208695	ENSG00000185894	BPY2C
12	130822432	130857182	ENSG00000125207	PIWIL1
19	22891636	22892116	ENSG00000270475	CTC-451A6.5
5	149112388	149112453	ENSG00000199047	MIR378A
5	24487209	24645087	ENSG00000040731	CDH10
15	99676528	99791428	ENSG00000103852	TTC23
8	85776903	85777142	ENSG00000254212	RP11-98H4.4
17	32258151	32263225	ENSG00000265356	RP11-17M24.1
16	12639339	12640541	ENSG00000260601	RP11-552C15.1
2	202673404	202673505	ENSG00000202137	Y_RNA
4	86021649	86021976	ENSG00000201901	RN7SKP48
3	73076959	73077024	ENSG00000238959	RNU7-19P
2	113610905	113611699	ENSG00000180152	AC079753.4
6	158957468	159056460	ENSG00000146433	TMEM181
3	25796416	25797161	ENSG00000213871	TAF9BP1
19	22925726	22926212	ENSG00000268789	VN1R87P
11	58601542	58671688	ENSG00000156689	GLYATL2
8	85832053	85832148	ENSG00000238566	snoU13
3	73131138	73131241	ENSG00000238416	snoU13
17	32303550	32307870	ENSG00000263435	RP11-17M24.2
4	86167310	86168065	ENSG00000248725	RP11-218C23.1
2	202689271	202689555	ENSG00000231124	UBE2V1P11
19	22934985	22937677	ENSG00000180081	CTC-451A6.4
3	73141299	73141408	ENSG00000252651	RNU6-557P
8	85860820	85861909	ENSG00000203413	ACTBP6
5	149311577	149312231	ENSG00000251583	AC008427.2
17	32363700	32366891	ENSG00000226049	TLK2P1
6	151815165	151942328	ENSG00000120262	CCDC170
16	12650210	12651551	ENSG00000259876	CTD-3037G24.4
19	22956655	22957226	ENSG00000269509	CTB-159G17.2
16	12654613	12704901	ENSG00000259899	CTD-3037G24.3
11	104934072	104942268	ENSG00000254750	CASP1P2
2	113690202	113690748	ENSG00000227368	AC079753.5
8	85892308	85892782	ENSG00000253655	IGJP1
4	86643621	86643686	ENSG00000266421	MIR4451
16	81050397	81069364	ENSG00000260213	RP11-303E16.3
16	12814178	12814228	ENSG00000264733	MIR4718
3	25810151	25810202	ENSG00000263385	AC092798.1
17	32407901	32409243	ENSG00000263485	CTC-304I17.4
2	202705852	202705953	ENSG00000221374	AC007242.1
4	86831631	86831696	ENSG00000265774	AC098870.1
5	149319593	149319694	ENSG00000200334	Y_RNA
17	79373540	79433357	ENSG00000171282	RP11-1055B8.7
16	12839730	12851692	ENSG00000260378	CTD-2583P5.1
2	202792162	202792266	ENSG00000212184	RNU6-440P
4	86921480	86921919	ENSG00000273389	RP13-514E23.2
5	149394348	149394717	ENSG00000248696	AC011406.2
17	32445366	32445901	ENSG00000265775	CTC-304I17.3
19	23015003	23042224	ENSG00000268696	ZNF723
3	26057160	26057860	ENSG00000234158	RPEP2
5	98105322	98109173	ENSG00000246763	RGMB-AS1
8	85998850	85999421	ENSG00000253283	RP11-146E23.2
11	104993388	104994066	ENSG00000255430	CASP1P1
2	202817980	202818059	ENSG00000221489	AC007358.1
4	86933449	86935027	ENSG00000261496	RP13-514E23.1
2	113738743	113739011	ENSG00000236124	HMGN2P23
2	202897493	202898260	ENSG00000273209	RP11-107N15.1
19	23023234	23023723	ENSG00000271655	CTD-2579N5.5
17	32447075	32447186	ENSG00000252370	RNA5SP438
11	105028654	105402424	ENSG00000254998	RP11-94P11.4
8	146076632	146127553	ENSG00000196150	ZNF250
13	30776767	30881621	ENSG00000102781	KATNAL1
8	86084312	86089297	ENSG00000260493	RP11-219B4.7
2	202946598	202946701	ENSG00000238770	snoU13
16	81064375	81065090	ENSG00000261061	RP11-303E16.2
19	23044105	23044396	ENSG00000268541	VN1R88P
5	79535306	79535408	ENSG00000239159	snoU13
5	149401130	149401484	ENSG00000241907	RPS20P4
17	32469966	32474066	ENSG00000264791	CTC-304I17.2
16	12853139	12855019	ENSG00000261158	CTD-2583P5.3
2	202978349	202981781	ENSG00000222035	AC079354.3
5	79584268	79585600	ENSG00000249438	KRT18P45
19	23089888	23097091	ENSG00000268296	CTD-2579N5.3
11	105065167	105065673	ENSG00000254767	OR2AL1P
2	113753094	113753514	ENSG00000232090	AC016724.6
12	50031724	50101948	ENSG00000161791	FMNL3
16	12936344	12936467	ENSG00000199474	SNORA27
17	32488756	32491270	ENSG00000263571	CTC-304I17.5
19	41892279	41903384	ENSG00000077348	EXOSC5
16	81087270	81121256	ENSG00000260643	RP11-303E16.8
2	203043383	203044114	ENSG00000231903	AC079354.5
5	149408912	149409015	ENSG00000238369	snoU13
16	12975027	12975350	ENSG00000241932	RP11-14K2.1
8	86089757	86090385	ENSG00000254208	RP11-219B4.3
19	23108179	23108349	ENSG00000269458	CTD-2579N5.4
10	81422948	81424542	ENSG00000272489	RP11-182L21.5
5	79595497	79598666	ENSG00000184188	CTC-512J14.7
5	149473860	149474619	ENSG00000214485	RPL7P1
7	135046547	135194875	ENSG00000080802	CNOT4
17	32496391	32522956	ENSG00000261156	RP11-215E13.1
19	23177770	23178649	ENSG00000271661	CTB-87J17.2
16	13137329	13137433	ENSG00000263984	AC092380.1
3	26257813	26258368	ENSG00000237603	HMGB3P12
16	13291463	13298764	ENSG00000262116	AC009134.1
8	86354080	86377144	ENSG00000253549	RP11-317J10.2
11	18908480	18909467	ENSG00000254541	RP11-583F24.6
6	44400472	44400720	ENSG00000267849	AL133262.1
11	105117607	105117787	ENSG00000255336	RP11-94P11.3
2	113844382	113844488	ENSG00000201805	RNU6-1180P
19	23197877	23206499	ENSG00000261558	CTD-2291D10.2
11	18931983	18932943	ENSG00000255536	RP11-583F24.5
16	13340173	13656775	ENSG00000262801	U91319.1
11	105577025	105578663	ENSG00000255403	AP000641.1
2	113929112	113932937	ENSG00000234174	AC016683.5
5	79602054	79602187	ENSG00000251828	SNORA31
19	23229760	23244554	ENSG00000261615	CTD-2291D10.1
HSCHR6_MHC_MCF	32057494	32058011	ENSG00000230354	STK19P
10	122357721	122359629	ENSG00000177234	C10orf85
5	79611490	79611645	ENSG00000244076	CTC-512J14.1
11	18956532	18961268	ENSG00000255244	RP11-583F24.8
11	66045661	66052772	ENSG00000174871	CNIH2
19	43428286	43441330	ENSG00000221878	PSG7
12	99477561	99477683	ENSG00000202324	RNA5SP366
19	23251275	23254278	ENSG00000269543	CTD-2291D10.3
5	149477969	149478069	ENSG00000199409	Y_RNA
17	32501264	32501336	ENSG00000263383	AC005549.1
11	18977602	18978562	ENSG00000254738	RP11-583F24.4
17	48452420	48474914	ENSG00000108829	LRRC59
17	32503557	32505185	ENSG00000264990	RP11-215E13.2
5	149855094	149865531	ENSG00000254333	CTC-367J11.1
12	99487137	99498789	ENSG00000258039	RP11-406H4.1
HSCHR6_MHC_MCF	32076954	32080483	ENSG00000225540	C4A-AS1
11	18993293	18994250	ENSG00000254720	RP11-583F24.3
8	86436128	86452740	ENSG00000254380	RP11-317J10.4
15	56119120	56285944	ENSG00000069869	NEDD4
6	142454227	142456288	ENSG00000203733	GJE1
HSCHR6_MHC_QBL	32089983	32093681	ENSG00000244444	EGFL8
11	19051244	19051985	ENSG00000255424	RP11-589F4.2
19	23258003	23283163	ENSG00000267886	CTD-2291D10.4
HSCHR6_MHC_MCF	32116948	32117198	ENSG00000257856	CR759792.1
12	100402830	100403616	ENSG00000214203	RPS4XP1
8	86529573	86529741	ENSG00000253680	RP11-59O2.1
11	19218322	19302973	ENSG00000255308	RP11-428C19.4
HSCHR6_MHC_SSTO	31905279	31911713	ENSG00000242335	CFB
HSCHR6_MHC_MCF	32122728	32122848	ENSG00000266726	5S_rRNA
11	105695360	105695496	ENSG00000222663	RNU4-55P
8	86554958	86556701	ENSG00000270971	REXO1L8P
HSCHR6_MHC_MCF	32369506	32370465	ENSG00000225237	HNRNPA1P2
11	105804680	105804760	ENSG00000263371	AP000673.1
19	23305990	23306890	ENSG00000270479	RP11-369G6.3
12	100536836	100538449	ENSG00000257696	RP11-175P13.2
11	19296087	19296816	ENSG00000254544	PCNAP4
8	86566862	86568611	ENSG00000272628	REXO1L3P
11	105845553	105845658	ENSG00000252081	RNU6-277P
5	141018869	141030986	ENSG00000197948	FCHSD1
5	79627392	79628360	ENSG00000227087	RBMX2P5
11	105956717	105972702	ENSG00000254433	RP11-677I18.3
11	19321430	19329905	ENSG00000255160	RP11-428C19.5
8	86726454	86728113	ENSG00000270416	REXO1L12P
3	140770244	140867453	ENSG00000175093	SPSB4
19	23308467	23311345	ENSG00000268105	RP11-369G6.2
HSCHR6_MHC_MCF	32396819	32396925	ENSG00000264557	U6
8	86775087	86776836	ENSG00000271381	REXO1L9P
HSCHR6_MHC_MCF	32434447	32437624	ENSG00000230602	HCG23
2	113969099	114034158	ENSG00000189223	PAX8-AS1
11	105983186	106002843	ENSG00000254580	RP11-677I18.4
5	79646840	79647775	ENSG00000248569	CTC-512J14.5
8	86839131	86840877	ENSG00000270375	REXO1L2P
6	44777054	45345690	ENSG00000196284	SUPT3H
2	120517207	120741394	ENSG00000088179	PTPN4
8	86851934	86963312	ENSG00000253154	CTA-392E5.1
12	100550135	100567437	ENSG00000238105	GOLGA2P5
HSCHR6_MHC_MCF	32502893	32516548	ENSG00000228260	HLA-DRB9
11	19402031	19406561	ENSG00000255270	NAV2-IT1
11	64662007	64684722	ENSG00000110046	ATG2A
20	4666882	4682236	ENSG00000171867	PRNP
11	106120746	106135632	ENSG00000254811	RP11-680E19.1
10	43075172	43078220	ENSG00000272319	AL022345.7
11	19423419	19423528	ENSG00000200687	RNA5SP335
10	43078683	43078835	ENSG00000272387	AL022345.8
11	108027942	108093369	ENSG00000149308	NPAT
8	87029048	87029355	ENSG00000227753	RP11-216N21.1
11	19524219	19528776	ENSG00000255043	NAV2-AS5
19	23309371	23310594	ENSG00000267920	SNX6P1
19	40825443	40854434	ENSG00000160392	C19orf47
2	232450575	232451038	ENSG00000228884	AC104634.2
10	43079215	43079241	ENSG00000271831	AL022345.9
10	43100606	43100711	ENSG00000251783	RNU6-1170P
2	232510711	232510984	ENSG00000239202	RN7SL499P
10	43156176	43157224	ENSG00000232109	AL022344.2
Y	20740303	20740446	ENSG00000230458	GPM6BP1
8	87055331	87055736	ENSG00000243761	RP11-216N21.2
11	19532437	19541443	ENSG00000254622	NAV2-AS4
6	144164481	144184949	ENSG00000135521	LTV1
16	29476288	29479154	ENSG00000258150	RP11-345J4.3
2	232654191	232654597	ENSG00000237641	RP11-690I21.1
10	43169645	43187171	ENSG00000233515	AL022344.4
19	23369034	23369139	ENSG00000221478	AC092329.1
19	23386812	23387358	ENSG00000269471	RP11-15H20.2
2	232674556	232677062	ENSG00000261096	RP11-690I21.2
Y	20743092	20752407	ENSG00000131007	TTTY9B
8	15274724	15624158	ENSG00000104723	TUSC3
19	23419110	23419653	ENSG00000268469	RP11-15H20.3
2	232675058	232675554	ENSG00000260622	RP11-690I21.3
8	87111194	87166454	ENSG00000253675	CTD-3118D11.2
11	19596857	19596919	ENSG00000265210	MIR4486
3	166958075	167099134	ENSG00000169064	ZBBX
10	43189819	43210023	ENSG00000231009	CUBNP1
1	205012325	205047627	ENSG00000184144	CNTN2
11	19612703	19612838	ENSG00000207407	SNORA1
19	23437855	23440741	ENSG00000269837	RP11-15H20.5
2	232756952	232757008	ENSG00000222246	MIR1471
16	34320267	34320490	ENSG00000261053	CTD-2144E22.2
16	81088906	81090031	ENSG00000261141	RP11-303E16.5
11	19732480	19734165	ENSG00000270607	RP11-359E10.1
7	38279181	38289173	ENSG00000227191	TRGC2
8	87192647	87224465	ENSG00000253699	CTD-3118D11.3
2	232843198	232880430	ENSG00000227033	AC105461.1
16	81103459	81110203	ENSG00000261838	RP11-303E16.6
19	23440057	23457034	ENSG00000269107	RP11-15H20.7
5	178365678	178366224	ENSG00000272431	RP11-281O15.8
16	34324872	34339205	ENSG00000260809	CTD-2144E22.10
11	19781550	19781629	ENSG00000264309	MIR4694
6	142468367	142545826	ENSG00000009844	VTA1
2	233037363	233037457	ENSG00000207626	MIR562
5	178396391	178417117	ENSG00000254035	RP11-281O15.4
16	81110924	81112466	ENSG00000245059	RP11-303E16.7
11	20000245	20002883	ENSG00000254542	NAV2-AS3
8	87345503	87355543	ENSG00000254231	CTD-2284J15.1
12	122976660	122976788	ENSG00000252192	SNORA9
7	38292981	38293030	ENSG00000211687	TRGJ2
2	233207826	233208613	ENSG00000251485	AC068134.10
12	123048282	123048309	ENSG00000255972	RP11-324E6.8
16	81140138	81140244	ENSG00000252608	RNU6-1191P
11	20065392	20070849	ENSG00000254453	NAV2-AS2
7	38295938	38295997	ENSG00000211688	TRGJP2
5	178424970	178425816	ENSG00000254158	RP11-281O15.5
2	233214464	233216019	ENSG00000230122	ECEL1P3
16	81344336	81347028	ENSG00000260495	RP11-55K13.1
8	87493983	87495231	ENSG00000250569	NTAN1P2
7	100418651	100418886	ENSG00000263672	RN7SL750P
12	123171672	123200526	ENSG00000256249	RP11-324E6.6
19	23442708	23457053	ENSG00000213971	RP11-15H20.6
11	20141230	20142178	ENSG00000254894	NAV2-AS1
7	100434936	100450238	ENSG00000236305	RP11-126L15.4
5	178509681	178510195	ENSG00000253144	RP11-281O15.7
16	81418623	81418698	ENSG00000273048	MIR4720
2	233244345	233246384	ENSG00000224516	AC068134.8
7	38297480	38305279	ENSG00000211689	TRGC1
11	20595732	20596496	ENSG00000255291	RP11-701I24.1
7	100503919	100504197	ENSG00000239825	RN7SL549P
16	81419068	81421165	ENSG00000272923	RP11-391L3.1
7	100525990	100526160	ENSG00000235926	RP13-650G11.1
5	178804506	178805866	ENSG00000253979	RP11-443C10.2
12	57621757	57621880	ENSG00000202067	Y_RNA
16	81509628	81510124	ENSG00000260229	RP11-391L3.5
8	87515820	87517290	ENSG00000254088	SLC2A3P4
11	20691971	20692843	ENSG00000254906	RP11-701I24.3
12	57809079	57809186	ENSG00000201198	RNU6-879P
10	122610687	122669036	ENSG00000120008	WDR11
5	149923152	149923251	ENSG00000239191	snoU13
5	178804532	178805762	ENSG00000253163	RP11-443C10.1
2	233250460	233252167	ENSG00000244280	ECEL1P2
7	147401386	147401667	ENSG00000270634	RP4-777G9.1
Y	20743949	20790963	ENSG00000240438	OFD1P5Y
17	70036164	70036872	ENSG00000267893	AC007461.1
5	149987990	149994916	ENSG00000253852	CTB-140J7.2
3	3168600	3192563	ENSG00000072756	TRNT1
7	147528862	147528969	ENSG00000207318	RNU6-1184P
8	87605983	87606817	ENSG00000253292	RP11-298P6.5
7	100606878	100611410	ENSG00000225946	RP11-395B7.2
12	57824899	57827718	ENSG00000258001	RP11-756H6.1
2	233280528	233284526	ENSG00000204121	AC068134.5
7	147546976	147547074	ENSG00000251936	RNA5SP249
11	21022427	21022543	ENSG00000201059	RNA5SP336
17	19912657	20222339	ENSG00000128487	SPECC1
5	150050220	150051952	ENSG00000250309	CTC-345K18.2
7	75616155	75623977	ENSG00000189077	TMEM120A
5	178812820	178812993	ENSG00000253617	RP11-443C10.3
7	147637096	147637391	ENSG00000242266	RN7SL456P
17	27181956	27188085	ENSG00000132591	ERAL1
11	21191294	21191683	ENSG00000254816	RP11-670N15.2
8	87669616	87672521	ENSG00000205333	GOLGA2P1
1	45285516	45308735	ENSG00000117425	PTCH2
16	29495010	29517320	ENSG00000169203	RP11-231C14.4
17	48770551	48785285	ENSG00000154945	ANKRD40
7	148086741	148086950	ENSG00000199370	U3
16	81771853	81801311	ENSG00000261218	RP11-960L18.1
5	150310207	150325851	ENSG00000197083	ZNF300P1
5	178882416	178883096	ENSG00000250674	RP11-798K23.1
20	4702556	4709106	ENSG00000171864	PRND
11	21281607	21284116	ENSG00000255167	RP11-670N15.1
7	148135401	148135667	ENSG00000243374	RN7SL72P
17	70117161	70122561	ENSG00000125398	SOX9
5	178893834	178894126	ENSG00000264205	RN7SL71P
6	159047471	159049322	ENSG00000214239	AL591025.1
7	148277493	148277891	ENSG00000213210	AC005229.5
HSCHR1_2_CTG31	155199568	155204076	ENSG00000263231	RP11-263K19.8
5	178930323	178942580	ENSG00000253652	RP11-798K23.4
19	55583388	55599291	ENSG00000131037	EPS8L1
5	150537667	150538023	ENSG00000254298	CTB-17P3.4
11	21305283	21525745	ENSG00000225477	CTD-2302A16.2
HSCHR6_MHC_COX	31312134	31315506	ENSG00000223532	HLA-B
5	150698983	150699337	ENSG00000270904	CTC-224D3.1
10	116054583	116164515	ENSG00000169129	AFAP1L2
8	87670098	87670180	ENSG00000221137	AC013751.1
10	81444250	81444739	ENSG00000224886	BEND3P3
5	178949458	178952075	ENSG00000251545	RP11-798K23.3
8	87672753	87674150	ENSG00000233915	UBE2Q2P10
5	150745994	150810913	ENSG00000253897	CTB-23I7.1
12	27849321	27863703	ENSG00000256377	RP11-1060J15.4
7	100657601	100660889	ENSG00000227053	RP11-395B7.4
6	159057506	159065771	ENSG00000146425	DYNLT1
4	156775890	156841558	ENSG00000151790	TDO2
11	1860219	1862910	ENSG00000130598	TNNI2
9	130577291	130617035	ENSG00000106991	ENG
10	128811765	128824739	ENSG00000232935	RP11-223P11.2
12	123210623	123211051	ENSG00000270134	RP11-324E6.9
HSCHR1_2_CTG31	155216170	155219520	ENSG00000263037	MTX1P1
12	123234028	123234133	ENSG00000256044	RP11-324E6.4
7	148334271	148334679	ENSG00000213209	AC005229.7
12	57904847	57904918	ENSG00000252865	RNU6-594P
8	87719775	87777251	ENSG00000254115	RP11-386D6.1
12	123252646	123252747	ENSG00000206914	Y_RNA
12	57907700	57908023	ENSG00000264046	RN7SL312P
11	66052051	66056641	ENSG00000174851	YIF1A
12	57912946	57913042	ENSG00000208028	MIR616
11	63885744	63886682	ENSG00000256341	RP11-21A7A.3
10	129534323	129534969	ENSG00000188722	AL391005.1
8	87778163	87830786	ENSG00000253778	RP11-386D6.2
10	81563813	81586350	ENSG00000225484	RP11-773D16.1
7	148346639	148347332	ENSG00000270200	RP5-1136G13.1
4	87039065	87141079	ENSG00000250062	RP11-778J15.1
10	129666145	129666751	ENSG00000270778	BUB1P1
7	148393559	148395756	ENSG00000273314	RP5-1136G13.2
20	4711928	4721314	ENSG00000180259	PRNT
11	63996686	64001824	ENSG00000256116	RP11-783K16.14
10	129727640	129732781	ENSG00000232259	RP11-4C20.3
12	58005901	58013421	ENSG00000224713	AC025165.8
11	21405347	21405455	ENSG00000252816	RNA5SP337
8	87788707	87788866	ENSG00000253568	RP11-386D6.3
7	100701580	100701848	ENSG00000222636	RN7SKP54
11	22134994	22138547	ENSG00000254820	CTD-2019O4.1
Y	27768264	27771049	ENSG00000172288	CDY1
HSCHR1_2_CTG31	155221944	155222032	ENSG00000262403	AL713999.2
7	100737328	100741248	ENSG00000260336	RP11-395B7.7
7	148427921	148428020	ENSG00000264918	AC005229.1
5	150748005	150748076	ENSG00000252270	AC034205.1
11	22282755	22283802	ENSG00000255372	CTD-3064C13.1
8	88554214	88767946	ENSG00000253500	AF121898.3
7	148518104	148518165	ENSG00000251712	RNU7-20P
10	129732962	129734431	ENSG00000227076	RP11-4C20.4
5	150757564	150758201	ENSG00000253472	CTB-23I7.2
11	64013436	64015689	ENSG00000256940	RP11-783K16.5
7	148587306	148587607	ENSG00000239468	RN7SL569P
4	87257471	87257767	ENSG00000252757	RN7SKP96
11	22305276	22359791	ENSG00000254768	CTD-2140G10.2
5	150759902	150761942	ENSG00000271494	CTB-23I7.3
10	130114546	130118478	ENSG00000234640	RP11-264E18.1
7	148638580	148638658	ENSG00000252310	RNY5
4	87463635	87463705	ENSG00000266515	MIR4452
5	150857020	150857138	ENSG00000200227	RNA5SP197
10	130711143	130714535	ENSG00000224190	RP11-442O18.2
7	100802754	100802836	ENSG00000264425	MIR4653
2	132292760	132294561	ENSG00000224679	MED15P4
5	150889014	150892330	ENSG00000271795	CTC-251D13.1
8	88587826	88588736	ENSG00000253401	AF121898.2
4	87791344	87792557	ENSG00000243312	RP11-397E7.1
11	22382759	22383840	ENSG00000254540	CTD-2140G10.4
7	100845043	100846807	ENSG00000205267	DGAT2L7P
17	66031635	66042958	ENSG00000182481	KPNA2
5	151031836	151035010	ENSG00000260581	CTB-113P19.4
10	130757036	130758326	ENSG00000232985	RP11-442O18.1
8	88610690	88613862	ENSG00000251563	AF121898.1
5	156588857	156593275	ENSG00000170613	FAM71B
11	22467234	22513565	ENSG00000255323	CTD-2140G10.1
X	13671225	13700083	ENSG00000176896	TCEANC
19	7989372	7991051	ENSG00000178531	CTXN1
10	131076515	131089986	ENSG00000225424	RP11-168C9.1
11	64014411	64016966	ENSG00000257086	RP11-783K16.13
7	100846895	100847776	ENSG00000213394	RP4-747G18.5
10	131286133	131286246	ENSG00000266061	AL355531.1
10	132890654	133109984	ENSG00000176769	TCERG1L
20	4760669	4804291	ENSG00000101265	RASSF2
10	49199649	49207818	ENSG00000188279	FAM25C
8	88800790	88801916	ENSG00000254376	SOX5P
19	43511808	43530664	ENSG00000243130	PSG11
HSCHR6_MHC_COX	31835086	31853014	ENSG00000236759	EHMT2
10	131498729	131499821	ENSG00000237224	RP11-109A6.2
4	87797491	87797805	ENSG00000250202	RP11-397E7.2
11	64059194	64072241	ENSG00000257069	RP11-783K16.10
8	88986393	89031341	ENSG00000253171	CTB-118P15.2
11	22513658	22524392	ENSG00000255357	RP11-34N19.1
3	180701497	180707562	ENSG00000205981	DNAJC19
11	22709897	22709981	ENSG00000222427	RNA5SP338
HG871_PATCH	5077546	5149878	ENSG00000265685	AKR1C3
2	233285371	233286171	ENSG00000237087	AC068134.6
11	22766126	22768414	ENSG00000203507	AC103801.1
5	35852797	35879705	ENSG00000168685	IL7R
11	63991271	63993726	ENSG00000149743	TRPT1
4	87834419	87835970	ENSG00000251411	RP11-397E7.4
12	118587606	118810750	ENSG00000135090	TAOK3
10	81585658	81587358	ENSG00000272447	RP11-182L21.6
8	89339065	89749363	ENSG00000253553	RP11-586K2.1
2	233306744	233312128	ENSG00000223788	DIS3L2P1
16	13425225	13426440	ENSG00000262011	AC003009.1
11	22850926	22966939	ENSG00000246225	RP11-17A1.3
4	20730239	21950422	ENSG00000185774	KCNIP4
5	178954225	178954514	ENSG00000253520	RP11-798K23.5
10	81620329	81621562	ENSG00000214695	NPAP1P2
2	233415184	233415283	ENSG00000266620	MIR5001
16	13552183	13552555	ENSG00000262235	AC003009.2
4	109541722	109551568	ENSG00000109475	RPL34
16	13823994	13873617	ENSG00000262267	U95743.1
10	81630131	81633659	ENSG00000204437	CTSLP6
5	178999157	178999742	ENSG00000249140	PRDX2P3
16	699311	717833	ENSG00000161996	WDR90
11	23186446	23224707	ENSG00000255418	RP11-266A24.1
11	64063509	64063610	ENSG00000207024	Y_RNA
11	64092522	64096976	ENSG00000236935	AP003774.1
5	179022905	179030742	ENSG00000244945	RP11-1379J22.2
16	14016189	14016536	ENSG00000242307	RPS26P52
2	233445658	233476681	ENSG00000237126	AC073254.1
4	87870818	87871276	ENSG00000235043	TECRP1
11	64136074	64136175	ENSG00000221273	MIR1237
X	13707244	13728625	ENSG00000123595	RAB9A
16	14024534	14029492	ENSG00000262732	CTD-2135D7.2
11	64161814	64163303	ENSG00000231680	AP003774.6
6	149979289	150039392	ENSG00000131023	LATS1
2	92128694	92130496	ENSG00000226481	ACTR3BP2
17	70642088	71088851	ENSG00000133195	SLC39A11
16	14047012	14048682	ENSG00000263234	CTD-2135D7.3
4	88087996	88088886	ENSG00000248196	RP11-476C8.2
11	64187863	64200142	ENSG00000231492	AP003774.5
16	34352609	34353327	ENSG00000259979	VN1R68P
16	14103137	14109873	ENSG00000262097	CTD-2135D7.5
4	88128244	88129238	ENSG00000248180	GAPDHP60
X	65896100	65896206	ENSG00000222667	RNU6-394P
11	64268325	64272858	ENSG00000232500	AP005273.1
2	132349325	132384839	ENSG00000204434	POTEKP
16	34368885	34369446	ENSG00000260724	VN1R69P
11	64298516	64300442	ENSG00000237363	AP006288.1
10	28821422	28912041	ENSG00000095787	WAC
16	34375269	34375779	ENSG00000260449	RP11-244B22.14
X	66593415	66595362	ENSG00000226280	RP6-22P16.1
4	167654535	168155947	ENSG00000196104	SPOCK3
16	14112737	14114934	ENSG00000261856	CTD-2135D7.4
11	64413871	64427153	ENSG00000237410	AP001092.4
4	88183083	88187974	ENSG00000250572	RP11-529H2.1
11	64546426	64546877	ENSG00000269038	AP001462.6
16	34378093	34379252	ENSG00000261800	RP11-244B22.11
20	62119366	62130505	ENSG00000101210	EEF1A2
16	14285677	14294134	ENSG00000262529	CTA-276F8.2
16	67918708	67922758	ENSG00000188038	NRN1L
4	88221647	88221735	ENSG00000263981	MIR5705
11	64552393	64553092	ENSG00000269290	RP11-869B15.1
19	7991603	8008805	ENSG00000104980	TIMM44
4	88238322	88266362	ENSG00000255723	RP11-529H2.2
21	35014706	35272165	ENSG00000205726	ITSN1
11	64649007	64649417	ENSG00000230835	AP001187.11
16	14294214	14294836	ENSG00000262470	TVP23CP2
16	34378356	34378845	ENSG00000261836	RP11-244B22.12
12	27855271	27855839	ENSG00000230519	RP11-1060J15.5
1	41481269	41488909	ENSG00000171790	SLFNL1
11	64657298	64657758	ENSG00000203400	AP001187.1
4	88308038	88308326	ENSG00000240966	RN7SL681P
2	217122588	217236750	ENSG00000144583	MARCH4
4	156845270	156875069	ENSG00000256043	CTSO
16	14359347	14360629	ENSG00000257026	AC040173.1
11	64658158	64658547	ENSG00000267804	RP11-665N17.4
4	88331796	88332540	ENSG00000249262	RP11-710E1.1
16	34383828	34384161	ENSG00000261510	RP11-244B22.13
5	98169086	98169415	ENSG00000250162	CSNK1A1P3
12	27857501	27861296	ENSG00000256504	RP11-1060J15.7
17	35969787	36003493	ENSG00000141141	DDX52
3	63819546	63849579	ENSG00000163634	THOC7
11	64658609	64658718	ENSG00000207648	MIR192
12	27905807	27905919	ENSG00000252585	Y_RNA
12	27932754	27934000	ENSG00000256747	RP11-860B13.1
11	64658827	64660921	ENSG00000229719	MIR194-2
16	14369362	14369457	ENSG00000201075	Y_RNA
19	41931264	41934635	ENSG00000177191	B3GNT8
16	14396145	14420210	ENSG00000262454	RP11-65J21.3
12	27951574	27953641	ENSG00000256512	RP11-860B13.3
11	64792862	64793987	ENSG00000270775	AP000436.4
X	66753005	66753829	ENSG00000233710	RP4-808O4.2
12	27959015	27959323	ENSG00000201612	RN7SKP15
11	64817249	64817511	ENSG00000266123	RN7SL114P
2	197831741	198175897	ENSG00000065413	ANKRD44
12	28088456	28088682	ENSG00000256378	RP11-993B23.1
5	98225435	98225537	ENSG00000222610	RNU6-402P
11	64878186	64879167	ENSG00000254501	AP003068.9
X	13730363	13752754	ENSG00000196459	TRAPPC2
5	98264875	98330717	ENSG00000248489	CTD-2007H13.3
16	14397824	14397906	ENSG00000207639	MIR193B
12	28111450	28122746	ENSG00000257042	RP11-993B23.3
11	64884629	64884930	ENSG00000255173	AP003068.12
16	14403142	14403228	ENSG00000199130	MIR365A
X	67011797	67012737	ENSG00000234201	RP11-383C12.2
12	28316231	28343299	ENSG00000247934	RP11-967K21.1
16	14456966	14464123	ENSG00000260009	RP11-65J21.1
6	159071046	159185908	ENSG00000164674	SYTL3
HSCHR16_2_CTG3_1	69221025	69348087	ENSG00000260873	SNTB2
11	64913162	64913443	ENSG00000254455	HIGD1AP10
X	67233312	67234743	ENSG00000260118	RP6-201G10.2
16	14501896	14512729	ENSG00000263257	RP11-65J21.4
16	34404063	34404612	ENSG00000261461	UBE2MP1
10	133604734	133622535	ENSG00000189275	AL450307.1
11	64915055	64915249	ENSG00000222477	RNU2-23P
16	14548061	14548155	ENSG00000198388	AC092291.1
3	12556433	12602558	ENSG00000225526	C3orf83
2	92145462	92151636	ENSG00000234898	CHEK2P3
11	64927665	64927853	ENSG00000255058	AP003068.17
X	67290362	67291609	ENSG00000228328	RP11-516A11.1
16	34407687	34408464	ENSG00000261608	SLC25A1P4
16	14695684	14695951	ENSG00000242430	RN7SL274P
4	157555646	157563606	ENSG00000251283	RP11-171N4.2
5	98272342	98272451	ENSG00000200351	Y_RNA
8	143692405	143696833	ENSG00000198576	ARC
16	14737645	14737706	ENSG00000238964	RNU7-125P
11	64941588	64943941	ENSG00000255200	AP003068.18
16	14789424	14800912	ENSG00000261523	RP11-82O18.2
16	34427061	34430032	ENSG00000260073	RP11-488I20.9
HSCHR16_2_CTG3_1	69209565	69209671	ENSG00000262579	U6
16	14821139	14827204	ENSG00000254609	RP11-719K4.3
14	31760994	31889788	ENSG00000129493	HEATR5A
HSCHR16_2_CTG3_1	69225018	69225118	ENSG00000262354	Y_RNA
7	148660407	148660502	ENSG00000252316	RNY4
16	34427706	34428105	ENSG00000260590	RP11-244B22.7
15	30375158	30385702	ENSG00000179938	GOLGA8J
16	67927175	67963581	ENSG00000159792	PSKH1
7	148680847	148680948	ENSG00000202354	RNY3
11	64942506	64942973	ENSG00000249251	PGAM1P8
5	98290098	98290676	ENSG00000241597	CTD-2007H13.1
7	148684228	148684340	ENSG00000201098	RNY1
HG871_PATCH	5237654	5261139	ENSG00000266359	AKR1C4
7	148730149	148730259	ENSG00000202528	RNU6-650P
7	148751053	148751265	ENSG00000234565	COX6B1P1
11	23391662	23399190	ENSG00000271491	RP11-787P24.4
17	48796905	48833574	ENSG00000108848	LUC7L3
7	148822785	148823078	ENSG00000240877	RN7SL521P
10	133747955	133773331	ENSG00000175470	PPP2R2D
7	148888135	148888315	ENSG00000239719	RP4-800G7.1
14	19406795	19410111	ENSG00000257504	RP11-536C10.7
11	23425351	23427649	ENSG00000255293	RP11-787P24.1
4	144832667	144833206	ENSG00000249741	RP11-673E1.3
2	92194706	92195147	ENSG00000235147	AC128677.3
7	148972710	148975083	ENSG00000271664	RP4-800G7.3
16	81993524	81996298	ENSG00000260682	7SK
11	23453223	23453345	ENSG00000254564	RP11-787P24.2
X	67321910	67321974	ENSG00000252145	RNU6-1225P
14	19407865	19427443	ENSG00000257644	RP11-536C10.13
11	23493190	23493259	ENSG00000264478	AC100767.1
11	64981311	65010228	ENSG00000197847	SLC22A20
4	144833484	144903607	ENSG00000251600	RP11-673E1.1
X	67352710	67353279	ENSG00000228125	RP11-516A11.3
4	109571740	109588976	ENSG00000198856	OSTC
1	47073387	47082563	ENSG00000142961	MOB3C
HG871_PATCH	5407201	5416884	ENSG00000265608	UCN3
11	23499614	23501976	ENSG00000254465	PRKRIRP4
6	45295894	45632086	ENSG00000124813	RUNX2
16	82077941	82173236	ENSG00000261235	RP11-510J16.5
1	205052258	205053645	ENSG00000174529	TMEM81
5	98825263	98835071	ENSG00000249444	RP11-93O17.1
4	153242410	153457253	ENSG00000109670	FBXW7
14	19411432	19413685	ENSG00000257175	RP11-536C10.12
X	67580917	67581029	ENSG00000206646	Y_RNA
7	148982372	148994403	ENSG00000244560	RP4-800G7.2
4	157681606	157892546	ENSG00000145431	PDGFC
3	12598513	12625212	ENSG00000075975	MKRN2
X	67694552	67696716	ENSG00000225925	RP13-313G19.2
5	79654899	79655859	ENSG00000220157	HNRNPA1P12
11	23541868	23542748	ENSG00000240881	RP11-713P14.1
16	82144658	82144758	ENSG00000263636	AC138304.1
11	66059341	66064135	ENSG00000179292	TMEM151A
14	19412520	19413898	ENSG00000258364	RP11-536C10.16
19	47249303	47280245	ENSG00000181027	FKRP
HG871_PATCH	5435290	5447022	ENSG00000263440	TUBAL3
16	82154243	82155374	ENSG00000260161	CTD-2588J6.1
4	144874788	145047512	ENSG00000248828	RP11-673E1.4
5	79661545	79661651	ENSG00000206774	RNU6-211P
17	72858619	72869156	ENSG00000161513	FDXR
14	19421521	19422698	ENSG00000257731	RP11-536C10.11
11	23752134	23818516	ENSG00000255193	RP11-945A11.1
HSCHR6_MHC_QBL	32093612	32103496	ENSG00000206324	AGPAT1
2	667335	677439	ENSG00000151353	TMEM18
2	92222172	92223026	ENSG00000223816	IGKV1OR2-2
5	79778112	79783882	ENSG00000249042	CTD-2015H6.3
4	145427052	145430153	ENSG00000261129	RP11-361D14.2
14	19422468	19422980	ENSG00000258076	RP11-536C10.14
2	217277137	217347776	ENSG00000138375	SMARCAL1
X	67759285	67759391	ENSG00000206747	RNU6-245P
16	82203901	82209408	ENSG00000261029	CTD-2588J6.2
11	23782876	23826144	ENSG00000254861	RP11-945A11.2
3	3190676	3221394	ENSG00000113851	CRBN
6	26501449	26510650	ENSG00000124557	BTN1A1
X	67819926	67820315	ENSG00000236735	RPL31P63
14	19443726	19443847	ENSG00000257558	RP11-536C10.15
16	82226110	82226395	ENSG00000251888	RN7SKP190
11	23871324	23871428	ENSG00000252519	RNU6-783P
4	145493390	145494135	ENSG00000250504	KRT18P51
5	151056506	151104343	ENSG00000249035	CTB-113P19.1
16	82381112	82381184	ENSG00000264502	AC024590.1
11	24257023	24283764	ENSG00000254594	RP11-2F20.1
16	82468433	82468986	ENSG00000259873	RP11-481E4.1
14	19468509	19468885	ENSG00000239200	RP11-536C10.1
19	41937223	41946622	ENSG00000105341	ATP5SL
11	66081958	66084515	ENSG00000174807	CD248
15	99791567	99930934	ENSG00000168904	LRRC28
14	19475116	19476455	ENSG00000257635	RP11-536C10.10
5	98858015	98861166	ENSG00000206356	RP11-93O17.2
12	123349882	123351568	ENSG00000256152	RP11-463O12.3
X	67865168	67865369	ENSG00000234463	COX6CP12
7	65216129	65228341	ENSG00000228409	CCT6P1
4	145564074	145582509	ENSG00000248890	HHIP-AS1
14	19478758	19478940	ENSG00000257224	RP11-536C10.9
2	79385500	79412649	ENSG00000224879	AC011754.1
Y	20811557	20812165	ENSG00000235479	RAB9AP4
1	205055270	205091143	ENSG00000117222	RBBP5
2	113998307	113998987	ENSG00000258395	RP11-65I12.1
X	67991165	67992421	ENSG00000232267	ACTR3P2
14	19485970	19495426	ENSG00000257990	NF1P4
9	14081842	14398982	ENSG00000147862	NFIB
2	79720842	79727970	ENSG00000229385	AC010975.1
2	114182072	114182901	ENSG00000234997	AC016745.3
11	3659733	3663546	ENSG00000167311	ART5
12	123459867	123467454	ENSG00000256028	RP11-197N18.2
2	95391419	95391680	ENSG00000237383	CNN2P11
2	79800890	79802719	ENSG00000230237	AC010975.2
2	114190177	114193619	ENSG00000272563	RP11-480C16.1
5	151083850	151084139	ENSG00000222102	RN7SKP232
5	98868332	98870315	ENSG00000227762	GUSBP8
5	79794353	79794790	ENSG00000242706	CTD-2015H6.2
2	114270040	114273062	ENSG00000234148	RP11-395L14.3
Y	20817406	20818076	ENSG00000249606	TRAPPC2P7
11	106180772	106182518	ENSG00000255065	RP11-680E19.2
5	151104392	151104917	ENSG00000272112	CTB-113P19.5
2	79863988	79864089	ENSG00000252031	RNU6-561P
4	145766777	145768496	ENSG00000249193	HSPD1P5
12	58062727	58062822	ENSG00000238436	snoU13
5	79796151	79797219	ENSG00000240003	RPL7P24
12	123495214	123495275	ENSG00000265526	MIR4304
5	151133553	151146808	ENSG00000253921	CTB-113P19.3
12	58068448	58069033	ENSG00000242990	RP11-571M6.1
11	106672075	106672218	ENSG00000264542	AP001282.1
19	18942747	18979045	ENSG00000005007	UPF1
8	143751726	143764142	ENSG00000167653	PSCA
11	106697118	106698616	ENSG00000213252	RP11-819M15.1
4	145772724	145795939	ENSG00000250406	RP13-539F13.3
17	61509665	61523739	ENSG00000008283	CYB561
4	129190397	129209984	ENSG00000164040	PGRMC2
19	40854363	40886346	ENSG00000105223	PLD3
2	79876420	79876485	ENSG00000266436	MIR4264
Y	20835919	20901083	ENSG00000242153	OFD1P6Y
12	58087915	58115293	ENSG00000257342	RP11-571M6.7
11	107047012	107048256	ENSG00000255353	RP11-382M14.1
2	114285145	114300249	ENSG00000231943	RP11-395L14.4
14	19498565	19502394	ENSG00000257853	MED15P1
2	80021396	80021507	ENSG00000263566	AC096753.1
17	73629514	73637484	ENSG00000204323	SMIM5
2	80255138	80257677	ENSG00000224731	AC016716.2
12	58117544	58119448	ENSG00000257499	RP11-571M6.8
11	66097713	66104311	ENSG00000174791	RIN1
4	145841865	145842316	ENSG00000251452	RP13-539F13.2
14	96850961	96851152	ENSG00000222276	RNU2-33P
4	145956284	145956588	ENSG00000222594	RN7SKP235
5	79899202	79899463	ENSG00000251366	DBIP2
11	107182858	107186997	ENSG00000261098	RP11-819C21.1
12	58168032	58168101	ENSG00000266465	AC025165.1
5	68665120	68710628	ENSG00000152942	RAD17
14	96890037	96890546	ENSG00000259059	PEBP1P1
4	146070689	146070801	ENSG00000238713	Y_RNA
12	58197621	58198198	ENSG00000270039	RP11-571M6.17
12	29653773	29937692	ENSG00000133687	TMTC1
4	146190962	146191710	ENSG00000240992	RPS23P4
13	31032884	31191734	ENSG00000189403	HMGB1
14	96922913	96923378	ENSG00000240051	RPL23AP10
2	80389554	80390261	ENSG00000223427	AC016716.1
12	58199937	58200043	ENSG00000206749	RNU6-1083P
4	146256415	146261573	ENSG00000272727	RP11-142A22.4
5	79904442	79918343	ENSG00000251221	CTC-325J23.3
14	96967147	96968658	ENSG00000260806	RP11-872J21.3
6	13615728	13621126	ENSG00000268059	AL441883.1
2	80471748	80471843	ENSG00000221179	AC016670.1
4	146296695	146297405	ENSG00000251333	RTN3P1
11	65134909	65142770	ENSG00000255478	RP11-867O8.5
11	107274130	107275315	ENSG00000225215	SMARCE1P1
11	107456627	107457629	ENSG00000270969	CTD-2355J17.2
14	97059070	97062099	ENSG00000258702	RP11-433J8.1
4	146377157	146377996	ENSG00000248745	NMNAT1P4
2	80802238	80845902	ENSG00000237031	AC008067.2
11	107471105	107471594	ENSG00000255483	AP000889.2
5	151145420	151145939	ENSG00000213433	RP11-54C4.1
11	65190245	65213011	ENSG00000245532	NEAT1
4	146418225	146424123	ENSG00000250582	SMAD1-AS2
15	65871091	65903627	ENSG00000138614	VWA9
12	58208277	58208709	ENSG00000269903	RP11-571M6.18
11	107513613	107514597	ENSG00000254758	AP000889.1
6	151977826	152450754	ENSG00000091831	ESR1
7	65220513	65220646	ENSG00000206634	SNORA22
19	23471422	23472147	ENSG00000268794	VN1R90P
16	82487925	82488023	ENSG00000238321	snoU13
15	30427352	30437770	ENSG00000261247	GOLGA8T
4	146435767	146438270	ENSG00000250902	SMAD1-AS1
12	58218392	58218475	ENSG00000207789	MIR26A2
7	65225039	65225173	ENSG00000206785	SNORA15
HSCHR6_MHC_DBB	30866734	30884964	ENSG00000230985	VARSL
5	151228447	151230352	ENSG00000270978	RP11-54C4.2
16	82529598	82544524	ENSG00000261285	RP11-481E4.2
12	123500727	123500976	ENSG00000265603	RN7SL133P
12	7456880	7481320	ENSG00000215009	ACSM4
4	146520261	146521704	ENSG00000248686	RP11-557J10.5
19	23473651	23473819	ENSG00000268148	VN1R91P
7	65238607	65267054	ENSG00000224316	RP11-479O9.2
19	51688161	51694065	ENSG00000268336	SIGLEC20P
5	79926132	79927409	ENSG00000249655	CTC-325J23.2
5	151255127	151255253	ENSG00000222308	RNA5SP198
12	123565931	123569291	ENSG00000251497	RP11-197N18.7
11	107606735	107609444	ENSG00000254702	CTD-2651C21.3
11	108093211	108239829	ENSG00000149311	ATM
4	146545311	146547187	ENSG00000249245	RP11-557J10.3
19	23506770	23511903	ENSG00000267934	CTB-176F20.3
5	80042158	80042638	ENSG00000248967	RP11-241J12.3
1	47098409	47139539	ENSG00000123472	ATPAF1
6	144185573	144259483	ENSG00000118491	ZC2HC1B
16	82587654	82608815	ENSG00000261176	RP11-2L4.1
8	143781529	143786545	ENSG00000160886	LY6K
19	23563119	23563678	ENSG00000269431	CTB-175P5.1
4	146563488	146571776	ENSG00000248356	RP11-557J10.4
11	65265233	65273940	ENSG00000251562	MALAT1
5	151329132	151650009	ENSG00000254226	CTB-12O2.1
11	107779146	107779490	ENSG00000240652	RP11-832N8.1
10	94821021	94828454	ENSG00000187553	CYP26C1
16	82806924	82863243	ENSG00000260862	RP11-22H5.2
4	146754270	146760732	ENSG00000251687	RP11-181K12.2
5	80151326	80151662	ENSG00000244630	RP11-241J12.1
19	23567332	23568095	ENSG00000268992	CTB-175P5.2
4	146879280	146879392	ENSG00000201314	Y_RNA
12	123736577	123746030	ENSG00000235423	RP11-282O18.3
11	107955640	107955741	ENSG00000200855	Y_RNA
16	82875691	82875805	ENSG00000221395	AC099506.1
4	146973756	146977914	ENSG00000260303	RP11-203B7.2
11	107975801	107992411	ENSG00000255467	RP11-144G7.2
11	65265481	65265876	ENSG00000270117	AP000769.7
7	65279659	65279762	ENSG00000200670	RNU6-912P
16	82878060	82878358	ENSG00000263360	RN7SL134P
19	51697374	51698796	ENSG00000268652	CTD-3187F8.7
5	80243516	80256726	ENSG00000251450	CTC-459I6.1
4	146998998	147029309	ENSG00000251024	RP11-203B7.1
7	65305199	65305583	ENSG00000236529	RP13-254B10.1
16	82986835	83023903	ENSG00000260832	CTD-3253I12.1
11	65281874	65282394	ENSG00000270526	SNRPGP19
19	23582035	23598877	ENSG00000269416	CTB-175P5.4
11	108100230	108100331	ENSG00000206967	Y_RNA
11	65337131	65337744	ENSG00000260233	SSSCA1-AS1
19	51702111	51704705	ENSG00000269253	SIGLEC21P
18	51795774	51847636	ENSG00000101751	POLI
11	108340182	108340279	ENSG00000221607	AP005718.1
16	83416612	83431775	ENSG00000261410	RP11-543N12.1
2	80926513	81097315	ENSG00000230975	AC084193.1
11	108561016	108561683	ENSG00000240698	RPS2P39
4	147030607	147043065	ENSG00000248809	LINC01095
11	65403781	65403840	ENSG00000266041	MIR4690
17	18218624	18226517	ENSG00000176994	SMCR8
22	18900294	18924066	ENSG00000100033	PRODH
11	108598468	108600831	ENSG00000254730	RP11-801G16.2
11	65416663	65416724	ENSG00000265874	MIR4489
16	83434148	83434220	ENSG00000222299	AC009142.1
6	13621730	13711796	ENSG00000010017	RANBP9
17	34522268	34524157	ENSG00000256515	CCL3L3
16	83541951	83542013	ENSG00000263785	MIR3182
5	80293002	80293866	ENSG00000251001	CTD-2193P3.1
19	51714336	51715344	ENSG00000268849	SIGLEC22P
11	65463006	65463306	ENSG00000239356	RN7SL309P
17	7905912	7923657	ENSG00000132518	GUCY2D
16	83743784	83751503	ENSG00000261103	RP11-298D21.3
11	65494410	65495685	ENSG00000214659	KRT8P26
2	114299514	114320875	ENSG00000225398	RP11-395L14.5
X	68003315	68004909	ENSG00000213740	SERBP1P1
19	23627064	23627991	ENSG00000268908	VN1R92P
Y	20903729	20903872	ENSG00000236429	GPM6BP2
2	81421461	81428308	ENSG00000234429	AC105342.1
6	26538633	26546482	ENSG00000182952	HMGN4
GL000192.1	180636	212206	ENSG00000215642	AL360154.1
19	23675230	23695458	ENSG00000268100	ZNF725P
11	108693060	108693377	ENSG00000255379	CYCSP29
Y	20938165	20941313	ENSG00000249501	USP9YP2
7	27168588	27192180	ENSG00000273433	RP1-170O19.22
20	62152077	62153559	ENSG00000125534	PPDPF
X	68393967	68394560	ENSG00000172186	HMGN1P35
11	65513200	65539056	ENSG00000255557	RP11-770G2.2
5	80409204	80410671	ENSG00000249772	CTD-2193P3.2
11	3666358	3685646	ENSG00000129744	ART1
11	65545092	65547316	ENSG00000175827	AP001266.1
1	41492872	41707826	ENSG00000010803	SCMH1
X	68399400	68429767	ENSG00000215162	LINC00269
2	114334959	114336429	ENSG00000226516	FAM138B
11	108828445	108830523	ENSG00000203334	AP003027.1
19	51754485	51774433	ENSG00000268595	CTD-3187F8.2
22	29138019	29153503	ENSG00000100209	HSCB
12	123746607	123746949	ENSG00000269980	RP11-282O18.7
X	68705186	68705495	ENSG00000231706	CYCSP43
4	147043356	147043436	ENSG00000216055	AC097372.1
5	10971952	11904155	ENSG00000169862	CTNND2
19	23778924	23780961	ENSG00000268455	RP11-359H18.2
X	13752832	13787480	ENSG00000046651	OFD1
5	80499903	80597379	ENSG00000247572	CKMT2-AS1
7	27169596	27195542	ENSG00000254369	HOXA-AS3
11	10529434	10530723	ENSG00000255823	MTRNR2L8
4	147162958	147164821	ENSG00000251010	RP11-6L6.7
11	108873192	108908694	ENSG00000255528	RP11-25I9.2
Y	20949636	20949966	ENSG00000228193	TCEB1P14
16	34430150	34431915	ENSG00000261398	RP11-244B22.6
19	51774520	51784488	ENSG00000268318	CTD-3187F8.11
11	108876244	108876350	ENSG00000201243	RNU6-654P
4	147501200	147501362	ENSG00000207182	RNU1-44P
2	233514559	233514845	ENSG00000244384	RN7SL359P
X	68724548	68724666	ENSG00000264604	AL158069.1
12	123767463	123767581	ENSG00000199845	RNA5SP375
16	34442274	34442607	ENSG00000261274	RP11-244B22.5
11	108991605	108991713	ENSG00000200613	RNA5SP349
4	147560413	147560495	ENSG00000264323	AC093887.1
2	233543673	233543775	ENSG00000239170	snoU13
X	68789512	68790200	ENSG00000228160	RP13-57D9.3
12	123773656	123774230	ENSG00000270113	RP11-282O18.6
GL000192.1	222730	407630	ENSG00000234295	AC109135.1
4	147855153	147866623	ENSG00000248764	RP11-292D4.2
11	109134221	109134291	ENSG00000264997	SNORD39
2	233594233	233594908	ENSG00000213055	AC064852.5
16	29674300	29682187	ENSG00000197471	SPN
19	51784116	51786276	ENSG00000269021	CTD-3187F8.12
19	23780143	23780394	ENSG00000240231	RPS27P29
X	68892323	68892441	ENSG00000272351	5S_rRNA
11	109225812	109454633	ENSG00000255028	RP11-708B6.2
Y	20952595	20952937	ENSG00000248573	PRYP6
4	147878590	147896609	ENSG00000248346	RP11-292D4.1
2	233624856	233632659	ENSG00000241409	AC064852.4
X	68912800	68912998	ENSG00000212434	U3
X	69157016	69157867	ENSG00000233229	CNOT7P1
19	51843949	51847371	ENSG00000267905	CTD-2616J11.16
11	10533225	10562777	ENSG00000110315	RNF141
19	23785369	23785908	ENSG00000269320	VN1R93P
2	233647375	233647476	ENSG00000252452	RNU6-107P
11	65556522	65558339	ENSG00000255120	OVOL1-AS1
11	109357694	109358150	ENSG00000254890	RP11-10A7.1
10	81651904	81652931	ENSG00000214584	PGGT1BP2
X	69242707	69242773	ENSG00000211991	MIR676
2	114163973	114164486	ENSG00000231292	IGKV1OR2-108
12	54685895	54694905	ENSG00000123405	NFE2
16	83754724	83806541	ENSG00000260788	RP11-298D21.1
4	147926644	147930297	ENSG00000260090	RP11-292D4.3
2	233693363	233693461	ENSG00000199781	Y_RNA
15	30653443	30686052	ENSG00000166664	CHRFAM7A
2	234113845	234114121	ENSG00000263941	RN7SL32P
X	69340203	69341324	ENSG00000226579	RP11-351K23.3
19	51848423	51856547	ENSG00000267984	CTD-2616J11.9
4	148265781	148265869	ENSG00000221369	MIR548G
2	234184373	234184648	ENSG00000252010	SCARNA5
10	81664654	81710092	ENSG00000242600	MBL1P
4	148347126	148347503	ENSG00000241281	RP11-364M6.1
11	109508194	109508854	ENSG00000254482	RP11-386B1.1
19	51864966	51868798	ENSG00000268520	CTD-2616J11.10
2	234197322	234197586	ENSG00000251791	SCARNA6
19	23945746	24016116	ENSG00000233836	RP11-255H23.2
X	74493920	74524435	ENSG00000094841	UPRT
4	148379876	148380473	ENSG00000249004	RP11-752L20.1
3	140947568	141013748	ENSG00000155893	ACPL2
10	94833232	94837647	ENSG00000095596	CYP26A1
2	234259778	234262062	ENSG00000259793	RP11-400N9.1
19	51897742	51906904	ENSG00000268889	CTD-2616J11.14
Y	20973224	20973715	ENSG00000230904	XKRYP2
2	234263220	234301045	ENSG00000243637	AC019221.4
2	172173919	172291312	ENSG00000123600	METTL8
4	148427243	148427917	ENSG00000251254	GTF2F2P1
12	123833546	123833647	ENSG00000207189	Y_RNA
19	51900009	51906780	ENSG00000268144	NIFKP6
X	69344822	69348921	ENSG00000235382	MTND4P31
11	109622168	109694573	ENSG00000254659	RP11-262A12.1
11	65563417	65564690	ENSG00000255404	RP11-770G2.5
7	65324647	65324753	ENSG00000201560	RNU6-973P
12	123848415	123850660	ENSG00000256092	hsa-mir-8072
2	234288489	234288601	ENSG00000201013	Y_RNA
2	81645847	81646426	ENSG00000231722	AC012075.1
7	27186985	27192217	ENSG00000272801	RP1-170O19.23
4	148488758	148515739	ENSG00000251688	RP11-752L20.5
7	65469004	65469124	ENSG00000224365	RP11-252P18.1
2	234454128	234455678	ENSG00000271639	RP11-289A15.1
11	65751150	65751802	ENSG00000254867	RP11-1167A19.6
19	43568363	43587197	ENSG00000242221	PSG2
7	65490113	65496531	ENSG00000229886	RP5-1132H15.3
2	81689819	81694070	ENSG00000235519	AC012075.2
11	109777730	109778467	ENSG00000254798	TFAMP2
4	148530703	148538396	ENSG00000251298	RP11-425A23.1
11	65820615	65820699	ENSG00000238752	snoU13
2	95400400	95401589	ENSG00000227265	AC073464.4
Y	20987993	20991373	ENSG00000238135	USP9YP10
16	29674600	29710020	ENSG00000103485	QPRT
11	65920092	65920196	ENSG00000238763	snoU13
4	148666454	148666568	ENSG00000252951	RNA5SP165
2	234494085	234494937	ENSG00000228949	UGT1A12P
2	114340536	114340673	ENSG00000221055	MIR1302-3
2	81723338	81723451	ENSG00000200890	RNA5SP99
4	148703746	148703819	ENSG00000264274	MIR4799
11	66012311	66013710	ENSG00000255320	RP11-755F10.1
7	100913219	100913322	ENSG00000207454	RNU6-1104P
19	51917552	51918219	ENSG00000254760	CTD-2616J11.3
2	81893601	81893852	ENSG00000233444	AC013262.1
11	109852918	109853769	ENSG00000224776	RP11-361A21.1
7	65521221	65521305	ENSG00000252997	AC068533.1
14	96829814	96853625	ENSG00000100744	GSKIP
4	148730077	148730358	ENSG00000240014	RN7SL254P
7	100930763	100933052	ENSG00000214252	AZGP1P2
11	66027038	66029305	ENSG00000254461	RP11-755F10.3
7	65535891	65536305	ENSG00000205596	RP5-1132H15.2
19	51918978	51920679	ENSG00000255441	CTD-2616J11.2
4	148837680	148838537	ENSG00000270387	RP11-315D13.1
2	82194203	82194496	ENSG00000242118	RN7SL201P
4	149067622	149130031	ENSG00000250354	RP11-76G10.1
11	66032248	66033137	ENSG00000254855	RP11-867G23.1
2	82210396	82232824	ENSG00000231781	AC079896.1
2	234512199	234513047	ENSG00000227846	UGT1A11P
7	65584590	65629998	ENSG00000234185	RP5-1132H15.1
11	109855969	109856386	ENSG00000270423	RP11-361A21.3
12	123926064	123926399	ENSG00000270445	RP11-972P1.8
2	24150155	24227779	ENSG00000173960	UBXN2A
7	100942894	100944551	ENSG00000232301	RP11-132A1.3
5	98885136	98913661	ENSG00000249515	CTD-2151A2.1
11	66035106	66035600	ENSG00000254762	RP11-867G23.2
4	149447645	149448291	ENSG00000251418	RP11-655B23.1
19	51929601	51929922	ENSG00000268711	CTD-2616J11.15
7	65809291	65809401	ENSG00000252126	RNU6-313P
8	145132905	145134168	ENSG00000255224	CTD-3065J16.9
10	81727969	81732969	ENSG00000273372	RP11-479O17.10
11	58672871	58811000	ENSG00000166840	GLYATL1
7	100951627	100954266	ENSG00000232445	RP11-132A1.4
2	82495551	82497051	ENSG00000229560	AC105761.1
5	98930033	98930444	ENSG00000248236	CTD-2151A2.2
8	145196117	145198567	ENSG00000227473	TSSK5P1
4	149479099	149479200	ENSG00000201846	RNA5SP166
10	81741595	81741968	ENSG00000235924	ZNRF2P3
11	66037303	66045996	ENSG00000245156	RP11-867G23.3
7	101032149	101032361	ENSG00000233683	RP5-1106H14.1
GL000192.1	91796	91912	ENSG00000238953	U6atac
7	65841031	65866325	ENSG00000179406	LINC00174
12	7499281	7632493	ENSG00000177675	CD163L1
GL000192.1	107278	107339	ENSG00000252392	SNORD112
4	149614184	149615475	ENSG00000250357	RP11-503L19.1
10	81742666	81742996	ENSG00000225100	RP11-479O17.7
GL000192.1	112237	112366	ENSG00000238315	AL360154.2
2	82495736	82495830	ENSG00000252897	RNU6-685P
19	51945633	51945904	ENSG00000269181	CTD-3073N11.5
20	62159778	62168723	ENSG00000101213	PTK6
2	114341664	114356655	ENSG00000146556	WASH2P
GL000192.1	415332	415454	ENSG00000238602	5S_rRNA
2	234556572	234557672	ENSG00000234143	UGT1A13P
7	101206059	101212286	ENSG00000233123	LINC01007
HG871_PATCH	5037680	5039572	ENSG00000265915	RP11-499O7.7
8	145210801	145210892	ENSG00000264721	AC104592.1
2	82534191	82534292	ENSG00000201311	Y_RNA
11	66044250	66044963	ENSG00000254452	RP11-867G23.4
19	51971614	51971890	ENSG00000268957	SIGLEC26P
4	149624678	149624984	ENSG00000225176	ATP5LP4
GL000192.1	544948	545107	ENSG00000238421	U1
2	95403082	95403994	ENSG00000213355	CNN2P8
10	38717074	38736820	ENSG00000225119	LINC00999
8	145456008	145456099	ENSG00000264987	AC110280.1
2	82706252	82765835	ENSG00000237498	AC010105.1
19	52008313	52008616	ENSG00000268839	CTD-3073N11.7
4	109663196	109684210	ENSG00000164089	ETNPPL
17	32510103	32510154	ENSG00000265501	AC005549.2
11	66080324	66086708	ENSG00000254458	RP11-867G23.13
5	80538149	80538418	ENSG00000248794	CTD-2248H3.1
17	32658881	32659247	ENSG00000265614	RP11-521P1.1
4	149862093	149863530	ENSG00000249317	CTB-191D16.1
14	60435834	60558501	ENSG00000258553	RP11-16B13.1
17	37793318	37819737	ENSG00000131748	STARD3
19	52011827	52012567	ENSG00000269580	SIGLEC27P
11	66101965	66107346	ENSG00000254756	RP11-867G23.12
17	32806331	32806976	ENSG00000225582	AC011193.1
2	82836776	82837101	ENSG00000226860	AC109638.1
6	41010293	41012076	ENSG00000112212	TSPO2
11	66157080	66157639	ENSG00000254736	RP11-867G23.9
5	98930584	98931001	ENSG00000248928	CTD-2151A2.3
14	60625694	60626042	ENSG00000258896	SCOCP1
2	234602080	234617345	ENSG00000224814	AC114812.8
11	66160920	66161083	ENSG00000202317	RNU1-84P
8	145462709	145485885	ENSG00000204771	CTD-3232M19.2
HG871_PATCH	5091004	5093862	ENSG00000266815	RP11-499O7.4
17	33052528	33053189	ENSG00000264174	RP11-212E8.1
5	81147420	81148020	ENSG00000249483	CTD-2249K22.1
3	12625100	12705725	ENSG00000132155	RAF1
2	234630168	234630711	ENSG00000233445	RPL17P11
4	149912724	149912785	ENSG00000239168	RNU7-197P
19	23981726	23982279	ENSG00000269662	RP11-255H23.3
11	66176629	66184608	ENSG00000254510	RP11-867G23.10
2	95416327	95417038	ENSG00000234837	AC073464.6
4	149948597	149983674	ENSG00000249752	RP11-563M4.1
3	172019438	172019686	ENSG00000267979	AC092964.2
17	33164890	33186065	ENSG00000264622	RP11-642M2.1
19	24000401	24057503	ENSG00000267924	RP11-255H23.4
5	81188309	81188540	ENSG00000214857	SHFM1P1
4	150068954	150070932	ENSG00000250252	RP11-342A1.1
3	172034218	172039513	ENSG00000203443	AC092964.1
1	150240600	150253327	ENSG00000118292	C1orf54
8	146155744	146176274	ENSG00000170631	ZNF16
17	33332107	33336762	ENSG00000224113	RP5-837J1.2
HG871_PATCH	5164279	5177418	ENSG00000263428	AKR1C5P
2	83042108	83042640	ENSG00000226700	MTND4P25
19	24101883	24140732	ENSG00000269289	CTB-92J24.3
16	83759281	83759982	ENSG00000259914	RP11-298D21.2
10	43191483	43201901	ENSG00000234864	AL022344.5
4	88333380	88333498	ENSG00000251716	Y_RNA
4	150075447	150199275	ENSG00000248210	RP11-24I21.1
7	101465527	101468009	ENSG00000259294	CTA-339C12.1
5	99283999	99285287	ENSG00000250391	CTD-2160D9.1
5	81274069	81274138	ENSG00000264142	AC114969.1
4	88381959	88383432	ENSG00000272856	RP11-710E1.2
2	234647598	234650603	ENSG00000248114	AC114812.9
17	33381407	33381513	ENSG00000238858	snoU13
16	83823572	83841439	ENSG00000260228	RP11-483P21.2
16	29753784	29757327	ENSG00000185905	C16orf54
2	83042933	83044652	ENSG00000225045	MTND5P27
17	73642323	73644057	ENSG00000259120	SMIM6
17	33400850	33401393	ENSG00000267457	RP5-837J1.4
2	95425004	95426024	ENSG00000223564	CYP4F32P
4	88489187	88655108	ENSG00000249001	RP11-742B18.1
5	81287814	81288300	ENSG00000236447	ATG10-IT1
17	33403756	33404026	ENSG00000243423	RP5-837J1.1
3	172162923	172166246	ENSG00000121853	GHSR
2	234651396	234652661	ENSG00000227802	DNAJB3
19	47278140	47291851	ENSG00000105281	SLC1A5
5	81305421	81305913	ENSG00000251495	PPIAP11
22	29168662	29185283	ENSG00000159873	CCDC117
2	83044662	83045185	ENSG00000224695	MTND6P7
7	38309092	38309141	ENSG00000211690	TRGJ1
1	45316450	45452282	ENSG00000070785	EIF2B3
4	150273169	150817385	ENSG00000234828	RP11-526A4.1
HG104_HG975_PATCH	145072253	145075585	ENSG00000261721	GRINA
5	81368874	81369521	ENSG00000248192	ATG10-AS1
7	38313188	38313248	ENSG00000211691	TRGJP
2	83045255	83046388	ENSG00000227789	AC098817.3
6	26597180	26600278	ENSG00000146109	ABT1
X	49106897	49121288	ENSG00000049768	FOXP3
7	27197963	27198595	ENSG00000270182	RP1-170O19.21
7	38315860	38315919	ENSG00000211692	TRGJP1
5	126378250	126409184	ENSG00000164241	C5orf63
11	3686817	3692614	ENSG00000129749	CHRNA10
4	88665104	88665205	ENSG00000200024	Y_RNA
17	34538310	34540280	ENSG00000205020	CCL4L1
19	52022985	52023514	ENSG00000268777	CTD-3073N11.9
17	33420928	33420992	ENSG00000253084	RNU6-840P
4	88689637	88689733	ENSG00000238652	snoU13
7	38331217	38331679	ENSG00000211693	TRGV11
17	33424579	33424676	ENSG00000252328	Vault
5	81374246	81374541	ENSG00000265684	RN7SL378P
19	52063375	52063843	ENSG00000269130	SIGLEC28P
1	44115829	44171186	ENSG00000066135	KDM4A
4	88707072	88707523	ENSG00000249973	CHCHD2P7
17	33491262	33494031	ENSG00000267782	RP11-799D4.3
7	27208238	27211534	ENSG00000253187	HOXA10-AS
5	81560976	81561078	ENSG00000251374	RPS23P5
2	234655860	234656725	ENSG00000228445	UGT1A2P
10	133781578	133795435	ENSG00000176171	BNIP3
16	29789561	29793096	ENSG00000174992	ZG16
7	38339412	38339923	ENSG00000211694	TRGV10
17	33515541	33518362	ENSG00000266981	RP11-799D4.2
11	66104804	66112596	ENSG00000174744	BRMS1
11	63993413	63998158	ENSG00000149761	NUDT22
4	88812995	88815167	ENSG00000183199	HSP90AB3P
19	52067050	52068163	ENSG00000268267	SIGLEC29P
2	83083927	83084885	ENSG00000168129	AC098817.5
7	101603396	101605174	ENSG00000272219	CTB-181H17.1
5	99332251	99333636	ENSG00000249963	EEF1A1P20
1	205111632	205180727	ENSG00000133059	DSTYK
17	33517980	33518721	ENSG00000267744	RP11-799D4.1
18	51850728	51884334	ENSG00000174448	STARD6
7	101676303	101677447	ENSG00000272544	CTA-357J21.1
7	38356618	38358462	ENSG00000211695	TRGV9
4	88921389	88921553	ENSG00000202000	RNU1-36P
19	52097814	52109403	ENSG00000269388	AC018755.16
17	18231187	18266856	ENSG00000176974	SHMT1
3	26388172	26389129	ENSG00000230465	VENTXP4
7	101804400	101804617	ENSG00000230110	AC005086.1
4	89084731	89085119	ENSG00000241853	RP11-147K6.1
11	1874200	1913497	ENSG00000130592	LSP1
2	234659263	234662302	ENSG00000248705	AC114812.10
17	33558469	33569982	ENSG00000266947	RP11-799D4.4
5	81841681	81842129	ENSG00000248393	CTD-2015A6.1
7	27209099	27209183	ENSG00000207584	MIR196B
4	89122855	89122962	ENSG00000201707	RNU6-818P
7	101805576	101806076	ENSG00000258040	AC005086.3
4	89127579	89127704	ENSG00000221440	RNU6ATAC31P
3	26660821	26664181	ENSG00000225386	AC099754.1
7	38369944	38370536	ENSG00000211696	TRGV8
2	83446014	83446229	ENSG00000223977	AC138623.1
4	89141721	89144989	ENSG00000251285	RP11-147K6.2
7	27224137	27228912	ENSG00000240990	HOXA11-AS
7	101830099	101830319	ENSG00000256295	AC005086.2
17	33640521	33651919	ENSG00000267364	RP11-47L3.1
4	150587209	150632301	ENSG00000250905	RP11-707F2.1
4	89147881	89147981	ENSG00000199326	RNU6-1298P
2	234662951	234663991	ENSG00000178836	AC114812.5
17	7942335	7952452	ENSG00000179593	ALOX15B
5	81882595	81883230	ENSG00000248870	CTD-2015A6.2
3	26753798	26754855	ENSG00000234165	AC114877.3
4	89196357	89196460	ENSG00000200469	RNU6-112P
7	38388956	38389623	ENSG00000211697	TRGV5
2	201838441	201936394	ENSG00000155744	FAM126B
4	150711104	150711455	ENSG00000251482	RP11-707F2.2
17	33671250	33671583	ENSG00000267271	RP11-686D22.2
5	99357508	99357610	ENSG00000199378	Y_RNA
4	89206094	89252573	ENSG00000246375	RP11-10L7.1
5	82061223	82062152	ENSG00000249100	CTD-2218K11.2
3	26795428	26795567	ENSG00000221438	AC114877.1
2	83749938	83750626	ENSG00000232548	AC010744.1
1	47124366	47184824	ENSG00000159658	EFCAB14
4	150828712	150828827	ENSG00000202331	RNA5SP167
6	33257079	33266178	ENSG00000204220	PFDN6
4	89251328	89251430	ENSG00000207480	Y_RNA
7	38393316	38394118	ENSG00000211698	TRGV4
4	150855528	150855635	ENSG00000207121	RNU6-1230P
2	95426519	95426861	ENSG00000232502	AC073464.7
4	89415084	89415168	ENSG00000221079	AC083829.1
4	150877360	150879724	ENSG00000250704	RP11-423J7.1
5	82073616	82074405	ENSG00000240411	RPL5P16
4	89429742	89431554	ENSG00000249934	RP11-466G12.3
12	58230875	58236528	ENSG00000257953	RP11-620J15.1
2	62423248	62451866	ENSG00000170340	B3GNT2
10	43221305	43232607	ENSG00000230425	RSU1P1
4	151130858	151130920	ENSG00000238721	RNU7-194P
2	83822080	83822367	ENSG00000224627	RPL37P10
7	38398113	38398763	ENSG00000211699	TRGV3
12	58263618	58290265	ENSG00000245651	RP11-620J15.2
4	89448311	89449321	ENSG00000249755	RP11-466G12.2
4	151343797	151344794	ENSG00000248521	RP11-174F8.1
11	64685025	64701945	ENSG00000068971	PPP2R5B
17	58393195	58393576	ENSG00000271626	RP11-3K24.2
3	172223298	172241297	ENSG00000121858	TNFSF10
16	83831266	83834245	ENSG00000260523	RP11-483P21.3
11	58672897	58676071	ENSG00000224130	AP001652.1
4	89504817	89505123	ENSG00000252322	RN7SKP244
2	73169165	73302747	ENSG00000144040	SFXN5
20	45313004	45318418	ENSG00000172315	TP53RK
17	58511039	58513357	ENSG00000213228	RPL12P38
16	83963401	83964828	ENSG00000260932	RP11-483P21.6
4	89605999	89606105	ENSG00000207524	RNU6-33P
12	58325311	58329958	ENSG00000257698	RP11-620J15.3
5	99381632	99382078	ENSG00000270232	RP11-475J5.7
7	38402465	38403119	ENSG00000233306	TRGV2
4	89630940	89651254	ENSG00000248019	FAM13A-AS1
16	84073523	84073638	ENSG00000199350	RNA5SP432
16	14828542	14840034	ENSG00000261695	RP11-719K4.6
7	38407187	38407770	ENSG00000211701	TRGV1
5	99382154	99382674	ENSG00000270230	RP11-475J5.11
16	84150656	84151176	ENSG00000260018	RP11-505K9.1
4	151500241	151502697	ENSG00000249690	RP11-1336O20.2
16	14860259	14863932	ENSG00000255037	RP11-680G24.1
16	84152898	84154758	ENSG00000260410	RP11-505K9.3
10	43242992	43244135	ENSG00000270552	DUXAP3
4	151560908	151561018	ENSG00000221235	AC110813.1
8	145538253	145538801	ENSG00000254690	GS1-393G12.12
3	27256307	27256509	ENSG00000224237	MINOS1P3
10	133918175	133998313	ENSG00000188385	JAKMIP3
10	43246626	43247593	ENSG00000259869	AL022344.7
4	151642133	151642630	ENSG00000183432	ZBTB8OSP1
2	95452433	95453006	ENSG00000235571	SNX18P14
HG871_PATCH	5196335	5227379	ENSG00000264006	AKR1CL1
4	90032651	90033519	ENSG00000271359	RP11-84C13.1
16	67961543	67966317	ENSG00000141086	CTRL
16	14914649	14918563	ENSG00000255277	ABCC6P2
10	43305675	43305778	ENSG00000238732	snoU13
8	145619364	145619445	ENSG00000216133	MIR939
10	43327895	43327998	ENSG00000252416	RNU6-885P
11	58874658	58894883	ENSG00000189057	FAM111B
5	99382681	99384489	ENSG00000271687	MTND5P10
17	58590551	58590911	ENSG00000270553	RP11-15E18.5
4	151891823	151891934	ENSG00000252451	RNA5SP168
10	43366969	43369508	ENSG00000234944	RP11-124O11.1
8	145625476	145625559	ENSG00000221802	MIR1234
5	156693089	156822606	ENSG00000055163	CYFIP2
16	14956237	14956606	ENSG00000270734	RP11-719K4.7
4	151948242	151948769	ENSG00000235606	AK4P6
2	114195268	114253766	ENSG00000136682	CBWD2
17	58603654	58628159	ENSG00000259349	RP11-15E18.1
8	145634876	145635360	ENSG00000272115	GS1-393G12.14
10	43474465	43476955	ENSG00000229630	RP11-124O11.2
16	14995356	14996031	ENSG00000257264	MIR3179-1
4	152023209	152023280	ENSG00000201264	SNORD73
4	90040435	90041022	ENSG00000270720	RP11-84C13.2
8	145660602	145665354	ENSG00000232600	AC084125.4
9	130628759	130640022	ENSG00000106992	AK1
10	24770273	24770632	ENSG00000269879	AL353583.1
11	24477457	24477556	ENSG00000207252	Y_RNA
17	58639371	58639522	ENSG00000267678	RP11-15E18.3
4	152024979	152025043	ENSG00000208797	SNORD73A
10	43493011	43493129	ENSG00000263795	MIR5100
18	51884287	51911588	ENSG00000166845	C18orf54
11	24722821	24723121	ENSG00000255489	CTC-830E23.1
4	90052003	90052104	ENSG00000212226	RNU6-907P
2	95461553	95472197	ENSG00000204717	AC073464.11
17	58642101	58643032	ENSG00000266943	RP11-15E18.2
4	152061143	152062255	ENSG00000270681	RP11-372K14.2
16	15001574	15001638	ENSG00000263918	MIR3670-1
10	43632272	43633782	ENSG00000273008	RP11-351D16.3
HG871_PATCH	5249361	5249936	ENSG00000265761	RP11-445P17.6
11	25162079	25162569	ENSG00000255368	RP11-54J7.2
5	99384692	99386066	ENSG00000270906	RP11-475J5.6
5	38475065	38608456	ENSG00000113594	LIFR
16	15003744	15005202	ENSG00000258354	MIR3180-1
6	159186773	159240444	ENSG00000092820	EZR
3	3742498	4508965	ENSG00000144455	SUMF1
8	145689200	145690484	ENSG00000254578	CTD-2517M22.16
2	109510927	109605828	ENSG00000135960	EDAR
10	43819113	43823380	ENSG00000224265	RP11-168L22.2
4	152180655	152184001	ENSG00000249012	RP11-731D1.1
16	15005077	15005170	ENSG00000265537	hsa-mir-3180-3
4	90472507	90647654	ENSG00000251095	RP11-115D19.1
8	89408666	89408776	ENSG00000251904	RNA5SP272
11	25558824	25558917	ENSG00000265837	AC015820.1
4	152200182	152200344	ENSG00000250350	RP11-731D1.3
8	89497339	89498323	ENSG00000250962	RP11-69I13.1
11	25610021	25610389	ENSG00000240298	RPL36AP40
8	145721001	145730827	ENSG00000255182	CTD-2517M22.14
4	152221670	152221765	ENSG00000252544	RNU6-1282P
3	135969148	136056738	ENSG00000114054	PCCB
4	152254927	152274376	ENSG00000270265	RP11-731D1.4
16	15005408	15029565	ENSG00000183458	RP11-958N24.1
4	152328703	152329987	ENSG00000251611	RP11-610P16.1
19	24110590	24112089	ENSG00000269397	CTB-92J24.2
HSCHR6_MHC_QBL	30024068	30027692	ENSG00000206501	PPP1R11
19	24118022	24118975	ENSG00000269421	ZNF92P3
11	25652266	25652587	ENSG00000255454	RP11-46P12.1
13	31191830	31233686	ENSG00000132952	USPL1
4	152486875	152486961	ENSG00000221657	AC097455.1
4	152497918	152498068	ENSG00000253019	RN7SKP35
4	152588376	152591654	ENSG00000251603	RP11-164P12.4
19	24187160	24187309	ENSG00000201966	RNA5-8SP4
11	25756317	25803305	ENSG00000254456	RP11-405K6.1
2	95476791	95523027	ENSG00000229089	ANKRD20A8P
8	89820547	89821137	ENSG00000271156	RP11-642C5.1
8	90255630	90256022	ENSG00000253621	RP11-255L13.1
19	24216247	24249711	ENSG00000268362	CTD-2017D11.1
8	145721763	145725663	ENSG00000261139	CTD-2517M14.5
4	152595635	152599045	ENSG00000251455	RP11-164P12.3
HSCHR6_MHC_DBB	32880346	32898843	ENSG00000226264	HLA-DMB
19	43670408	43690688	ENSG00000204941	PSG5
8	145737950	145739056	ENSG00000265393	CTD-2517M22.17
10	125767184	125853206	ENSG00000182022	CHST15
11	25945735	25948355	ENSG00000254754	RP11-20J1.1
10	71029740	71161638	ENSG00000156515	HK1
8	90424850	90427300	ENSG00000248231	KRT8P4
4	152720652	152722500	ENSG00000249184	RP11-424M21.1
8	145774891	145775057	ENSG00000255681	AC084125.1
10	49364601	49482941	ENSG00000170324	FRMPD2
8	145784429	145784599	ENSG00000256822	AC084125.2
11	26067534	26069145	ENSG00000255086	RP11-336F14.1
19	24281227	24281782	ENSG00000268058	CTD-2017D11.3
4	90757559	90763129	ENSG00000247775	RP11-67M1.1
4	152808695	152812415	ENSG00000249708	RP11-503L23.1
8	145792691	145792776	ENSG00000265295	AC084125.3
19	24345172	24346227	ENSG00000268442	HAVCR1P1
4	152826084	152849800	ENSG00000249818	RP11-73G16.3
20	45338126	45364965	ENSG00000197496	SLC2A10
16	29802040	29816706	ENSG00000079616	KIF22
19	28129391	28137391	ENSG00000267696	CTB-151G24.1
11	26210670	26229894	ENSG00000255243	CTD-2507G9.1
8	38758753	38831428	ENSG00000169499	PLEKHA2
4	91291274	91291578	ENSG00000252087	RN7SKP248
4	152840620	152865085	ENSG00000248991	RP11-73G16.2
11	26307258	26309554	ENSG00000254819	RP11-430L3.1
4	91604147	91604274	ENSG00000251401	RP11-11N6.1
11	66200234	66200373	ENSG00000201733	SNORA43
11	26448598	26448959	ENSG00000255505	RP11-485O14.1
7	38423305	38671167	ENSG00000078053	AMPH
11	66221705	66222052	ENSG00000254596	CTD-3074O7.7
4	91759652	91760263	ENSG00000187653	TMSB4XP8
4	152877143	152890533	ENSG00000251249	RP11-73G16.1
19	28175488	28284848	ENSG00000261824	LINC00662
11	27068733	27241660	ENSG00000254560	RP11-1L12.3
8	90621638	90769955	ENSG00000251136	RP11-37B2.1
22	29190543	29196585	ENSG00000100219	XBP1
11	66240961	66247704	ENSG00000255517	CTD-3074O7.5
18	21742008	21977844	ENSG00000141447	OSBPL1A
4	152892649	152892765	ENSG00000253077	RNA5SP169
4	153021906	153025872	ENSG00000245954	RP11-18H21.1
7	65860178	65860273	ENSG00000222364	RNU6-96P
4	92029174	92033941	ENSG00000248984	AC004054.1
11	27493276	27503980	ENSG00000254862	RP11-159H22.2
4	157997209	158093242	ENSG00000109738	GLRB
7	65872275	65874226	ENSG00000251451	GS1-124K5.6
19	52102542	52103723	ENSG00000267808	AC018755.17
11	695428	705028	ENSG00000177042	TMEM80
4	92806197	92806405	ENSG00000249891	KRT19P6
7	101831879	101832108	ENSG00000258093	AC005086.4
19	52124389	52124954	ENSG00000244071	RPL9P33
7	101837356	101837444	ENSG00000252824	SNORA48
4	92809037	92825486	ENSG00000249052	RP11-354O24.1
7	101881601	101881686	ENSG00000264642	AC005088.1
7	101936369	101936453	ENSG00000264675	MIR4285
11	58910221	58922512	ENSG00000166801	FAM111A
11	27505397	27505675	ENSG00000242527	RP11-159H22.1
19	52152115	52152863	ENSG00000243469	RPL7P51
11	66303369	66305407	ENSG00000269990	CTD-3074O7.12
1	47134527	47139266	ENSG00000186118	TEX38
4	153067537	153099725	ENSG00000250706	RP11-18H21.2
7	101967674	101969945	ENSG00000170409	CTA-313A17.2
4	129730779	129796379	ENSG00000077684	JADE1
3	156977531	157251408	ENSG00000197415	VEPH1
19	52172658	52172761	ENSG00000238486	snoU13
11	66326337	66327855	ENSG00000250105	CTD-3074O7.2
7	101977281	101977382	ENSG00000200552	Y_RNA
18	52254988	52266724	ENSG00000178690	DYNAP
3	50229045	50233949	ENSG00000114349	GNAT1
19	52188616	52196709	ENSG00000269959	SPACA6P-AS
HSCHR6_MHC_QBL	30027629	30033205	ENSG00000206500	RNF39
7	101977727	101979559	ENSG00000228546	CTA-313A17.3
11	66382435	66382561	ENSG00000199325	RNU4-39P
4	153128573	153147022	ENSG00000251377	RP11-18H21.3
6	33259431	33267101	ENSG00000237441	RGL2
19	52195865	52195934	ENSG00000207550	MIR99B
7	140390577	140422590	ENSG00000090266	NDUFB2
11	66433507	66435845	ENSG00000258297	RP11-658F2.8
8	143808621	143818345	ENSG00000130193	THEM6
16	67963517	67969920	ENSG00000261884	CTC-479C5.12
5	126626523	126801429	ENSG00000145794	MEGF10
HSCHR6_MHC_QBL	32103754	32106193	ENSG00000183574	RNF5
19	52196039	52196117	ENSG00000198972	MIRLET7E
6	41021043	41032250	ENSG00000124701	APOBEC2
11	66480192	66480480	ENSG00000239553	RN7SL12P
11	27528385	27719721	ENSG00000245573	BDNF-AS
19	52196507	52196592	ENSG00000208008	MIR125A
HG871_PATCH	5276550	5305600	ENSG00000265913	RP11-445P17.3
11	66529046	66529870	ENSG00000213409	RP11-658F2.3
3	63850233	63989138	ENSG00000163635	ATXN7
4	153149620	153149686	ENSG00000266244	AC079340.1
5	151875279	151875578	ENSG00000242080	CTC-550M4.1
4	153185301	153185597	ENSG00000244544	RN7SL446P
7	101986192	101996889	ENSG00000166667	SPDYE6
HG871_PATCH	5308225	5313428	ENSG00000265622	RP11-445P17.8
11	66538717	66539138	ENSG00000254984	FTLP6
4	153229435	153231135	ENSG00000270302	RP11-461L13.4
11	66687233	66687294	ENSG00000239099	RNU7-23P
4	153239054	153239516	ENSG00000270883	RP11-461L13.5
11	66701905	66701977	ENSG00000266423	MIR3163
5	151998525	152603103	ENSG00000249484	AC091969.1
4	153241696	153242196	ENSG00000270750	RP11-461L13.3
11	66762950	66763096	ENSG00000252709	U3
HG871_PATCH	5317365	5330662	ENSG00000263758	AKR1C7P
11	63997750	64001758	ENSG00000110011	DNAJC4
11	66988379	66988487	ENSG00000238892	snoU13
4	153258807	153259250	ENSG00000270751	RP11-461L13.2
11	67119043	67141055	ENSG00000256514	AP003419.11
18	52385091	52562747	ENSG00000041353	RAB27B
19	52196593	52215640	ENSG00000182310	SPACA6P
4	153410479	153410568	ENSG00000264678	MIR3140
9	14611069	14693469	ENSG00000175893	ZDHHC21
11	67129885	67130179	ENSG00000201684	RN7SKP239
4	153457416	153460415	ENSG00000268471	MIR4453
8	90835776	90836030	ENSG00000253349	COX6B1P6
11	67162681	67162782	ENSG00000253024	RNU6-1238P
11	10578513	10633236	ENSG00000133800	LYVE1
10	24872538	25012597	ENSG00000107863	ARHGAP21
11	67198838	67202870	ENSG00000255949	AP003419.16
16	67968405	67970990	ENSG00000205220	PSMB10
8	90912949	90913052	ENSG00000207359	RNU6-925P
20	62172163	62178857	ENSG00000125508	SRMS
11	67227339	67227784	ENSG00000269913	CTC-1337H24.1
17	58739694	58739798	ENSG00000200013	RNU6-623P
6	142622991	142767403	ENSG00000112414	GPR126
8	91233716	91581546	ENSG00000253394	LINC00534
4	153472429	153473516	ENSG00000243417	RP11-555K12.1
17	58773674	58773964	ENSG00000239932	RN7SL606P
3	130811665	130811771	ENSG00000201550	RNU6-726P
3	73160143	73160333	ENSG00000223247	RNU2-64P
4	153535027	153535485	ENSG00000240669	RP11-555K12.2
11	67229181	67229791	ENSG00000270169	CTC-1337H24.2
7	102004609	102021080	ENSG00000239969	RP11-163E9.2
5	99386063	99386354	ENSG00000270350	RP11-475J5.9
17	58804526	58804843	ENSG00000224011	AC111155.1
4	153587520	153591259	ENSG00000248571	RP11-768B22.2
3	73231652	73232442	ENSG00000182921	CCDC75P1
11	67309206	67309475	ENSG00000244152	RN7SL59P
17	58826301	58826407	ENSG00000252534	Y_RNA
10	81777469	81777667	ENSG00000229616	RP11-369J21.11
3	73290940	73291047	ENSG00000252937	RNU6-1270P
11	67372992	67374113	ENSG00000255119	RP11-655M14.12
4	153717215	153717983	ENSG00000250980	RP11-529H22.1
2	26531041	26569685	ENSG00000173567	GPR113
11	66112843	66115163	ENSG00000174684	B3GNT1
7	150688083	150711676	ENSG00000164867	NOS3
20	4833002	4990939	ENSG00000089057	SLC23A2
17	58887526	58888823	ENSG00000267083	KRT18P61
3	73643091	73643153	ENSG00000239119	RNU7-119P
HG871_PATCH	5346623	5347057	ENSG00000266169	RP11-445P17.5
8	91475555	91475604	ENSG00000265157	AF070718.1
10	81784493	81784918	ENSG00000224760	C1DP3
5	179084763	179091433	ENSG00000250999	RP11-1379J22.5
6	41040684	41067715	ENSG00000001167	NFYA
8	91523356	91523468	ENSG00000199354	RNA5SP273
17	58888318	58888413	ENSG00000211515	AC079005.1
3	73670864	73675149	ENSG00000239677	PDZRN3-AS1
11	27543152	27543273	ENSG00000212289	RNA5SP339
11	67380124	67383728	ENSG00000231793	DOC2GP
8	91546839	91632298	ENSG00000254180	AB015752.3
17	58928743	58929106	ENSG00000254114	HMGN1P28
7	102020912	102023184	ENSG00000239486	RP11-163E9.1
11	27603227	27603602	ENSG00000240036	RP11-587D21.1
8	91605032	91618293	ENSG00000253799	LINC01030
13	31309645	31338556	ENSG00000132965	ALOX5AP
17	58977252	58977544	ENSG00000264322	RN7SL448P
3	73697550	73697958	ENSG00000242364	RP11-451J24.1
7	102046189	102046302	ENSG00000221510	MIR548O
HSCHR6_MHC_SSTO	31911716	31918721	ENSG00000233801	NELFE
HSCHR6_MHC_QBL	30060243	30070446	ENSG00000137397	TRIM31
17	59039151	59039254	ENSG00000238799	snoU13
7	102067265	102075227	ENSG00000239480	RP11-514P8.2
17	59111997	59147483	ENSG00000267207	RP11-264B14.1
8	91658669	91668826	ENSG00000246792	RP11-68L18.1
20	45523263	45817492	ENSG00000064655	EYA2
5	179106033	179121782	ENSG00000225051	HMGB3P22
3	73857752	73952017	ENSG00000242741	RP11-20B7.1
11	27639173	27656174	ENSG00000254934	LINC00678
10	81142081	81205383	ENSG00000165424	ZCCHC24
16	15009314	15009413	ENSG00000207425	Y_RNA
HSCHR6_MHC_DBB	30514898	30521735	ENSG00000223887	PRR3
16	15082116	15084017	ENSG00000261819	RP11-680G24.4
3	74048956	74054760	ENSG00000239454	RP11-508O18.1
5	99871009	99922445	ENSG00000174132	FAM174A
11	27717859	27899195	ENSG00000255496	RP11-587D21.4
16	84226164	84230659	ENSG00000250685	RP11-486L19.2
16	15104178	15104254	ENSG00000238728	MIR1972-1
11	66115421	66132275	ENSG00000255468	RP11-867G23.8
5	179225278	179225346	ENSG00000221394	MIR1229
11	27827990	27828543	ENSG00000177447	CBX3P1
16	15111963	15114345	ENSG00000260872	RP11-680G24.5
5	179272832	179273152	ENSG00000222448	RN7SKP150
X	49126306	49157929	ENSG00000049769	PPP1R3F
2	234774083	234777090	ENSG00000224287	MSL3P1
2	132360363	132360469	ENSG00000251956	RNU6-617P
16	15188268	15203054	ENSG00000260735	RP11-72I8.1
5	179274035	179274130	ENSG00000252202	Y_RNA
6	21593972	21598847	ENSG00000124766	SOX4
15	56379478	56535483	ENSG00000181827	RFX7
8	91713310	91714104	ENSG00000254182	RP11-68L18.2
3	74150500	74152704	ENSG00000223738	RP11-781E19.1
2	132394598	132407188	ENSG00000224559	LINC01087
1	41827594	41849262	ENSG00000204060	FOXO6
4	92949929	92950119	ENSG00000256889	AC093847.1
5	179360805	179361196	ENSG00000242979	RPS15AP18
4	93103628	93105203	ENSG00000248817	RP11-562F9.1
3	74185110	74186043	ENSG00000213452	AKR1B1P2
5	179366457	179367132	ENSG00000249876	CTC-563A5.4
4	93189918	93198226	ENSG00000249152	RP11-562F9.2
2	132404277	132405945	ENSG00000270930	GRAMD4P8
9	14719722	14722715	ENSG00000147869	CER1
8	91818702	91871468	ENSG00000254251	RP11-662G23.1
4	93623496	93623810	ENSG00000251449	MTND1P19
1	205197304	205242471	ENSG00000133069	TMCC2
X	13789150	13956757	ENSG00000046653	GPM6B
5	179390615	179391419	ENSG00000249412	CTC-563A5.2
10	32832297	33171802	ENSG00000150076	C10ORF68
4	93743137	93744069	ENSG00000249239	RP11-428L21.2
2	234854790	234864079	ENSG00000237581	AC005538.5
3	74215203	74215290	ENSG00000212585	Y_RNA
16	15198178	15225458	ENSG00000188599	NPIPP1
2	132480826	132481852	ENSG00000213222	AC093724.2
3	74583934	74584022	ENSG00000263689	AC128653.1
3	172348039	172429008	ENSG00000144959	NCEH1
8	145809424	145811872	ENSG00000255456	CTD-2517M22.9
6	150045451	150070801	ENSG00000120253	NUP43
8	92028816	92030883	ENSG00000253358	GS1-251I9.3
2	235017725	235018125	ENSG00000226442	AC006037.2
3	75133306	75134388	ENSG00000241022	NIPA2P2
4	93754836	93759993	ENSG00000248627	RP11-428L21.1
HG747_PATCH	66263142	66287383	ENSG00000262275	SLC16A6
8	145923999	145924570	ENSG00000254533	AF186192.1
11	27910385	27912580	ENSG00000224411	RP11-1033A18.1
3	75231907	75232199	ENSG00000242638	RN7SL294P
5	179442303	179442397	ENSG00000198995	MIR340
2	235131482	235133158	ENSG00000261298	RP11-309M7.1
4	93805814	93806258	ENSG00000248750	RP11-131K17.1
11	58938903	58976060	ENSG00000110042	DTX4
11	64701943	64703360	ENSG00000149735	GPHA2
13	31480328	31499709	ENSG00000102802	MEDAG
3	75263627	75263700	ENSG00000266780	MIR4444-1
2	175936978	176033110	ENSG00000115966	ATF2
17	59147217	59147717	ENSG00000267449	RP11-264B14.2
2	132534140	132534601	ENSG00000223588	AC103564.9
4	94239774	94240937	ENSG00000250908	RP11-703C10.1
HSCHR6_MHC_QBL	33090190	33097291	ENSG00000206289	RXRB
3	75263782	75264787	ENSG00000213300	HNRNPA3P6
2	235238127	235238482	ENSG00000237784	AC097713.5
5	179512717	179514038	ENSG00000253480	RP11-39H3.1
17	59147232	59147702	ENSG00000227694	AC005884.1
HG747_PATCH	65947001	65947862	ENSG00000264988	RP11-855A2.3
11	28000216	28041122	ENSG00000255094	RP11-406D1.2
4	94741322	94741431	ENSG00000252342	RNA5SP164
HG747_PATCH	65973814	65974084	ENSG00000264027	Metazoa_SRP
17	59208065	59213325	ENSG00000267667	RP11-136H19.1
3	75377700	75388222	ENSG00000228868	MYLKP1
8	145925738	145933902	ENSG00000255085	AF186192.5
2	235346972	235370771	ENSG00000228162	AC097713.3
14	96858448	96955764	ENSG00000140057	AK7
HG747_PATCH	65989996	65992547	ENSG00000266812	RP11-855A2.5
4	95038943	95128707	ENSG00000246541	RP11-363G15.2
2	132587374	132589604	ENSG00000229203	AC103564.7
17	59439029	59477604	ENSG00000267131	RP11-332H18.5
HG747_PATCH	66091184	66091873	ENSG00000264917	LOC732538
2	235353234	235363239	ENSG00000231682	AC097713.4
3	75395290	75395366	ENSG00000263782	AC117481.1
14	60646100	60646734	ENSG00000258563	PSMA3P
2	235363801	235364427	ENSG00000232690	HSPE1P9
HG747_PATCH	66092162	66097590	ENSG00000263777	AC145343.2
5	179653378	179654000	ENSG00000229721	RP11-252I14.1
2	132591356	132594105	ENSG00000232760	AC103564.6
1	41944446	41950344	ENSG00000127129	EDN2
1	47223510	47285085	ENSG00000142973	CYP4B1
HG747_PATCH	66098024	66111634	ENSG00000262206	LINC00674
4	95117091	95117664	ENSG00000250897	HMGB3P15
2	235742959	235822028	ENSG00000235726	AC010148.1
3	75396984	75397938	ENSG00000243674	OR7E66P
11	109920253	109920885	ENSG00000255210	RP11-344L21.1
11	66129992	66139685	ENSG00000174669	SLC29A2
4	95290984	95291314	ENSG00000241103	RP11-398J16.1
5	26880709	27121257	ENSG00000113100	CDH9
4	95371802	95372043	ENSG00000203436	AC109925.1
11	110225855	110277124	ENSG00000254416	RP11-347E10.1
5	179684680	179685366	ENSG00000253908	RP11-252I14.2
19	28248092	28251757	ENSG00000261770	CTC-459F4.1
4	95596396	95623721	ENSG00000249951	RP11-554D13.1
3	75405667	75406654	ENSG00000179799	OR7E22P
8	145939284	145940230	ENSG00000263612	AF186192.6
2	235993466	235997230	ENSG00000226542	AC114814.4
5	179720245	179722253	ENSG00000248367	CTB-129O4.1
4	95664951	95678684	ENSG00000249599	RP11-168E14.1
HG747_PATCH	66121893	66148584	ENSG00000267297	LRRC37A16P
3	75418410	75418497	ENSG00000266685	AC139453.1
8	146010683	146010971	ENSG00000244307	RN7SL395P
2	236055660	236056144	ENSG00000231032	AC114814.2
11	110658749	110659735	ENSG00000233497	HNRNPA1P60
4	96470280	96473608	ENSG00000271474	RP11-710C12.1
5	179868559	179870238	ENSG00000250509	CTC-573N18.1
8	146078798	146078907	ENSG00000263640	AF235103.1
3	75419599	75420493	ENSG00000230655	OR7E55P
2	236086540	236087549	ENSG00000235293	AC114814.3
1	150254953	150259505	ENSG00000159208	C1orf51
2	132632204	132632480	ENSG00000264973	RN7SL701P
4	96566103	96566444	ENSG00000242936	RPL30P6
19	28284371	28409771	ENSG00000267575	CTC-459F4.3
2	132715850	132723108	ENSG00000244337	AJ239322.3
2	236235002	236235095	ENSG00000216002	AC092576.1
4	96789818	96789915	ENSG00000200622	RNU6-1059P
2	236414395	236416210	ENSG00000235529	AGAP1-IT1
13	31506840	31549639	ENSG00000175664	TEX26
4	97073448	97073554	ENSG00000201744	RNU6-34P
5	179871509	179871612	ENSG00000200555	RNU6-525P
22	29279580	29453475	ENSG00000183579	ZNRF3
2	132722304	132737446	ENSG00000235615	AJ239322.1
4	97133430	97134251	ENSG00000250655	RP11-61G24.1
10	81791600	81792149	ENSG00000236217	C1DP2
4	22346694	22517677	ENSG00000152990	GPR125
2	236480575	236480647	ENSG00000221704	AC012305.1
11	64704989	64739557	ENSG00000168070	C11orf85
5	179961184	179961642	ENSG00000250749	RP11-451H23.1
17	45922279	45933240	ENSG00000189120	SP6
2	236791006	236791137	ENSG00000228499	TMSB10P1
7	75625656	75677322	ENSG00000127952	STYXL1
11	110747718	110747901	ENSG00000255149	RP11-97I14.1
HG747_PATCH	66130791	66131720	ENSG00000267294	SH3GL1P3
X	69368432	69369504	ENSG00000220925	IGBP1-AS2
2	132741510	132751734	ENSG00000236485	RP1-156L9.1
HG747_PATCH	66148892	66155159	ENSG00000267071	RP11-147L13.7
2	236945894	236945955	ENSG00000238812	RNU7-127P
10	81800377	81800800	ENSG00000227515	C1DP4
5	141032968	141061788	ENSG00000120318	ARAP3
2	236980939	236981196	ENSG00000264676	RN7SL204P
X	69383692	69385056	ENSG00000203588	IGBP1-AS1
2	237061715	237061816	ENSG00000207049	Y_RNA
2	180306709	180726232	ENSG00000144331	ZNF385B
5	180009445	180009530	ENSG00000263759	AC122714.1
X	69441858	69442164	ENSG00000242657	RN7SL581P
10	81806616	81838668	ENSG00000230091	TMEM254-AS1
HG747_PATCH	66186000	66188918	ENSG00000267087	RP11-147L13.8
2	237076090	237203570	ENSG00000233611	AC079135.1
X	69472892	69473012	ENSG00000200473	RNA5SP507
5	180098892	180099598	ENSG00000251352	RP11-451H23.2
16	67973653	67978034	ENSG00000213398	LCAT
HG747_PATCH	66195037	66195712	ENSG00000267451	LOC440461
11	110910822	110910932	ENSG00000200168	RNA5SP350
X	69581336	69582224	ENSG00000231053	RP13-26D14.2
11	110960594	110961092	ENSG00000271390	RP11-89C3.3
Y	28111776	28114889	ENSG00000269393	AC007965.1
2	132795360	132795566	ENSG00000226886	AC093787.1
HG747_PATCH	66242745	66244054	ENSG00000264506	RP11-147L13.2
3	75433210	75440961	ENSG00000244699	RP11-803B1.2
11	110962656	110968081	ENSG00000271584	RP11-89C3.4
3	132136370	132257876	ENSG00000138246	DNAJC13
2	237119016	237119191	ENSG00000200745	RNU1-31P
5	180111766	180113546	ENSG00000248717	RP11-451H23.3
X	69616129	69616225	ENSG00000201377	RNY4P23
15	42502730	42565861	ENSG00000103978	TMEM87A
11	28078362	28078457	ENSG00000207874	MIR610
X	69670729	69670872	ENSG00000200431	RNU4-81P
11	28166454	28166751	ENSG00000271332	RP11-797J4.1
11	110976271	110976619	ENSG00000239354	RPS17P15
2	187558698	187630685	ENSG00000144369	FAM171B
11	28282741	28283066	ENSG00000222385	RN7SKP158
X	69672808	69675844	ENSG00000231651	DLG3-AS1
19	28284396	28475892	ENSG00000272635	LLNLF-65H9.1
2	132837863	132838328	ENSG00000271179	RP11-629P16.1
11	28308782	28309172	ENSG00000238149	AC104978.1
6	159290971	159331385	ENSG00000203711	C6orf99
2	132844862	132860137	ENSG00000225594	AC098826.4
3	75444339	75444471	ENSG00000240665	LSP1P2
11	110977784	110978474	ENSG00000270202	RP11-89C3.2
7	99473610	99474680	ENSG00000244623	OR2AE1
3	75444555	75444687	ENSG00000242953	RP11-803B1.3
11	111218482	111218549	ENSG00000264032	MIR4491
10	81885697	81886073	ENSG00000230171	RPL22P18
15	56536207	56738195	ENSG00000151575	TEX9
1	205271187	205290883	ENSG00000163545	NUAK2
19	28294446	28294968	ENSG00000267264	CTC-459F4.6
5	180119832	180120763	ENSG00000236791	OR2AI1P
11	111253817	111253944	ENSG00000253099	RNU2-60P
11	28373654	28548588	ENSG00000255322	RP11-22P4.1
6	144261437	144385735	ENSG00000118495	PLAGL1
X	69892745	69893365	ENSG00000230187	RP11-291O7.1
19	28296331	28297113	ENSG00000267323	SLC25A1P5
11	111284967	111288911	ENSG00000255428	RP11-794P6.1
2	132890429	132897002	ENSG00000227745	AC098826.5
11	28538379	28540888	ENSG00000254606	RP11-22P4.2
10	81967466	81979413	ENSG00000237523	LINC00857
17	45973516	46006323	ENSG00000167182	SP2
11	111320593	111322036	ENSG00000255208	RP11-794P6.3
19	28303715	28387623	ENSG00000267389	CTC-459F4.7
11	28700730	28705016	ENSG00000248990	RP11-960D24.1
14	19505871	19519837	ENSG00000257891	CTD-2311B13.1
10	81975607	81975875	ENSG00000234319	RPS12P2
X	70065931	70066145	ENSG00000199769	U3
5	180156586	180156737	ENSG00000199892	RNU1-17P
14	19529958	19530898	ENSG00000258265	CTD-2311B13.2
11	111383663	111383746	ENSG00000207811	MIR34B
11	28724162	29085368	ENSG00000249867	RP11-115J23.1
X	70077013	70077352	ENSG00000213747	RP13-278H16.2
5	180211782	180214869	ENSG00000260841	CTC-205M6.5
2	237276203	237277745	ENSG00000270540	RP11-785G17.1
11	111384164	111384240	ENSG00000207562	MIR34C
10	81993420	82005123	ENSG00000234382	RP11-40F6.1
14	19562689	19566731	ENSG00000258252	CTD-2311B13.5
2	237299717	237301031	ENSG00000232893	AC019068.2
8	87878670	88627447	ENSG00000176571	CNBD1
19	28340638	28380130	ENSG00000266977	CTC-459F4.5
11	111384768	111397480	ENSG00000254980	RP11-794P6.6
11	29008182	29009045	ENSG00000272882	OR2BH1P
10	43084555	43133992	ENSG00000196693	ZNF33B
X	70182814	70183143	ENSG00000230629	RPS23P8
2	237316489	237317720	ENSG00000231546	RPL3P5
11	111541680	111543128	ENSG00000235286	AP000925.2
2	132909816	132909922	ENSG00000239108	RNU6-1132P
12	58360841	58362182	ENSG00000257159	RP11-58A17.3
7	102106189	102106273	ENSG00000266715	MIR5090
12	58371748	58372060	ENSG00000222210	RN7SKP65
8	15965387	16424999	ENSG00000038945	MSR1
7	65874130	65955046	ENSG00000230189	GS1-124K5.2
X	70236381	70236755	ENSG00000229324	RP5-1091N2.3
19	28393503	28475651	ENSG00000267623	AC022153.1
11	111553835	111554148	ENSG00000223324	RN7SKP273
12	58377578	58378544	ENSG00000257668	RP11-58A17.2
7	102111916	102111978	ENSG00000264471	MIR4467
10	82006975	82007439	ENSG00000234743	EIF5AP4
5	180257957	180262726	ENSG00000245060	LINC00847
12	58481675	58487145	ENSG00000257541	RP11-58A17.4
9	130647600	130667687	ENSG00000160408	ST6GALNAC6
7	102120179	102121095	ENSG00000256604	AC093668.2
11	111639392	111649074	ENSG00000254990	RP11-108O10.2
2	237642025	237663006	ENSG00000232328	AC011286.1
3	3841121	3889387	ENSG00000175928	LRRN1
X	70240125	70240288	ENSG00000212605	RNU1-56P
12	58638161	58638648	ENSG00000241423	RPL21P103
7	102120527	102120612	ENSG00000271745	AC093668.3
X	70263064	70265320	ENSG00000227536	SOCS5P4
10	82057476	82059411	ENSG00000232950	RP11-36D19.4
12	58788379	58788921	ENSG00000258133	RP11-340M11.1
2	237923847	237923948	ENSG00000202341	RNU6-1051P
7	102123791	102184211	ENSG00000272949	RP11-514P8.8
2	237957242	237964810	ENSG00000124835	AC105760.3
3	63996225	64009658	ENSG00000163636	PSMD6
9	14734664	14910993	ENSG00000164946	FREM1
11	111687938	111699936	ENSG00000254450	ALG9-IT1
12	58959743	59175529	ENSG00000257259	RP11-767I20.1
11	747329	765024	ENSG00000177156	TALDO1
12	28317891	28318595	ENSG00000255951	RP11-967K21.2
11	111734977	111735183	ENSG00000254949	GNG5P3
2	133010727	133010878	ENSG00000202174	RNA5-8SP5
11	111759923	111760198	ENSG00000176343	RPL37AP8
2	133014539	133014653	ENSG00000221288	MIR663B
11	111799124	111799232	ENSG00000238965	RNA5SP351
19	52196614	52197610	ENSG00000273318	AC018755.2
10	82093527	82094182	ENSG00000235858	RP11-36D19.8
2	133019901	133020615	ENSG00000233786	CDC27P1
11	111816363	111817616	ENSG00000255286	RP11-708L7.7
7	108194987	108210194	ENSG00000177683	THAP5
10	81266126	81270678	ENSG00000235705	AL133481.1
12	28472268	28472396	ENSG00000252237	RNU4-54P
10	82194765	82196869	ENSG00000271738	RP11-137H2.6
11	111886031	111886848	ENSG00000255334	RP11-708L7.6
HSCHR6_MHC_QBL	30093435	30106063	ENSG00000172524	TRIM40
12	28658327	28658461	ENSG00000202187	RNA5SP355
2	133043368	133051950	ENSG00000230803	AC097532.2
11	111900582	111901091	ENSG00000230911	PPIHP1
12	28717611	28718074	ENSG00000244712	RP11-874G11.1
11	111903223	111903322	ENSG00000238444	RNU6-893P
10	81272357	81276188	ENSG00000253626	EIF5AL1
7	65888392	65888880	ENSG00000231234	SKP1P1
2	113127669	113192065	ENSG00000169629	RGPD8
11	111907351	111907587	ENSG00000271025	RP11-708L7.9
12	28974908	28978764	ENSG00000256513	RP11-977P2.1
11	112035920	112043329	ENSG00000254638	RP11-356J5.4
3	75464221	75471294	ENSG00000238278	ALG1L6P
10	43278249	43330385	ENSG00000165733	BMS1
12	29273716	29273815	ENSG00000222481	AC012150.1
16	34442308	34518517	ENSG00000260958	RP11-488I20.8
7	65899494	65899605	ENSG00000252265	snoU13
2	133066882	133076309	ENSG00000018607	ZNF806
19	52343024	52344198	ENSG00000268316	AC006272.2
8	146277764	146281416	ENSG00000182307	C8orf33
19	55602281	55628927	ENSG00000125503	PPP1R12C
12	29296129	29301608	ENSG00000257258	RP11-946L16.1
HSCHR6_MHC_APD	28730486	28730593	ENSG00000272786	AL662890.8
12	59314420	59458019	ENSG00000257443	RP11-150C16.1
22	29454660	29457832	ENSG00000100249	C22orf31
7	65899621	65900465	ENSG00000236928	RP11-792A8.1
1	23410516	23504301	ENSG00000169641	LUZP1
11	112051496	112053914	ENSG00000214264	RP11-356J5.5
17	73663196	73704142	ENSG00000161526	SAP30BP
3	42299317	42307699	ENSG00000187094	CCK
19	52343177	52346577	ENSG00000269483	AC006272.1
11	64002010	64006259	ENSG00000173511	VEGFB
16	34442877	34442942	ENSG00000264479	AC023824.1
5	180336838	180336927	ENSG00000222852	Y_RNA
2	133103189	133104870	ENSG00000272769	RP11-725P16.2
19	52391278	52403716	ENSG00000268095	CTC-429C10.2
16	34455954	34456419	ENSG00000260967	RARRES2P5
6	159393903	159421219	ENSG00000130363	RSPH3
11	112079324	112079621	ENSG00000255231	MRPS36P4
5	180372756	180372907	ENSG00000243664	RPS29P12
7	65947788	65955095	ENSG00000244510	GS1-124K5.7
16	718086	724174	ENSG00000140983	RHOT2
19	52452387	52484620	ENSG00000269235	HCCAT3
11	112089049	112089443	ENSG00000243930	RPS12P21
2	133110240	133112412	ENSG00000230992	FAM201B
14	20896970	20903801	ENSG00000185271	KLHL33
1	41972036	42501596	ENSG00000127124	HIVEP3
16	34466783	34470355	ENSG00000260984	FGFR3P5
19	52561743	52566956	ENSG00000260160	CTC-471J1.2
5	180394189	180397762	ENSG00000249287	CTD-2593A12.3
11	112106094	112106748	ENSG00000243250	RPS6P16
19	18979361	19007536	ENSG00000223802	CERS1
10	81315608	81320153	ENSG00000185303	SFTPA2
19	52613571	52613979	ENSG00000270248	CTC-471J1.10
5	180394848	180395567	ENSG00000248761	CTD-2593A12.2
11	112118553	112118647	ENSG00000215954	AP002884.1
3	130830514	130830602	ENSG00000212073	AC121332.1
2	133164325	133164431	ENSG00000252705	RNU6-175P
3	130907155	130907242	ENSG00000265235	AC083908.1
11	112138013	112139094	ENSG00000213234	ST13P10
3	4344988	4359251	ENSG00000170364	SETMAR
16	34480287	34481905	ENSG00000259897	RP11-244B22.3
2	133246127	133246661	ENSG00000232349	YBX1P7
19	52633801	52674786	ENSG00000267827	CTC-471J1.8
3	131043936	131100319	ENSG00000250608	RP11-933H2.4
11	66188475	66194178	ENSG00000174576	NPAS4
5	180409243	180409611	ENSG00000231228	CTD-2593A12.4
5	111478138	111755013	ENSG00000129595	EPB41L4A
HSCHR6_MHC_APD	28870783	28891771	ENSG00000234495	TRIM27
11	112141472	112233257	ENSG00000250303	RP11-356J5.12
7	27226192	27233067	ENSG00000253508	RP1-170O19.14
19	52637506	52637593	ENSG00000238630	snoU13
19	52645879	52647409	ENSG00000268458	CTC-471J1.9
16	34489563	34490004	ENSG00000261010	RARRES2P6
2	133281190	133281509	ENSG00000200718	RN7SKP103
22	29469066	29564321	ENSG00000183762	KREMEN1
15	56713742	56757335	ENSG00000138587	MNS1
2	133281558	133281665	ENSG00000221142	AC104405.1
X	119495967	119516226	ENSG00000101892	ATP1B4
16	34493001	34494000	ENSG00000261752	RP11-244B22.1
2	133418099	133424563	ENSG00000230065	AC010974.3
13	31710762	31736525	ENSG00000120694	HSPH1
16	34510863	34510964	ENSG00000221532	AC007353.1
5	153134942	153135238	ENSG00000242976	RN7SL177P
5	180434281	180434384	ENSG00000206686	RNU6-1036P
2	71127720	71160576	ENSG00000116035	VAX2
17	59460146	59462041	ENSG00000266934	RP11-332H18.3
16	34569648	34571260	ENSG00000260846	RP11-488I20.7
5	180492086	180492677	ENSG00000241870	CTB-14A14.1
5	153266988	153278547	ENSG00000251183	AC091962.3
3	167159577	167196792	ENSG00000114204	SERPINI2
2	133668669	133668834	ENSG00000228721	AC016909.2
11	64755415	64764517	ENSG00000168062	BATF2
5	153281019	153282783	ENSG00000261382	RP11-461L18.1
11	112223279	112223385	ENSG00000206772	RNU6-44P
X	14026398	14048012	ENSG00000046647	GEMIN8
1	23516993	23521222	ENSG00000179546	HTR1D
5	180526140	180527666	ENSG00000214295	FOXO1B
HSCHR6_MHC_QBL	30109273	30118261	ENSG00000137394	TRIM10
20	62184373	62188061	ENSG00000125531	C20orf195
2	24232951	24286191	ENSG00000205639	MFSD2B
1	205305220	205326218	ENSG00000162873	KLHDC8A
2	133673130	133689067	ENSG00000233729	AC016909.1
16	34578462	34578930	ENSG00000261486	RARRES2P9
11	112263841	112492452	ENSG00000254968	RP11-65M17.3
5	153472864	153472939	ENSG00000251710	AC010295.1
17	59470817	59488916	ENSG00000267280	RP11-332H18.4
12	112279782	112334343	ENSG00000089022	MAPKAPK5
16	34581756	34582668	ENSG00000260427	RP11-488I20.5
5	153708997	153825410	ENSG00000245275	SAP30L-AS1
16	34586853	34587393	ENSG00000260480	RP11-488I20.4
5	180541106	180542674	ENSG00000248560	CTB-14A14.2
11	10594638	10715535	ENSG00000072952	MRVI1
5	180618046	180618852	ENSG00000248473	CTC-338M12.2
16	34597783	34624955	ENSG00000259841	RP11-488I20.3
11	112332191	112332643	ENSG00000213233	RPL23AP62
10	43837234	43837358	ENSG00000221468	RNU6ATAC11P
3	42438570	42452092	ENSG00000157093	LYZL4
10	43912698	43912888	ENSG00000221400	U3
19	28399264	28399462	ENSG00000267768	CTC-459F4.8
4	153822118	153822231	ENSG00000252375	AC099339.1
11	112404945	112426525	ENSG00000255484	RP11-65M17.1
5	153717031	153718012	ENSG00000253119	HNRNPA3P7
10	43916186	43917548	ENSG00000230555	RP11-517P14.2
4	153848598	153849359	ENSG00000231841	RP11-206F17.2
2	134022540	134042334	ENSG00000226953	AC010890.1
19	28409851	28420278	ENSG00000267630	AC005758.1
17	66243715	66253297	ENSG00000196704	AMZ2
12	54694986	54745633	ENSG00000111481	COPZ1
4	153955363	154012317	ENSG00000249022	RP11-285C1.2
16	34618515	34619457	ENSG00000260291	RP11-488I20.2
5	153719592	153719686	ENSG00000221070	AC008625.1
10	43953513	43953577	ENSG00000252532	RNU7-193P
11	112473077	112473175	ENSG00000212397	snosnR66
5	153726666	153726807	ENSG00000221430	MIR1294
10	44018704	44020665	ENSG00000236114	RP11-517P14.7
11	112658027	112666577	ENSG00000254626	RP11-27G22.1
14	20914570	20923264	ENSG00000092094	OSGEP
16	34623574	34624374	ENSG00000261689	AGGF1P4
4	154186814	154186907	ENSG00000252030	RNU6-1196P
5	153728988	153729283	ENSG00000241963	RN7SL655P
HSCHR6_MHC_QBL	32106368	32109724	ENSG00000206320	AGER
19	28473940	28474240	ENSG00000266906	AC005357.1
HSCHR6_MHC_DBB	30529391	30555197	ENSG00000232169	ABCF1
4	154188061	154188162	ENSG00000201786	Y_RNA
16	34640118	34641720	ENSG00000260598	RP11-80F22.13
11	112830002	112834182	ENSG00000247416	RP11-629G13.1
7	148983533	148983604	ENSG00000252557	SNORD112
5	153863477	153865710	ENSG00000254293	CTB-158E9.1
10	44100291	44101699	ENSG00000232004	CAP1P2
4	154228944	154229869	ENSG00000213406	ANXA2P1
19	8023463	8070543	ENSG00000066044	ELAVL1
17	47300724	47308128	ENSG00000173868	PHOSPHO1
19	28556174	28616337	ENSG00000267509	CTD-2043I16.1
7	149018956	149019183	ENSG00000231397	AC004941.5
4	154281685	154281806	ENSG00000263596	AC013477.1
20	5080486	5093749	ENSG00000089063	TMEM230
10	44124265	44170151	ENSG00000223910	ZNF32-AS3
4	154302879	154303167	ENSG00000243883	RN7SL419P
16	34648650	34649118	ENSG00000260812	RARRES2P7
7	149031115	149031948	ENSG00000215311	NPM1P12
19	52646296	52646589	ENSG00000243680	RPL37P23
4	154561320	154602332	ENSG00000250771	RP11-153M7.3
16	34654662	34655580	ENSG00000260680	RP11-80F22.1
19	52674411	52680255	ENSG00000267927	CTD-2525I3.2
5	153873136	153874303	ENSG00000253886	CTB-158E9.2
16	34659735	34660854	ENSG00000261299	RP11-80F22.11
10	44126330	44127012	ENSG00000237389	RP11-402L1.4
2	237968077	237994460	ENSG00000227252	AC105760.2
2	27593389	27599995	ENSG00000115234	SNX17
5	180618924	180621429	ENSG00000250222	CTC-338M12.5
7	99474581	99517223	ENSG00000146833	TRIM4
1	150266289	150281414	ENSG00000187145	MRPS21
19	28785000	28804407	ENSG00000266928	CTB-70G10.1
19	52725478	52734547	ENSG00000268015	CTD-2525I3.3
11	3692313	3819022	ENSG00000110713	NUP98
5	153938868	153940000	ENSG00000253146	CIR1P1
12	59413950	59414675	ENSG00000244390	RPS6P22
4	154579724	154580805	ENSG00000248208	RP11-153M7.1
10	44126395	44126830	ENSG00000238263	RP11-402L1.12
2	238031553	238032740	ENSG00000224844	AC107079.1
3	181429714	181432221	ENSG00000181449	SOX2
16	34681269	34683395	ENSG00000214581	RP11-80F22.10
12	59446761	59447965	ENSG00000257288	RP11-557F20.2
12	59759999	59804952	ENSG00000258214	RP11-272B17.1
4	154641479	154648874	ENSG00000249309	RP11-153M7.5
5	153975572	153975632	ENSG00000264760	MIR3141
10	44139320	44140495	ENSG00000226245	ZNF32-AS1
2	238337563	238343465	ENSG00000222032	AC112721.2
2	74724644	74730443	ENSG00000179528	LBX2
5	154065336	154065421	ENSG00000221552	MIR1303
HSCHR4_1	69313165	69363317	ENSG00000257652	AC019173.1
5	180622496	180630103	ENSG00000250900	CTC-338M12.6
12	59762832	59762932	ENSG00000212599	RNU6-279P
19	52762329	52762440	ENSG00000207265	Y_RNA
10	126085872	126107545	ENSG00000065154	OAT
10	44141390	44143467	ENSG00000230565	ZNF32-AS2
5	154083077	154083344	ENSG00000263478	RN7SL439P
19	52785050	52785146	ENSG00000208002	MIR643
4	154794519	154794603	ENSG00000252181	AC020703.1
2	238471808	238471913	ENSG00000222449	RNU6-1140P
5	154097945	154098249	ENSG00000272197	Metazoa_SRP
4	155140061	155140145	ENSG00000264137	AC079298.1
16	34711785	34714852	ENSG00000261711	RP11-80F22.9
2	238521620	238535168	ENSG00000227107	AC096574.5
19	52788033	52801173	ENSG00000269102	CTD-2525I3.5
5	154108791	154109254	ENSG00000241187	CTC-209L16.1
7	149095295	149098547	ENSG00000228151	AC004941.3
16	15198580	15225458	ENSG00000270580	RP11-1186N24.5
4	155295038	155295499	ENSG00000249200	RP11-290O12.1
5	154209018	154209100	ENSG00000263361	MIR378H
10	44161116	44162453	ENSG00000228426	RP11-402L1.11
19	52803946	52848482	ENSG00000269535	CTD-2525I3.6
2	152689290	152955593	ENSG00000182389	CACNB4
11	29181503	29288281	ENSG00000254526	RP11-466I1.1
4	155444639	155445959	ENSG00000250609	RP11-158C21.2
2	238778547	238778625	ENSG00000263723	SNORD39
5	154373158	154374005	ENSG00000253261	CTC-280C13.1
10	44223665	44224176	ENSG00000271173	RP11-272J7.6
2	238937612	238937704	ENSG00000251971	RNU6-1333P
11	29297202	29298112	ENSG00000255450	CTD-2063L20.1
5	154404274	154404360	ENSG00000221131	AC008410.1
10	44227782	44228032	ENSG00000224162	UQCRHP3
4	155465085	155465189	ENSG00000200350	RNU6-1285P
11	64008475	64011604	ENSG00000173486	FKBP2
2	239140325	239164274	ENSG00000225057	AC096574.4
5	154490744	154491884	ENSG00000253646	CTD-2311A18.1
11	29298236	29298352	ENSG00000211499	AC110056.1
8	88882973	88886296	ENSG00000176566	DCAF4L2
4	155476360	155477137	ENSG00000248611	RP11-158C21.3
X	14547420	14749934	ENSG00000101958	GLRA2
19	41949063	41950670	ENSG00000204978	C19orf69
7	27238194	27246878	ENSG00000243766	HOTTIP
11	29357425	29615842	ENSG00000254530	RP11-460B17.3
2	134091401	134091502	ENSG00000252688	RNU6-579P
2	134148681	134148970	ENSG00000222068	RN7SKP154
4	155645738	155646032	ENSG00000249074	RP11-21G20.1
2	134189237	134191468	ENSG00000232474	NCKAP5-IT1
5	31193857	31329253	ENSG00000113361	CDH6
2	239207351	239209261	ENSG00000232306	AC012485.2
5	154776851	154777913	ENSG00000271477	CTC-447K7.1
1	45468212	45477001	ENSG00000126107	HECTD3
11	64781585	64789656	ENSG00000213465	ARL2
11	66202546	66234209	ENSG00000174547	MRPL11
5	154870896	154873158	ENSG00000270442	CTB-95D12.1
2	134311886	134315798	ENSG00000223430	AC011243.1
11	29413072	29415391	ENSG00000255281	RP11-460B17.1
4	155675908	155703025	ENSG00000249041	RP11-21G20.3
2	239321283	239321386	ENSG00000202099	RNU6-234P
5	155272447	155272538	ENSG00000200275	RNA5SP199
20	62189439	62205592	ENSG00000130589	HELZ2
2	239335718	239336370	ENSG00000229915	AC016999.2
5	155885408	155885517	ENSG00000253370	CTB-56J15.1
2	134353662	134353970	ENSG00000200708	RN7SKP93
4	155691720	155692068	ENSG00000249692	RP11-21G20.4
15	99859300	99859828	ENSG00000268730	AC022819.2
5	180632361	180633120	ENSG00000248514	CTC-338M12.1
2	239419331	239463695	ENSG00000225493	LINC01107
5	156131069	156166823	ENSG00000254163	CTC-340I23.2
16	15219099	15248421	ENSG00000250251	PKD1P6
2	134884696	134884763	ENSG00000263813	MIR3679
4	155708270	155708430	ENSG00000222582	RNU2-66P
22	19023795	19109967	ENSG00000070413	DGCR2
11	29467034	29478940	ENSG00000255227	RP11-460B17.2
2	239628965	239649421	ENSG00000234279	AC113618.1
7	27278862	27280847	ENSG00000253308	RP1-170O19.17
4	155711443	155711636	ENSG00000252604	RNU2-44P
5	156241141	156241245	ENSG00000199468	RNU6-556P
2	74732170	74735707	ENSG00000115289	PCGF1
2	134988766	134988883	ENSG00000222921	RNA5SP104
19	42055886	42093197	ENSG00000007129	CEACAM21
5	180649566	180649633	ENSG00000264732	MIR4638
2	239643904	239644188	ENSG00000224252	AC113618.2
5	156277549	156279539	ENSG00000231989	PPP1R2P3
3	131080742	131083966	ENSG00000246082	NUDT16P1
4	156127681	156130179	ENSG00000250538	RP11-92A5.2
3	113547029	113666021	ENSG00000178075	GRAMD1C
11	29540623	29574186	ENSG00000255029	CTD-3012A18.1
2	135077225	135077649	ENSG00000234060	AC016906.1
7	27281048	27286848	ENSG00000253405	EVX1-AS
1	23630264	23670829	ENSG00000125944	HNRNPR
8	89044237	89340254	ENSG00000156103	MMP16
11	29616465	29652211	ENSG00000255117	RP5-1027O15.1
2	239697289	239698357	ENSG00000226992	AC144525.1
5	180651646	180657685	ENSG00000247049	CTC-338M12.7
7	65950082	65951519	ENSG00000244657	GS1-124K5.8
2	135213767	135214178	ENSG00000255674	AC013718.1
2	239840998	239847965	ENSG00000227744	AC114788.2
7	65956083	65958553	ENSG00000223473	GS1-124K5.3
5	180668814	180668892	ENSG00000272296	SNORD96A
7	27308976	27309297	ENSG00000213783	RPL35P4
11	29690433	29691175	ENSG00000255047	HNRNPRP2
19	8117651	8127534	ENSG00000131142	CCL25
2	114356606	114359144	ENSG00000236397	DDX11L2
7	65958693	65960461	ENSG00000237310	GS1-124K5.4
2	135493034	135676280	ENSG00000224043	CCNT2-AS1
5	99386069	99386142	ENSG00000264839	AC113407.1
5	99386423	99386767	ENSG00000271480	RP11-475J5.10
11	29735456	29903261	ENSG00000254734	CTD-3138F19.1
5	99386837	99387620	ENSG00000270388	RP11-475J5.8
11	29742946	29743238	ENSG00000243505	RN7SL240P
11	29747311	29748112	ENSG00000240554	RPL7AP58
5	99387624	99388301	ENSG00000270307	MTATP6P2
5	180670312	180670379	ENSG00000264549	SNORD95
22	29601840	29655586	ENSG00000186998	EMID1
11	30001660	30003939	ENSG00000261340	RP11-215H22.1
7	27368226	27369153	ENSG00000236569	HNRNPA1P73
4	156197841	156302498	ENSG00000250910	AC097467.2
7	65970142	65971210	ENSG00000179342	GS1-124K5.9
5	180673523	180699168	ENSG00000233937	CTC-338M12.4
5	99388563	99389243	ENSG00000270225	RP11-475J5.4
12	124020956	124021081	ENSG00000266655	MIR3908
11	30065605	30105890	ENSG00000254532	RP11-624D11.2
10	131567108	131567699	ENSG00000227374	RP11-109A6.3
16	15244554	15244653	ENSG00000207294	Y_RNA
5	99389390	99390749	ENSG00000271207	RP11-475J5.5
X	49160148	49176323	ENSG00000215274	GAGE10
11	30188710	30188853	ENSG00000255288	RP4-562D20.2
3	27307071	27307174	ENSG00000207251	RNU6-342P
16	15248707	15248859	ENSG00000264115	hsa-mir-3180-4
Y	20994888	21001199	ENSG00000224151	USP9YP28
2	172290727	172341562	ENSG00000115827	DCAF17
3	27404057	27404149	ENSG00000221573	AC099535.1
10	131641563	131641638	ENSG00000266676	MIR4297
16	15248760	15250877	ENSG00000257391	MIR3180-4
3	27460829	27461125	ENSG00000264625	RN7SL859P
11	30389695	30390193	ENSG00000242353	RP4-710M3.1
10	131864638	131909081	ENSG00000237489	LINC00959
3	27503997	27504307	ENSG00000227523	RPS20P15
3	182511288	182639423	ENSG00000058063	ATP11B
5	156351130	156351721	ENSG00000270560	APOOP1
6	159455500	159466184	ENSG00000164691	TAGAP
7	65976543	66010053	ENSG00000234500	GS1-124K5.10
5	99489376	99489483	ENSG00000207077	RNU6-1119P
5	156531799	156541911	ENSG00000254246	CTB-120L21.1
X	49178536	49185863	ENSG00000224659	GAGE12J
2	135554739	135555449	ENSG00000234682	AC110620.2
10	131904273	131907095	ENSG00000233122	CTAGE7P
1	205350506	205425082	ENSG00000186007	LEMD1
1	42619092	42621495	ENSG00000044012	GUCA2B
15	30695943	30706463	ENSG00000186399	GOLGA8R
5	99737145	99744603	ENSG00000249787	RP11-346J10.1
2	24252210	24272445	ENSG00000163026	C2orf44
19	52892095	52901019	ENSG00000269834	CTD-3018O17.3
X	49188094	49195366	ENSG00000237597	GAGE13
2	71163012	71192536	ENSG00000116039	ATP6V1B1
10	131930034	131930505	ENSG00000233319	PPIAP32
12	124066767	124069662	ENSG00000247373	RP11-486O12.2
10	132237331	132281418	ENSG00000236303	RP11-540N6.1
19	28807612	28877111	ENSG00000267320	AC005780.1
10	132303370	132303465	ENSG00000222997	Y_RNA
2	62727356	62739029	ENSG00000186889	TMEM17
10	132760851	132760931	ENSG00000264803	MIR378C
X	49197607	49204923	ENSG00000205775	GAGE2E
12	124101255	124101387	ENSG00000206897	SNORA9
10	132793569	132793650	ENSG00000266057	AL607076.1
5	99785458	99870966	ENSG00000247877	CTD-2001C12.1
19	52929116	52929455	ENSG00000269776	DPPA5P1
19	28885758	28887335	ENSG00000267238	AC093074.1
12	124192149	124192933	ENSG00000255839	RP11-338K17.8
10	132893481	132894040	ENSG00000230098	TCERG1L-AS1
HSCHR6_MHC_QBL	30120533	30130023	ENSG00000137384	TRIM15
19	53014535	53015595	ENSG00000269349	CTD-3099C6.5
5	180688213	180699308	ENSG00000248275	TRIM52-AS1
3	50263724	50296787	ENSG00000114353	GNAI2
19	28909390	28920397	ENSG00000260725	AC005307.1
16	34720137	34720596	ENSG00000260153	RP11-80F22.7
HG104_HG975_PATCH	145094584	145129202	ENSG00000260319	SPATC1
10	133489515	133489584	ENSG00000265977	AL450307.2
HSCHR6_MHC_APD	28962606	28973138	ENSG00000225351	ZNF311
12	70195449	70249143	ENSG00000258052	AC025263.3
Y	20995615	20995776	ENSG00000251970	RNU1-41P
19	53067329	53067484	ENSG00000242255	RPL39P34
X	49207160	49214420	ENSG00000240257	GAGE2D
10	133994729	133999466	ENSG00000235010	RP11-140A10.3
16	34723608	34724583	ENSG00000259836	RP11-80F22.5
Y	21010150	21029166	ENSG00000238088	OFD1P7Y
6	43479565	43484728	ENSG00000137207	YIPF3
16	34725545	34726766	ENSG00000261350	RP11-80F22.14
19	53079136	53088814	ENSG00000268886	CTD-3099C6.7
19	28926295	29218684	ENSG00000267243	AC005307.3
7	65991075	66007536	ENSG00000229180	GS1-124K5.11
16	34726695	34727817	ENSG00000260341	RP11-80F22.6
11	30447099	30450815	ENSG00000255480	RP4-710M3.2
X	70304339	70304637	ENSG00000265502	RN7SL746P
5	99989816	99993674	ENSG00000250806	CTC-293G12.1
X	49216659	49223943	ENSG00000241465	GAGE12I
16	34728125	34730828	ENSG00000261445	RP11-80F22.4
X	153576892	153603006	ENSG00000196924	FLNA
11	30605677	30652055	ENSG00000254489	RP5-1024C24.1
X	70361035	70361156	ENSG00000265597	AL590764.1
X	70403409	70418025	ENSG00000228427	RP5-1091N2.9
2	95512278	95512384	ENSG00000212140	RNU6-1320P
16	34739464	34740833	ENSG00000260857	RP11-80F22.15
1	47394849	47407156	ENSG00000187048	CYP4A11
HSCHR6_MHC_QBL	33097048	33101042	ENSG00000206288	SLC39A7
X	70520580	70520897	ENSG00000255591	AL590762.1
12	30781922	30848920	ENSG00000133704	IPO8
16	34740963	34741541	ENSG00000269622	RP11-80F22.2
2	135573932	135574159	ENSG00000228098	AC110620.1
19	53091758	53100660	ENSG00000123870	ZNF137P
11	31195471	31195552	ENSG00000251968	AL133376.1
11	31227306	31227441	ENSG00000221629	AL162614.1
12	124205793	124206186	ENSG00000239215	RPL27P12
X	70534762	70535729	ENSG00000224208	AL590762.6
2	135615390	135615443	ENSG00000263783	MIR5590
11	31302219	31302534	ENSG00000255370	CYCSP25
12	59844454	59844553	ENSG00000251931	RNU6-871P
16	34763493	34763688	ENSG00000261733	RP11-80F22.8
14	60679180	60679630	ENSG00000242135	RPL17P2
HG104_HG975_PATCH	145160798	145162819	ENSG00000260189	EXOSC4
12	59921840	59921922	ENSG00000266724	AC108721.2
3	27527738	27528108	ENSG00000230807	AC099535.4
2	135823202	135823304	ENSG00000238337	snoU13
12	124410008	124410630	ENSG00000270028	RP11-380L11.4
X	49226182	49233481	ENSG00000236249	GAGE2C
7	27401462	27449557	ENSG00000224322	AC004009.3
Y	2652790	2652894	ENSG00000251841	RNU6-1334P
12	59921958	59922049	ENSG00000265430	AC108721.1
2	135894198	135894325	ENSG00000208308	SNORA40
12	29433351	29470781	ENSG00000257176	RP11-996F15.2
16	34777650	34778016	ENSG00000259996	RARRES2P8
17	48503519	48552206	ENSG00000167107	ACSF2
3	42530791	42579059	ENSG00000114812	VIPR1
12	59980574	59980724	ENSG00000202471	RNU4-20P
X	70572268	70572838	ENSG00000213706	AL590762.7
Y	2657868	2658369	ENSG00000237659	RNASEH2CP1
12	124420169	124420753	ENSG00000270005	RP11-380L11.3
14	60706839	60715483	ENSG00000254718	CTD-2184C24.2
2	136268116	136269513	ENSG00000235651	AC064850.4
2	95533231	95613086	ENSG00000259848	AC097374.2
1	42628362	42630389	ENSG00000197273	GUCA2A
16	34782288	34783200	ENSG00000260994	RP11-14K3.3
3	27555362	27555523	ENSG00000201033	RNU1-96P
12	60113479	60113725	ENSG00000257146	RP11-813P10.1
7	27497782	27498468	ENSG00000233830	EIF4HP1
12	124445264	124445791	ENSG00000270130	RP11-214K3.23
15	100017370	100256671	ENSG00000068305	MEF2A
Y	2696023	2696259	ENSG00000232195	TOMM22P2
3	27566844	27566885	ENSG00000232167	AC137675.1
16	34787280	34788372	ENSG00000261046	RP11-14K3.4
Y	21033988	21034158	ENSG00000217179	MTCYBP2
19	28982771	29123635	ENSG00000266893	AC005616.1
12	60205883	60206357	ENSG00000237176	RP11-813P10.2
Y	2749724	2751693	ENSG00000227289	HSFY3P
2	136414047	136414149	ENSG00000201308	RNU6-512P
19	29000145	29009635	ENSG00000267423	AC005616.2
2	203241659	203432474	ENSG00000204217	BMPR2
7	27501385	27502588	ENSG00000213781	PSMC1P2
2	136422967	136423048	ENSG00000207654	MIR128-1
2	96687694	96705199	ENSG00000186281	GPAT2
16	34809205	34809865	ENSG00000260134	RP11-14K3.2
12	60420552	60420638	ENSG00000264437	AC091517.1
14	60789954	60790625	ENSG00000258556	CTD-2568P8.1
12	124447102	124447364	ENSG00000270048	RP11-214K3.22
X	49235708	49242997	ENSG00000231850	GAGE2B
2	136567739	136567849	ENSG00000200664	Y_RNA
12	60486645	60489632	ENSG00000257294	RP11-316A16.1
3	27589248	27589349	ENSG00000238912	Y_RNA
12	124450624	124451176	ENSG00000269997	RP11-214K3.21
11	767220	777488	ENSG00000177225	PDDC1
2	136577761	136580657	ENSG00000226806	AC011893.3
3	27665693	27665947	ENSG00000223968	AC098614.1
Y	2797042	2799161	ENSG00000229163	NAP1L1P2
16	34872994	34879551	ENSG00000260746	RP11-14K3.1
14	60864475	60864999	ENSG00000258427	RBM8B
7	27531301	27532384	ENSG00000235574	AC073150.6
5	82120703	82121003	ENSG00000248105	CTD-2218K11.3
3	75470703	75484261	ENSG00000244026	FAM86DP
11	64011956	64014413	ENSG00000173457	PPP1R14B
2	83884859	83884966	ENSG00000199295	RNU6-1312P
Y	21034387	21239302	ENSG00000176728	TTTY14
12	70219084	70352877	ENSG00000166268	MYRFL
14	60865652	60866731	ENSG00000259169	GNRHR2P1
2	946554	1371385	ENSG00000172554	SNTG2
17	71161151	71167185	ENSG00000180616	SSTR2
5	82215195	82216938	ENSG00000248112	RP11-78C3.1
7	27773014	27780014	ENSG00000229893	AC004549.6
X	70633684	70633936	ENSG00000229601	AL590762.10
2	136655525	136656548	ENSG00000214070	AC011999.1
X	49294472	49294588	ENSG00000236737	GAGE12B
14	60960484	60963603	ENSG00000258692	SALL4P7
2	84085947	84086023	ENSG00000252298	SNORD112
7	27920106	27920397	ENSG00000265382	RN7SL365P
X	70639933	70640364	ENSG00000213018	AL590762.11
7	28157732	28157838	ENSG00000206623	RNU6-979P
2	84101832	84103457	ENSG00000236198	AC104395.2
9	130670165	130679317	ENSG00000136840	ST6GALNAC4
5	100142639	100238970	ENSG00000113532	ST8SIA4
11	31327232	31336095	ENSG00000255525	RP1-296L11.1
18	52568740	52626739	ENSG00000166510	CCDC68
HSCHR6_MHC_APD	29012035	29013062	ENSG00000226463	OR2W1
X	49296814	49304141	ENSG00000237671	GAGE12C
5	82236277	82236802	ENSG00000249857	CTD-2227C6.3
7	28219941	28283536	ENSG00000234336	JAZF1-AS1
11	31457017	31457110	ENSG00000221338	AC108456.1
5	100068762	100069090	ENSG00000207269	RN7SKP62
X	70660367	70660477	ENSG00000252525	snoU13
5	100152186	100152269	ENSG00000221263	MIR548P
15	30844183	30854704	ENSG00000178115	GOLGA8Q
X	74588262	74743337	ENSG00000102383	ZDHHC15
X	70710916	70711017	ENSG00000199751	Y_RNA
2	84104851	84105677	ENSG00000223700	AC104395.1
11	31658875	31789501	ENSG00000228061	Z83001.1
5	100917534	100917830	ENSG00000264318	RN7SL802P
14	60981837	61021634	ENSG00000258670	RP11-1042B17.3
HSCHR6_MHC_APD	29054028	29055133	ENSG00000233054	OR2B3
X	70711529	70712778	ENSG00000243468	INGX
2	84258264	84259482	ENSG00000228225	AC016908.1
12	60609775	60610165	ENSG00000258184	RP11-335M9.1
5	101152179	101152484	ENSG00000251261	OR7H2P
11	66234216	66244808	ENSG00000174516	PELI3
14	61011118	61011372	ENSG00000258764	RP11-1042B17.4
HG104_HG975_PATCH	145164762	145168388	ENSG00000260226	GPAA1
12	124452570	124453126	ENSG00000269938	RP11-214K3.20
10	88695297	88729238	ENSG00000173269	MMRN2
5	82264707	82272972	ENSG00000248400	ST13P12
19	42125344	42133442	ENSG00000105352	CEACAM4
8	16849678	16859690	ENSG00000078579	FGF20
5	101312000	101312502	ENSG00000249495	RP11-1152B5.1
X	70747664	70750075	ENSG00000215120	AL590763.5
12	60735605	60735722	ENSG00000252607	Y_RNA
12	124454537	124454891	ENSG00000270061	RP11-214K3.19
5	82308104	82308928	ENSG00000249664	CTD-2227C6.2
2	136742746	136779888	ENSG00000231890	AC093391.2
12	60757603	60757716	ENSG00000251822	SNORA19
HSCHR6_MHC_APD	29079708	29080643	ENSG00000226271	OR2J3
2	84267009	84267844	ENSG00000228902	ST6GALNAC2P1
12	124456004	124456261	ENSG00000270095	RP11-214K3.18
12	124490418	124490772	ENSG00000256827	RP11-214K3.5
5	82345195	82346783	ENSG00000271862	RP11-343L5.2
5	101466711	101466839	ENSG00000199786	RNA5SP188
2	95565311	95566406	ENSG00000237055	AC097374.3
X	70845603	70845705	ENSG00000264855	AL590763.1
12	124570308	124573142	ENSG00000269923	RP11-214K3.24
HSCHR6_MHC_APD	29141357	29142397	ENSG00000225550	OR2J2
19	29093286	29139210	ENSG00000267537	AC005394.1
2	84517806	84519326	ENSG00000182814	FUNDC2P2
5	101479781	101482276	ENSG00000248261	CTD-2333K2.1
12	124690774	124693564	ENSG00000256596	RP11-522N14.2
19	29097595	29106136	ENSG00000266976	AC079466.1
7	2443223	2474242	ENSG00000136213	CHST12
2	24272571	24286551	ENSG00000119782	FKBP1B
5	101638208	101638514	ENSG00000222987	RN7SKP68
2	109745804	110262207	ENSG00000172985	SH3RF3
19	29281719	29283778	ENSG00000267799	CTC-478M6.1
11	58975983	58980424	ENSG00000197629	MPEG1
2	95566735	95567347	ENSG00000232128	AC097374.4
HSCHR6_MHC_APD	29274489	29275605	ENSG00000236927	OR14J1
6	9596343	10211841	ENSG00000181355	OFCC1
19	29360703	29370077	ENSG00000267617	AC007795.1
11	59131885	59132921	ENSG00000176495	OR5AN1
19	29374337	29444152	ENSG00000267528	AC011524.1
5	101836245	101841374	ENSG00000249017	RP11-58B2.1
5	82360023	82360156	ENSG00000238835	SCARNA18
15	65903704	65953333	ENSG00000074621	SLC24A1
19	29383838	29386856	ENSG00000267683	AC008991.1
5	82497048	82497960	ENSG00000243385	CTD-2110K23.1
X	14861529	14891191	ENSG00000181544	FANCB
X	49306370	49313697	ENSG00000227488	GAGE12D
11	59189416	59190449	ENSG00000172324	OR5A2
19	29421910	29422012	ENSG00000238514	snoU13
2	95578177	95578576	ENSG00000233158	RPS24P6
5	82575740	82576463	ENSG00000251552	COQ10BP2
15	56922379	57210769	ENSG00000137871	ZNF280D
19	29440344	29441107	ENSG00000267027	AC011524.2
2	84542232	84577898	ENSG00000228272	AC106874.1
HSCHR6_MHC_APD	29393366	29424928	ENSG00000232289	OR11A1
5	101917072	101953293	ENSG00000250958	LINC00492
11	59210617	59211667	ENSG00000172320	OR5A1
5	82722495	82722849	ENSG00000251395	FTH1P9
5	180708376	180710653	ENSG00000248103	CTC-338M12.9
5	35904397	35938881	ENSG00000152611	CAPSL
2	95618906	95619338	ENSG00000231331	AC103563.2
5	180728968	180729071	ENSG00000222533	RNU6-705P
X	49315936	49323252	ENSG00000216649	GAGE12E
16	34874400	34874953	ENSG00000259791	RP11-14K3.7
2	84554386	84554691	ENSG00000233373	AC106874.3
5	82827171	82877139	ENSG00000249835	VCAN-AS1
11	59224411	59225464	ENSG00000166884	OR4D6
5	180733503	180755068	ENSG00000238035	AC138035.2
16	34956639	34956900	ENSG00000260522	RP11-352B15.5
5	101941339	101941901	ENSG00000247402	CTD-2340E1.2
17	59537585	59540745	ENSG00000267137	RP11-15K2.2
12	60812764	60813074	ENSG00000257865	RP11-154D9.1
4	156207314	156208288	ENSG00000249924	RP11-27G13.1
4	169013666	169108841	ENSG00000109511	ANXA10
17	59667894	59668541	ENSG00000196861	AC002994.1
12	56390964	56400425	ENSG00000139531	SUOX
2	84977893	84978355	ENSG00000259056	DUXAP1
4	156302194	156302391	ENSG00000250205	YWHAEP4
2	239894624	239894706	ENSG00000211566	AC114788.1
12	61624940	61626718	ENSG00000257308	RP11-471N19.1
HSCHR6_MHC_APD	29407167	29408815	ENSG00000230505	OR10C1
5	101944860	102007263	ENSG00000250682	LINC00491
11	59244846	59245869	ENSG00000254466	OR4D10
11	64781654	64808042	ENSG00000273003	RP11-399J13.3
17	59951445	59951543	ENSG00000202361	Y_RNA
2	239928722	239931139	ENSG00000260506	RP11-648F7.1
1	42642210	42801548	ENSG00000198815	FOXJ3
17	60083100	60083348	ENSG00000242398	RN7SL800P
16	34968764	34968875	ENSG00000251915	RNA5SP406
2	85004383	85005347	ENSG00000235847	LDHAP7
2	239990513	239990610	ENSG00000266109	MIR4440
15	30896329	30906764	ENSG00000261794	GOLGA8H
17	60093218	60093298	ENSG00000221302	AC018628.1
16	34969010	34969119	ENSG00000222207	RNA5SP407
1	150293925	150325671	ENSG00000117360	PRPF3
2	239990615	239990708	ENSG00000265332	AC017028.6
17	60114194	60114306	ENSG00000200842	Y_RNA
16	34969743	34969842	ENSG00000251924	RNA5SP408
4	156304259	156305254	ENSG00000250398	RP11-27G13.4
7	66010634	66057373	ENSG00000232559	GS1-124K5.12
14	97104524	97104851	ENSG00000223299	RN7SKP108
2	239990762	239990855	ENSG00000266360	AC017028.10
17	60199681	60199782	ENSG00000207123	Y_RNA
11	59271049	59271984	ENSG00000176200	OR4D11
16	34969996	34970104	ENSG00000252624	RNA5SP409
12	121647660	121671909	ENSG00000135124	P2RX4
14	97207528	97256950	ENSG00000258979	RP11-433J8.2
7	2552163	2568811	ENSG00000106003	LFNG
2	239990860	239990953	ENSG00000263743	AC017028.2
17	60214333	60218000	ENSG00000266066	POLRMTP1
4	156306504	156306644	ENSG00000271606	RP11-27G13.5
2	95626792	95627248	ENSG00000232594	AC103563.3
2	239991056	239991149	ENSG00000264103	AC017028.3
4	156372769	156373557	ENSG00000249247	RP11-627H22.9
2	239991154	239991247	ENSG00000264518	AC017028.4
5	180756242	180769214	ENSG00000250765	AC138035.1
4	156373678	156374196	ENSG00000249770	MTND6P17
2	239991301	239991394	ENSG00000265979	AC017028.9
14	19564785	19564891	ENSG00000212612	RNU6-1239P
14	97397704	97409917	ENSG00000258825	AL133168.3
11	59282386	59283330	ENSG00000172742	OR4D9
4	156374201	156375955	ENSG00000248748	MTND5P9
17	60308831	60324514	ENSG00000266365	RP11-51L5.3
2	239991448	239991541	ENSG00000264730	AC017028.5
10	134000404	134019280	ENSG00000151640	DPYSL4
8	16884747	16980153	ENSG00000155970	MICU3
5	82981685	82981837	ENSG00000253073	RN7SKP295
6	26636518	26659980	ENSG00000181315	ZNF322
14	19611768	19643377	ENSG00000258314	CTD-2314B22.1
4	156376202	156377563	ENSG00000248548	MTND4P8
2	95630218	95630581	ENSG00000233105	AC103563.4
2	240007394	240007492	ENSG00000265891	AC017028.8
14	97409916	97411731	ENSG00000225163	LINC00618
5	82999267	82999362	ENSG00000206744	RNU6-620P
Y	2834885	2870667	ENSG00000233070	ZFY-AS1
2	240007523	240007622	ENSG00000264810	MIR4441
5	180805696	180806039	ENSG00000251035	WBP1LP4
7	66021203	66022052	ENSG00000232491	RP4-756H11.1
4	156377790	156378133	ENSG00000249127	MTND3P3
5	83042207	83042808	ENSG00000242858	CTC-484M2.1
2	240008039	240008138	ENSG00000265416	AC017028.7
4	129786076	130014764	ENSG00000151466	SCLT1
5	180878878	180878968	ENSG00000256301	AC138031.2
2	95637699	95637912	ENSG00000224585	AC103563.5
19	42177235	42210895	ENSG00000007306	CEACAM7
2	240227157	240227240	ENSG00000265215	MIR4269
14	19614216	19615884	ENSG00000257608	GRAMD4P3
14	97576753	97585584	ENSG00000259026	RP11-907D1.1
7	66021832	66022349	ENSG00000177418	AC006001.1
5	180898964	180899431	ENSG00000213285	AC138031.1
HSCHR6_MHC_APD	29425038	29432186	ENSG00000229125	OR2H1
4	156378332	156379112	ENSG00000249698	RP11-627H22.8
17	46018872	46025654	ENSG00000108439	PNPO
2	240273419	240273499	ENSG00000264292	MIR2467
2	85101820	85102144	ENSG00000213400	RPL12P18
16	67977377	68003504	ENSG00000124067	SLC12A4
4	156379113	156379792	ENSG00000248420	MTATP6P9
7	66071725	66072094	ENSG00000225573	RPL35P5
2	240547392	240552533	ENSG00000227459	AC079612.2
11	112848075	112848142	ENSG00000238998	RNU7-187P
Y	2863108	2863314	ENSG00000223600	EEF1A1P41
4	156380022	156380715	ENSG00000249386	RP11-627H22.6
14	97582692	97587838	ENSG00000258393	RP11-907D1.2
5	102368080	102368735	ENSG00000175749	EIF3KP1
5	83099373	83099504	ENSG00000202157	RNU4-11P
2	240656650	240657232	ENSG00000259889	RP11-315F22.1
4	156380856	156382389	ENSG00000251223	RP11-627H22.5
11	113140254	113144623	ENSG00000227487	NCAM1-AS1
5	83170985	83171640	ENSG00000250013	RP11-456A14.1
2	240882432	240882511	ENSG00000264279	MIR4786
4	156382785	156383815	ENSG00000248907	MTND2P33
Y	2870953	2970313	ENSG00000231535	LINC00278
4	156384025	156384975	ENSG00000251407	MTND1P22
2	241018850	241019779	ENSG00000231278	OR9S24P
14	97621194	97625073	ENSG00000259110	RP11-359N5.1
11	59341871	59383617	ENSG00000110048	OSBP
17	71189129	71204646	ENSG00000166685	COG1
2	241048519	241049469	ENSG00000213048	OR5S1P
2	95640289	95640583	ENSG00000233447	AC103563.6
4	156436879	156438611	ENSG00000251244	RP13-487K5.1
14	19650018	19718563	ENSG00000225210	AL589743.1
2	241166977	241195452	ENSG00000227479	AC124861.1
14	97925153	98047938	ENSG00000246084	CTD-2506J14.1
2	85142910	85143789	ENSG00000213399	AC022210.2
5	102581749	102589220	ENSG00000248203	CTC-503K11.2
4	156655600	156658214	ENSG00000260244	RP11-588K22.2
2	241201132	241201277	ENSG00000221412	AC124861.2
7	28318830	28319319	ENSG00000174495	AC005017.2
11	113149159	113185159	ENSG00000255129	RP11-839D17.3
11	64794880	64808044	ENSG00000110025	SNX15
2	241390181	241391848	ENSG00000255735	AC110619.1
14	97996228	97996510	ENSG00000240730	RN7SL710P
2	95657625	95660107	ENSG00000235186	AC103563.7
2	241395418	241395506	ENSG00000207611	MIR149
X	119561682	119603220	ENSG00000005893	LAMP2
7	28654714	28655505	ENSG00000225286	AC005105.2
22	29655841	29664198	ENSG00000100263	RHBDD3
2	241522117	241526116	ENSG00000260942	CAPN10-AS1
14	98098984	98152995	ENSG00000197176	RP11-76E12.1
5	101569690	101632253	ENSG00000173930	SLCO4C1
11	64018995	64036622	ENSG00000149782	PLCB3
11	113239200	113239839	ENSG00000270179	RP11-159N11.4
5	102744642	102748212	ENSG00000250567	CTD-2154H6.1
2	241625751	241629831	ENSG00000219159	AC011298.2
7	28992974	28998029	ENSG00000255690	AC005013.1
5	83269615	83269705	ENSG00000216125	AC109496.1
Y	21147061	21148284	ENSG00000217896	ZNF839P1
15	30916697	31065196	ENSG00000187951	ARHGAP11B
5	83492701	83492807	ENSG00000252861	RNU6-448P
19	8130286	8214730	ENSG00000142449	FBN3
9	15163620	15307358	ENSG00000155158	TTC39B
11	113276043	113282839	ENSG00000256757	RP11-159N11.3
6	144416018	144416754	ENSG00000169976	SF3B5
HSCHR6_MHC_QBL	33101245	33103438	ENSG00000112474	HSD17B8
2	62900986	63273622	ENSG00000115504	EHBP1
10	134232587	134234457	ENSG00000231705	RP11-432J24.2
12	124867927	124868056	ENSG00000255965	RP11-408I18.9
HSCHR6_MHC_APD	29454555	29455819	ENSG00000234954	MAS1L
5	83680245	83786583	ENSG00000250320	CTD-2269F5.1
14	98252902	98255593	ENSG00000258379	RP11-204N11.2
11	113320745	113320810	ENSG00000265140	MIR4301
7	28992974	28997934	ENSG00000176734	TRIL
2	241894034	241906868	ENSG00000233392	AC104809.4
10	90965694	90967071	ENSG00000138135	CH25H
14	98534577	98671480	ENSG00000259097	RP11-61O1.1
11	113582442	113583120	ENSG00000256091	RP11-627G1.1
2	95669292	95669588	ENSG00000242822	RN7SL575P
2	95690938	95692454	ENSG00000233850	AC103563.8
11	113621838	113622008	ENSG00000243353	RP11-667M19.1
14	98602411	98605579	ENSG00000258511	RP11-61O1.2
5	80529104	80562216	ENSG00000131730	CKMT2
14	98797969	98798087	ENSG00000222066	AL163760.1
16	34977639	34990886	ENSG00000261122	5S_rRNA
7	28997283	28998961	ENSG00000228421	AC005013.5
5	134181370	134195427	ENSG00000181904	C5orf24
11	113640382	113640716	ENSG00000257070	RP11-667M19.4
14	98817706	98818001	ENSG00000241757	RN7SL714P
X	14891563	14940449	ENSG00000130150	MOSPD2
14	98963469	98981135	ENSG00000258795	RP11-1082A3.1
2	85291231	85294470	ENSG00000260840	RP11-60H5.1
5	102766107	102862319	ENSG00000226926	AC010423.1
11	113641115	113642413	ENSG00000256603	RP11-667M19.2
12	113587663	113597081	ENSG00000186710	CCDC42B
7	29019583	29052983	ENSG00000272568	CTB-113D17.1
2	85295932	85296154	ENSG00000235463	AC078974.2
14	99311233	99311934	ENSG00000237342	AL132796.1
2	241920932	241925489	ENSG00000223991	AC104809.2
11	113659953	113662088	ENSG00000256167	ATF4P4
Y	21154353	21154595	ENSG00000185275	CD24P4
7	99520892	99527243	ENSG00000176402	GJC3
2	85329512	85329817	ENSG00000225787	LSM3P3
2	241949462	241950161	ENSG00000229996	AC093585.6
7	29026644	29028515	ENSG00000233517	AC005162.5
14	99391474	99394142	ENSG00000259119	RP11-1127D7.1
2	241955016	242003533	ENSG00000225521	AC005237.4
14	99439216	99439638	ENSG00000232573	RPL3P4
11	113659964	113660749	ENSG00000255870	RP11-667M19.5
7	29119900	29122143	ENSG00000229452	AC005162.4
12	124997768	124999359	ENSG00000214650	RP11-83B20.1
8	38831683	38846181	ENSG00000169495	HTRA4
12	57449426	57481846	ENSG00000166881	TMEM194A
3	167196472	167371771	ENSG00000174776	WDR49
2	242058140	242058358	ENSG00000235861	AC005237.2
16	34980360	34980465	ENSG00000252094	RNA5SP410
12	125386058	125386157	ENSG00000252008	RNU6-927P
16	34981403	34981511	ENSG00000252182	RNA5SP413
11	113662188	113662474	ENSG00000257101	LRRC37A13P
5	84295738	84296113	ENSG00000214853	RP11-509M23.1
5	94039446	94620279	ENSG00000175471	MCTP1
Y	21180869	21180973	ENSG00000252766	RNU6-255P
16	34984432	34984546	ENSG00000253055	RNA5SP415
7	29127804	29127927	ENSG00000223052	AC007096.1
12	125400093	125400205	ENSG00000265345	MIR5188
11	113688799	113693180	ENSG00000256452	RP11-667M19.10
16	34985945	34986055	ENSG00000252647	RNA5SP416
7	29239156	29248586	ENSG00000235669	AC004593.3
2	85413532	85414376	ENSG00000231134	TCF7L1-IT1
16	34986199	34986306	ENSG00000252268	RNA5SP417
Y	21489455	21490459	ENSG00000234529	GAPDHP19
11	113691578	113692607	ENSG00000255710	RP11-667M19.9
13	31774073	31906413	ENSG00000187676	B3GALTL
16	34987197	34987313	ENSG00000251760	RNA5SP418
5	84408160	84408574	ENSG00000249349	CTC-384G19.1
16	34988167	34988301	ENSG00000251717	RNA5SP419
11	113730068	113730171	ENSG00000201687	RNU6-1107P
5	84486447	84486648	ENSG00000248674	RBBP4P6
11	113957533	113957651	ENSG00000221112	AP000908.1
11	114081338	114227293	ENSG00000256947	RP11-64D24.2
HSCHR6_MHC_QBL	30141750	30170728	ENSG00000137313	TRIM26
2	85432049	85432155	ENSG00000200701	RNU6-674P
2	24290454	24299313	ENSG00000115128	SF3B14
6	144471663	144509507	ENSG00000135604	STX11
X	49325479	49332808	ENSG00000236362	GAGE12F
11	31705636	31707478	ENSG00000203504	AC131571.2
2	85489267	85489390	ENSG00000230299	AC093162.3
11	114231357	114250767	ENSG00000256195	RP11-64D24.4
10	134247237	134254988	ENSG00000234311	RP11-432J24.3
9	130683158	130693076	ENSG00000167103	PIP5KL1
10	134325130	134331695	ENSG00000226900	RP11-432J24.5
7	143087382	143105985	ENSG00000146904	EPHA1
11	31706615	31706873	ENSG00000203418	AC131571.1
3	131173970	131177442	ENSG00000261167	RP11-517B11.7
14	61038742	61039029	ENSG00000244756	RP11-1042B17.1
11	114323786	114324845	ENSG00000256533	RP11-212D19.5
5	84505878	84506721	ENSG00000250253	RP11-1072N2.2
11	31807987	31808519	ENSG00000272286	Z83307.3
14	61068864	61069251	ENSG00000241354	RP11-1042B17.2
10	134334331	134335953	ENSG00000229081	LINC01165
X	49335037	49342357	ENSG00000215269	GAGE12G
16	725666	728268	ENSG00000103269	RHBDL1
1	205473723	205501921	ENSG00000117266	CDK18
14	61073785	61073883	ENSG00000253014	U3
11	114383428	114384153	ENSG00000255982	NXPE2P1
6	31686425	31689622	ENSG00000204421	LY6G6C
7	149119766	149121981	ENSG00000261842	RP11-143I21.1
2	85526157	85526241	ENSG00000221579	AC093162.1
10	134596683	134598269	ENSG00000234531	RP11-288G11.3
14	61107448	61109307	ENSG00000258952	RP11-1042B17.5
11	32057527	32062864	ENSG00000254584	RP1-17K7.2
5	84508776	84509432	ENSG00000249792	RP11-1072N2.3
3	131197941	131198077	ENSG00000249020	SNORA58
11	114388586	114389093	ENSG00000270204	RP11-172C16.5
14	61246696	61247313	ENSG00000258445	RP11-307P22.1
10	134757471	134778793	ENSG00000232903	LINC01166
3	131236675	131239724	ENSG00000248468	RP11-517B11.4
2	95717140	95718921	ENSG00000231062	AC103563.9
11	114397851	114397954	ENSG00000238724	snoU13
4	156927630	156928140	ENSG00000249013	FTH1P21
7	2577511	2595361	ENSG00000106009	BRAT1
X	49344586	49351904	ENSG00000224902	GAGE12H
1	47427036	47516423	ENSG00000186377	CYP4X1
10	82289353	82295698	ENSG00000226659	RP11-137H2.4
2	85542164	85543652	ENSG00000246575	AC093162.5
10	134774844	134775741	ENSG00000224758	LINC01167
11	114453975	114455414	ENSG00000256674	RP11-172C16.4
17	60337995	60339297	ENSG00000266647	RP11-51L5.4
11	32074389	32074806	ENSG00000254836	RP1-17K7.3
3	131245291	131246023	ENSG00000248530	RP11-517B11.2
14	61346432	61449303	ENSG00000258892	RP11-193F5.1
1	23685941	23695935	ENSG00000125945	ZNF436
19	42212504	42233718	ENSG00000105388	CEACAM5
4	157217713	157217798	ENSG00000221189	AC108211.1
10	134779038	134789858	ENSG00000240707	LINC01168
10	82409553	82413488	ENSG00000231082	RP11-514F8.2
3	131256415	131256529	ENSG00000251447	RP11-517B11.6
4	157507131	157511191	ENSG00000251511	RP11-171N4.1
11	32086458	32093719	ENSG00000254627	RP1-17K7.1
11	114998938	114999093	ENSG00000252870	ACA59
14	61385958	61386873	ENSG00000258485	SRMP2
7	135242667	135333505	ENSG00000155561	NUP205
3	131704699	131704775	ENSG00000265859	MIR5704
10	134898748	134900201	ENSG00000256925	GPR123-AS1
4	157563732	157564721	ENSG00000249479	RP11-171N4.3
11	32103310	32103518	ENSG00000212551	U3
11	115204296	115210981	ENSG00000256972	AP000462.3
10	82476239	82476824	ENSG00000233353	RPS7P9
2	95873283	95881351	ENSG00000233757	AC092835.2
3	131894246	131895555	ENSG00000240854	RP11-64K7.1
X	49354132	49361430	ENSG00000189064	GAGE2A
7	149244245	149321843	ENSG00000133624	ZNF767
11	32106657	32107258	ENSG00000255490	EIF4A2P5
4	157607816	157613788	ENSG00000248912	RP11-171N4.4
17	60342066	60353016	ENSG00000188755	TBC1D3P2
11	115234348	115248649	ENSG00000255580	AP000462.2
10	134899473	134900137	ENSG00000203268	AL445199.1
3	131962372	131963109	ENSG00000242899	RPL7P16
4	157762511	157763388	ENSG00000248629	RP11-154F14.2
10	134958116	134958808	ENSG00000235264	RPL5P28
11	115267474	115268376	ENSG00000256315	AP000462.1
11	32118689	32126637	ENSG00000255252	RP1-65P5.3
14	61438990	61439184	ENSG00000258656	RP11-193F5.4
7	102147650	102147734	ENSG00000238392	AC093668.1
6	159590429	159693141	ENSG00000164694	FNDC1
20	62218955	62258394	ENSG00000101216	GMEB2
4	157893783	157894108	ENSG00000250622	RP11-612J15.3
7	102246813	102246897	ENSG00000238997	AC105052.1
5	84533499	84533892	ENSG00000248170	RP11-1072N2.4
11	59404189	59436453	ENSG00000166889	PATL1
11	32133595	32364955	ENSG00000227160	RP1-65P5.1
10	135059982	135061395	ENSG00000166917	MIR202HG
7	102322283	102330916	ENSG00000233297	RASA4DP
HSCHR6_MHC_COX	31624311	31628739	ENSG00000241713	LY6G5B
19	40885178	40896094	ENSG00000160396	HIPK4
X	49363628	49373139	ENSG00000205777	GAGE1
11	115403040	115403671	ENSG00000256281	RP11-136I14.2
12	29672664	29682907	ENSG00000257456	RP11-310I24.1
4	157907524	157907845	ENSG00000252350	RPPH1-3P
11	32154245	32165125	ENSG00000255375	RP1-65P5.5
4	157985709	157985815	ENSG00000252524	Y_RNA
11	115409587	115410102	ENSG00000257087	RP11-136I14.3
5	84715846	84716269	ENSG00000248667	CTD-2331D11.2
4	158122714	158122820	ENSG00000199859	RNU6-582P
12	29811309	29811731	ENSG00000242986	RP11-1110J8.1
HSCHR6_MHC_SSTO	31918709	31929380	ENSG00000228896	SKIV2L
4	158125614	158126007	ENSG00000249819	RP11-392C20.1
5	84725520	84726002	ENSG00000249023	CTD-2331D11.3
4	158281267	158281378	ENSG00000263738	AC079233.1
5	84742792	84743576	ENSG00000249842	CTD-2331D11.4
15	31196055	31235311	ENSG00000198690	FAN1
11	32457064	32480315	ENSG00000183242	WT1-AS
11	115448767	115448961	ENSG00000255903	RP11-136I14.4
2	85560018	85560119	ENSG00000239143	Y_RNA
4	158493642	158497306	ENSG00000234111	RP11-364P22.1
5	84760252	84761128	ENSG00000243859	RPL5P17
10	103370423	103455052	ENSG00000107829	FBXW4
11	115453015	115471057	ENSG00000255689	RP11-136I14.5
2	85568404	85568961	ENSG00000270532	PEBP1P2
1	23695490	23698332	ENSG00000249087	C1orf213
7	29251918	29252830	ENSG00000237065	NANOGP4
8	38846327	38854343	ENSG00000169490	TM2D2
11	115497800	115497903	ENSG00000239153	snoU13
5	84823862	84823952	ENSG00000215953	AC026700.1
11	115498783	115500461	ENSG00000255599	AP000997.1
2	85587921	85588048	ENSG00000271014	RP11-717A5.1
10	90973326	91174314	ENSG00000107798	LIPA
17	60359748	60374387	ENSG00000263887	RP11-51L5.5
19	47341393	47354249	ENSG00000042753	AP2S1
5	84845227	84845770	ENSG00000251066	CTC-534B23.1
11	115509281	115517680	ENSG00000260254	AP000997.2
7	140419127	140624564	ENSG00000157764	BRAF
10	81370695	81375196	ENSG00000122852	SFTPA1
11	115530376	115713864	ENSG00000256717	AP000797.3
2	85594708	85594809	ENSG00000202382	Y_RNA
6	45868045	46048132	ENSG00000112782	CLIC5
5	84930230	84930291	ENSG00000265704	AC010595.1
HSCHR6_MHC_QBL	33105102	33109329	ENSG00000206287	RING1
2	85595405	85595701	ENSG00000242095	RN7SL113P
20	5095599	5107272	ENSG00000132646	PCNA
5	84959050	84960502	ENSG00000250874	CTC-480C2.1
HSCHR4_1	69394991	69419037	ENSG00000258085	UGT2B15
11	66247484	66277130	ENSG00000254986	DPP3
8	17013538	17082308	ENSG00000104219	ZDHHC2
16	15252314	15252378	ENSG00000264182	AC126763.1
12	113594979	113623284	ENSG00000123064	DDX54
11	32613339	32614317	ENSG00000270903	HNRNPA3P9
2	85600577	85600637	ENSG00000252478	RNU7-162P
11	115624966	115631345	ENSG00000246100	LINC00900
16	15702331	15704420	ENSG00000257769	CTB-193M12.1
3	75484499	75506637	ENSG00000272690	RP11-803B1.8
2	85614197	85614269	ENSG00000273196	RP11-717A5.2
19	53100952	53102140	ENSG00000268970	CTD-3099C6.11
16	15737151	15737229	ENSG00000272213	MIR484
11	32779814	32780160	ENSG00000244535	RP1-181J22.1
5	85058377	85058956	ENSG00000241965	RPS2P25
5	134209493	134237215	ENSG00000113621	TXNDC15
16	15777147	15778427	ENSG00000262380	CTB-193M12.3
19	53153690	53156537	ENSG00000269825	CTD-3099C6.9
2	85661630	85661742	ENSG00000207207	Y_RNA
5	101569696	101571279	ENSG00000268424	AC008948.1
19	53313077	53313961	ENSG00000255875	CTD-2102P23.1
16	15820531	15826850	ENSG00000263335	AF001548.5
11	33025796	33025891	ENSG00000200615	Y_RNA
2	69092613	69098649	ENSG00000163217	BMP10
11	33097112	33098006	ENSG00000213713	PIGCP1
19	53365060	53366119	ENSG00000268225	CTD-2331H12.5
16	15835008	15835648	ENSG00000263065	AF001548.6
16	34988417	34988553	ENSG00000252806	RNA5SP420
13	32313674	32377009	ENSG00000133105	RXFP2
16	34988926	34989059	ENSG00000252673	RNA5SP421
14	77787227	77797940	ENSG00000100577	GSTZ1
16	34989294	34989404	ENSG00000252587	RNA5SP422
11	33183203	33213144	ENSG00000247151	CSTF3-AS1
17	36046435	36105237	ENSG00000108753	HNF1B
16	34989548	34989656	ENSG00000252936	RNA5SP423
19	53418449	53426723	ENSG00000213793	ZNF888
16	35019940	35021258	ENSG00000260611	RP11-352B15.2
16	35037240	35037651	ENSG00000261620	HMGN2P41
3	75495920	75540353	ENSG00000239959	ENPP7P2
1	23707554	23751233	ENSG00000204219	TCEA3
19	53426635	53427328	ENSG00000269646	CTD-2331H12.7
16	35071257	35072103	ENSG00000261515	VN1R70P
19	53430388	53445854	ENSG00000213801	ZNF816-ZNF321P
19	40899675	40919273	ENSG00000105227	PRX
3	180864021	180864251	ENSG00000242140	RP11-262M14.2
3	180949525	180949631	ENSG00000206932	RNU6-4P
12	85408094	85430055	ENSG00000231738	TSPAN19
1	42846466	42888249	ENSG00000177181	RIMKLA
12	67663061	67713731	ENSG00000111530	CAND1
3	180960133	180960689	ENSG00000237806	FAUP2
11	1910375	1912084	ENSG00000184682	C11orf89
7	108210012	108215294	ENSG00000128590	DNAJB9
19	53459294	53484907	ENSG00000269082	CTD-2620I22.1
3	181138846	181160274	ENSG00000241231	RP11-275H4.1
16	35113407	35113869	ENSG00000261782	RP11-43P5.1
1	47533160	47583991	ENSG00000186160	CYP4Z1
16	35136344	35136453	ENSG00000221580	AC116553.1
2	187692562	187713935	ENSG00000163012	ZSWIM2
HSCHR6_MHC_COX	31631877	31639232	ENSG00000231325	LY6G5C
19	53471504	53541151	ENSG00000242779	ZNF702P
HSCHR4_1	69564040	69580068	ENSG00000257745	UGT2B10
9	130697378	130700763	ENSG00000136908	DPM2
4	158509300	158509387	ENSG00000221618	AC093817.1
X	49452053	49460596	ENSG00000068985	PAGE1
4	158558839	158588196	ENSG00000249275	RP11-364P22.2
4	158689165	158689265	ENSG00000200521	Y_RNA
20	62271061	62284780	ENSG00000197457	STMN3
2	180809603	180871840	ENSG00000163510	CWC22
4	158736162	158736632	ENSG00000249627	RP11-312A15.1
10	76585340	76792380	ENSG00000156650	KAT6B
4	158889564	158890767	ENSG00000250475	RP11-312A15.3
11	33192927	33193036	ENSG00000206808	Y_RNA
17	27206353	27224697	ENSG00000132589	FLOT2
11	33211608	33212049	ENSG00000241950	RPL29P23
19	47421933	47508334	ENSG00000160007	ARHGAP35
11	33218093	33218183	ENSG00000200485	Y_RNA
11	33258554	33258955	ENSG00000241255	RP1-89D4.1
X	70882845	70885603	ENSG00000237265	RP11-402P6.9
11	33376011	33376091	ENSG00000223134	AL122015.1
4	159091904	159124029	ENSG00000248429	RP11-597D13.9
11	33424762	33425151	ENSG00000254537	RP1-130L23.1
11	33472192	33472489	ENSG00000255207	RP1-305G21.1
14	99439651	99439808	ENSG00000234648	AL162151.3
16	730224	732870	ENSG00000103266	STUB1
11	64808373	64812300	ENSG00000168061	SAC3D1
12	130880682	131200826	ENSG00000060709	RIMBP2
14	99624753	99626006	ENSG00000229402	AL162151.4
4	169137444	169239958	ENSG00000137628	DDX60
8	90769975	90803291	ENSG00000104312	RIPK2
12	7623409	7656489	ENSG00000177575	CD163
14	99729285	99731072	ENSG00000235785	AL109767.1
10	135108691	135109481	ENSG00000235245	RP11-122K13.12
14	99791136	99798352	ENSG00000258383	CTD-2200A16.1
1	42896000	42921938	ENSG00000066185	ZMYND12
X	70911782	70912029	ENSG00000230934	RP11-402P6.2
14	99828628	99828716	ENSG00000216173	AL132819.1
10	135137576	135138249	ENSG00000270235	RP11-122K13.14
16	15971020	15971123	ENSG00000206778	RNU6-213P
14	99910643	99910749	ENSG00000272439	U6
16	15978886	15980015	ENSG00000262171	CTA-972D3.2
14	99978838	99979913	ENSG00000258749	RP11-688G15.3
10	135158147	135158410	ENSG00000230306	BANF1P2
HSCHR6_MHC_QBL	33130642	33142541	ENSG00000258213	AL844527.1
X	70934221	70938135	ENSG00000215115	CXorf49
X	15253410	15288589	ENSG00000102048	ASB9
14	100049354	100049455	ENSG00000200506	Y_RNA
16	16025554	16026151	ENSG00000215003	RPL15P20
14	31803518	31926647	ENSG00000203546	RP11-176H8.1
4	159103977	159104545	ENSG00000251073	NUDT19P5
1	47603107	47615413	ENSG00000162365	CYP4A22
10	44236885	44237798	ENSG00000223746	TCEB1P30
10	135159258	135164230	ENSG00000226699	RP11-122K13.7
14	100070893	100092077	ENSG00000247970	RP11-543C4.1
4	159120257	159121594	ENSG00000250604	RP11-597D13.8
2	69172364	69180102	ENSG00000183607	GKN2
10	135185060	135185167	ENSG00000265395	MIR3944
19	53507293	53508403	ENSG00000268282	CTD-2620I22.2
14	100157782	100159985	ENSG00000258672	RP11-543C4.3
17	34580902	34757050	ENSG00000234972	TBC1D3C
16	16188049	16189066	ENSG00000241067	RPL17P40
10	44273010	44274273	ENSG00000234973	RP11-272J7.4
10	135243898	135244822	ENSG00000273327	OR6L2P
19	53510765	53516433	ENSG00000267943	CTD-2620I22.3
14	100411652	100411814	ENSG00000199836	RNU1-47P
14	100430866	100431715	ENSG00000271198	VDAC3P1
19	53638190	53638575	ENSG00000268613	CTD-2620I22.7
10	44282860	44285865	ENSG00000226790	HNRNPA3P1
6	41117080	41122075	ENSG00000161911	TREML1
14	61441045	61441153	ENSG00000206870	RNU6-398P
16	16316884	16318118	ENSG00000262332	RP11-517A5.7
14	100440673	100441486	ENSG00000242888	RP11-436M15.1
1	45477819	45481247	ENSG00000126088	UROD
6	13786789	13814800	ENSG00000050393	MCUR1
14	61729679	61729750	ENSG00000252380	SNORD112
16	16354723	16355092	ENSG00000263029	RP11-517A5.6
14	100443452	100444435	ENSG00000258693	RP11-436M15.3
14	61764882	61789536	ENSG00000247287	RP11-902B17.1
X	70938992	70939460	ENSG00000226870	BX276092.2
10	44340754	44346070	ENSG00000204187	LINC00619
19	29451413	29455850	ENSG00000267240	AC011524.3
10	135267432	135337062	ENSG00000214279	RP11-108K14.4
14	100519140	100541215	ENSG00000258560	CTD-2376I20.1
8	17086737	17104387	ENSG00000198791	CNOT7
6	75794042	75915767	ENSG00000111799	COL12A1
16	16383992	16386099	ENSG00000262848	RP11-517A5.5
14	62004226	62012005	ENSG00000258926	RP11-47I22.1
14	100575756	100575851	ENSG00000265154	MIR151B
11	108130255	108136480	ENSG00000269042	AP001925.1
X	70939766	70940650	ENSG00000238106	RP11-402P6.7
8	38854388	38962663	ENSG00000168615	ADAM9
19	29456038	29461781	ENSG00000267339	LINC00906
14	100575992	100576090	ENSG00000199082	MIR342
16	16386035	16388663	ENSG00000263198	RP11-517A5.4
X	70956304	70956553	ENSG00000237182	RP11-402P6.3
14	62023031	62037371	ENSG00000250548	RP11-47I22.2
7	143140546	143141502	ENSG00000185899	TAS2R60
16	16394007	16394683	ENSG00000257381	MIR3179-2
10	44354859	44390881	ENSG00000226808	LINC00840
X	70964678	70964927	ENSG00000237717	RP11-402P6.4
14	31915242	31926716	ENSG00000129480	DTD2
10	82509388	82510987	ENSG00000233703	RP11-20E23.1
16	84288876	84294655	ENSG00000260858	RP11-558A11.1
14	62147759	62162541	ENSG00000258777	HIF1A-AS1
16	16400227	16400291	ENSG00000264722	MIR3670-2
X	70979235	70979305	ENSG00000221684	BX276092.1
10	82535921	82537844	ENSG00000231060	FARSBP1
10	44396813	44407774	ENSG00000236769	RP11-168P8.5
16	84296421	84296534	ENSG00000201361	RNA5SP433
14	100673744	100704892	ENSG00000258982	RP11-638I2.4
16	16402399	16403857	ENSG00000257366	MIR3180-2
X	70980625	70981509	ENSG00000231774	RP11-402P6.11
10	44407892	44409684	ENSG00000227029	RP11-168P8.3
2	242184617	242184714	ENSG00000266621	AC104841.1
14	62182276	62217815	ENSG00000258667	HIF1A-AS2
16	84329104	84330591	ENSG00000260530	RP11-558A11.2
7	143174966	143175889	ENSG00000221855	TAS2R41
14	20923350	20925927	ENSG00000100823	APEX1
16	16403732	16403825	ENSG00000265373	hsa-mir-3180-3
2	242290755	242292519	ENSG00000223374	AC005104.3
8	14091	14320	ENSG00000253620	AC144568.4
10	44434451	44439914	ENSG00000233395	LINC00841
2	74740590	74744274	ENSG00000115297	TLX2
16	84376070	84377013	ENSG00000260504	RP11-558A11.3
18	22006580	22033499	ENSG00000154059	IMPACT
14	62200856	62242978	ENSG00000258964	RP11-618G20.1
2	242417320	242417397	ENSG00000263752	MIR3133
14	100730118	100731742	ENSG00000258904	RP11-638I2.2
X	70981815	70982283	ENSG00000234442	BX276092.3
16	84492865	84500967	ENSG00000261286	RP11-517C16.2
19	40927499	40931932	ENSG00000197019	SERTAD1
2	242417731	242418408	ENSG00000224232	AC110299.5
19	29492577	29492682	ENSG00000252272	RNA5SP470
14	100746296	100757793	ENSG00000259052	AL157871.2
2	242483818	242498392	ENSG00000234235	BOK-AS1
19	47523077	47549033	ENSG00000130751	NPAS1
10	44529988	44530059	ENSG00000238957	AL512640.1
10	82700421	82700957	ENSG00000227209	WARS2P1
11	33686766	33718247	ENSG00000255202	RP4-541C22.5
14	62278692	62437037	ENSG00000258882	CTD-2277K2.1
16	84529205	84531101	ENSG00000261243	RP11-517C16.4
8	100584	100728	ENSG00000254193	RP11-585F1.8
10	44755050	44757261	ENSG00000237590	RP11-20J15.2
19	29493462	29504862	ENSG00000267014	CTD-2081K17.2
7	143208026	143209004	ENSG00000176510	OR10AC1P
2	242521337	242522141	ENSG00000273113	RP11-367H1.1
11	108179246	108338258	ENSG00000166323	C11orf65
3	131999462	131999522	ENSG00000238701	snoU13
10	82896296	82897091	ENSG00000226466	RPA2P2
7	149473131	149531068	ENSG00000197558	SSPO
16	84627999	84630432	ENSG00000261471	RP11-61F12.1
3	132105366	132107918	ENSG00000240890	RP11-65E22.2
2	242524383	242524490	ENSG00000207186	RNA5SP122
11	33796245	33797216	ENSG00000254508	RP11-646J21.5
16	84861869	84862848	ENSG00000260859	RP11-254F19.2
5	34656342	34832732	ENSG00000039560	RAI14
14	100757454	100760993	ENSG00000258504	RP11-638I2.6
X	70983140	70987054	ENSG00000215113	CXorf49B
14	62298579	62299087	ENSG00000258956	COX4I1P1
10	44787706	44789157	ENSG00000229116	RP11-20J15.3
14	31952173	31953171	ENSG00000214943	GPR33
2	242629829	242633704	ENSG00000228989	AC133528.2
16	84886574	84886673	ENSG00000265249	AC025280.1
2	242664030	242665108	ENSG00000235351	AC114730.11
10	82904408	82904487	ENSG00000265990	AL356154.1
16	84961959	84973209	ENSG00000260340	RP11-254F19.3
14	62536236	62547872	ENSG00000258842	RP11-355I22.5
10	44910097	44910601	ENSG00000214089	RP11-256K7.1
HSCHR6_MHC_QBL	33146871	33168663	ENSG00000206286	VPS52
10	83810018	83810104	ENSG00000221378	AL096864.1
2	242674130	242674913	ENSG00000215692	AC114730.8
11	33797734	33801041	ENSG00000255272	RP11-646J21.6
7	143268894	143271480	ENSG00000271079	CTAGE15
7	102395593	102396386	ENSG00000213385	RP11-577H5.1
16	85312426	85312641	ENSG00000270313	COX6CP16
14	62570096	62583893	ENSG00000258903	RP11-355I22.2
19	29704142	29706722	ENSG00000267498	CTB-32O4.2
7	102475052	102475155	ENSG00000252643	RNU6-1136P
10	43572475	43625799	ENSG00000165731	RET
14	100774196	100774293	ENSG00000198984	MIR345
2	242694208	242695155	ENSG00000234793	AC114730.7
16	85316564	85319569	ENSG00000179219	LINC00311
10	44983783	44983893	ENSG00000270767	RP11-733D4.2
13	32605437	32870794	ENSG00000073910	FRY
3	75570954	75571163	ENSG00000243794	CTD-2026G6.2
7	102497897	102498202	ENSG00000238324	RN7SKP198
10	95066186	95242074	ENSG00000138119	MYOF
10	45086656	45097552	ENSG00000234580	RP11-733D4.1
2	242740331	242741322	ENSG00000215023	AC114730.5
16	85339832	85339931	ENSG00000266307	MIR5093
14	62577593	62579268	ENSG00000259796	RP11-355I22.7
7	102613969	102629303	ENSG00000230257	NFE4
11	33808600	33809341	ENSG00000255161	RP11-646J21.7
3	75589200	75629150	ENSG00000272710	CTD-2026G6.3
16	16404198	16428047	ENSG00000244257	PKD1P1
16	85475029	85475098	ENSG00000264203	AC092377.1
3	75591300	75592080	ENSG00000244674	RPS3AP15
10	45301891	45303671	ENSG00000227395	EIF2AP4
14	96967770	97033448	ENSG00000090060	PAPOLA
19	29723999	29724292	ENSG00000241604	RN7SL340P
16	85613615	85617177	ENSG00000270124	RP11-118F19.1
14	62581071	62584284	ENSG00000258403	RP11-355I22.6
3	75598948	75599096	ENSG00000221602	AC133041.1
2	242749407	242753111	ENSG00000224272	AC114730.3
7	102654703	102654802	ENSG00000264045	AC073127.1
5	131991955	131996802	ENSG00000169194	IL13
11	33826314	33827187	ENSG00000255169	RP11-646J21.3
3	75639449	75639800	ENSG00000239383	RP11-413E6.2
7	102670551	102671801	ENSG00000236226	RP11-645N11.3
10	45306472	45455137	ENSG00000224812	TMEM72-AS1
17	47366568	47439835	ENSG00000198740	ZNF652
9	130702858	130742792	ENSG00000167106	FAM102A
19	29777918	30016659	ENSG00000264515	CTC-525D6.1
3	75647803	75648824	ENSG00000244222	OR7E121P
16	85625872	85629326	ENSG00000260417	CTD-2542L18.1
11	33831691	33832724	ENSG00000254619	RP11-646J21.4
8	105274	105481	ENSG00000253612	WBP1LP3
7	102729111	102730057	ENSG00000233025	CRYZP1
16	85692984	85693279	ENSG00000263968	RN7SL381P
14	62584197	62596352	ENSG00000186369	LINC00643
8	150385	150562	ENSG00000255464	RP11-585F1.2
3	75668657	75673000	ENSG00000172971	UNC93B3
11	33836423	33843641	ENSG00000255133	RP11-646J21.2
16	85775227	85775306	ENSG00000222190	MIR1910
10	45395062	45415668	ENSG00000234504	RP11-285G1.2
16	85776893	85777831	ENSG00000269898	RP11-568J23.4
8	152660	152897	ENSG00000253166	RP11-585F1.6
11	34210721	34210822	ENSG00000201867	Y_RNA
22	29663998	29696515	ENSG00000182944	EWSR1
2	242786532	242787188	ENSG00000235151	AC114730.2
10	45432956	45451173	ENSG00000223462	RP11-285G1.9
11	34356665	34357550	ENSG00000254708	RP1-145M24.1
8	163186	182231	ENSG00000223508	RPL23AP53
7	102781796	102782386	ENSG00000224415	RPL19P12
10	45454365	45454906	ENSG00000273363	RP11-285G1.14
11	34426210	34426496	ENSG00000220204	RP1-53C18.3
12	61994231	61994624	ENSG00000258336	RP11-410B16.1
19	29938945	29939287	ENSG00000267574	CTC-525D6.5
3	75673837	75674304	ENSG00000243422	RP11-413E6.1
2	242823514	243020873	ENSG00000233806	AC131097.3
12	62169704	62170181	ENSG00000242922	RPL21P104
3	75679914	75680009	ENSG00000221795	MIR1324
19	29980682	30017855	ENSG00000266248	CTC-525D6.2
2	74745258	74753463	ENSG00000144045	DQX1
3	172361483	172361740	ENSG00000269496	AC007919.2
2	203499901	203634480	ENSG00000138439	FAM117B
3	75702712	75703924	ENSG00000241532	AGGF1P3
19	30392603	30392776	ENSG00000267433	CTD-2057D4.2
X	71009236	71009486	ENSG00000224617	RP11-402P6.5
12	62273099	62274553	ENSG00000257528	KRT8P19
14	31959162	32330430	ENSG00000151413	NUBPL
19	30412089	30412560	ENSG00000267258	CTC-448F2.3
10	45497670	45642669	ENSG00000226937	CEP164P1
X	71068625	71068854	ENSG00000229030	RP11-402P6.6
12	62415351	62415955	ENSG00000213363	RPS3P6
8	183119	183692	ENSG00000272812	RP5-855D21.3
19	30447276	30447895	ENSG00000242100	RPL9P32
8	184347	184887	ENSG00000272240	RP5-855D21.1
X	71185822	71185924	ENSG00000201392	RNU6-1078P
2	69201705	69208106	ENSG00000169605	GKN1
2	242912834	242919427	ENSG00000237940	AC093642.3
1	42921788	42939056	ENSG00000127125	PPCS
X	71264395	71264742	ENSG00000196933	RPS26P11
19	30519648	30520823	ENSG00000267006	CTC-448F2.4
19	30528192	30528318	ENSG00000267692	TAF9P3
7	143318043	143427502	ENSG00000170379	FAM115C
19	30528330	30529063	ENSG00000266910	CTC-448F2.6
15	65950384	66084631	ENSG00000174485	DENND4A
12	125420001	125420441	ENSG00000241129	RPL22P19
1	44171495	44396831	ENSG00000126091	ST3GAL3
8	187045	187669	ENSG00000273402	RP5-855D21.2
8	90914087	90940116	ENSG00000164823	OSGIN2
19	30710573	30719622	ENSG00000267223	AC005597.1
2	242967334	242968327	ENSG00000226423	AC093642.4
3	132120097	132120640	ENSG00000213264	NIP7P2
19	31105127	31105227	ENSG00000223148	AC011478.1
8	214315	214672	ENSG00000254104	RP11-63E5.1
19	31156181	31159554	ENSG00000267760	CTC-565M22.1
2	242989846	243026289	ENSG00000232002	AC093642.6
2	188207856	188313187	ENSG00000064989	CALCRL
X	71352000	71354556	ENSG00000248345	RP11-262D11.1
10	83983969	83988935	ENSG00000229458	RP11-202D18.2
19	31341882	31363414	ENSG00000267081	CTC-400I9.2
2	243029505	243030608	ENSG00000261186	RP11-341N2.1
3	132364675	132369227	ENSG00000251614	HSPA8P19
1	47649265	47656716	ENSG00000162366	PDZK1IP1
2	228189867	228222550	ENSG00000168958	MFF
19	43696854	43711451	ENSG00000243137	PSG4
19	31398106	31400062	ENSG00000261316	CTC-400I9.1
8	255306	281026	ENSG00000249868	RP11-63E5.6
Y	21617317	21665039	ENSG00000215580	BCORP1
19	31437488	31448098	ENSG00000267378	CTC-400I9.3
19	31658422	31698569	ENSG00000267777	CTC-439O9.3
3	4535032	4889524	ENSG00000150995	ITPR1
X	71372186	71372264	ENSG00000215933	BX119917.1
X	15298053	15333778	ENSG00000165192	ASB11
X	71364034	71381600	ENSG00000225471	RP11-262D11.2
2	201936156	201950473	ENSG00000119013	NDUFB3
19	47549165	47551888	ENSG00000130748	TMEM160
2	243030784	243102304	ENSG00000220804	AC093642.5
7	99564343	99573780	ENSG00000160862	AZGP1
19	31839787	31908700	ENSG00000267662	AC007796.1
11	64812290	64826021	ENSG00000168060	NAALADL1
19	31912903	31918208	ENSG00000267636	AC008992.1
3	132440594	132593067	ENSG00000248724	NPHP3-AS1
8	325931	333174	ENSG00000182366	FAM87A
19	31956559	31957337	ENSG00000267599	CTD-2050I18.2
14	19670480	19686002	ENSG00000228294	BMS1P17
19	32032945	32045703	ENSG00000267407	CTD-2050I18.1
3	27674467	27675211	ENSG00000213846	AC098614.2
4	97231852	97740015	ENSG00000248510	RP11-145G20.1
3	27679806	27680267	ENSG00000271943	RP11-222K16.1
19	32078946	32086626	ENSG00000261400	AC011525.2
4	97269889	97270189	ENSG00000201640	RN7SKP28
3	27744620	27745059	ENSG00000232766	AC098614.3
14	19691780	19692374	ENSG00000257227	DUXAP10
4	97823952	97824201	ENSG00000236764	COX7A2P2
19	32079102	32084687	ENSG00000267465	AC011525.4
X	71418562	71418898	ENSG00000239577	RN7SL388P
12	125540905	125541127	ENSG00000256093	RP11-158L12.2
3	132575913	132576068	ENSG00000250355	RP11-79L21.1
7	29553841	29603286	ENSG00000223813	AC007255.8
3	27754401	27755496	ENSG00000272282	RP11-222K16.2
X	71443094	71443403	ENSG00000264396	RN7SL264P
X	71504795	71504895	ENSG00000238926	Y_RNA
3	132733848	132755896	ENSG00000249725	RP11-469L4.1
12	125634604	125635940	ENSG00000256814	RP11-158L12.5
4	98041852	98056210	ENSG00000253170	RP11-431J17.1
X	49593863	49598576	ENSG00000101951	PAGE4
X	71596829	71597019	ENSG00000222810	RNU2-68P
11	34452427	34453196	ENSG00000216708	CIR1P3
19	40946751	40950612	ENSG00000167565	SERTAD3
14	19719545	19720589	ENSG00000257573	RP11-496I2.5
3	75707685	75708165	ENSG00000241622	RARRES2P1
3	27844253	27932792	ENSG00000225548	AC098973.2
8	400714	401343	ENSG00000272293	RP11-91J19.3
12	126384967	126386029	ENSG00000271184	RP4-800O15.3
3	132964950	132976032	ENSG00000251011	RP11-402L6.1
4	98255786	98554974	ENSG00000254044	RP11-681L8.1
3	75718082	75719336	ENSG00000236138	RP11-413E6.7
X	71880320	71880569	ENSG00000225858	RP1-172N19.3
11	34505983	34506085	ENSG00000264667	AL137224.1
19	47567444	47617009	ENSG00000130749	ZC3H4
7	29591137	29591767	ENSG00000270196	RP11-550A18.1
11	1940792	1959936	ENSG00000130595	TNNT3
19	32146262	32146367	ENSG00000252780	RNA5SP471
12	126443234	126467920	ENSG00000249267	LINC00939
2	198254508	198299815	ENSG00000115524	SF3B1
3	75721542	75728454	ENSG00000242516	LINC00960
11	34554561	34579471	ENSG00000255271	RP4-594L9.2
6	144606837	145174170	ENSG00000152818	UTRN
8	424455	427966	ENSG00000272005	RP11-91J19.4
14	19740033	19742744	ENSG00000257310	RP11-496I2.2
19	32278054	32278161	ENSG00000201894	RNU6-967P
1	47681962	47697892	ENSG00000162367	TAL1
6	52226219	52272575	ENSG00000170915	PAQR8
4	98288077	98411315	ENSG00000251620	STPG2-AS1
7	29638411	29724871	ENSG00000225264	ZNRF2P2
17	33704435	33704697	ENSG00000267315	RP11-686D22.6
19	32377610	32399190	ENSG00000267012	CTC-360P9.1
14	19742775	19758782	ENSG00000258781	RP11-496I2.4
3	27872379	27875627	ENSG00000229243	AC098973.1
X	71908800	71932190	ENSG00000231944	PHKA1-AS1
17	47448102	47554350	ENSG00000262039	RP11-81K2.1
17	46029333	46035244	ENSG00000167183	PRR15L
4	98407957	98408047	ENSG00000271995	AC034154.1
2	110300559	110371783	ENSG00000186522	SEPT10
12	30052836	30052940	ENSG00000253052	U3
10	83988741	83992676	ENSG00000225738	NRG3-AS1
14	19787427	19787943	ENSG00000271632	RP11-496I2.7
17	33727897	33730025	ENSG00000267711	RP11-686D22.5
4	98837504	98838552	ENSG00000250293	CRYZP2
8	675188	675877	ENSG00000254207	RP11-43A14.1
12	30353916	30370849	ENSG00000257262	RP11-776A13.1
17	33730856	33731392	ENSG00000267547	RP11-686D22.4
9	15422702	15465951	ENSG00000164975	SNAPC3
14	19806437	19807415	ENSG00000196143	OR11H13P
3	64079543	64431152	ENSG00000163637	PRICKLE2
4	98946541	98947391	ENSG00000242697	RPL5P12
3	141043055	141168634	ENSG00000177311	ZBTB38
3	28038701	28070095	ENSG00000235493	AC092415.1
11	34592423	34595529	ENSG00000255427	RP11-350D17.2
12	56401443	56432219	ENSG00000123411	IKZF4
17	33733703	33736787	ENSG00000267745	RP11-686D22.8
12	30383712	30449640	ENSG00000257756	RP11-776A13.3
X	71945976	71946190	ENSG00000202482	U3
7	29665486	29665599	ENSG00000223437	TMSB4XP3
3	75762167	75762465	ENSG00000265592	RN7SL92P
17	48912011	48919709	ENSG00000173714	WFIKKN2
11	34731147	34731708	ENSG00000271369	RP11-350D17.3
3	75787431	75787514	ENSG00000266396	MIR4273
9	130823512	130830485	ENSG00000171169	NAIF1
14	19812176	19859970	ENSG00000258188	RP11-146E13.4
11	34764453	34764746	ENSG00000270491	RP4-743O11.1
4	98969706	98970194	ENSG00000214904	DUTP8
3	28469454	28469935	ENSG00000234048	FAM96AP1
14	19832617	19857070	ENSG00000257749	CTD-2314B22.2
17	33733967	33734837	ENSG00000267648	RP11-686D22.3
10	84100527	84100632	ENSG00000207275	RNU6-441P
11	34963384	34963467	ENSG00000251862	MIR1343
12	30459364	30459457	ENSG00000251781	RNA5SP356
3	28489216	28489564	ENSG00000230480	AC093142.2
8	687651	1087777	ENSG00000237647	ERICH1-AS1
10	84827718	84827827	ENSG00000200774	RNU6-478P
4	99094935	99095030	ENSG00000200658	Y_RNA
12	30473767	30474550	ENSG00000257932	RP11-155I9.1
10	85071384	85074231	ENSG00000234931	MARK2P15
11	64037302	64052176	ENSG00000002330	BAD
19	40953696	40971747	ENSG00000090013	BLVRB
4	99172839	99182781	ENSG00000214559	RP11-323J4.1
11	35154202	35159579	ENSG00000255521	RP4-607I7.1
17	33736621	33737247	ENSG00000267102	RP11-686D22.7
17	43922256	43924438	ENSG00000185294	SPPL2C
X	49644470	49647166	ENSG00000242013	USP27X
12	30607852	30645235	ENSG00000258202	RP11-776A13.2
4	99330441	99330914	ENSG00000242318	RP11-810D13.1
10	85196790	85196885	ENSG00000265268	AL356140.1
HSCHR6_MHC_APD	29523504	29601074	ENSG00000232569	GABBR1
10	85432162	85435195	ENSG00000233945	RP11-344L13.2
4	99417515	99431086	ENSG00000251523	RP11-724M22.1
12	30908008	30933673	ENSG00000246331	RP11-77I22.2
17	33786500	33787569	ENSG00000267312	RP11-1094M14.7
14	100785408	100785707	ENSG00000243976	RN7SL523P
10	85495262	85496249	ENSG00000223565	RP11-344L13.1
21	35275757	35288284	ENSG00000241837	ATP5O
4	99580055	99585701	ENSG00000260641	RP11-1299A16.3
14	100789165	100789270	ENSG00000263519	AL157871.1
10	85524114	85524220	ENSG00000212324	RNU6-129P
12	30947977	30955645	ENSG00000235884	LINC00941
2	26531415	26618759	ENSG00000138018	EPT1
5	35951112	36001130	ENSG00000145626	UGT3A1
10	85671410	85672678	ENSG00000233258	RP11-219F10.1
14	100800127	100820398	ENSG00000258666	RP11-638I2.8
3	28616282	28799831	ENSG00000228214	LINC00693
11	35231890	35236532	ENSG00000255443	RP1-68D18.4
2	24299396	24392509	ENSG00000219626	FAM228B
14	19854098	19925348	ENSG00000244306	CTD-2314B22.3
4	99634955	99635122	ENSG00000249764	RP11-1299A16.1
14	100806169	100806891	ENSG00000258521	RP11-638I2.9
1	69091	70008	ENSG00000186092	OR4F5
19	55644162	55660722	ENSG00000105048	TNNT1
1	23755056	23811061	ENSG00000088280	ASAP3
X	71947802	71948646	ENSG00000213698	RP1-172N19.4
4	99661893	99662382	ENSG00000227118	BTF3P13
7	38724946	38726637	ENSG00000164556	FAM183B
17	26691310	26695033	ENSG00000273171	CTB-96E2.2
12	31014855	31015113	ENSG00000258118	RP11-77I22.4
11	35234097	35235554	ENSG00000251194	RP1-68D18.2
X	71960530	71960693	ENSG00000201271	RNU1-112P
1	134901	139379	ENSG00000237683	AL627309.1
17	48939584	48945339	ENSG00000141232	TOB1
4	99830688	99830999	ENSG00000249055	TBCAP3
X	71997432	71998921	ENSG00000269911	FAM226B
11	35303360	35307556	ENSG00000255004	RP1-68D18.3
10	116190872	116444762	ENSG00000099204	ABLIM1
4	99850048	99916145	ENSG00000263923	RP11-571L19.7
X	72001689	72002484	ENSG00000229583	RP1-172N19.1
X	15337573	15353676	ENSG00000165195	PIGA
14	100832965	100833257	ENSG00000258581	RP11-638I2.10
1	367640	368634	ENSG00000235249	OR4F29
4	99851074	99851138	ENSG00000238449	AC019131.1
6	52285106	52387892	ENSG00000096093	EFHC1
4	99877133	99877918	ENSG00000214886	FAM177A1P1
17	61554422	61599205	ENSG00000159640	ACE
8	90945564	91015456	ENSG00000104320	NBN
16	16407969	16408068	ENSG00000206706	Y_RNA
14	100872936	100873950	ENSG00000258620	RP11-362L22.1
16	16450081	16471364	ENSG00000227827	RP11-958N24.2
4	99887966	99888024	ENSG00000252548	RNU7-149P
1	621059	622053	ENSG00000185097	OR4F16
X	49687225	49863892	ENSG00000171365	CLCN5
6	160090089	160183561	ENSG00000112096	SOD2
2	102803433	102856462	ENSG00000115598	IL1RL2
4	99897951	99898268	ENSG00000251437	NDUFS5P4
20	62289163	62328416	ENSG00000258366	RTEL1
8	1054882	1212580	ENSG00000254269	CTD-2281E23.2
6	35182190	35220856	ENSG00000146197	SCUBE3
17	47481414	47492246	ENSG00000167085	PHB
4	99918538	99918611	ENSG00000265213	MIR3684
7	75677369	75696826	ENSG00000146701	MDH2
1	738532	739137	ENSG00000269831	AL669831.1
16	85815381	85815505	ENSG00000252311	RNU1-103P
15	31231144	31283810	ENSG00000166912	MTMR10
16	85817988	85821223	ENSG00000270184	RP11-568J23.5
22	19117792	19132197	ENSG00000100056	DGCR14
1	818043	819983	ENSG00000269308	AL645608.2
16	731671	734529	ENSG00000161999	JMJD8
X	72027259	72028044	ENSG00000225396	RP11-69A21.2
16	85826021	85826539	ENSG00000270159	RP11-568J23.6
X	75002823	75005079	ENSG00000186675	MAGEE2
17	18280976	18292961	ENSG00000214860	EVPLL
7	99613204	99639312	ENSG00000106261	ZKSCAN1
3	181222863	181223667	ENSG00000235294	RPL7AP25
11	10772534	10801290	ENSG00000198730	CTR9
6	41126244	41130924	ENSG00000095970	TREM2
5	101707486	101834720	ENSG00000205359	SLCO6A1
7	29689843	29782210	ENSG00000227855	DPY19L2P3
3	181251965	181253669	ENSG00000239381	RP11-4B14.3
16	85848031	85848668	ENSG00000270698	RP11-568J23.7
19	32413790	32436304	ENSG00000267094	CTC-360P9.5
16	85849479	85850142	ENSG00000214259	RP11-568J23.1
X	75392771	75398039	ENSG00000102390	PBDC1
19	32417479	32417594	ENSG00000221504	AC011456.1
3	181531189	181531488	ENSG00000266317	RN7SL703P
16	85968887	85969829	ENSG00000268804	RP11-542M13.3
19	32456548	32457875	ENSG00000267684	CTC-360P9.2
3	181540660	181540778	ENSG00000199839	RNA5SP150
19	18979361	19006905	ENSG00000130283	GDF1
17	26691378	26728065	ENSG00000004139	SARM1
HSCHR6_MHC_QBL	30283753	30304091	ENSG00000206495	TRIM39
8	1196789	1198760	ENSG00000254160	CTD-2281E23.3
3	181565314	181565673	ENSG00000239805	RP11-252O18.2
16	86015356	86018329	ENSG00000269667	RP11-542M13.2
19	32458005	32516697	ENSG00000267489	CTC-360P9.4
8	1244292	1250829	ENSG00000253640	CTD-2281E23.1
3	181584139	181584942	ENSG00000213155	RP11-252O18.3
16	86115015	86123132	ENSG00000261177	RP11-805I24.1
7	66119525	66134842	ENSG00000226824	RP4-756H11.3
8	1316808	1317999	ENSG00000260721	AF067845.1
16	86191812	86192404	ENSG00000268078	RP11-805I24.4
X	72158003	72158798	ENSG00000204119	LINC00684
19	32516768	32547771	ENSG00000267779	CTC-360P9.3
12	112369086	112450970	ENSG00000198270	TMEM116
16	86226399	86232519	ENSG00000268505	RP11-805I24.3
1	860260	879955	ENSG00000187634	SAMD11
7	66204816	66205372	ENSG00000272831	RP11-792A8.4
16	86229787	86233326	ENSG00000269186	LINC01082
1	42929001	43120335	ENSG00000186409	CCDC30
7	66213825	66214064	ENSG00000271064	RP11-792A8.3
3	181670131	181728466	ENSG00000242512	RP11-416O18.1
7	66255341	66255451	ENSG00000238841	snoU13
16	29817427	29823649	ENSG00000103495	MAZ
7	66274980	66309813	ENSG00000230583	GTF2IRD1P1
16	86255029	86256335	ENSG00000270058	RP11-514D23.3
3	157154578	157161417	ENSG00000163661	PTX3
3	172468472	172539264	ENSG00000114346	ECT2
16	86259186	86309351	ENSG00000268754	LINC01081
8	1513675	1570583	ENSG00000253267	RP11-666I19.2
2	74753772	74757066	ENSG00000115307	AUP1
19	32592994	32596822	ENSG00000267204	AC011518.1
X	75648046	75651744	ENSG00000198934	MAGEE1
16	86309036	86309129	ENSG00000199949	Y_RNA
16	86320033	86326995	ENSG00000268532	RP11-514D23.1
3	12775024	12810956	ENSG00000088726	TMEM40
9	130830480	130871524	ENSG00000148339	SLC25A25
19	32594489	32597443	ENSG00000267133	AC011518.2
8	1678372	1679618	ENSG00000254265	CTD-2336O2.2
14	19854816	19855864	ENSG00000258198	RP11-146E13.3
12	31149973	31158938	ENSG00000226472	RP11-551L14.4
X	76709648	76712769	ENSG00000196468	FGF16
7	66313483	66323123	ENSG00000232546	RP11-458F8.1
1	205538013	205572046	ENSG00000174514	MFSD4
14	19882993	19883606	ENSG00000257977	RP11-496I2.6
19	32734871	32734989	ENSG00000200738	RNA5SP472
12	31165437	31168601	ENSG00000256984	RP11-551L14.6
6	41158015	41168932	ENSG00000112195	TREML2
7	29720350	29720444	ENSG00000212024	MIR550A3
19	32868188	32868273	ENSG00000263960	AC007773.1
7	29952144	29952248	ENSG00000238906	snoU13
12	31173697	31226781	ENSG00000245614	DDX11-AS1
7	140705854	140715028	ENSG00000090263	MRPS33
16	86365450	86383289	ENSG00000168367	LINC00917
7	30028216	30065276	ENSG00000227014	AC007285.6
14	19889386	19904890	ENSG00000215394	BMS1P18
12	31229801	31229950	ENSG00000212533	SNORA75
12	31258039	31259764	ENSG00000270926	RP11-551L14.7
Y	21729199	21768160	ENSG00000131002	TXLNG2P
4	130014472	130037795	ENSG00000151470	C4orf33
7	38762563	38971994	ENSG00000006715	VPS41
HSCHR4_1	69676504	69699836	ENSG00000257679	UGT2A3
17	4046462	4090605	ENSG00000167740	CYB5D2
12	54756229	54758271	ENSG00000139572	GPR84
12	31264586	31359088	ENSG00000177359	RP11-551L14.1
HSCHR4_1	69242120	69242246	ENSG00000257578	AC074378.1
14	19932012	19972292	ENSG00000257931	CTD-2311B13.7
3	157261035	157395538	ENSG00000174899	C3orf55
13	32877837	32889481	ENSG00000189167	ZAR1L
1	47715811	47779819	ENSG00000123473	STIL
11	115803492	115813713	ENSG00000257067	AP000797.4
X	15363713	15402498	ENSG00000165197	FIGF
4	159191530	159199828	ENSG00000251429	RP11-597D13.7
17	79476997	79490873	ENSG00000184009	ACTG1
11	115820914	115821519	ENSG00000244259	AP000797.1
21	35445524	35515334	ENSG00000243927	MRPS6
11	115821823	115822209	ENSG00000239600	AP000797.2
14	62600867	62606691	ENSG00000259142	LINC00644
HSCHR4_1	69752901	69753179	ENSG00000258287	AC021146.1
16	86380993	86383217	ENSG00000269826	RP11-158I3.3
10	134020996	134145351	ENSG00000165752	STK32C
14	62617374	62618976	ENSG00000270852	RP11-355I22.8
11	116191061	116191162	ENSG00000238625	snoU13
14	62981590	62981841	ENSG00000258638	RP11-395B20.2
11	116367616	116371347	ENSG00000236437	AP001891.1
HSCHR6_MHC_COX	32044940	32046524	ENSG00000230907	FKBPL
17	43971748	44105700	ENSG00000186868	MAPT
4	159316546	159316686	ENSG00000199634	RNU4-79P
14	63070831	63072435	ENSG00000258877	RP11-395B20.1
22	19118321	19120134	ENSG00000206203	TSSK2
11	116510139	116528969	ENSG00000237937	AP000770.1
4	159390738	159391854	ENSG00000248387	RP11-781M16.1
9	15464064	15511017	ENSG00000164985	PSIP1
14	63589725	63589919	ENSG00000258995	RP11-1112J20.1
11	64037534	64056972	ENSG00000173264	GPR137
12	62511668	62511739	ENSG00000252883	SNORD112
12	62533780	62539424	ENSG00000257880	RP11-769N19.2
4	159411918	159431060	ENSG00000249901	RP11-781M16.2
11	66276550	66301084	ENSG00000256349	CTD-3074O7.11
11	116644105	116644921	ENSG00000226645	AP006216.10
14	63589751	63594932	ENSG00000259093	RP11-1112J20.2
12	62628171	62629296	ENSG00000258316	KLF17P1
4	159621843	159622060	ENSG00000271817	U3
11	116645826	116646592	ENSG00000231611	AP006216.11
12	62727872	62727978	ENSG00000200814	RNU6-595P
22	19136089	19137796	ENSG00000063515	GSC2
4	159715742	159715848	ENSG00000206703	RNU6-128P
14	63699433	63699530	ENSG00000265711	AL049871.1
12	62876129	62878712	ENSG00000257568	RP11-863H1.1
11	116683920	116684719	ENSG00000236267	AP006216.5
4	159921298	159921442	ENSG00000221314	AC093700.1
3	181686247	181686469	ENSG00000252257	RN7SKP265
19	40972148	41082370	ENSG00000160460	SPTBN4
19	19010323	19030206	ENSG00000105669	COPE
14	63764844	63766265	ENSG00000258943	RP11-696D21.2
19	47616531	47713886	ENSG00000142230	SAE1
4	159928271	159928987	ENSG00000248988	RP11-815N9.2
3	181839672	181859925	ENSG00000240478	RP11-416O18.2
8	1710156	1712668	ENSG00000253982	CTD-2336O2.1
12	62939362	62939459	ENSG00000202034	RNU6-399P
11	116706833	116726445	ENSG00000235910	APOA1-AS
3	182082935	182086044	ENSG00000242012	RP11-338L18.1
11	116756762	116761437	ENSG00000231865	SIK3-IT1
4	159947291	159947679	ENSG00000249367	FABP5P12
HG79_PATCH	136080664	136084628	ENSG00000261059	OBP2B
11	116886146	116886245	ENSG00000264344	AP000936.2
X	72218227	72222695	ENSG00000226725	RP11-493K23.1
11	116886613	116886708	ENSG00000200537	RNY4P6
4	159985449	159985550	ENSG00000206978	Y_RNA
17	60397245	60397550	ENSG00000242123	RP11-51L5.1
8	17104080	17159936	ENSG00000155975	VPS37A
11	116906513	116906767	ENSG00000234268	AP000936.1
4	160044785	160044836	ENSG00000266377	AC095064.1
X	76760356	77041702	ENSG00000085224	ATRX
21	35445870	35478561	ENSG00000272962	SLC5A3
11	116969703	116978886	ENSG00000224077	AP000936.4
X	72300006	72304474	ENSG00000231963	RP11-493K23.4
11	116988510	116989897	ENSG00000225236	AP000936.5
19	43715943	43773682	ENSG00000183668	PSG9
8	1765397	1765473	ENSG00000207826	MIR596
21	35445870	35478559	ENSG00000198743	SLC5A3
11	117006244	117009298	ENSG00000254851	RP11-109L13.1
X	72442960	72443394	ENSG00000230311	AC004074.3
10	126135592	126138753	ENSG00000229544	NKX1-2
8	1919563	1924644	ENSG00000253696	KBTBD11-OT1
7	108524032	108524644	ENSG00000205174	C7orf66
12	54762917	54785082	ENSG00000161642	ZNF385A
HSCHR6_MHC_COX	32064598	32070614	ENSG00000229071	PRRT1
11	35395812	35396021	ENSG00000215380	AC090625.1
7	30109274	30114731	ENSG00000231519	AC007285.7
X	72457483	72458545	ENSG00000237014	AC004074.4
11	117014607	117014907	ENSG00000254678	RP11-109L13.5
7	30180486	30181033	ENSG00000230751	AC007036.4
22	19163095	19166343	ENSG00000100075	SLC25A1
11	35440604	35442549	ENSG00000255542	RP4-683L5.1
18	52889562	53332018	ENSG00000196628	TCF4
11	117134515	117134668	ENSG00000252992	SCARNA11
13	32889611	32973805	ENSG00000139618	BRCA2
HSCHR19_2_CTG3	21915047	21959807	ENSG00000262022	ZNF100
17	60459029	60459376	ENSG00000239809	RP11-51L5.2
11	35600978	35606858	ENSG00000254669	RP5-945I17.2
11	117187078	117198754	ENSG00000250699	AP000892.4
7	108540389	108540655	ENSG00000269185	FLJ00325
11	117206972	117207347	ENSG00000271412	AP000892.8
X	15402921	15511687	ENSG00000087842	PIR
HSCHR19_2_CTG3	21837956	21839341	ENSG00000262618	RP11-420K14.1
11	117539198	117539573	ENSG00000270403	RP11-35P15.1
8	1920736	1922803	ENSG00000253764	RP11-439C15.4
11	35678242	35682887	ENSG00000254686	RP1-276E15.1
HSCHR19_2_CTG3	21889688	21889796	ENSG00000263925	AC092364.1
17	60460465	60460527	ENSG00000251981	RNU7-52P
11	117689158	117693172	ENSG00000254844	RP11-728F11.3
HSCHR19_2_CTG3	21945292	21945364	ENSG00000265998	AC092364.3
11	35835882	35839557	ENSG00000261355	RP11-698N11.4
20	5107432	5178533	ENSG00000101290	CDS2
17	33797088	33797647	ENSG00000267554	RP11-686D22.10
X	72494621	72495351	ENSG00000225664	YWHAZP8
19	53665681	53666816	ENSG00000268842	CTD-2245F17.2
5	134240596	134343649	ENSG00000132570	PCBD2
21	35736323	35743688	ENSG00000159197	KCNE2
1	205577071	205601090	ENSG00000158711	ELK4
17	33805013	33805463	ENSG00000267349	RP11-686D22.9
16	29823177	29827201	ENSG00000167371	PRRT2
11	35881799	35883048	ENSG00000186082	KRT18P14
19	53700364	53714268	ENSG00000269051	CTD-2245F17.3
11	117704434	117709657	ENSG00000254528	RP11-728F11.4
8	1922984	1923480	ENSG00000270988	RP11-439C15.5
17	33817028	33818257	ENSG00000267046	RP11-1094M14.9
11	35882204	35882294	ENSG00000266590	AC090692.1
8	1981650	1983729	ENSG00000253805	RP11-1049H7.2
16	734622	740444	ENSG00000127580	WDR24
11	35936601	35940289	ENSG00000254919	RP11-698N11.2
17	33825237	33826194	ENSG00000267369	RP11-1094M14.8
2	24300303	24308731	ENSG00000115129	TP53I3
19	53716241	53716649	ENSG00000269001	ZNF818P
12	7801996	7818499	ENSG00000111701	APOBEC1
X	72617367	72617473	ENSG00000207486	RNU6-1044P
19	53727226	53728132	ENSG00000267809	NDUFV2P1
17	33826709	33837289	ENSG00000267074	RP11-1094M14.5
1	150335567	150449042	ENSG00000163125	RPRD2
X	72694399	72694666	ENSG00000233162	MORF4L1P6
11	35988560	35990226	ENSG00000254672	RP5-916O11.3
2	102927962	102968497	ENSG00000115602	IL1RL1
17	33841785	33842205	ENSG00000255987	RP11-1094M14.4
7	110303110	111202573	ENSG00000184903	IMMP2L
10	45551104	45551716	ENSG00000270258	DUXAP4
19	53743928	53745166	ENSG00000269288	CTD-2245F17.6
8	2350992	2369693	ENSG00000253444	AC133633.2
10	45568594	45568989	ENSG00000228462	RP11-445N18.3
17	33867058	33867816	ENSG00000267035	RP11-1094M14.10
19	53771123	53774185	ENSG00000269758	CTD-2245F17.9
10	126150403	126306457	ENSG00000107902	LHPP
11	35993978	36010557	ENSG00000255256	RP5-916O11.2
21	35747779	35780164	ENSG00000205670	SMIM11
17	33880224	33881786	ENSG00000267359	RP11-1094M14.12
X	72744111	72782921	ENSG00000269904	MAP2K4P1
3	132276982	132379567	ENSG00000240303	ACAD11
11	117886487	117957508	ENSG00000255274	TMPRSS4-AS1
11	36018776	36019225	ENSG00000241228	RP5-916O11.1
12	85430092	85657002	ENSG00000133640	LRRIQ1
19	53784808	53788200	ENSG00000189348	FAM90A27P
17	33888558	33889096	ENSG00000267625	RP11-1094M14.14
10	45595614	45611549	ENSG00000232554	RSU1P2
10	135294742	135295274	ENSG00000273336	OR7M1P
17	33893536	33893691	ENSG00000242660	RP11-1094M14.1
11	36031648	36031754	ENSG00000263389	MIR3973
2	243062007	243062204	ENSG00000224160	CICP10
8	2376124	2379308	ENSG00000253855	AC133633.1
14	100947289	100947611	ENSG00000258500	CTD-2062F14.2
11	117937952	117938252	ENSG00000272075	Metazoa_SRP
12	100551034	100551116	ENSG00000221770	AC010203.1
2	243064438	243064620	ENSG00000244528	AC134873.1
11	36290834	36294909	ENSG00000196559	LINC00610
Y	3161849	3162867	ENSG00000234652	AGPAT5P1
11	118079647	118079926	ENSG00000255163	HSPE1P18
14	100953881	100954124	ENSG00000253075	RN7SKP92
10	135311055	135311140	ENSG00000266547	AL161645.1
2	243160372	243160825	ENSG00000271153	ABC7-43041300I9.1
8	2447076	2480453	ENSG00000249694	RP11-378A12.1
14	101005276	101006746	ENSG00000259031	CTD-2062F14.3
10	135388626	135389535	ENSG00000233685	OR6L1P
3	133128799	133129687	ENSG00000249820	RP11-503I22.2
12	100552275	100552521	ENSG00000266610	RN7SL176P
10	135450912	135451396	ENSG00000213543	RARRES2P2
11	36342708	36344990	ENSG00000254566	RP11-514F3.4
3	76014131	76014220	ENSG00000222883	Y_RNA
11	118193504	118193798	ENSG00000254992	RP11-215H18.5
14	101054112	101055663	ENSG00000258576	CTD-2644I21.1
3	133148113	133174620	ENSG00000249993	BFSP2-AS1
10	135455590	135456398	ENSG00000233435	AGGF1P2
3	76467047	76467131	ENSG00000212104	AC026877.1
11	36408071	36409800	ENSG00000255186	RP11-514F3.5
12	100566974	100593561	ENSG00000257489	RP11-175P13.3
3	64501333	64673676	ENSG00000163638	ADAMTS9
15	57210821	57591479	ENSG00000140262	TCF12
11	118286692	118287236	ENSG00000269944	RP11-770J1.7
17	33895139	33901811	ENSG00000267321	RP11-1094M14.11
2	201980827	202041410	ENSG00000003402	CFLAR
X	72755339	72756077	ENSG00000237475	RPL7P53
11	36446997	36447672	ENSG00000255060	RP11-219O3.2
11	118301123	118301419	ENSG00000263889	RN7SL86P
19	53802304	53811897	ENSG00000269118	FAM90A28P
14	101123587	101142406	ENSG00000196273	LINC00523
10	45622766	45644362	ENSG00000235690	CUBNP3
X	72989083	72990258	ENSG00000230146	SEPHS1P4
11	36717867	36719417	ENSG00000254498	CTD-2119L1.1
X	73012040	73049066	ENSG00000270641	TSIX
11	118382626	118401809	ENSG00000255435	RP11-770J1.3
19	53818390	53819296	ENSG00000174677	VN1R6P
11	37723675	37723770	ENSG00000251838	SNORA31
Y	3417693	3417851	ENSG00000216777	PRRC2CP1
19	53889486	53889641	ENSG00000241069	CTD-3141N22.1
6	160146617	160177351	ENSG00000146457	WTAP
8	2523591	2585991	ENSG00000254319	RP11-134O21.1
3	182164758	182204152	ENSG00000241098	RP11-139K4.1
11	37747216	37748006	ENSG00000242834	RPL7AP56
Y	3550846	3551909	ENSG00000232927	USP12PY
11	37960151	37976213	ENSG00000254516	RP11-159D8.1
10	45642842	45666837	ENSG00000243349	RP11-445N18.7
3	182178205	182178860	ENSG00000244199	RP11-139K4.4
6	25652464	25702011	ENSG00000079689	SCGN
19	53916443	53916598	ENSG00000239912	RPL39P36
17	33900676	33900772	ENSG00000207297	SNORD7
14	101142267	101146221	ENSG00000258717	RP11-566J3.2
6	101846664	102517958	ENSG00000164418	GRIK2
1	205626979	205649587	ENSG00000158715	SLC45A3
18	22040593	22059921	ENSG00000134489	HRH4
17	33923923	33924147	ENSG00000267592	CTC-507E2.2
6	22287480	22297730	ENSG00000172179	PRL
14	101203922	101204561	ENSG00000273087	RP11-566J3.4
11	118431405	118432295	ENSG00000243431	RPL5P30
11	38232939	38234349	ENSG00000254784	RP11-436H16.1
17	34006411	34011922	ENSG00000267003	CTC-507E2.1
19	53929272	53929752	ENSG00000249435	CTD-2224J9.7
3	182216052	182224912	ENSG00000244247	RP11-139K4.2
11	118464703	118464808	ENSG00000207185	RNU6-1157P
11	118507338	118508815	ENSG00000255176	AP002954.3
17	34046907	34047461	ENSG00000239520	RPL17P42
11	38520545	38521736	ENSG00000255477	RP11-63D14.1
19	53935237	53947923	ENSG00000241015	TPM3P9
11	38639814	38667906	ENSG00000255175	RP11-277K23.1
3	182328462	182329202	ENSG00000228766	RPL7L1P8
11	118558748	118561309	ENSG00000255239	AP002954.6
X	73040486	73072588	ENSG00000229807	XIST
21	35772615	35773370	ENSG00000222018	C21orf140
3	182362002	182373668	ENSG00000238837	RP11-646E18.2
16	29827285	29841948	ENSG00000185928	PAGR1
4	169277886	169458937	ENSG00000181381	DDX60L
21	35791013	35796264	ENSG00000243627	AP000322.53
11	38668026	38695791	ENSG00000254562	RP11-64I17.1
3	182409716	182410073	ENSG00000243378	RP11-646E18.3
16	742500	755829	ENSG00000127585	FBXL16
11	118573051	118573156	ENSG00000207462	RNU6-376P
3	182457457	182458636	ENSG00000260377	RP11-646E18.4
6	41196062	41206620	ENSG00000188056	TREML4
11	118575316	118620973	ENSG00000255422	AP002954.4
11	66278077	66301098	ENSG00000174483	BBS1
3	182501024	182511182	ENSG00000240063	RP11-225N10.1
11	118692604	118692793	ENSG00000254478	RP11-158I9.1
17	34084218	34085344	ENSG00000266911	RP1-161P9.5
3	182561309	182562407	ENSG00000270554	RP11-225N10.3
17	34135493	34135901	ENSG00000267578	AC015849.12
19	53935227	53961515	ENSG00000160336	ZNF761
3	50316458	50325545	ENSG00000179564	LSMEM2
11	118704555	118705265	ENSG00000254621	SETP16
16	29827832	29831438	ENSG00000263136	PAGR1
11	39183003	39183517	ENSG00000240975	RP11-313M3.1
19	32880956	32896466	ENSG00000267213	AC007773.2
3	182639028	182639726	ENSG00000273261	RP11-531F16.4
17	7975954	7991021	ENSG00000179477	ALOX12B
17	34143721	34157297	ENSG00000267025	AC015849.19
11	118706719	118706819	ENSG00000201535	Y_RNA
2	1377995	1547483	ENSG00000115705	TPO
3	182668571	182674095	ENSG00000244346	RP11-531F16.3
17	34145403	34150717	ENSG00000267347	AC015849.13
19	32991762	32991847	ENSG00000263780	AC005621.1
11	118756550	118758451	ENSG00000245869	RP11-158I9.5
17	34188097	34188570	ENSG00000267326	AC015849.14
11	39282657	39282763	ENSG00000201591	RNU6-99P
3	182734043	182735596	ENSG00000243368	MCCC1-AS1
19	33099243	33099375	ENSG00000201388	SNORA68
11	39752359	39752453	ENSG00000264020	AC027806.1
2	44543420	44589001	ENSG00000138078	PREPL
21	35818988	35884573	ENSG00000180509	KCNE1
19	33126984	33127381	ENSG00000242325	RPS12P31
17	34195971	34212867	ENSG00000237805	AC015849.2
11	39883056	39883144	ENSG00000221804	AC021749.1
11	118781417	118781496	ENSG00000264211	MIR4492
8	143822362	143823829	ENSG00000126233	SLURP1
11	39895332	39895938	ENSG00000270588	RP11-810F22.1
11	118801920	118802184	ENSG00000239726	RN7SL688P
5	126853301	126890781	ENSG00000164244	PRRC1
16	35146491	35146887	ENSG00000261084	PPP1R1AP2
11	118821578	118824153	ENSG00000264523	RP11-158I9.7
11	40105260	40106067	ENSG00000255347	RP11-40H19.1
16	86468436	86469490	ENSG00000268473	RP11-158I3.1
17	34216562	34216808	ENSG00000223255	RN7SKP274
11	118841208	118841305	ENSG00000222529	Y_RNA
19	33145920	33146214	ENSG00000242436	RN7SL789P
11	40373114	40373222	ENSG00000206806	Y_RNA
11	118865044	118865343	ENSG00000242712	RN7SL529P
17	34220711	34238027	ENSG00000266999	AC015849.16
19	33157204	33164116	ENSG00000267557	CTC-379B2.4
11	40466854	40468691	ENSG00000254579	RP11-407P18.1
11	118865534	118868714	ENSG00000255121	RP11-110I1.12
2	73300510	73383849	ENSG00000135631	RAB11FIP5
19	33177995	33182656	ENSG00000267475	CTD-2538C1.2
7	30197147	30199150	ENSG00000251660	AC007036.5
2	217362912	217443903	ENSG00000197756	RPL37A
19	33209204	33210501	ENSG00000267567	CTD-2538C1.3
7	30207420	30207620	ENSG00000225907	RPS27P16
17	34239639	34245014	ENSG00000266972	LRRC37A9P
5	31400604	31532303	ENSG00000113360	DROSHA
11	40635652	40635765	ENSG00000266526	AC090720.1
19	33315048	33315411	ENSG00000267245	CTD-2085J24.5
19	53982604	53983345	ENSG00000250731	TPM3P6
7	30216003	30218630	ENSG00000227017	AC007036.6
11	40781072	40781155	ENSG00000221357	AC104387.1
17	60474758	60475503	ENSG00000239527	RPS23P7
11	118873722	118874156	ENSG00000240970	RPL23AP64
16	86508135	86542705	ENSG00000268388	FENDRR
11	41144457	41144562	ENSG00000252922	RNU6-365P
16	46503253	46603009	ENSG00000261239	ANKRD26P1
19	33322201	33324074	ENSG00000267555	CTD-2085J24.3
4	133356957	133368390	ENSG00000248369	RP11-62N21.1
7	30329410	30329506	ENSG00000207771	MIR550A1
8	143831568	143833952	ENSG00000197353	LYPD2
11	41416145	41448054	ENSG00000255132	RP11-63C8.1
19	33353706	33353998	ENSG00000201967	RN7SKP22
19	53999141	53999291	ENSG00000241434	CTD-2224J9.4
11	118874452	118875603	ENSG00000254428	RP11-110I1.11
X	119658464	119709649	ENSG00000158290	CUL4B
19	33366831	33369327	ENSG00000266930	CTD-2085J24.4
11	118876437	118876644	ENSG00000254909	RP11-110I1.5
7	30410987	30412357	ENSG00000235859	AC006978.6
11	59480296	59481337	ENSG00000172289	OR10V1
11	118889654	118889722	ENSG00000266398	MIR3656
1	205681947	205719404	ENSG00000069275	NUCKS1
22	29702572	29708774	ENSG00000185340	GAS2L1
19	33454405	33454771	ENSG00000239988	RPL31P60
4	134070470	134129356	ENSG00000138650	PCDH10
17	34282481	34282601	ENSG00000267460	CTB-186H2.1
19	54006646	54015941	ENSG00000213777	CTD-2224J9.8
Y	3646038	3647587	ENSG00000225653	RNF19BPY
17	34290506	34292480	ENSG00000267657	CTB-186H2.2
17	60593682	60594128	ENSG00000239246	RP11-464D20.2
X	15482369	15574652	ENSG00000102010	BMX
Y	3719265	3720910	ENSG00000218410	AC012078.2
Y	3734347	3734763	ENSG00000229518	UBE2V1P3
13	32974861	33002315	ENSG00000139597	N4BP2L1
19	54107656	54111705	ENSG00000269641	CTB-167G5.6
17	34328458	34338658	ENSG00000267566	RP11-104J23.1
19	33542421	33542607	ENSG00000267611	CTC-461H2.2
16	86553989	86557503	ENSG00000270020	RP11-463O9.9
19	33558081	33558339	ENSG00000267725	CTC-461H2.3
18	22641890	22932154	ENSG00000198795	ZNF521
17	34339544	34339931	ENSG00000267431	RP11-104J23.2
14	101245747	101327368	ENSG00000214548	MEG3
12	100651466	100651568	ENSG00000206790	Y_RNA
19	54120056	54120508	ENSG00000269608	CTB-167G5.3
1	43124096	43142429	ENSG00000171960	PPIH
19	33667978	33668061	ENSG00000264355	AC008738.2
12	100795923	100796028	ENSG00000238748	snoU13
16	86559063	86559858	ENSG00000243697	RP11-463O9.1
19	54132967	54133246	ENSG00000242668	RN7SL317P
19	33668962	33669557	ENSG00000267054	CTD-2540B15.10
Y	3904538	3968361	ENSG00000229308	AC010084.1
16	29831715	29859355	ENSG00000013364	MVP
12	126468248	126470780	ENSG00000256276	RP5-916L7.2
X	49955406	49965664	ENSG00000147081	AKAP4
17	60627087	60629482	ENSG00000264546	RP11-464D20.6
19	54156939	54157045	ENSG00000200393	RNU6-698P
11	108342832	108369159	ENSG00000178202	KDELC2
12	100918964	100919198	ENSG00000271177	RP11-575G13.3
16	86598751	86601367	ENSG00000260944	RP11-463O9.5
7	30464288	30465028	ENSG00000272638	GS1-114I9.1
19	33698035	33698545	ENSG00000273420	CTD-2540B15.13
19	54160654	54161716	ENSG00000270347	CTC-339O9.2
16	765115	769655	ENSG00000103260	METRN
17	60738982	60739086	ENSG00000207382	Y_RNA
12	126580538	126588481	ENSG00000256342	RP3-446N13.1
Y	4043026	4043131	ENSG00000252900	RNU6-303P
17	60761266	60761371	ENSG00000199697	RNU6-446P
9	130882972	130890741	ENSG00000148334	PTGES2
16	86669934	86670751	ENSG00000260387	RP11-463O9.6
19	33708723	33712076	ENSG00000267714	CTD-2540B15.6
12	70636774	70748773	ENSG00000111596	CNOT2
7	110731062	110765510	ENSG00000173114	LRRN3
12	100972522	100973975	ENSG00000257803	RP11-575G13.2
16	86679907	86702529	ENSG00000261161	RP11-58A18.1
19	54169927	54170024	ENSG00000207645	MIR512-1
17	60776605	60815283	ENSG00000265702	RP11-156L14.1
8	2584858	2680004	ENSG00000253853	GS1-57L11.1
Y	4669726	4670889	ENSG00000225878	SERBP1P2
19	33774884	33776645	ENSG00000270212	CTD-2540B15.12
19	54172411	54172508	ENSG00000207644	MIR512-2
12	126652781	126656212	ENSG00000256763	RP1-116K23.1
16	86754294	86755560	ENSG00000260026	CTD-2015G9.1
19	33790840	33792074	ENSG00000267580	CTD-2540B15.11
8	3230875	3232748	ENSG00000253162	RP11-279L11.1
19	54175222	54175294	ENSG00000221017	MIR1323
8	143845752	143859640	ENSG00000180155	LYNX1
12	101049500	101049582	ENSG00000239036	AC010209.1
16	86755697	86771432	ENSG00000261175	CTD-2015G9.2
8	3558014	3558150	ENSG00000222546	RNA5SP251
19	54177451	54177574	ENSG00000207869	MIR498
19	33790853	33793430	ENSG00000230259	AC008738.1
Y	4887117	4887307	ENSG00000252468	RNU2-57P
12	126675924	126709860	ENSG00000255778	RP4-765H13.1
2	188328957	188430487	ENSG00000003436	TFPI
8	4250344	4250612	ENSG00000264588	RN7SL872P
19	54178965	54179051	ENSG00000207599	MIR520E
3	182976088	182976204	ENSG00000202502	RNA5SP151
12	101246109	101253040	ENSG00000257325	RP11-263E1.1
17	60885861	60913732	ENSG00000265000	RP11-453A12.1
19	54182257	54182339	ENSG00000207616	MIR515-1
19	33792185	33792846	ENSG00000267727	CTD-2540B15.7
12	126842580	126843442	ENSG00000257061	RP4-809F18.2
Y	5075256	5076110	ENSG00000231341	VDAC1P6
8	4644854	4646106	ENSG00000254244	PAICSP4
16	86939781	86940078	ENSG00000260795	RP11-107C10.1
17	60918462	60919006	ENSG00000264907	SLMO2P3
19	54183194	54183277	ENSG00000207810	MIR519E
11	59480929	59573354	ENSG00000166900	STX3
1	47799469	47844511	ENSG00000162368	CMPK1
3	183165396	183173801	ENSG00000240024	LINC00888
16	87091390	87097597	ENSG00000232190	RP11-134D3.1
19	33793763	33795960	ENSG00000267296	CEBPA-AS1
3	50325163	50330349	ENSG00000214706	IFRD2
17	61012763	61044171	ENSG00000263931	RP11-180P8.1
10	33189247	33294720	ENSG00000150093	ITGB1
7	30555925	30634425	ENSG00000196295	AC005154.6
19	54185413	54185499	ENSG00000207555	MIR520F
12	126843848	126845611	ENSG00000255595	RP4-809F18.1
17	61021576	61021673	ENSG00000207552	MIR633
19	42212531	42265190	ENSG00000267881	CEA
7	102792454	102792772	ENSG00000236848	RP11-401L13.5
16	87100311	87103354	ENSG00000261363	RP11-134D3.2
19	54188263	54188345	ENSG00000207615	MIR515-2
19	33793976	33795656	ENSG00000178863	CEBPA-AS1
17	61028192	61028549	ENSG00000265262	RP11-180P8.2
19	54189723	54189809	ENSG00000207788	MIR519C
12	131274145	131323811	ENSG00000111450	STX2
17	18380051	18398259	ENSG00000171916	LGALS9C
12	126885338	126890074	ENSG00000256494	RP5-944M2.1
16	87245728	87260036	ENSG00000261095	RP11-899L11.1
17	61044178	61045910	ENSG00000266411	RP11-180P8.3
19	54191735	54191821	ENSG00000221421	MIR1283-1
19	33795942	33800293	ENSG00000267130	CTD-2540B15.9
10	88718375	88723017	ENSG00000173267	SNCG
11	10818597	10830657	ENSG00000110321	EIF4G2
19	54194135	54194219	ENSG00000207594	MIR520A
17	61055855	61056202	ENSG00000270324	RP11-180P8.4
16	87249521	87250058	ENSG00000261651	RP11-899L11.3
12	126910536	126918554	ENSG00000256927	RP5-944M2.2
19	33831592	33832890	ENSG00000243864	RPS3AP50
19	54197647	54197729	ENSG00000207580	MIR526B
17	61082033	61082513	ENSG00000272164	RP11-180P8.5
19	42254885	42276113	ENSG00000086548	CEACAM6
17	61165523	61166558	ENSG00000272383	RP11-556O9.4
19	54198467	54198547	ENSG00000207825	MIR519B
17	66255323	66418872	ENSG00000141337	ARSG
16	87296365	87326044	ENSG00000261697	RP11-178L8.5
17	61194380	61208308	ENSG00000264513	RP11-556O9.2
4	135117488	135122903	ENSG00000254535	PABPC4L
11	118894824	118901616	ENSG00000137700	SLC37A4
19	54200787	54200871	ENSG00000207711	MIR525
17	16343793	16344266	ENSG00000266651	RP11-138I1.3
17	61259527	61260178	ENSG00000264529	RP11-556O9.3
19	54201639	54201725	ENSG00000208016	MIR523
17	16461299	16462583	ENSG00000266803	RP1-77H15.1
19	54203269	54203355	ENSG00000207706	MIR518F
19	33851406	33852354	ENSG00000266899	AKR1B1P7
17	61271291	61416414	ENSG00000233635	AC037445.1
17	16520162	16521195	ENSG00000235554	AC005822.1
19	34046474	34048376	ENSG00000266985	CTD-2329C7.2
19	54204481	54204541	ENSG00000207722	MIR520B
12	126927027	126957336	ENSG00000214043	RP5-944M2.3
21	35885440	35987441	ENSG00000159200	RCAN1
19	54205991	54206073	ENSG00000207862	MIR518B
10	43633934	43680756	ENSG00000169826	CSGALNACT2
6	160181360	160200144	ENSG00000120437	ACAT2
17	16557218	16558101	ENSG00000264765	RP11-92B11.4
19	54209506	54209590	ENSG00000207629	MIR526A1
19	34080112	34080594	ENSG00000232429	RPL21P131
17	46045176	46059140	ENSG00000108465	CDK5RAP3
7	102815580	102920857	ENSG00000170629	DPY19L2P2
19	54210707	54210793	ENSG00000207738	MIR520C
17	16569421	16570432	ENSG00000264359	NEK4P2
17	7982800	7984883	ENSG00000214999	AC129492.6
10	126305649	126480296	ENSG00000258539	RP11-12J10.3
19	54211989	54212089	ENSG00000207553	MIR518C
17	16586752	16587541	ENSG00000231458	RNASEH1P2
19	54214256	54214342	ENSG00000207977	MIR524
17	16595112	16595221	ENSG00000252446	RNU6-405P
19	54215522	54215608	ENSG00000207734	MIR517A
16	770581	772601	ENSG00000103254	FAM173A
17	16613373	16613673	ENSG00000265680	RN7SL620P
HSCHR6_MHC_DBB	32894331	32898843	ENSG00000241394	HLA-DMA
19	34418268	34418530	ENSG00000240626	RN7SL150P
6	35226686	35263762	ENSG00000065029	ZNF76
19	54216601	54216688	ENSG00000207981	MIR519D
19	34512564	34512800	ENSG00000239253	RPS4XP23
19	54219848	54219934	ENSG00000207549	MIR521-2
19	54222318	54222419	ENSG00000251843	RNU6-803P
3	29052733	29052827	ENSG00000238470	AC097361.1
19	54223350	54223436	ENSG00000207735	MIR520D
1	205682497	205684153	ENSG00000268313	AC119673.1
3	29128887	29130090	ENSG00000215004	MESTP4
17	61382623	61390882	ENSG00000263501	RP11-269G24.2
19	54224330	54224396	ENSG00000207837	MIR517B
12	101432198	101432872	ENSG00000258007	RP11-350G24.1
3	29305685	29332217	ENSG00000235904	RBMS3-AS3
HSCHR6_MHC_SSTO	31929439	31931921	ENSG00000234798	DXO
19	54225420	54225509	ENSG00000207799	MIR520G
17	61409345	61409900	ENSG00000271919	RP11-269G24.8
16	46590001	46590103	ENSG00000199448	RNU6-845P
7	2598632	2654368	ENSG00000106012	IQCE
3	29410828	29410912	ENSG00000216169	AC098650.1
19	43857811	43867480	ENSG00000204936	CD177
19	54228696	54228780	ENSG00000207925	MIR516B2
9	15552895	16061661	ENSG00000164989	CCDC171
Y	5205786	5207005	ENSG00000235001	EIF4A1P2
16	46605449	46606048	ENSG00000261356	RP11-46D6.5
3	29432339	29432709	ENSG00000226216	RPS12P5
19	34513561	34514332	ENSG00000249987	RPS4XP20
19	54230176	54230240	ENSG00000211532	MIR526A2
22	29708922	29715668	ENSG00000100276	RASL10A
17	61458592	61491673	ENSG00000226797	AC015923.1
19	54233092	54233179	ENSG00000207987	MIR518E
17	33448598	33457751	ENSG00000073598	FNDC8
3	29657466	29684300	ENSG00000203506	RBMS3-AS2
19	54234260	54234344	ENSG00000207803	MIR518A1
16	46607675	46609006	ENSG00000260251	RP11-46D6.4
19	54236235	54236337	ENSG00000252734	RNU6-980P
4	138440072	138453648	ENSG00000189184	PCDH18
12	101460512	101463010	ENSG00000258033	RP11-350G24.2
3	29839143	29839316	ENSG00000227795	AC092796.1
20	5282317	5297378	ENSG00000101292	PROKR2
19	54238131	54238217	ENSG00000207747	MIR518D
12	101593049	101593155	ENSG00000207414	RNU6-768P
3	29968302	29975647	ENSG00000235593	RBMS3-AS1
19	54240099	54240188	ENSG00000207946	MIR516B1
11	41540445	41735998	ENSG00000255388	RP11-124G5.3
12	101621919	101622654	ENSG00000241744	RP11-399D15.1
20	62290653	62330037	ENSG00000026036	RTEL1-TNFRSF6B
5	80597409	80609116	ENSG00000131732	ZCCHC9
19	54242587	54242673	ENSG00000207699	MIR518A2
3	30030355	30031951	ENSG00000203652	AC099048.1
Y	5441186	5442472	ENSG00000214207	KRT18P10
19	54244567	54244661	ENSG00000207838	MIR517C
2	30369807	30383399	ENSG00000119801	YPEL5
12	101752526	101752627	ENSG00000238800	snoU13
3	30179739	30179806	ENSG00000264178	AC137674.1
10	126307861	126432838	ENSG00000189319	FAM53B
19	54245766	54245853	ENSG00000207861	MIR520H
11	41559984	41560536	ENSG00000242729	RP11-124G5.1
12	101802150	101802838	ENSG00000257543	RP11-321F8.4
3	30180451	30180524	ENSG00000266546	AC137674.2
14	32414059	32419588	ENSG00000258474	RP11-187E13.1
19	54248258	54248359	ENSG00000252025	RNU6-982P
3	30345813	30346027	ENSG00000199927	U3
11	41681580	41681771	ENSG00000255563	RP11-124G5.2
3	30566237	30568677	ENSG00000227260	AC116035.1
19	54251890	54251976	ENSG00000207634	MIR521-1
16	16488769	16492451	ENSG00000261181	RP11-467M13.2
1	205737114	205744588	ENSG00000117280	RAB7L1
Y	5441969	5442060	ENSG00000252059	AC012667.1
16	16635074	16635704	ENSG00000261362	RP11-467M13.3
19	54253105	54253205	ENSG00000252191	RNU6-751P
17	7999218	8022365	ENSG00000179148	ALOXE3
Y	5661341	5661778	ENSG00000235175	RPL26P37
3	30566482	30567705	ENSG00000227549	AC116035.2
14	32476108	32487891	ENSG00000258386	RP11-187E13.2
11	41736118	41857992	ENSG00000255171	RP11-375D13.2
19	54254465	54254551	ENSG00000207806	MIR522
14	63779549	63785593	ENSG00000179600	GPHB5
16	16731112	16731387	ENSG00000264752	RN7SL90P
19	54255651	54255735	ENSG00000207992	MIR519A1
3	30667915	30668289	ENSG00000224618	AC096921.2
16	16752084	16757992	ENSG00000260126	RP11-14N9.2
12	101805135	101805237	ENSG00000222890	RNU6-1068P
19	42300369	42315591	ENSG00000170956	CEACAM3
12	101818219	101818469	ENSG00000239413	RPS27P23
19	54257272	54257356	ENSG00000207979	MIR527
16	17046359	17047325	ENSG00000261748	RP11-419L9.1
Y	5742287	5742379	ENSG00000251879	AC010874.1
Y	6026843	6027306	ENSG00000237195	DLGAP5P1
11	41819093	41819514	ENSG00000254668	RP11-375D13.1
12	118814185	118855840	ENSG00000111707	SUDS3
12	101840603	101840710	ENSG00000206929	Y_RNA
3	30739153	30741068	ENSG00000261468	RP11-1024P17.1
2	203640690	203736708	ENSG00000163596	ICA1L
16	17188208	17188784	ENSG00000260675	CTD-2576D5.3
11	41877470	41897547	ENSG00000255279	RP11-375D13.4
6	22569678	22571892	ENSG00000112273	HDGFL1
3	31203196	31203279	ENSG00000265376	hsa-mir-466
10	45646893	45647363	ENSG00000236442	ANKRD54P1
3	31223243	31224142	ENSG00000213854	CNN2P6
11	777578	784297	ENSG00000255284	AP006621.5
10	45652223	45672373	ENSG00000230501	ANKRD30BP3
20	5525085	5591672	ENSG00000125772	GPCPD1
11	41898184	41898628	ENSG00000254822	RP11-375D13.3
17	61468552	61508450	ENSG00000263644	RP11-269G24.3
5	36035119	36071460	ENSG00000168671	UGT3A2
8	17155539	17271037	ENSG00000003987	MTMR7
11	42014935	42185401	ENSG00000255300	RP11-148I19.1
17	61470716	61470947	ENSG00000271749	RP11-269G24.7
7	102902447	102902758	ENSG00000237632	S100A11P1
11	64058774	64067503	ENSG00000182450	KCNK4
7	140774032	141180180	ENSG00000261115	TMEM178B
10	45659462	45659536	ENSG00000263476	MIR3156-1
7	102989048	102989218	ENSG00000235354	CTA-276O3.4
11	64833772	64851636	ENSG00000146670	CDCA5
10	45659676	45676875	ENSG00000227683	RP11-445N18.5
Y	6109809	6111670	ENSG00000251275	AC006335.2
19	19017822	19045206	ENSG00000268193	AC002985.3
12	31397374	31397619	ENSG00000270766	RP11-627K11.5
12	101860483	101860598	ENSG00000202249	RNU5E-5P
4	22694537	22821198	ENSG00000249948	GBA3
12	31404926	31405531	ENSG00000243517	RP11-627K11.1
7	103073908	103074008	ENSG00000251852	Y_RNA
11	42204842	42275262	ENSG00000255109	CTD-2572N17.1
10	45684238	45684344	ENSG00000207071	RNU6-1207P
12	101866117	101866234	ENSG00000252366	RNA5SP367
9	130890612	130891481	ENSG00000232850	AL590708.2
2	120770581	120936695	ENSG00000115109	EPB41L5
7	103075441	103075539	ENSG00000252047	Y_RNA
12	31407295	31407379	ENSG00000270395	RP11-627K11.4
10	45727474	45742809	ENSG00000234993	CUBNP2
Y	6110487	6111651	ENSG00000237069	TTTY23B
3	157814948	157824292	ENSG00000168779	SHOX2
16	17190059	17190278	ENSG00000260405	CTD-2576D5.2
12	31456651	31456750	ENSG00000238661	snoU13
7	103085654	103154454	ENSG00000234715	CTB-107G13.1
10	45753633	45754571	ENSG00000224402	OR6D1P
5	111755280	111756310	ENSG00000268358	EPB41L4A-AS2
12	31464551	31464963	ENSG00000256176	RP11-627K11.3
16	17228361	17232593	ENSG00000261448	CTD-2576D5.4
12	102040498	102053748	ENSG00000257514	RP11-755O11.2
10	45940018	45948569	ENSG00000231964	RP11-67C2.2
12	31516415	31522235	ENSG00000256232	RP11-771K4.1
20	45837859	45985567	ENSG00000101040	ZMYND8
2	96778707	96781984	ENSG00000222040	ADRA2B
16	17634188	17634842	ENSG00000260945	RP11-916L7.1
X	15579156	15620271	ENSG00000130234	ACE2
1	47881744	47883723	ENSG00000186790	FOXE3
Y	6111336	6113324	ENSG00000250204	AC006335.6
HG104_HG975_PATCH	144778324	144780583	ENSG00000260748	RP11-429J17.2
11	42961325	42961548	ENSG00000254914	CTD-2537L20.1
16	17919109	17920763	ENSG00000261555	CTD-3229J4.1
10	76797594	76818272	ENSG00000188716	DUPD1
10	46174140	46195980	ENSG00000230869	CTGLF10P
14	63929724	63930021	ENSG00000264995	RN7SL540P
13	33006554	33112970	ENSG00000244754	N4BP2L2
14	63944492	63944557	ENSG00000252463	RNU6-852P
4	109731877	110223813	ENSG00000188517	COL25A1
11	43085187	43087482	ENSG00000271028	RP11-111A24.2
HG104_HG975_PATCH	144791177	144795754	ENSG00000260301	RP11-429J17.4
16	18026577	18027132	ENSG00000228071	RPL7P47
14	63945990	63946131	ENSG00000252800	SCARNA20
10	88727949	88743691	ENSG00000148671	ADIRF
14	64010287	64011382	ENSG00000261242	CTD-2302E22.4
12	110810705	110841535	ENSG00000196510	ANAPC7
1	47901689	47906363	ENSG00000186564	FOXD2
HG104_HG975_PATCH	144800416	144801061	ENSG00000260056	RP11-429J17.5
HG104_HG975_PATCH	144815253	144815323	ENSG00000264143	MIR4664
12	31519222	31519300	ENSG00000207477	RNU6-318P
14	64034671	64035027	ENSG00000205767	CTD-2302E22.1
12	31549324	31549435	ENSG00000200388	RNU6-618P
10	46201879	46222679	ENSG00000237840	FAM21FP
HG104_HG975_PATCH	144816310	144828507	ENSG00000260333	FAM83H-AS1
11	787104	790123	ENSG00000184524	CEND1
12	31603104	31603207	ENSG00000239033	snoU13
12	31617996	31618776	ENSG00000203437	RP11-820K3.3
2	228226872	228246711	ENSG00000168955	TM4SF20
8	4930167	4930391	ENSG00000253262	RP11-221H10.1
HG104_HG975_PATCH	144840323	144853992	ENSG00000259908	RP11-429J17.7
8	4985801	4985934	ENSG00000206661	SNORA70
11	108376158	108464465	ENSG00000110723	EXPH5
8	4999933	5000229	ENSG00000242079	RN7SL318P
14	32545320	32628934	ENSG00000100852	ARHGAP5
1	48226200	48462567	ENSG00000269113	TRABD2B
16	772582	776954	ENSG00000162004	CCDC78
8	5312740	5313187	ENSG00000271248	RP11-745K9.2
HG104_HG975_PATCH	144871090	144872629	ENSG00000261164	RP11-429J17.8
X	73094903	73095470	ENSG00000182707	FXYD6P3
HSCHR6_MHC_QBL	30302412	30304165	ENSG00000242726	RPP21
16	46656773	46658363	ENSG00000261512	RP11-46D6.1
8	5334070	5334488	ENSG00000240486	RPL23AP54
12	102113586	102113696	ENSG00000199933	Y_RNA
8	5363590	5366648	ENSG00000253510	RP5-991O23.1
10	49514698	49647403	ENSG00000107643	MAPK8
9	130911350	130915734	ENSG00000148346	LCN2
Y	6124308	6131994	ENSG00000234830	FAM197Y9
16	18027046	18245452	ENSG00000259929	CTA-481E9.4
3	183169645	183169776	ENSG00000201229	SNORA63
19	19030484	19039436	ENSG00000105671	DDX49
17	36283971	36294915	ENSG00000185128	TBC1D3F
HSCHR6_MHC_DBB	28706709	28709409	ENSG00000257707	AL662890.2
16	46660316	46660904	ENSG00000259856	RAB43P1
3	183170355	183170552	ENSG00000253092	SNORA81
3	183171602	183171732	ENSG00000199363	SNORA63
HSCHR6_MHC_DBB	28730493	28730600	ENSG00000258264	CR753651.1
11	59573608	59578345	ENSG00000166902	MRPL16
12	102159184	102159287	ENSG00000222255	RNU6-101P
16	46683038	46683761	ENSG00000260909	RP11-93O14.1
3	183171916	183172050	ENSG00000251730	SNORA4
16	18096663	18266920	ENSG00000260242	CTA-481E9.3
X	73164159	73290243	ENSG00000225470	JPX
1	48226979	48227290	ENSG00000273395	FLJ00388
3	183180639	183180989	ENSG00000271682	RP11-393B14.2
16	18264213	18264816	ENSG00000260933	RP11-164A6.1
2	217497551	217529159	ENSG00000115457	IGFBP2
3	183266523	183270114	ENSG00000242522	KLHL6-AS1
1	48569306	48569878	ENSG00000269709	AL109659.1
16	46694608	46695503	ENSG00000261131	RP11-93O14.2
3	183331408	183334530	ENSG00000243584	RP11-14I2.2
17	16648945	16650075	ENSG00000226478	UPF3AP1
1	43148098	43168020	ENSG00000065978	YBX1
11	67385750	67394775	ENSG00000255318	RP11-655M14.13
16	46737281	46737937	ENSG00000261788	RP11-480G7.1
12	56679700	56709843	ENSG00000144785	RP11-977G19.10
21	36041688	36090525	ENSG00000159212	CLIC6
3	183520263	183520341	ENSG00000216166	AC131160.1
HSCHR6_MHC_DBB	28962576	28973107	ENSG00000235178	ZNF311
2	30454397	30546596	ENSG00000213626	LBH
11	67419047	67420875	ENSG00000227834	AP003385.2
3	183524245	183528571	ENSG00000233885	YEATS2-AS1
16	18428257	18488396	ENSG00000205746	RP11-1212A22.1
20	62328021	62330037	ENSG00000243509	TNFRSF6B
6	24126350	24155128	ENSG00000152954	NRSN1
16	46823810	46825952	ENSG00000260782	RP11-480G7.2
11	67450243	67450529	ENSG00000239559	RPL37P2
7	141250989	141355044	ENSG00000006530	AGK
16	87301791	87301943	ENSG00000243705	RP11-178L8.1
6	25726291	25726790	ENSG00000164508	HIST1H2AA
19	54259995	54260084	ENSG00000207767	MIR516A1
11	67479173	67483476	ENSG00000184795	UNC93B5
16	87348326	87348429	ENSG00000239186	snoU13
16	46876544	46878530	ENSG00000260889	CKBP1
17	16689803	16707769	ENSG00000188933	USP32P1
16	87351115	87351643	ENSG00000270006	RP11-178L8.7
19	54261123	54261223	ENSG00000265569	AC011453.1
18	23596578	23671181	ENSG00000141380	SS18
12	126943008	126943338	ENSG00000256125	RP5-944M2.4
19	54261486	54261572	ENSG00000221548	MIR1283-2
16	87360593	87361190	ENSG00000270082	RP11-178L8.8
19	34583445	34584215	ENSG00000186008	RPS4XP21
8	5517201	5527599	ENSG00000254007	RP11-281H11.1
12	126995456	126996257	ENSG00000255853	RP11-407A16.1
19	54263341	54263442	ENSG00000252063	RNU6-1041P
16	46884911	46885166	ENSG00000261725	RP11-480G7.3
16	87396142	87401082	ENSG00000269901	RP11-178L8.9
19	54264387	54264476	ENSG00000207620	MIR516A2
11	67489954	67490926	ENSG00000235855	RP11-655M14.6
16	87430310	87433901	ENSG00000261592	RP11-178L8.3
16	47007900	47012894	ENSG00000261173	RP11-169E6.1
8	5706219	5707214	ENSG00000253571	RP11-728L1.1
6	25727137	25727573	ENSG00000146047	HIST1H2BA
19	54265215	54267453	ENSG00000269842	MIR519A2
12	131356424	131362223	ENSG00000132341	RAN
11	67501992	67502079	ENSG00000266451	AP003385.1
16	47038424	47069296	ENSG00000259821	RP11-169E6.4
11	67503079	67504030	ENSG00000254447	OR7E11P
16	87526161	87549241	ENSG00000260750	RP11-482M8.1
10	76854192	76868979	ENSG00000079393	DUSP13
8	5768467	5768758	ENSG00000222589	RN7SKP159
16	47047868	47048276	ENSG00000259983	RP11-169E6.3
7	143452182	143454789	ENSG00000271321	CTAGE6
19	34617878	34618328	ENSG00000270849	CHCHD2P3
19	54269788	54269886	ENSG00000252979	RNU6-165P
11	67511793	67512116	ENSG00000254883	RP11-655M14.14
8	5893955	5894496	ENSG00000253189	RP11-158A14.1
12	127008794	127009172	ENSG00000256310	NDUFA5P6
19	54271225	54271807	ENSG00000237589	HMGN1P32
16	47154830	47154932	ENSG00000238834	snoU13
11	67516514	67524439	ENSG00000255147	RP11-655M14.4
19	8271620	8327305	ENSG00000090661	CERS4
16	87634132	87635796	ENSG00000269935	RP11-482M8.3
8	5901875	6115058	ENSG00000253880	RP11-124B13.1
16	47178234	47196658	ENSG00000260281	RP11-329J18.2
19	34787181	34787645	ENSG00000257074	RPL29P33
16	87773369	87781312	ENSG00000260671	RP11-278A23.2
12	7842378	7848372	ENSG00000184344	GDF3
4	23756664	23905712	ENSG00000109819	PPARGC1A
19	54275760	54276534	ENSG00000229000	SEPT7P8
8	6261072	6264663	ENSG00000246089	RP11-115C21.2
11	67552744	67559806	ENSG00000227620	ALG1L8P
19	34839261	34850317	ENSG00000267219	AC010504.2
16	87807094	87812980	ENSG00000260498	RP4-536B24.4
19	34912921	34913216	ENSG00000264317	RN7SL154P
19	54278853	54279136	ENSG00000238150	AC008753.3
HSCHR4_1_CTG6	34659228	34671054	ENSG00000263270	RP11-725M22.1
19	34917017	34919178	ENSG00000267024	CTD-2588C8.8
22	29723669	29819168	ENSG00000100280	AP1B1
16	87813740	87840082	ENSG00000260177	RP4-536B24.3
19	35024332	35024989	ENSG00000239210	RPS26P55
8	6331366	6331809	ENSG00000253550	RP11-115C21.4
2	228336868	228425930	ENSG00000173744	AGFG1
16	87870138	87871269	ENSG00000260466	RP4-536B24.2
10	46221142	46221486	ENSG00000228702	RP11-671E7.1
8	6473125	6474719	ENSG00000271743	CTD-2541M15.3
14	19959517	19961162	ENSG00000258363	GRAMD4P4
11	67559119	67572807	ENSG00000160172	FAM86C2P
16	87926544	87927291	ENSG00000260603	GS1-21A4.1
10	46308096	46308392	ENSG00000270434	RP11-175I17.6
1	861264	866445	ENSG00000268179	AL645608.1
19	54290851	54291423	ENSG00000269877	MIR371B
8	6475996	6565730	ENSG00000249898	CTD-2541M15.1
14	20004410	20004527	ENSG00000257868	CTD-2311B13.8
12	7864050	7870155	ENSG00000187569	DPPA3
6	25754927	25781419	ENSG00000146039	SLC17A4
16	87926561	87927341	ENSG00000270385	GS1-21A4.2
11	59596741	59612974	ENSG00000134812	GIF
19	54290929	54290995	ENSG00000199031	MIR371A
19	35033367	35036300	ENSG00000248830	ZNF807
16	87978664	87978808	ENSG00000260443	CTD-3057O21.1
10	46349541	46411619	ENSG00000239883	RP11-175I17.2
14	20006913	20010958	ENSG00000258276	RP11-244H18.1
12	102166892	102167533	ENSG00000258230	RP11-511H9.3
19	54291144	54291210	ENSG00000199095	MIR372
19	42341148	42348760	ENSG00000183103	LYPD4
7	143548468	143599291	ENSG00000198420	FAM115A
16	88112767	88120989	ENSG00000261193	RP11-863P13.5
19	54291959	54292027	ENSG00000199143	MIR373
14	20008753	20008859	ENSG00000212516	RNU6-1268P
16	88120993	88121538	ENSG00000260166	RP11-863P13.6
19	54292036	54292422	ENSG00000269564	AC008753.4
12	102173592	102173707	ENSG00000201168	RNA5SP368
14	20071068	20074896	ENSG00000257162	MED15P6
3	182655862	182703741	ENSG00000043093	DCUN1D1
20	62329996	62339377	ENSG00000101246	ARFRP1
Y	6134634	6137316	ENSG00000238235	TSPY11P
19	35051691	35051801	ENSG00000221584	AC008747.1
19	54357835	54372361	ENSG00000228323	AC008753.6
16	88121647	88134591	ENSG00000205037	RP11-863P13.4
X	73168808	73169393	ENSG00000228906	RP13-216E22.4
19	35067638	35068606	ENSG00000268751	SCGB1B2P
17	34400226	34417480	ENSG00000224298	AC069363.1
1	48688357	48714316	ENSG00000117834	SLC5A9
19	54368017	54369394	ENSG00000232324	AC008440.10
5	112043195	112181936	ENSG00000134982	APC
1	205758221	205782876	ENSG00000133065	SLC41A1
6	160199530	160210781	ENSG00000120438	TCP1
16	88210895	88212252	ENSG00000260162	RP11-863P13.1
HSCHR6_MHC_COX	32069682	32082453	ENSG00000206256	PPT2
19	54377880	54379303	ENSG00000232220	AC008440.5
12	102183593	102183693	ENSG00000238940	snoU13
12	102190188	102190280	ENSG00000222932	RNU6-172P
19	35125749	35126622	ENSG00000271049	CTD-2553L13.7
19	47724081	47736023	ENSG00000105327	BBC3
12	102230598	102230705	ENSG00000223046	RNA5SP369
2	172378757	172414643	ENSG00000071967	CYBRD1
16	88210904	88219696	ENSG00000261327	RP11-863P13.3
19	35128601	35128686	ENSG00000252230	SNORD111
12	102265520	102265579	ENSG00000252863	RNU6-1183P
1	879584	894689	ENSG00000188976	NOC2L
19	35129027	35131594	ENSG00000268683	CTD-2553L13.4
Y	6171998	6173115	ENSG00000234583	TSPY19P
11	67608413	67608520	ENSG00000254792	RP11-119D9.4
5	141232938	141258811	ENSG00000156453	PCDH1
4	139085251	139163503	ENSG00000151012	SLC7A11
16	88225092	88227273	ENSG00000261816	RP11-863P13.2
12	102267094	102267401	ENSG00000258153	HSPE1P4
11	67653948	67673821	ENSG00000251637	RP11-119D9.1
16	88227920	88228823	ENSG00000260420	LA16c-444G7.2
11	64067863	64072242	ENSG00000219435	TEX40
16	47184043	47184477	ENSG00000239840	RPL23AP72
10	88780063	88784487	ENSG00000188100	FAM25A
7	135347244	135378166	ENSG00000243317	C7orf73
11	67663102	67663208	ENSG00000206587	RNU6-46P
16	88268391	88336117	ENSG00000261273	LA16c-444G7.1
11	67693122	67693902	ENSG00000243672	RPS3AP40
16	47230222	47236340	ENSG00000260744	RP11-329J18.3
7	75831216	75916605	ENSG00000177679	SRRM3
11	67700685	67700833	ENSG00000221553	AC004924.1
11	108535752	108811657	ENSG00000178105	DDX10
X	49967364	50094909	ENSG00000147082	CCNB3
16	47296652	47297411	ENSG00000260012	RP11-329J18.4
11	67702034	67707245	ENSG00000254610	RP5-903G2.2
8	91013633	91064320	ENSG00000104325	DECR1
12	57482677	57489259	ENSG00000166886	NAB2
11	67703029	67703397	ENSG00000254850	RP5-901A4.4
16	47333358	47351725	ENSG00000261369	RP11-474B12.1
11	64851695	64855870	ENSG00000162300	ZFPL1
21	36160098	37376965	ENSG00000159216	RUNX1
12	102317188	102318497	ENSG00000257202	RP11-512N21.3
11	67733344	67733698	ENSG00000255230	RP5-901A4.5
17	33455772	33469334	ENSG00000073536	NLE1
11	67741757	67742714	ENSG00000255554	OR7E1P
Y	6174083	6175961	ENSG00000235094	AC006335.10
19	35136567	35136975	ENSG00000269811	SCGB2B3P
19	35166998	35168486	ENSG00000256383	AC020910.2
1	45482071	45771881	ENSG00000162415	ZSWIM5
22	19166986	19279239	ENSG00000070371	CLTCL1
12	102329994	102330452	ENSG00000241917	RP11-512N21.1
19	35213329	35213429	ENSG00000221115	AC020910.1
19	35270316	35270925	ENSG00000270281	CTC-523E23.10
Y	6175751	6177628	ENSG00000242879	AC006335.11
14	20078033	20146082	ENSG00000258027	RP11-597A11.1
12	102348776	102356168	ENSG00000258308	RP11-554E23.2
19	35279486	35323773	ENSG00000267767	CTC-523E23.4
8	143866296	143868008	ENSG00000167656	LY6D
9	16203933	16276311	ENSG00000205549	C9orf92
Y	6196093	6211364	ENSG00000223744	RBMY2GP
19	42348806	42356401	ENSG00000142025	DMRTC2
11	59620273	59634048	ENSG00000134827	TCN1
17	16690549	16691455	ENSG00000266129	SRP68P1
13	33160564	33352157	ENSG00000083642	PDS5B
17	16691371	16719854	ENSG00000272815	RP11-219A15.4
HSCHR6_MHC_APD	29523504	29527818	ENSG00000226898	UBD
10	85763088	85763235	ENSG00000200789	RNU1-65P
19	47759237	47775210	ENSG00000105321	CCDC9
10	85841185	85841751	ENSG00000212769	HMGN2P8
15	66018392	66184329	ENSG00000103769	RAB11A
6	43490072	43543812	ENSG00000124571	XPO5
8	143915663	143997922	ENSG00000104499	GML
17	16691562	16692548	ENSG00000264673	RP11-92B11.3
11	790475	798316	ENSG00000177542	SLC25A22
17	16692215	16692721	ENSG00000266486	FAM106CP
12	127094580	127174864	ENSG00000256732	RP11-407A16.3
17	4067201	4167274	ENSG00000185722	ANKFY1
11	64073044	64084215	ENSG00000173153	ESRRA
10	135470739	135474139	ENSG00000230468	CLUHP5
7	135365985	135414006	ENSG00000164707	SLC13A4
14	64060749	64062009	ENSG00000270878	CTD-2302E22.5
3	42589461	42642572	ENSG00000093183	SEC22C
7	103124655	103124986	ENSG00000222386	RN7SKP86
HSCHR6_MHC_APD	29555796	29556858	ENSG00000224319	OR2H2
5	132009678	132018368	ENSG00000113520	IL4
14	64065592	64065966	ENSG00000258800	CTD-2302E22.2
X	15645441	15683154	ENSG00000147003	TMEM27
7	104308196	104310023	ENSG00000197258	EIF4BP6
3	31270207	31270339	ENSG00000222983	RNA5SP127
14	64068227	64068532	ENSG00000258645	HSPE1P2
3	31310499	31310898	ENSG00000230111	AC115283.1
3	31437429	31437523	ENSG00000238727	AC099540.1
11	67776048	67796744	ENSG00000006534	ALDH3B1
3	31494324	31497386	ENSG00000227339	THRAP3P1
12	127100890	127101100	ENSG00000255900	RP11-407A16.8
12	50101508	50158717	ENSG00000139644	TMBIM6
14	64084761	64084862	ENSG00000202490	RNU6-597P
12	127112718	127174868	ENSG00000255944	RP11-407A16.4
9	130922539	130926207	ENSG00000171159	C9orf16
14	64088478	64088589	ENSG00000206822	Y_RNA
15	57668165	57842925	ENSG00000128849	CGNL1
7	104379044	104444554	ENSG00000226869	LHFPL3-AS1
X	73177894	73189320	ENSG00000271199	RP13-216E22.5
14	64097396	64097499	ENSG00000207172	RNU6-1162P
HG79_PATCH	136125799	136150736	ENSG00000256062	ABO
14	64118015	64118217	ENSG00000200693	U3
3	133209668	133210349	ENSG00000214301	RP11-91K8.4
12	127175025	127180378	ENSG00000255998	RP11-407A16.7
8	6503576	6506025	ENSG00000271927	CTD-2541M15.4
3	31745550	31763144	ENSG00000232490	OSBPL10-AS1
3	133261908	133262310	ENSG00000272832	RP11-91K8.5
14	64201415	64202641	ENSG00000258778	RP11-804M7.1
3	133264915	133265116	ENSG00000250983	RP11-91K8.2
3	133270030	133270159	ENSG00000201827	SNORA33
3	133380842	133473420	ENSG00000242337	TFP1
12	127210816	127230798	ENSG00000189238	LINC00943
HG104_HG975_PATCH	144895127	144895212	ENSG00000265563	hsa-mir-937
19	54485561	54485651	ENSG00000215998	MIR935
HG104_HG975_PATCH	144915440	144916233	ENSG00000261565	RP11-299M14.2
19	54622891	54628722	ENSG00000237017	AC012314.8
16	47346938	47347032	ENSG00000222767	Y_RNA
10	88810243	88854623	ENSG00000148672	GLUD1
12	56703626	56710120	ENSG00000257727	CNPY2
HG104_HG975_PATCH	144926238	144926323	ENSG00000263747	AC234917.1
X	73183790	73513409	ENSG00000230590	FTX
16	47484258	47484372	ENSG00000212290	RNA5SP424
HG104_HG975_PATCH	145027361	145027449	ENSG00000263094	hsa-mir-661
19	54697731	54698394	ENSG00000268816	CTD-3093M3.1
8	143953772	143961262	ENSG00000160882	CYP11B1
16	47539343	47539454	ENSG00000222268	RNA5SP425
1	45792545	45794347	ENSG00000186603	HPDL
4	169418217	169849608	ENSG00000129116	PALLD
19	54703321	54703838	ENSG00000223660	AC012314.20
16	47563101	47563827	ENSG00000262038	RP11-177N22.3
19	8367011	8373240	ENSG00000167775	CD320
19	54712960	54713286	ENSG00000224579	AC012314.19
19	54728395	54728753	ENSG00000269524	CTB-83J4.1
5	134303596	134347392	ENSG00000152705	CATSPER3
2	30670092	30867091	ENSG00000172954	LCLAT1
7	104466783	104467243	ENSG00000237606	RP11-203P23.2
3	31835962	31837667	ENSG00000223965	ZNF587P1
16	47595218	47596391	ENSG00000259866	RP11-177N22.2
19	54732911	54734088	ENSG00000235081	AC010492.2
16	68009566	68014732	ENSG00000141096	DPEP3
7	104552364	104552644	ENSG00000243352	RN7SL8P
1	150459887	150480078	ENSG00000143374	TARS2
16	47599001	47600795	ENSG00000261336	EIF4BP5
3	32071688	32072170	ENSG00000235670	RPL21P40
X	15706953	15805747	ENSG00000169239	CA5B
7	104558007	104567077	ENSG00000225329	RP11-325F22.5
3	32079018	32079145	ENSG00000201701	SNORA25
1	205797150	205819260	ENSG00000162877	PM20D1
16	47632565	47632907	ENSG00000259918	NDUFA5P11
17	27224799	27230089	ENSG00000167536	DHRS13
3	133383779	133383878	ENSG00000252641	RNU6-678P
19	47778142	47778979	ENSG00000257704	PRR24
9	16409501	16870841	ENSG00000173068	BNC2
3	32087365	32087471	ENSG00000252398	Y_RNA
3	133428920	133429011	ENSG00000201394	RNA5SP140
7	104581510	104602781	ENSG00000237513	RP11-325F22.2
17	20352708	20370852	ENSG00000170298	LGALS9B
19	54749953	54751181	ENSG00000249189	AC010492.4
3	32105466	32108103	ENSG00000251590	NIFKP7
19	55663137	55669141	ENSG00000129991	TNNI3
3	133479144	133481207	ENSG00000244062	RP11-404G16.2
15	42565431	42645864	ENSG00000214013	GANC
3	32192575	32193387	ENSG00000236732	AC094019.4
16	47758479	47942342	ENSG00000261231	RP11-523L20.2
Y	21760074	21760643	ENSG00000267793	RP11-576C2.1
3	32214148	32214252	ENSG00000238646	snoU13
3	133774100	133776492	ENSG00000243832	RP11-202A13.1
12	7882011	7904201	ENSG00000198178	CLEC4C
3	32232239	32233119	ENSG00000237433	AC097639.8
12	62996532	63007855	ENSG00000257354	RP11-631N16.2
HSCHR6_MHC_DBB	32923568	32927227	ENSG00000230678	BRD2
19	54753289	54753907	ENSG00000268164	CTD-2337J16.1
3	32278180	32280070	ENSG00000261572	RP11-384L8.1
19	47793280	47825323	ENSG00000197405	C5AR1
7	104590762	104653491	ENSG00000228393	LINC01004
12	62997466	62997550	ENSG00000199179	MIRLET7I
19	54767805	54767913	ENSG00000212314	RNU6-1307P
3	32285339	32285510	ENSG00000270377	RP11-384L8.2
16	47794691	47794832	ENSG00000260497	CTB-55P19.1
12	63044955	63045058	ENSG00000238475	snoU13
3	32300432	32301722	ENSG00000234737	KRT18P15
19	54771858	54772896	ENSG00000240042	AC098789.1
10	91061712	91069033	ENSG00000119922	IFIT2
12	63052603	63053005	ENSG00000241941	RPL32P26
3	32301220	32301311	ENSG00000207857	AC097639.1
16	47883225	47921041	ENSG00000261325	AC140542.2
7	104611734	104611805	ENSG00000251911	SNORD112
2	71166448	71222466	ENSG00000258881	AC007040.11
3	32549447	32549817	ENSG00000213849	AC104306.1
7	104653872	104654768	ENSG00000239569	KMT2E-AS1
12	63149007	63150013	ENSG00000213352	GAPDHP44
3	32557218	32557312	ENSG00000264135	AC104306.2
3	32634464	32634804	ENSG00000226955	AC104306.4
19	54771859	54772899	ENSG00000240296	AC010492.5
16	47999583	48005598	ENSG00000260450	RP11-523L20.1
3	32662395	32663394	ENSG00000231552	IGBP1P3
3	133889331	133889929	ENSG00000231845	HMGB3P14
11	3818954	3847601	ENSG00000148985	PGAP2
12	31630440	31630921	ENSG00000256159	RP11-820K3.4
3	134032418	134040013	ENSG00000240006	RP11-200A1.1
16	48093582	48093906	ENSG00000261017	RP11-3M1.3
3	32676714	32677046	ENSG00000237676	RPL30P4
12	31659237	31659338	ENSG00000201228	Y_RNA
19	47835404	47846606	ENSG00000134830	C5AR2
12	76738254	76742222	ENSG00000179941	BBS10
12	31687649	31688181	ENSG00000225349	RP11-820K3.2
3	32772127	32778946	ENSG00000251224	CNOT10-AS1
3	134066130	134068075	ENSG00000260633	RP11-375I20.6
16	48198863	48201149	ENSG00000261538	RP11-3M1.1
19	54785964	54786035	ENSG00000264703	MIR4752
3	32794402	32795393	ENSG00000213842	SUGT1P2
Y	15418467	15429181	ENSG00000269291	AC010877.1
14	20925878	20929771	ENSG00000165782	TMEM55B
19	54797902	54798219	ENSG00000240197	AC010518.3
8	6602685	6602765	ENSG00000266038	MIR4659B
19	35302493	35305249	ENSG00000261754	CTC-523E23.1
16	48368382	48368765	ENSG00000240793	UBA52P8
10	85898176	85900338	ENSG00000271933	RP11-338I21.1
3	32827138	32827608	ENSG00000227337	AC139452.2
19	54808714	54809423	ENSG00000251431	AC008984.5
19	35316318	35316900	ENSG00000271666	CTC-523E23.9
20	62338817	62367494	ENSG00000197114	ZGPAT
3	33075355	33076302	ENSG00000223899	SEC13P1
10	86039736	86054415	ENSG00000229404	LINC00858
Y	15815447	15817904	ENSG00000154620	TMSB4Y
19	54813047	54817309	ENSG00000234436	AC008984.7
8	17354597	17428082	ENSG00000003989	SLC7A2
10	135473084	135473179	ENSG00000221108	AL845259.1
19	35328793	35346208	ENSG00000269086	CTC-523E23.5
6	135502453	135540311	ENSG00000118513	MYB
8	6666038	6693166	ENSG00000186530	XKR5
10	135477931	135478609	ENSG00000237635	XX-2136C48.8
GL000240.1	1481	1563	ENSG00000241000	CU463998.2
19	54820182	54848439	ENSG00000248166	AC008984.2
10	86148926	86149382	ENSG00000233189	RPL12P29
10	135480654	135481921	ENSG00000258911	DUX4L10
7	104743285	104745930	ENSG00000272918	CTB-152G17.6
GL000240.1	3055	3137	ENSG00000240779	CU463998.1
Y	21853827	21856492	ENSG00000260197	RP11-424G14.1
GL000240.1	3772	3853	ENSG00000244656	CU463998.3
10	135483662	135488584	ENSG00000258434	DUX4L11
Y	22148461	22149738	ENSG00000237997	RCC2P2
11	43087236	43087626	ENSG00000254725	RP11-111A24.1
GL000240.1	3916	3999	ENSG00000263760	CU463998.4
19	54831476	54832484	ENSG00000249654	VN1R104P
10	86150664	86151801	ENSG00000225423	TNPO1P1
2	71205510	71212626	ENSG00000144031	ANKRD53
7	104829637	104830261	ENSG00000270764	CTB-152G17.5
Y	22163071	22174090	ENSG00000232522	ZNF886P
1	895967	901095	ENSG00000187961	KLHL17
7	104845047	104845306	ENSG00000271482	CTB-152G17.4
11	43142312	43290943	ENSG00000251557	HNRNPKP3
19	42363988	42376994	ENSG00000105372	RPS19
X	15808595	15841383	ENSG00000169249	ZRSR2
10	86214435	86215812	ENSG00000225928	CACYBPP1
19	35331917	35332118	ENSG00000203442	AC008555.1
19	35340182	35351480	ENSG00000271109	CTC-523E23.11
HG79_PATCH	136206251	136211933	ENSG00000261306	SURF6
11	64852451	64856847	ENSG00000187066	TMEM262
HG104_HG975_PATCH	145131299	145133692	ENSG00000259902	CTD-3065J16.6
6	27093676	27100541	ENSG00000124635	HIST1H2BJ
10	86320199	86321019	ENSG00000178429	RPS3AP5
19	35343055	35343524	ENSG00000213084	AC008555.2
10	25137536	25241533	ENSG00000099256	PRTFDC1
10	43689983	43762367	ENSG00000198915	RASGEF1A
21	37270353	37270727	ENSG00000267812	FKSG68
19	35357256	35357823	ENSG00000270624	LOC401913
19	47852538	47885961	ENSG00000134815	DHX34
21	37402368	37417818	ENSG00000268098	AP000688.1
11	43350298	43380846	ENSG00000254907	RP11-484D2.2
19	35382933	35389847	ENSG00000271649	LINC00904
HSCHR6_MHC_APD	29624887	29640277	ENSG00000234096	MOG
X	119727865	119754929	ENSG00000232119	MCTS1
1	23832922	23857712	ENSG00000007968	E2F2
6	13924677	13980533	ENSG00000180537	RNF182
11	43352811	43352906	ENSG00000252652	Y_RNA
HG104_HG975_PATCH	145133436	145146004	ENSG00000261479	OPLAH
10	86623021	86623118	ENSG00000238469	AC091487.1
11	43400432	43407221	ENSG00000255340	RP11-484D2.5
19	35393106	35395099	ENSG00000270544	CTC-523E23.14
10	86953177	86957714	ENSG00000237267	RP11-181F12.1
6	160210844	160219468	ENSG00000112110	MRPL18
11	43411833	43417045	ENSG00000254577	RP11-484D2.4
19	35395296	35395961	ENSG00000271171	CTC-523E23.15
6	31694815	31698394	ENSG00000213722	DDAH2
11	43456682	43456947	ENSG00000252355	RN7SKP287
10	87191699	87192271	ENSG00000223993	RP11-475D12.1
19	35396219	35399092	ENSG00000269037	CTC-523E23.6
11	43487942	43488421	ENSG00000254463	RP11-484D2.3
19	54839544	54842706	ENSG00000250507	AC008984.6
5	36098514	36152063	ENSG00000164187	LMBRD2
19	35414203	35417716	ENSG00000270876	CTC-523E23.8
16	776936	785525	ENSG00000103253	HAGHL
6	27100832	27103070	ENSG00000196787	HIST1H2AG
6	46097730	46114436	ENSG00000001561	ENPP4
11	43543586	43544814	ENSG00000213697	CTBP2P6
19	35489137	35491074	ENSG00000269303	CTD-2527I21.7
19	35505865	35516239	ENSG00000271032	CTD-2527I21.14
12	7917812	7926717	ENSG00000205857	NANOGNB
14	20097282	20098616	ENSG00000257432	RP11-244H18.4
8	6693076	6742798	ENSG00000245857	GS1-24F4.2
19	35527238	35527964	ENSG00000267874	CTD-2527I21.9
16	29869678	29875057	ENSG00000103502	CDIPT
11	43578308	43591945	ENSG00000235661	MIR670HG
14	20105463	20109540	ENSG00000257357	RP11-244H18.3
10	87192619	87208718	ENSG00000224504	RP11-475D12.2
19	35549963	35597208	ENSG00000227392	HPN-AS1
8	6756400	6756990	ENSG00000250752	GS1-24F4.1
19	54862991	54864894	ENSG00000268802	CTD-2587H19.1
11	43581206	43581303	ENSG00000211568	MIR670
10	87209349	87251753	ENSG00000230962	RP11-113E21.1
19	54891093	54891564	ENSG00000237955	AC008746.10
12	56435637	56438116	ENSG00000197728	RPS26
11	43602944	43603033	ENSG00000199077	MIR129-2
8	143991975	143999259	ENSG00000179142	CYP11B2
19	54941832	54945878	ENSG00000227407	AC008746.3
6	10393419	10419892	ENSG00000137203	TFAP2A
X	73229224	73231303	ENSG00000270223	RP13-36G14.4
14	20121785	20121904	ENSG00000258324	RP11-536C10.22
11	43740226	43740696	ENSG00000243721	RP11-472I20.1
10	87297136	87297240	ENSG00000223064	RNU6-325P
19	54945363	54945845	ENSG00000268496	CTD-2587H19.2
8	6786130	6787995	ENSG00000254625	GS1-24F4.3
10	87318481	87318829	ENSG00000252730	RN7SKP84
22	29834572	29838444	ENSG00000128250	RFPL1
14	20132257	20151836	ENSG00000257493	RP11-536C10.20
10	87365150	87366263	ENSG00000234942	RP11-93H12.2
11	43755309	43756114	ENSG00000254512	RP11-472I20.2
X	73251297	73251655	ENSG00000233984	RPSAP14
X	15843929	15873054	ENSG00000182287	AP1S2
1	23884409	23886285	ENSG00000117318	ID3
6	27106073	27114619	ENSG00000197903	HIST1H2BK
7	75931861	75933612	ENSG00000106211	HSPB1
7	66345695	66347968	ENSG00000230295	RP11-458F8.2
14	20136701	20137215	ENSG00000257751	RP11-536C10.21
14	20136988	20138162	ENSG00000257846	RP11-597A11.3
11	43851259	43902276	ENSG00000246250	RP11-613D13.5
11	64083932	64085556	ENSG00000173113	TRMT112
4	139936943	139966906	ENSG00000151014	CCRN4L
7	66356175	66356278	ENSG00000212568	RNU6-1254P
7	66367844	66371284	ENSG00000273142	RP11-458F8.4
22	29876219	29887379	ENSG00000100285	NEFH
16	48448689	48448970	ENSG00000265077	RN7SL54P
10	135487297	135488539	ENSG00000259139	DUX4L12
14	20145803	20147175	ENSG00000259069	RP11-597A11.6
6	46126924	46138708	ENSG00000112796	ENPP5
16	48455038	48455114	ENSG00000239138	AC023818.1
16	68021297	68034489	ENSG00000167261	DPEP2
3	134070694	134075403	ENSG00000214289	RPL39P5
16	48481815	48482309	ENSG00000261802	RP11-44I10.6
5	102089685	102366809	ENSG00000145730	PAM
14	20145996	20148263	ENSG00000257884	RP11-597A11.4
10	135490272	135495193	ENSG00000258617	DUX4L13
11	59705928	59712807	ENSG00000214788	OOSP1
16	48504864	48505044	ENSG00000260688	RP11-44I10.5
14	20149579	20152898	ENSG00000257395	RP11-597A11.2
2	96789589	96804175	ENSG00000188886	ASTL
2	217536828	217560248	ENSG00000115461	IGFBP5
11	43919006	43921186	ENSG00000213693	SEC14L1P1
8	38964509	39142430	ENSG00000197140	ADAM32
16	48526309	48526412	ENSG00000239013	snoU13
1	48761044	48937845	ENSG00000132122	SPATA6
3	76483169	76484579	ENSG00000240809	RP11-550F7.1
6	27107076	27108418	ENSG00000198339	HIST1H4I
16	48530901	48532512	ENSG00000260347	MOCS1P1
12	63244518	63244681	ENSG00000200296	RNU1-83P
14	20156420	20159353	ENSG00000258080	ARHGAP42P4
3	77141208	77141314	ENSG00000199520	RNU6-386P
12	63329481	63329582	ENSG00000252660	Y_RNA
8	6808248	6809121	ENSG00000223629	DEFA8P
11	59807748	59815517	ENSG00000149507	OOSP2
12	85673885	85695562	ENSG00000180318	ALX1
3	183602712	183606237	ENSG00000234371	RP11-315J22.5
11	43930842	43942494	ENSG00000244926	ALKBH3-AS1
11	109292846	109299840	ENSG00000185742	C11orf87
12	63359095	63359764	ENSG00000139239	RPL14P1
15	66187417	66546085	ENSG00000157890	MEGF11
3	77365903	77366749	ENSG00000213450	VDAC1P7
10	135493906	135495148	ENSG00000258514	DUX4L14
16	48593572	48621314	ENSG00000261267	RP11-44I10.3
3	77860892	77860995	ENSG00000206891	RNU6-217P
12	113623331	113630173	ENSG00000139405	RITA1
X	73285918	73286427	ENSG00000203397	RP13-36G14.3
3	77975856	77975937	ENSG00000264841	AC134729.1
14	20168638	20168809	ENSG00000257142	RP11-536C10.19
16	48611435	48612280	ENSG00000243609	RPS2P44
10	135496888	135498492	ENSG00000235950	DUX4L15
X	73289111	73290667	ENSG00000234969	RP13-33H18.1
3	78087856	78095945	ENSG00000244461	RP11-354H21.1
2	26624784	26679579	ENSG00000157856	DRC1
14	20181104	20182079	ENSG00000258453	OR11H2
16	48634087	48634555	ENSG00000260033	CTC-527H23.1
11	64856796	64879332	ENSG00000149823	VPS51
8	6816811	6817683	ENSG00000233238	DEFA9P
Y	16097652	16098393	ENSG00000129864	VCY
6	41235664	41254457	ENSG00000124731	TREM1
1	23907985	23967058	ENSG00000197880	MDS2
17	48541857	48546327	ENSG00000136457	CHAD
6	105175968	105307794	ENSG00000085382	HACE1
6	160221298	160241736	ENSG00000146453	PNLDC1
6	27114861	27115317	ENSG00000184825	HIST1H2AH
11	67792277	67797928	ENSG00000255306	RP5-901A4.1
16	48654230	48655944	ENSG00000259912	CTC-527H23.2
11	43942609	44022707	ENSG00000254409	RP11-613D13.4
X	73325407	73327793	ENSG00000223650	UHRF2P1
3	4855978	4928977	ENSG00000235978	AC018816.3
14	64203162	64203223	ENSG00000252749	RNU7-116P
11	67801364	67801448	ENSG00000266737	MIR4691
16	48657347	48778553	ENSG00000260086	RP11-42I10.1
21	37406839	37451687	ENSG00000185917	SETD4
X	73340847	73351758	ENSG00000232928	DDX3YP1
14	64228731	64228867	ENSG00000258411	RP11-804M7.2
19	35628549	35630484	ENSG00000203403	AC020907.2
14	64275264	64275450	ENSG00000270912	RPS28P1
11	67818207	67821229	ENSG00000255031	RP11-802E16.3
19	35629728	35642239	ENSG00000221857	CTD-2527I21.4
12	86198331	86230348	ENSG00000198774	RASSF9
14	64314979	64315080	ENSG00000202182	Y_RNA
11	43965337	43968756	ENSG00000244953	RP11-613D13.8
12	63396249	63396575	ENSG00000257779	RP11-848D3.4
14	64561742	64561843	ENSG00000221537	MIR548H1
11	44093012	44093953	ENSG00000255165	CTD-2609K8.3
16	48671054	48672630	ENSG00000260052	CTC-527H23.3
8	6825663	6826635	ENSG00000233531	DEFA10P
14	64796149	64805317	ENSG00000214770	RP11-544I20.2
12	63397333	63400682	ENSG00000250517	LDHAL6CP
11	67889520	67897985	ENSG00000255236	CTD-2655K5.1
16	48674384	48674963	ENSG00000272545	CTC-527H23.4
11	44490014	44491979	ENSG00000255451	RP11-58K22.1
12	7940390	7948655	ENSG00000111704	NANOG
16	48685242	48685334	ENSG00000220993	AC007611.1
9	17134980	17503921	ENSG00000044459	CNTLN
11	68256077	68256308	ENSG00000254856	NDUFA3P2
GL000220.1	100714	100791	ENSG00000263806	AL592188.3
11	44561328	44562243	ENSG00000255106	RP11-58K22.2
1	901877	911245	ENSG00000187583	PLEKHN1
16	48692292	48692396	ENSG00000239038	snoU13
8	91070836	91107703	ENSG00000104327	CALB1
GL000220.1	107448	107561	ENSG00000244180	AL592188.2
16	48751994	48753054	ENSG00000260726	KLF8P1
2	73429386	73439641	ENSG00000214513	NOTO
11	109964087	110042566	ENSG00000149289	ZC3H12C
11	68273040	68273119	ENSG00000222339	AP000807.2
GL000220.1	107909	108088	ENSG00000264827	AL592188.4
14	64812889	64841384	ENSG00000234911	TEX21P
19	35723194	35723906	ENSG00000262497	FAM187B2P
GL000220.1	108280	108340	ENSG00000266219	AL592188.8
11	68273551	68273634	ENSG00000212093	AP000807.1
3	185430316	185447575	ENSG00000163915	C3orf65
11	44626058	44626887	ENSG00000254693	RP11-58K22.5
GL000220.1	109078	110946	ENSG00000272060	RNA18S5
19	35742343	35744542	ENSG00000271366	AC002128.5
11	68380367	68384179	ENSG00000260808	CTD-2007L18.5
GL000220.1	112025	112177	ENSG00000242716	RNA5-8S5
11	44627720	44629651	ENSG00000255092	RP11-58K22.4
19	35753749	35755707	ENSG00000268947	AD000684.2
GL000220.1	113348	118417	ENSG00000266658	RNA28S5
3	136055077	136471220	ENSG00000118007	STAG1
11	44650907	44651224	ENSG00000244267	RPL34P22
8	144099399	144105249	ENSG00000160932	LY6E
2	96808905	96811179	ENSG00000158050	DUSP2
19	35821746	35822823	ENSG00000269553	U62631.5
3	183604588	183604673	ENSG00000263932	MIR4448
1	205882176	205912588	ENSG00000174502	SLC26A9
11	59824060	59838601	ENSG00000149516	MS4A3
HG104_HG975_PATCH	145160174	145161437	ENSG00000261034	CTD-3065J16.9
10	81462983	81474437	ENSG00000188199	NUTM2B
11	68386967	68387063	ENSG00000266854	AP003096.1
19	35836416	35836530	ENSG00000263397	MIR5196
X	16141679	16171144	ENSG00000126010	GRPR
5	134363425	134370503	ENSG00000069011	PITX1
GL000220.1	151420	151533	ENSG00000243151	AL592188.1
11	44716413	44717851	ENSG00000255079	RP11-45A12.1
19	42381190	42385439	ENSG00000105369	CD79A
11	68638132	68642010	ENSG00000250508	RP11-757G1.6
3	183613688	183628724	ENSG00000233441	CYP2AB1P
GL000220.1	151881	152060	ENSG00000265807	AL592188.6
12	54789045	54813244	ENSG00000161638	ITGA5
11	68708971	68710320	ENSG00000255741	RP11-757G1.5
11	44740942	44758242	ENSG00000255032	RP11-45A12.2
GL000220.1	152252	152312	ENSG00000265525	AL592188.5
16	18458147	18495797	ENSG00000254681	PKD1P5
3	5020801	5027008	ENSG00000134107	BHLHE40
3	33118696	33118983	ENSG00000235424	SUMO2P10
13	33590207	33640282	ENSG00000133116	KL
11	68768233	68769516	ENSG00000261625	RP11-554A11.4
2	217724181	217724787	ENSG00000118245	TNP1
11	44995453	44999579	ENSG00000254654	AC068858.1
3	33144500	33144796	ENSG00000263587	RN7SL296P
3	134104039	134104336	ENSG00000248377	HMGN1P9
3	12837971	12913415	ENSG00000144712	CAND2
Y	22551937	22558682	ENSG00000228764	ZNF885P
3	33185596	33189213	ENSG00000272149	RP11-627J17.1
5	102865377	102877686	ENSG00000248757	CTD-2193G5.1
3	33231725	33231820	ENSG00000230119	AC123900.2
3	134128886	134128982	ENSG00000221313	AC010207.1
3	134156447	134157053	ENSG00000214288	HMGB3P13
11	68771862	68772568	ENSG00000261276	RP11-554A11.5
X	16185604	16189587	ENSG00000182798	MAGEB17
3	134156669	134156748	ENSG00000263554	MIR4788
11	45237366	45256843	ENSG00000254664	CTD-2560E9.3
11	64085560	64089283	ENSG00000126432	PRDX5
3	134229373	134230255	ENSG00000249691	RP11-445J14.1
11	68779751	68785915	ENSG00000256508	RP11-554A11.6
20	62340216	62370456	ENSG00000273154	RP4-583P15.15
2	96034255	96034633	ENSG00000235129	FABP7P2
3	134499369	134499469	ENSG00000253087	RNU6-1174P
11	45275435	45276200	ENSG00000254497	CTD-2560E9.5
3	134502278	134502397	ENSG00000201413	RNA5SP141
GL000220.1	155997	156149	ENSG00000241335	RNA5-8S5
3	135074909	135158730	ENSG00000240086	RP11-657O9.1
11	45376922	45387672	ENSG00000254427	RP11-430H10.1
11	68850644	68850726	ENSG00000265539	MIR3164
17	40701232	40707231	ENSG00000108786	HSD17B1
5	103415612	103441104	ENSG00000251026	RP11-138J23.1
11	68870961	68876562	ENSG00000260895	RP11-554A11.7
6	41303393	41318625	ENSG00000096264	NCR2
Y	16168097	16168838	ENSG00000129862	VCY1B
22	29901868	29951205	ENSG00000100296	THOC5
11	68914696	68939032	ENSG00000261070	RP11-554A11.8
3	135518536	135518622	ENSG00000253004	U8
1	24018269	24022915	ENSG00000142676	RPL11
10	91087651	91100728	ENSG00000119917	IFIT3
HSCHR6_MHC_COX	31358053	31374512	ENSG00000233051	MICA
11	45392948	45410059	ENSG00000255267	RP11-430H10.2
3	135644733	135645009	ENSG00000242222	RP11-237P21.1
X	50334647	50557302	ENSG00000158352	SHROOM4
11	68923378	68927220	ENSG00000259799	RP11-554A11.9
10	135505635	135505917	ENSG00000226880	XX-2136C48.7
2	73441350	73454365	ENSG00000135632	SMYD5
3	135656150	135656226	ENSG00000256425	AC092989.1
2	96079204	96080044	ENSG00000248821	AC009238.6
HSCHR6_MHC_DBB	32949907	32955340	ENSG00000235744	HLA-DOA
11	45408766	45535352	ENSG00000255041	RP11-430H10.4
6	27215480	27224403	ENSG00000112812	PRSS16
10	135515571	135516024	ENSG00000213147	RPL23AP60
3	135678117	135678432	ENSG00000241905	RP11-305O4.1
11	69070879	69071274	ENSG00000213275	IFITM9P
11	45420998	45422078	ENSG00000254651	RP11-430H10.3
10	71163659	71176623	ENSG00000075073	TACR2
14	32798479	33300567	ENSG00000151320	AKAP6
11	69186231	69187279	ENSG00000260877	RP11-211G23.2
5	132028320	132073330	ENSG00000131437	KIF3A
3	135774026	135774606	ENSG00000227267	RP11-305O4.2
5	103434575	103434739	ENSG00000201910	RNU1-140P
12	63398118	63400321	ENSG00000257235	RP11-848D3.5
20	62366815	62370456	ENSG00000203896	LIME1
2	96100507	96100861	ENSG00000233275	AC009238.8
11	69229075	69231600	ENSG00000259854	RP11-211G23.1
11	45511239	45564024	ENSG00000254746	RP11-958J22.1
2	24338241	24346347	ENSG00000176732	PFN4
3	135806317	135806755	ENSG00000273455	RP11-305O4.3
7	66379568	66379930	ENSG00000179131	RP11-458F8.3
5	103596234	103596527	ENSG00000239808	RN7SL255P
10	103529899	103535854	ENSG00000107831	FGF8
11	69240458	69244389	ENSG00000255980	AP000439.1
3	135874391	135874838	ENSG00000241438	TDGF1P6
2	96101881	96102304	ENSG00000227120	AC009238.7
4	139949266	140098372	ENSG00000109381	ELF2
11	69253133	69259511	ENSG00000255606	AP000439.2
7	66445107	66445395	ENSG00000264761	RN7SL43P
3	50330262	50336899	ENSG00000186792	HYAL3
7	66554244	66554457	ENSG00000233383	RP11-324F21.1
11	69282366	69284473	ENSG00000261347	AP000439.5
7	66579309	66579384	ENSG00000266525	MIR4650-1
11	69291901	69294708	ENSG00000255774	AP000439.3
HSCHR6_MHC_COX	31642141	31658607	ENSG00000235676	ABHD16A
17	71203492	71232892	ENSG00000133193	FAM104A
7	66604058	66604157	ENSG00000265024	AC073089.1
X	16606126	16731059	ENSG00000047230	CTPS2
16	18491794	18491893	ENSG00000206927	Y_RNA
11	69552066	69552785	ENSG00000256441	RP11-300I6.5
16	18496003	18497461	ENSG00000257563	MIR3180-3
7	66744765	66751606	ENSG00000230358	RP11-166O4.1
12	113633246	113658899	ENSG00000166578	IQCD
11	69831982	69861921	ENSG00000255191	RP11-626H12.1
16	48765615	48765712	ENSG00000222170	RNU6-257P
1	43198764	43205925	ENSG00000164007	CLDN19
HG79_PATCH	136216440	136223666	ENSG00000261579	MED22
16	18496035	18496128	ENSG00000266291	hsa-mir-3180-3
11	10833621	10880343	ENSG00000236287	ZBED5
11	69860964	69867165	ENSG00000254605	RP11-626H12.2
16	18499555	18499619	ENSG00000265776	hsa-mir-3670-2
12	102357679	102358118	ENSG00000258288	RP11-554E23.3
16	18505166	18505708	ENSG00000257527	MIR3179-3
5	103718999	104728671	ENSG00000251574	RP11-6N13.1
12	102457133	102468598	ENSG00000257222	RP11-554E23.4
11	69902336	69911477	ENSG00000248844	RP11-626H12.3
12	127214333	127256957	ENSG00000256128	LINC00944
16	18505751	18505834	ENSG00000266454	MIR3179-3
Y	6225260	6229454	ENSG00000229643	LINC00280
16	18544740	18545139	ENSG00000262974	RP11-457I16.4
11	69918540	69921539	ENSG00000254417	ANO1-AS2
16	18581770	18583005	ENSG00000260550	RP11-457I16.2
7	66752528	66767894	ENSG00000067601	PMS2P4
19	8373167	8386263	ENSG00000167774	NDUFA7
19	54949192	54949528	ENSG00000269873	CTD-2587H19.3
11	69921469	69921575	ENSG00000202070	RNU6-1175P
11	69975403	69995729	ENSG00000255143	RP11-805J14.3
19	54949847	54950362	ENSG00000267838	AC008746.12
6	160327974	160329108	ENSG00000130368	MAS1
11	66288108	66313709	ENSG00000174165	ZDHHC24
11	70033894	70034615	ENSG00000254902	ANO1-AS1
Y	22627554	22681114	ENSG00000229236	TTTY10
2	113239731	113299316	ENSG00000114999	TTL
12	68042118	68059186	ENSG00000127334	DYRK2
19	54955991	54960223	ENSG00000226696	LENG8-AS1
16	18582484	18609650	ENSG00000256340	ABCC6P1
11	1968508	2005752	ENSG00000214026	MRPL23
11	70052397	70053496	ENSG00000254721	RP11-805J14.5
13	33677272	33924767	ENSG00000133121	STARD13
3	33455642	33455703	ENSG00000252700	RNU7-110P
3	135924382	135924757	ENSG00000244740	RP11-463H24.1
3	33533475	33533590	ENSG00000202175	RNA5SP128
12	76745577	76953589	ENSG00000091039	OSBPL8
Y	22889140	22904786	ENSG00000225624	TBL1YP1
19	35873074	35874954	ENSG00000268222	EEF1A1P7
3	136148926	136149025	ENSG00000200571	RNU6-1284P
12	31742857	31768600	ENSG00000255867	DENND5B-AS1
19	54958008	54958225	ENSG00000235681	AC008746.5
3	33596128	33596351	ENSG00000238008	COX6CP10
3	182733006	182833863	ENSG00000078070	MCCC1
19	19040010	19052070	ENSG00000051128	HOMER3
3	136307051	136307153	ENSG00000200843	RNY4P4
11	70125027	70125403	ENSG00000255329	H2AFZP4
19	55032906	55033214	ENSG00000213016	AC008746.9
3	33768742	33769096	ENSG00000228112	AC112220.2
19	8373490	8386280	ENSG00000267855	NDUFA7
12	31747027	31747140	ENSG00000252390	RNU5F-4P
Y	22970662	22973695	ENSG00000224482	HSFY4P
11	70128473	70209474	ENSG00000254604	AP000487.6
3	33813455	33813787	ENSG00000227707	SDAD1P3
19	55666125	55672039	ENSG00000267110	CTD-2587H24.4
12	31750048	31750343	ENSG00000231788	RPL31P50
19	55063253	55063539	ENSG00000235181	AC009892.2
11	70130061	70130176	ENSG00000221333	MIR548K
3	33835136	33835637	ENSG00000271324	RP11-10C24.2
19	35890413	35910287	ENSG00000205786	AC002511.1
11	70166034	70167521	ENSG00000254484	CTA-797E19.1
3	33837180	33838442	ENSG00000271643	RP11-10C24.3
11	11292423	11643552	ENSG00000110328	GALNT18
3	5163905	5222596	ENSG00000134108	ARL8B
11	45535737	45536001	ENSG00000255519	RP11-958J22.2
11	70170977	70173315	ENSG00000255539	CTA-797E19.2
12	63449055	63449545	ENSG00000257664	RSL24D1P5
12	31768702	31769373	ENSG00000233381	AK4P3
3	33838641	33839173	ENSG00000271020	RP11-10C24.1
11	45604075	45605024	ENSG00000254514	RP11-958J22.3
2	71213068	71222075	ENSG00000144043	TEX261
19	55100906	55101752	ENSG00000269271	CTB-83J4.2
HSCHR6_MHC_QBL	30446762	30451500	ENSG00000206493	HLA-E
11	70204304	70204783	ENSG00000254495	AP000487.4
12	63665184	63666116	ENSG00000257332	HNRNPA1P69
2	96111911	96122840	ENSG00000204705	UBTFL5
19	55119337	55119843	ENSG00000238094	AC009892.5
7	99647390	99662661	ENSG00000166529	ZSCAN21
11	45673079	45674241	ENSG00000255091	RP11-495O11.1
7	75956116	75988348	ENSG00000170027	YWHAG
12	31866684	31866782	ENSG00000266482	AC023157.1
8	17433942	17501580	ENSG00000104213	PDGFRL
3	34200826	34604369	ENSG00000226320	AC018359.1
GL000220.1	158123	158214	ENSG00000265830	AL592188.7
11	70218352	70244594	ENSG00000246889	AP000487.5
12	31901034	31901174	ENSG00000256843	RP11-467L13.4
20	62369623	62371751	ENSG00000273047	RP4-583P15.14
HSCHR6_MHC_SSTO	31930804	31941075	ENSG00000236250	STK19
11	45743858	45765801	ENSG00000254519	CTD-2210P24.1
2	217735495	217736362	ENSG00000223874	AC007557.1
2	96850597	96874563	ENSG00000084090	STARD7
12	31907651	31908055	ENSG00000223722	RP11-467L13.5
1	910579	917497	ENSG00000187642	C1orf170
19	55140843	55140914	ENSG00000264799	AC009892.1
2	96134611	96135526	ENSG00000234903	AC133104.2
11	70323382	70323697	ENSG00000227726	AP001271.3
11	45755545	45757317	ENSG00000255426	CTD-2210P24.2
19	55159393	55160302	ENSG00000242856	VN1R105P
9	130928343	130966662	ENSG00000148337	CIZ1
12	31955892	31956024	ENSG00000252421	RNU6-1069P
11	70477199	70481595	ENSG00000226627	SHANK2-AS1
11	45772374	45773422	ENSG00000255226	CTD-2210P24.3
19	55163535	55163680	ENSG00000237323	AC009892.9
12	31964022	31964124	ENSG00000252204	SNORA25
10	134145614	134195010	ENSG00000148814	LRRC27
16	18814405	18823503	ENSG00000260017	RP11-1035H13.2
3	34244736	34310303	ENSG00000236452	AC123023.1
12	32005955	32006341	ENSG00000256372	RP11-428G5.4
19	55182682	55184042	ENSG00000225370	AC011515.2
12	56473641	56497289	ENSG00000065361	ERBB3
11	45834770	45846809	ENSG00000255447	CTD-2210P24.6
1	48998527	50489585	ENSG00000186094	AGBL4
16	18881488	18881591	ENSG00000238329	snoU13
2	96142715	96150479	ENSG00000144010	TRIM43B
11	70492270	70493667	ENSG00000236262	SHANK2-AS2
12	102611098	102611391	ENSG00000264554	RN7SL793P
12	32030013	32040137	ENSG00000255760	RP11-428G5.5
3	34566310	34585372	ENSG00000227498	AC018359.3
16	18938185	18948365	ENSG00000260352	CTD-2288F12.1
2	24347236	24413305	ENSG00000266118	RP11-507M3.1
12	102623805	102624311	ENSG00000258142	RP11-18O15.1
7	76018651	76039012	ENSG00000146700	SRCRB4D
11	70551272	70551374	ENSG00000207196	Y_RNA
16	18941518	18941604	ENSG00000265515	AC092287.1
3	34914133	34915346	ENSG00000235534	FECHP1
5	134368970	134691744	ENSG00000224186	C5orf66
11	70708895	70711220	ENSG00000171671	SHANK2-AS3
19	35905787	35906051	ENSG00000264400	RN7SL491P
16	19023479	19023585	ENSG00000207167	RNU6-1340P
19	35914964	35915554	ENSG00000233214	AC002511.2
Y	6258472	6279605	ENSG00000129816	TTTY1B
19	55208383	55212683	ENSG00000186152	LILRP1
6	25783125	25832287	ENSG00000124568	SLC17A1
20	62371214	62374858	ENSG00000125520	SLC2A4RG
19	35923859	35925544	ENSG00000232680	AC002511.3
11	70718375	70718473	ENSG00000263744	MIR3664
12	102907029	102907433	ENSG00000257254	RP11-210L7.1
X	119759648	119764005	ENSG00000171155	C1GALT1C1
16	779753	791329	ENSG00000103245	NARFL
17	66263167	66287408	ENSG00000108932	SLC16A6
12	119419300	119600856	ENSG00000139767	SRRM4
11	71093647	71134469	ENSG00000172900	AP002387.1
Y	6274285	6292186	ENSG00000212856	TTTY2B
Y	16634518	16957530	ENSG00000165246	NLGN4Y
5	141303373	141321612	ENSG00000081791	KIAA0141
17	49039535	49198226	ENSG00000008294	SPAG9
19	36031640	36036931	ENSG00000236144	AD000090.2
2	24397938	24423718	ENSG00000186453	FAM228A
3	35257197	35258641	ENSG00000228767	KRT8P18
12	103203058	103218177	ENSG00000258169	LINC00485
19	8386042	8388224	ENSG00000233927	RPS28
11	66313866	66330800	ENSG00000248746	ACTN3
19	55670031	55678090	ENSG00000167646	DNAAF3
2	96151289	96151553	ENSG00000238162	AC009237.4
19	55215730	55216013	ENSG00000228790	AC098784.1
X	120006457	120009779	ENSG00000236446	CT47B1
19	55218008	55218077	ENSG00000266427	AC098784.2
6	52362200	52441713	ENSG00000065308	TRAM2
16	48883830	48883926	ENSG00000260184	RP11-42I10.3
11	11373489	11374904	ENSG00000254598	CSNK2A3
16	49100478	49100640	ENSG00000260067	RP11-98C8.1
19	55219700	55224955	ENSG00000170858	LILRP2
5	104109342	104135473	ENSG00000253776	RP11-6N13.4
6	24171984	24358280	ENSG00000146038	DCDC2
11	11747060	11747257	ENSG00000268242	AC131935.1
2	172543919	172604930	ENSG00000077380	DYNC1I2
16	49193419	49195934	ENSG00000261421	RP11-22D3.1
X	120011344	120066151	ENSG00000226685	CT47A12
11	71159720	71163203	ENSG00000254682	RP11-660L16.2
9	17579080	17797127	ENSG00000107295	SH3GL2
16	49204463	49205697	ENSG00000261815	RP11-22D3.2
11	71217107	71217426	ENSG00000254924	RP11-684B2.3
11	110045605	110167447	ENSG00000137710	RDX
7	30562759	30564151	ENSG00000244480	AC005154.7
2	96152228	96154375	ENSG00000223917	AC009237.2
16	49321341	49324138	ENSG00000260614	RP11-491F9.1
11	71279726	71279980	ENSG00000248903	AP000867.14
12	32046304	32046636	ENSG00000256465	RP11-428G5.6
14	20937113	20945253	ENSG00000198805	PNP
11	71290774	71290894	ENSG00000249387	KRTAP5-14P
16	49328797	49330647	ENSG00000259957	RP11-491F9.8
12	32050754	32051057	ENSG00000244436	RP11-428G5.1
11	71304500	71305428	ENSG00000184055	OR7E87P
5	104115989	104116090	ENSG00000252881	RNU6-334P
15	31293264	31453476	ENSG00000134160	TRPM1
3	136327892	136328444	ENSG00000244101	HMGN1P10
7	39017598	39532694	ENSG00000106536	POU6F2
12	32068570	32068641	ENSG00000252584	AC023050.1
X	120067700	120071012	ENSG00000226929	CT47A11
12	32101268	32101761	ENSG00000242314	RP11-428G5.2
11	71314306	71319086	ENSG00000255562	UNC93B6
5	104253193	104582065	ENSG00000253584	CTD-2374C24.1
3	136351990	136352048	ENSG00000251708	RNU7-198P
16	49370594	49371256	ENSG00000259839	RP11-491F9.6
3	136440236	136440337	ENSG00000252914	RNU6-789P
12	110872630	110888227	ENSG00000111229	ARPC3
16	49371078	49372904	ENSG00000260769	RP11-491F9.5
3	136455342	136456071	ENSG00000240695	RP11-102M11.1
HG7_PATCH	141607613	141806547	ENSG00000259858	MGAM
16	49476821	49487989	ENSG00000262950	RP11-189E14.5
19	55236001	55309738	ENSG00000215765	CTB-61M7.1
15	57884106	58006943	ENSG00000137878	GCOM1
3	136471472	136474622	ENSG00000261758	RP11-102M11.2
6	160390131	160534539	ENSG00000197081	IGF2R
3	136527393	136528465	ENSG00000242968	RP11-731C17.1
2	96161770	96162279	ENSG00000237308	AC009237.5
16	49488140	49491180	ENSG00000263110	RP11-189E14.3
1	206136916	206155151	ENSG00000196550	FAM72A
3	183724126	183729207	ENSG00000223882	ABCC5-AS1
HSCHR5_1_CTG5	161851384	161854351	ENSG00000262513	RP11-96G10.1
11	71331066	71332078	ENSG00000255261	OR7E4P
HSCHR5_1_CTG5	161904897	161904999	ENSG00000262922	U6
3	136556180	136557863	ENSG00000273486	RP11-731C17.2
16	49500017	49503786	ENSG00000261623	RP11-189E14.4
11	71340091	71340467	ENSG00000255415	RP11-684B2.5
14	20201514	20230044	ENSG00000258438	OR11K2P
19	55266475	55278823	ENSG00000242473	KIR2DP1
4	110354928	110462052	ENSG00000138802	SEC24B
HSCHR22_1_CTG2	39353528	39358842	ENSG00000262156	APOBEC3A
11	71373593	71373741	ENSG00000221458	AP003498.1
2	96168539	96170807	ENSG00000224719	AC009237.6
11	71380566	71381343	ENSG00000239481	RPS3AP41
2	102927989	103015218	ENSG00000115604	IL18R1
11	71401499	71401703	ENSG00000254805	RP11-167J8.4
8	6844700	6847243	ENSG00000215378	DEFT1P
1	49193195	49242641	ENSG00000162373	BEND5
14	20228027	20228947	ENSG00000176312	OR4H12P
11	71412314	71416450	ENSG00000254972	RP11-167J8.3
14	20232066	20232166	ENSG00000238492	snoU13
3	167401086	167452727	ENSG00000114209	PDCD10
X	73352839	73352949	ENSG00000230986	DDX3YP2
14	20264504	20265419	ENSG00000258564	OR4N1P
8	91634223	91803860	ENSG00000180694	TMEM64
11	71417525	71417624	ENSG00000223235	AP003498.2
6	31698358	31707540	ENSG00000213719	CLIC1
5	104435174	104435799	ENSG00000232159	RAB9BP1
3	185633694	185655924	ENSG00000136527	TRA2B
14	20315526	20316422	ENSG00000228304	OR4K6P
11	71422786	71492229	ENSG00000255319	ENPP7P8
8	6863815	6864911	ENSG00000232039	DEFT1P2
17	48556161	48563336	ENSG00000136444	RSAD1
10	46351755	46351870	ENSG00000239152	RNA5SP310
GL000242.1	12836	34543	ENSG00000251180	CU459201.1
HSCHR22_1_CTG2	39317232	39320713	ENSG00000262453	CTA-150C2.13
14	20336401	20337302	ENSG00000176290	OR4K3
8	6886163	6887011	ENSG00000234178	DEFA11P
1	43212006	43232755	ENSG00000117385	LEPRE1
HSCHR22_1_CTG2	39345118	39345132	ENSG00000262536	WI2-1043J20.1
12	103320292	103320383	ENSG00000221807	AC069227.1
HSCHR6_MHC_DBB	29012004	29013031	ENSG00000229328	OR2W1
3	5229227	5229982	ENSG00000268509	AC026202.1
HSCHR22_1_CTG2	39357616	39364275	ENSG00000262679	APOBEC3B-AS1
Y	6311475	6315118	ENSG00000237563	TTTY21B
12	57489191	57525922	ENSG00000166888	STAT6
12	103474728	103572453	ENSG00000257703	RP11-328J6.1
2	96180575	96185855	ENSG00000226185	TRIM64FP
21	37442239	37445464	ENSG00000159228	CBR1
22	29950797	29977326	ENSG00000184117	NIPSNAP1
X	73380897	73382363	ENSG00000224430	MKRN5P
11	71505409	71529284	ENSG00000248671	CTD-2313N18.5
14	20374076	20374759	ENSG00000258541	OR4K4P
X	16668281	16672793	ENSG00000169906	S100G
10	46657135	46681603	ENSG00000150175	FRMPD2P2
19	41082757	41097305	ENSG00000160410	SHKBP1
8	6896093	6896961	ENSG00000206042	DEFA7P
11	64107695	64125006	ENSG00000168071	CCDC88B
Y	6317509	6325947	ENSG00000147753	TTTY7
X	73393725	73393901	ENSG00000231549	USMG5P1
10	87403830	87407823	ENSG00000270002	RP11-93H12.4
7	135413096	135433594	ENSG00000189320	FAM180A
11	71511587	71515686	ENSG00000254978	ALG1L9P
10	87409769	87410017	ENSG00000252292	RN7SKP238
12	63686409	63753817	ENSG00000258117	RP11-1022B3.1
8	6940493	6940850	ENSG00000255273	AF238378.7
10	87468517	87468924	ENSG00000236606	RP11-93H12.3
12	64017568	64189498	ENSG00000249753	RP11-415I12.3
3	157823644	158263519	ENSG00000174891	RSRC1
HSCHR6_MHC_QBL	30460511	30464409	ENSG00000258286	AL844213.10
3	5229331	5261642	ENSG00000134109	EDEM1
X	73405764	73406990	ENSG00000204113	BMP2KL
1	206223976	206231639	ENSG00000198049	AVPR1B
11	71513631	71513695	ENSG00000264091	AP002495.1
10	87812205	87812323	ENSG00000200487	RNA5SP322
HG414_PATCH	76571911	76737841	ENSG00000262970	ACER3
Y	23005142	23005596	ENSG00000216844	AC009494.3
10	88024451	88024545	ENSG00000199104	MIR346
8	6969836	6971250	ENSG00000234120	AF228730.8
19	43905648	43922763	ENSG00000131126	TEX101
11	71525091	71532594	ENSG00000214534	ZNF705E
12	127349011	127349968	ENSG00000255923	RP11-983C2.1
10	88062583	88062678	ENSG00000238803	AL732479.1
2	218148742	218621316	ENSG00000231672	DIRC3
10	88248203	88248306	ENSG00000212332	RNU6-780P
1	934342	935552	ENSG00000188290	HES4
X	16737755	16783459	ENSG00000169895	SYAP1
12	103507812	103507865	ENSG00000239164	RNU7-184P
10	88281702	88284858	ENSG00000227896	RP11-77P6.2
12	103632176	103632253	ENSG00000238909	AC068643.1
Y	23023223	23024223	ENSG00000229551	GAPDHP17
5	105258695	105258809	ENSG00000201790	RNA5SP189
4	24519064	24586173	ENSG00000109606	DHX15
X	73420064	73461983	ENSG00000271430	RP3-368A4.5
12	103897159	103898714	ENSG00000257415	RP11-626I20.1
10	81601114	81610632	ENSG00000228570	NUTM2E
5	38845960	38945698	ENSG00000145623	OSMR
8	6973421	6973570	ENSG00000216206	AF228730.1
10	88390582	88391385	ENSG00000230507	RPL7AP8
X	73422669	73424430	ENSG00000228492	RAB11FIP1P1
1	206238872	206288647	ENSG00000196533	C1orf186
12	103899189	103899952	ENSG00000257994	RP11-626I20.2
5	105751277	105752942	ENSG00000251204	CTC-278L1.1
12	7965108	8043744	ENSG00000173262	SLC2A14
X	120072561	120075873	ENSG00000224089	CT47A10
14	20376255	20376808	ENSG00000259016	CTD-2335L22.6
Y	6338814	6341671	ENSG00000185700	TTTY8B
10	88505597	88505706	ENSG00000252189	U3
8	6980379	6981226	ENSG00000228744	RPS3AP30
11	71556242	71556291	ENSG00000252902	RNA5SP342
10	88509511	88516055	ENSG00000272631	RP11-359E3.4
14	20424759	20425727	ENSG00000258822	OR4K16P
11	71567323	71574704	ENSG00000255157	CTD-2313N18.8
5	105878767	105880031	ENSG00000250145	CTD-2285G11.1
14	20501820	20501923	ENSG00000265199	AL359218.1
12	127354036	127359236	ENSG00000249873	RP11-983C2.2
12	32106823	32108202	ENSG00000256987	RP11-428G5.7
21	37507210	37518864	ENSG00000159231	CBR3
HG414_PATCH	76745442	76753017	ENSG00000262264	B3GNT6
17	18427880	18430160	ENSG00000213077	FAM106A
11	71589499	71595607	ENSG00000225805	CTD-2313N18.7
17	26721661	26734215	ENSG00000076351	SLC46A1
X	73429811	73433495	ENSG00000271533	RP3-368A4.6
7	111366166	111846466	ENSG00000128512	DOCK4
8	7001154	7001363	ENSG00000254683	AF228730.12
12	32160061	32160369	ENSG00000257094	RP11-50I19.1
11	11862970	11980870	ENSG00000170242	USP47
14	20512075	20512986	ENSG00000258899	OR4U1P
X	73438212	73438296	ENSG00000202566	MIR421
11	71604456	71605479	ENSG00000228915	OR7E128P
HSCHR6_MHC_QBL	30498660	30514458	ENSG00000206492	GNL1
12	32225668	32225814	ENSG00000257852	RP11-843B15.1
X	73438382	73438453	ENSG00000212027	MIR374B
2	228474806	228498036	ENSG00000042304	C2orf83
11	71614240	71615127	ENSG00000254593	OR7E126P
12	32253419	32253669	ENSG00000271357	RP11-843B15.3
10	71211229	71267425	ENSG00000099282	TSPAN15
8	7028072	7028263	ENSG00000230106	AF228730.7
20	5731039	5844558	ENSG00000171984	C20orf196
12	32257051	32260462	ENSG00000257530	RP11-843B15.2
HSCHR6_MHC_DBB	29053997	29055102	ENSG00000225736	OR2B3
HSCHR6_MHC_APD	29640388	29641038	ENSG00000227858	ZFP57
8	7048423	7049085	ENSG00000214268	RPS3AP33
12	30862486	30907885	ENSG00000110888	CAPRIN2
10	91137813	91144962	ENSG00000204010	IFIT1B
6	46188475	46459709	ENSG00000172348	RCAN2
12	32380344	32381088	ENSG00000258134	RP11-956A19.1
16	88535326	88535439	ENSG00000263456	MIR5189
X	73462445	73462736	ENSG00000265727	RN7SL648P
12	64045407	64045710	ENSG00000257005	RP11-972L6.2
16	88579368	88597461	ENSG00000261744	RP11-21B21.4
X	73506939	73507044	ENSG00000207820	MIR545
1	948803	949920	ENSG00000187608	ISG15
1	50459990	50461874	ENSG00000227839	AL645730.2
8	7055962	7056110	ENSG00000221567	AF228730.2
16	68021649	68113223	ENSG00000167264	DUS2
HSCHR6_MHC_DBB	29079681	29080616	ENSG00000229866	OR2J3
20	62375019	62462597	ENSG00000130584	ZBTB46
2	96190857	96192450	ENSG00000272913	RP11-440D17.3
12	64078523	64118715	ENSG00000255583	RP11-415I12.2
8	7058278	7058379	ENSG00000231930	AF228730.5
3	183744157	183745544	ENSG00000223529	EEF1A1P8
8	91803778	91971636	ENSG00000123119	NECAB1
X	73507121	73507192	ENSG00000199168	MIR374A
16	88729706	88753594	ENSG00000260630	SNAI3-AS1
17	18538319	18565263	ENSG00000189375	TBC1D28
8	7095808	7096153	ENSG00000255025	AF228730.13
2	96191093	96198153	ENSG00000229689	AC009237.8
3	183794567	183802007	ENSG00000233576	RP11-778D9.9
3	35298332	35298438	ENSG00000212442	RNU6-243P
5	126984736	126994322	ENSG00000205279	CTXN3
X	73562548	73562695	ENSG00000226515	AC004386.3
10	91152303	91163745	ENSG00000185745	IFIT1
8	7104248	7105874	ENSG00000177306	OR7E125P
3	183804579	183804691	ENSG00000207351	Y_RNA
3	183812906	183822966	ENSG00000238020	HTR3E-AS1
1	206317459	206332104	ENSG00000196188	CTSE
6	14117872	14137149	ENSG00000112149	CD83
3	183833140	183835686	ENSG00000205955	HSP90AA5P
X	73595960	73596720	ENSG00000213269	AC004386.4
1	44398992	44402913	ENSG00000117407	ARTN
HG414_PATCH	76777976	76835592	ENSG00000262875	CAPN5
16	88762909	88765018	ENSG00000259813	RP5-1142A6.5
3	183850730	183851349	ENSG00000273181	RP11-778D9.13
5	105882366	105882504	ENSG00000252337	SNORA31
16	88782686	88782745	ENSG00000265672	MIR4722
11	64879317	64883856	ENSG00000149809	TM7SF2
X	73610527	73610822	ENSG00000239745	RN7SL790P
2	228549926	228582728	ENSG00000135917	SLC19A3
HSCHR6_MHC_COX	31453328	31466366	ENSG00000234218	MICB
5	134669590	134735604	ENSG00000113648	H2AFY
5	106150898	106346715	ENSG00000251027	CTC-254B4.1
Y	23069230	23069448	ENSG00000226504	TMEM167AP1
HSCHR6_MHC_DBB	29141329	29142369	ENSG00000232945	OR2J2
17	66417089	66453654	ENSG00000070540	WIPI1
8	7114426	7117436	ENSG00000230045	FAM90A15P
12	127359367	127360778	ENSG00000256286	RP11-983C2.3
10	43867090	43871783	ENSG00000150201	FXYD4
Y	23200175	23206610	ENSG00000254488	RP11-65G9.1
HSCHR6_MHC_DBB	29274457	29275573	ENSG00000237777	OR14J1
12	127396580	127396868	ENSG00000257021	HSPE1P20
19	43964939	43969812	ENSG00000124466	LYPD3
20	5892076	5906007	ENSG00000089199	CHGB
2	96201865	96202243	ENSG00000236431	AC009237.11
13	34392186	34540695	ENSG00000133119	RFC3
10	88614453	88615993	ENSG00000270874	RP11-420K10.1
21	37529080	37666572	ENSG00000142197	DOPEY2
Y	23292756	23293067	ENSG00000237427	TOMM22P1
19	42387228	42434302	ENSG00000076928	ARHGEF1
20	62474779	62475273	ENSG00000269223	AL158091.1
16	29882480	29910868	ENSG00000174938	SEZ6L2
7	143632259	143633372	ENSG00000221910	OR2F2
10	88649326	88649490	ENSG00000200176	RNU1-19P
HSCHR6_MHC_SSTO	31941653	31962310	ENSG00000233312	C4B_2
20	62492566	62494341	ENSG00000183260	ABHD16B
5	106530857	106531033	ENSG00000250273	PSMC1P5
HSCHR6_MHC_DBB	29341259	29417808	ENSG00000242022	OR12D3
12	127399766	127544946	ENSG00000249345	RP11-575F12.1
10	88725102	88731068	ENSG00000272734	ADIRF-AS1
2	96203717	96204217	ENSG00000273305	RP11-440D17.4
7	143657027	143658108	ENSG00000213215	OR2F1
1	955503	991496	ENSG00000188157	AGRN
10	88729994	88730583	ENSG00000273413	RP11-96C23.15
12	64154138	64154392	ENSG00000240027	RP11-415I12.1
X	73616706	73619385	ENSG00000230665	PRKRIRP1
20	62492879	62493217	ENSG00000268858	C20ORF135
7	143701022	143702068	ENSG00000221813	OR6B1
HSCHR6_MHC_DBB	29364252	29365320	ENSG00000227446	OR12D2
12	64202625	64215936	ENSG00000255850	TMEM5-AS1
5	107035536	107052542	ENSG00000249959	RP11-252I13.2
10	88730498	88769883	ENSG00000271880	RP11-96C23.5
Y	23382992	23383975	ENSG00000232634	NEFLP1
11	59855734	59863444	ENSG00000149534	MS4A2
12	64215801	64217675	ENSG00000255642	PABPC1P4
X	73629353	73629935	ENSG00000213695	RPS7P14
12	64224534	64224603	ENSG00000265796	AC084357.1
14	33404139	34273382	ENSG00000151322	NPAS3
12	64265519	64265824	ENSG00000242087	RPL36AP41
X	77081861	77151090	ENSG00000102158	MAGT1
14	20558289	20558386	ENSG00000252999	RNA5SP380
X	73673458	73673691	ENSG00000264531	RN7SL641P
2	96208478	96208978	ENSG00000233037	AC009237.10
14	20561512	20562422	ENSG00000258641	OR4T1P
X	73692852	73693788	ENSG00000231206	HNRNPA1P25
10	91174343	91180758	ENSG00000152778	IFIT5
14	20614276	20614314	ENSG00000251885	RNA5SP381
14	20617391	20617904	ENSG00000259074	PSMB7P1
7	30565347	30573229	ENSG00000264520	RP4-777O23.2
3	78136555	78141421	ENSG00000240573	RP11-354H21.2
3	12875984	12883087	ENSG00000144713	RPL32
X	16804550	16862642	ENSG00000086712	TXLNG
8	17501304	17658426	ENSG00000129422	MTUS1
10	81697496	81742370	ENSG00000133661	SFTPD
1	45794835	45806142	ENSG00000132781	MUTYH
7	30583669	30584047	ENSG00000226874	AC005154.8
8	7122048	7132680	ENSG00000233132	FAM90A3P
2	96212279	96213315	ENSG00000168992	OR7E102P
7	135611509	135662101	ENSG00000105887	MTPN
10	88752010	88760192	ENSG00000240089	BMS1P3
15	42640301	42704516	ENSG00000092529	CAPN3
10	103541082	103543170	ENSG00000107833	NPM3
3	183851807	183853026	ENSG00000272721	RP11-778D9.12
1	50513686	50669458	ENSG00000162374	ELAVL4
2	228678558	228682272	ENSG00000115009	CCL20
3	183867492	183868223	ENSG00000228205	RP11-778D9.4
6	152442819	152958936	ENSG00000131018	SYNE1
2	113299492	113334635	ENSG00000125630	POLR1B
5	107060662	107062818	ENSG00000248827	RP11-252I13.1
3	183959193	183959277	ENSG00000221120	MIR1224
6	46517541	46620523	ENSG00000146233	CYP39A1
12	68548548	68553527	ENSG00000111537	IFNG
X	120077421	120080733	ENSG00000226600	CT47A9
11	71616153	71616240	ENSG00000266859	AP000719.1
9	18473892	18910948	ENSG00000178031	ADAMTSL1
12	113658855	113736390	ENSG00000186815	TPCN1
12	119616447	119658936	ENSG00000152137	HSPB8
11	71649717	71650590	ENSG00000255296	RP11-757C15.4
X	73802923	73803381	ENSG00000230673	PABPC1P3
15	100038447	100038578	ENSG00000269810	AC015660.1
Y	23473154	23480781	ENSG00000226918	AC010086.1
X	73899888	73899994	ENSG00000199885	RNU6-330P
2	96240647	96246512	ENSG00000232717	TRIM51JP
12	86268073	86276770	ENSG00000133636	NTS
20	5917881	5931182	ENSG00000089195	TRMT6
X	73989474	73989633	ENSG00000271589	RP11-130N24.2
11	71725337	71731956	ENSG00000251143	RP11-849H4.4
X	74421326	74421625	ENSG00000229661	RP11-145B3.2
14	20641791	20641972	ENSG00000259095	RP11-98N22.6
2	189156396	189460653	ENSG00000144366	GULP1
11	71758919	71758997	ENSG00000206783	RNU6-292P
14	20647348	20648315	ENSG00000258468	OR11G1P
8	7129670	7132680	ENSG00000249005	FAM90A4P
12	127629617	127631077	ENSG00000256001	RP11-575F12.2
11	71783274	71783348	ENSG00000263742	MIR3165
14	20677399	20678369	ENSG00000258625	OR11H5P
11	71789376	71789466	ENSG00000212089	AP002490.1
14	20685313	20685398	ENSG00000266336	AL356019.1
11	71815120	71815216	ENSG00000238768	snoU13
X	74422538	74422644	ENSG00000199601	RNU6-562P
14	20728639	20732467	ENSG00000258768	CTD-2292M16.8
11	71842328	71842953	ENSG00000257075	RPEP6
X	74546607	74547834	ENSG00000232186	RP11-311P8.2
15	100255902	100273766	ENSG00000183060	LYSMD4
20	62496596	62522898	ENSG00000101150	TPD52L2
X	74604181	74604663	ENSG00000233254	RPL21P134
2	114204992	114205429	ENSG00000238091	AC016745.1
11	71869866	71870905	ENSG00000256518	RP11-807H22.5
5	107070476	107070767	ENSG00000239708	RN7SL782P
12	127650616	127650672	ENSG00000239776	AC079949.1
3	35691689	35693453	ENSG00000230830	ARPP21-AS1
5	107146330	107146625	ENSG00000251732	RN7SKP122
3	184043484	184043559	ENSG00000212158	SNORD66
7	135611542	135613214	ENSG00000236338	AC015987.2
5	107929310	107929668	ENSG00000244245	RP11-120B7.1
16	88785023	88786867	ENSG00000260121	RP5-1142A6.9
8	7137292	7140766	ENSG00000223885	FAM90A13P
5	127419458	127525380	ENSG00000064651	SLC12A2
3	184222901	184226187	ENSG00000227509	EIF2B5-IT1
17	44076616	44077060	ENSG00000256762	STH
14	20773889	20774970	ENSG00000258459	CTD-2292M16.7
2	114256661	114258728	ENSG00000184492	FOXD4L1
16	88797588	88807826	ENSG00000224888	RP5-1142A6.2
X	120082282	120085594	ENSG00000230347	CT47A8
3	184264502	184274706	ENSG00000230215	EIF2B5-AS1
3	35785968	35786051	ENSG00000207625	MIR128-2
11	71874366	71920285	ENSG00000204971	RP11-807H22.7
3	184451863	184456737	ENSG00000272970	RP11-329B9.4
7	135612022	135612198	ENSG00000267697	LUZP6
12	127759012	127768828	ENSG00000256292	RP11-955H22.1
11	71883483	71889086	ENSG00000255860	RP11-807H22.6
3	184459725	184460250	ENSG00000273403	RP11-329B9.3
16	88808039	88808775	ENSG00000260617	RP5-1142A6.7
5	108063526	108063961	ENSG00000272523	LINC01023
12	56710007	56727837	ENSG00000135473	PAN2
3	184460606	184461072	ENSG00000272922	RP11-329B9.5
16	88809175	88812156	ENSG00000182376	RP5-1142A6.8
2	96256717	96256954	ENSG00000230083	AC009237.13
3	184474177	184490943	ENSG00000229433	RP11-329B9.1
2	69240310	69476459	ENSG00000169604	ANTXR1
Y	23556877	23563471	ENSG00000223637	RBMY2EP
11	71960900	71962332	ENSG00000228286	AP000593.5
X	74757382	74758537	ENSG00000237089	PCNPP4
2	63277192	63284971	ENSG00000115507	OTX1
11	71991195	71992222	ENSG00000213365	AP000593.6
8	144120626	144141359	ENSG00000177335	C8orf31
X	74802511	74805341	ENSG00000224775	BRAFP1
16	88947446	88953544	ENSG00000259881	RP11-830F9.5
10	123237848	123357972	ENSG00000066468	FGFR2
14	64825486	64846036	ENSG00000258809	CTD-2555O16.1
1	24069645	24088549	ENSG00000011007	TCEB3
5	108119799	108121253	ENSG00000249921	CTC-329H14.1
11	72013183	72014009	ENSG00000255843	AP000593.7
8	7144914	7148476	ENSG00000215373	FAM90A5P
2	228735770	228789060	ENSG00000123977	DAW1
X	120087142	120090454	ENSG00000228517	CT47A7
15	31619058	31727868	ENSG00000169926	KLF13
7	66762640	66762741	ENSG00000201565	Y_RNA
14	64828110	64828355	ENSG00000271511	RP11-712C19.1
1	150480538	150486265	ENSG00000143369	ECM1
10	88752163	88769960	ENSG00000151303	AGAP11
11	72062391	72064254	ENSG00000256739	RP11-45F15.1
2	96272672	96272900	ENSG00000236026	AC009237.14
12	119772517	119978852	ENSG00000183273	CCDC60
14	64889653	64915275	ENSG00000258824	CTD-2555O16.2
16	89003187	89006059	ENSG00000261226	RP11-830F9.7
11	72065560	72074599	ENSG00000255672	RP11-45F15.2
7	66767608	66786513	ENSG00000106610	STAG3L4
14	64907087	64908956	ENSG00000272909	CTD-2555O16.4
10	88753189	88784489	ENSG00000272508	RP11-96C23.14
11	72121760	72123123	ENSG00000256403	RP11-7N14.1
16	89050440	89061777	ENSG00000259989	CTD-2555A7.1
14	64929946	64930175	ENSG00000272828	CTD-2555O16.3
11	72189265	72190281	ENSG00000237408	AP005019.3
7	136553416	136705002	ENSG00000181072	CHRM2
16	89112580	89119373	ENSG00000256982	CTD-2555A7.2
2	96914254	96931732	ENSG00000135956	TMEM127
1	206516200	206637783	ENSG00000163486	SRGAP2
11	72231030	72232777	ENSG00000238048	AP005019.4
17	20483037	20484224	ENSG00000214819	CDRT15L2
11	59939081	59952139	ENSG00000110077	MS4A6A
16	89179583	89181687	ENSG00000261546	CTD-2555A7.3
12	32548984	32549081	ENSG00000207176	Y_RNA
5	108153742	108166491	ENSG00000250383	CTD-2197I11.1
12	32630316	32630405	ENSG00000253063	RNU6-494P
16	89225554	89230653	ENSG00000180422	LINC00304
2	96272821	96282340	ENSG00000271003	RP11-440D17.1
12	32845438	32845782	ENSG00000257643	RP11-278C7.2
2	152973315	153032506	ENSG00000115145	STAM2
15	100255908	100258029	ENSG00000214397	DKFZP779J2370
8	91970865	91997485	ENSG00000253250	C8orf88
12	32858337	32858440	ENSG00000201563	Y_RNA
X	74960541	74966749	ENSG00000215105	TTC3P1
14	64980872	65007086	ENSG00000259116	RP11-973N13.4
3	50333833	50336852	ENSG00000243477	NAT6
17	71228372	71245091	ENSG00000141219	C17orf80
12	32879317	32880321	ENSG00000257511	RP11-278C7.1
12	33016052	33016367	ENSG00000244743	RP11-8P13.1
15	100347228	100417353	ENSG00000259363	CTD-2054N24.2
X	75104381	75104971	ENSG00000233063	SAR1AP4
5	108227138	108227247	ENSG00000207404	Y_RNA
12	33138772	33140004	ENSG00000257316	RP11-267D19.2
2	96282240	96282981	ENSG00000270193	RP11-440D17.2
12	86372516	87232681	ENSG00000182050	MGAT4C
3	6811688	7783215	ENSG00000196277	GRM7
17	20739760	20799453	ENSG00000205212	CCDC144NL
5	108230048	108230329	ENSG00000250441	RP11-47F1.1
X	75108535	75108723	ENSG00000226753	RP11-212D3.2
2	96285392	96296321	ENSG00000204699	UBTFL3
8	7152536	7155546	ENSG00000233295	FAM90A20P
2	218664512	218867718	ENSG00000079308	TNS1
X	120092019	120100198	ENSG00000237957	CT47A5
5	108350535	108350641	ENSG00000206593	RNU6-47P
1	44412611	44433694	ENSG00000117408	IPO13
5	108387013	108388158	ENSG00000176857	GJA1P1
X	75119639	75119715	ENSG00000255752	AL451105.1
HSCHR6_MHC_DBB	30558418	30576630	ENSG00000227804	PPP1R10
8	144161874	144164418	ENSG00000261667	RP11-520P18.5
15	31775329	32162992	ENSG00000169918	OTUD7A
14	65002420	65002597	ENSG00000259160	RP11-973N13.5
HSCHR6_MHC_APD	29845529	29850151	ENSG00000229215	HLA-A
16	810762	818865	ENSG00000102854	MSLN
2	96305929	96306352	ENSG00000235959	AC009237.17
4	140187317	140201492	ENSG00000137463	MGARP
14	65019412	65063254	ENSG00000259076	RP11-973N13.3
5	108572821	108662070	ENSG00000249476	CTD-2587M2.1
19	43979106	44009087	ENSG00000176531	PHLDB3
3	184880659	184909743	ENSG00000223358	EHHADH-AS1
8	144239331	144242128	ENSG00000176956	LY6H
7	2671585	2704436	ENSG00000136295	TTYH3
2	96307382	96307728	ENSG00000236750	AC009237.16
15	100511794	100882210	ENSG00000140470	ADAMTS17
5	108784050	108784764	ENSG00000248867	CTD-2128F4.1
7	141356528	141401953	ENSG00000257093	KIAA1147
17	61562184	61599209	ENSG00000264813	ACE
X	16857406	16888537	ENSG00000102054	RBBP7
11	45927492	45928012	ENSG00000255498	RP11-618K13.2
2	96331832	96334463	ENSG00000235584	AC008268.1
X	75122940	75124693	ENSG00000226854	RP11-212D3.4
11	46134673	46134769	ENSG00000263539	AC024475.1
11	46138129	46138869	ENSG00000254653	RP11-702F3.1
8	39442008	39587583	ENSG00000168619	ADAM18
X	75249730	75250165	ENSG00000232332	RP3-481A17.1
2	114384806	114400973	ENSG00000144134	RABL2A
5	108803054	108803653	ENSG00000251367	RP11-231G15.2
1	24104895	24114722	ENSG00000057757	PITHD1
11	46164267	46165145	ENSG00000254871	RP11-702F3.2
11	46193498	46198656	ENSG00000255314	RP11-702F3.3
2	96455402	96465914	ENSG00000237510	AC008268.2
10	43881065	43904614	ENSG00000169813	HNRNPF
8	92006024	92053292	ENSG00000155099	TMEM55A
3	42623332	42636606	ENSG00000008324	SS18L2
8	7159133	7212876	ENSG00000215374	FAM66B
14	20791338	20791485	ENSG00000222489	SNORA79
7	76026835	76071388	ENSG00000188372	ZP3
14	20794609	20794685	ENSG00000238344	SNORD126
11	46235372	46237409	ENSG00000255269	RP11-702F3.4
14	20811207	20811844	ENSG00000259001	RPPH1
5	13690440	13944652	ENSG00000039139	DNAH5
11	46259933	46260818	ENSG00000254639	CTD-2589M5.5
11	46277906	46296098	ENSG00000255007	CTD-2589M5.4
11	46397952	46398034	ENSG00000264102	MIR4688
14	65066961	65068362	ENSG00000259010	RP11-973N13.2
X	75443036	75443496	ENSG00000237252	RP11-322A17.1
14	20812392	20815047	ENSG00000254846	RP11-203M5.2
4	169784921	169931426	ENSG00000145439	CBR4
11	46450163	46450700	ENSG00000244313	RP11-425L10.1
22	29999545	30094587	ENSG00000186575	NF2
8	7170368	7177473	ENSG00000206034	DEFB109P1B
14	20883146	20883257	ENSG00000200225	RNA5SP382
17	37820440	37822808	ENSG00000173991	TCAP
5	108806544	108807287	ENSG00000248876	RP11-231G15.3
15	57884139	57977562	ENSG00000263155	MYZAP
14	20906141	20909427	ENSG00000259162	RP11-203M5.6
16	19073821	19079013	ENSG00000261465	RP11-626G11.5
12	64272567	64273254	ENSG00000256571	RP11-274J7.2
5	108833578	108834809	ENSG00000248440	RP11-231G15.1
11	46473355	46473439	ENSG00000265014	MIR3160-1
17	44107282	44302733	ENSG00000120071	KANSL1
11	46774675	46774742	ENSG00000263540	MIR5582
12	64281159	64282378	ENSG00000256399	RP11-274J7.3
5	108924039	108925293	ENSG00000214794	KRT18P42
11	46780316	46780423	ENSG00000252427	SNORD67
11	46783939	46784049	ENSG00000212135	SNORD67
12	64426192	64426445	ENSG00000255780	RP11-1029F8.1
18	23713816	23773319	ENSG00000154611	PSMA8
11	46867963	46895947	ENSG00000247675	LRP4-AS1
5	109021281	109021393	ENSG00000266090	AC012603.1
5	109023503	109024030	ENSG00000271849	CTC-332L22.1
5	109035201	109035535	ENSG00000202512	RN7SKP230
11	47062578	47063496	ENSG00000271350	CTD-2384B9.1
7	149555489	149559581	ENSG00000273419	RP4-751H13.7
2	96472866	96481963	ENSG00000232931	LINC00342
21	37692487	37758446	ENSG00000159256	MORC3
11	47144655	47152352	ENSG00000255520	RP11-390K5.3
16	19077313	19078016	ENSG00000261357	RP11-626G11.1
3	184963248	184964229	ENSG00000229704	EIF2S2P2
7	39605975	39649919	ENSG00000241127	YAE1D1
11	47189832	47191114	ENSG00000270060	RP11-390K5.6
7	149564786	149577699	ENSG00000204934	ATP6V0E2-AS1
16	19098178	19109432	ENSG00000260430	RP11-626G11.4
3	184970998	184971060	ENSG00000264614	MIR5588
5	156768608	156772729	ENSG00000172568	FNDC9
11	47212732	47213093	ENSG00000243802	RP11-390K5.1
3	185135283	185136566	ENSG00000229638	RPL4P4
16	19131298	19132951	ENSG00000261759	RP11-626G11.3
5	109175829	109176393	ENSG00000249068	CTC-287O8.1
11	47227396	47227672	ENSG00000266540	RN7SL772P
3	185160007	185160107	ENSG00000239146	snoU13
4	110481361	110609874	ENSG00000005059	CCDC109B
17	20902910	20947073	ENSG00000124422	USP22
5	109220311	109221124	ENSG00000253224	PGAM5P1
11	47241769	47243302	ENSG00000256897	RP11-17G12.2
17	18561742	18585575	ENSG00000249459	ZNF286B
5	109849530	109849616	ENSG00000221436	MIR548F3
11	47292208	47293661	ENSG00000256746	RP11-17G12.3
2	96670313	96670601	ENSG00000243039	RN7SL210P
5	110020495	110020628	ENSG00000207177	SNORA51
4	140188034	140223705	ENSG00000109390	NDUFC1
17	37824234	37826728	ENSG00000141744	PNMT
2	96676299	96689128	ENSG00000231584	FAHD2CP
11	47404699	47430741	ENSG00000255197	RP11-750H9.5
6	15246527	15522252	ENSG00000008083	JARID2
7	104885099	104885417	ENSG00000213361	RP4-778K6.1
X	120092025	120095337	ENSG00000226023	CT47A6
7	104941969	104942533	ENSG00000244490	RWDD4P1
20	5931298	5975852	ENSG00000125885	MCM8
19	55297807	55301770	ENSG00000264257	KIR3DP1
7	104944724	104947089	ENSG00000242154	RP4-778K6.3
19	55380394	55380500	ENSG00000199308	RNU6-222P
19	19101697	19144832	ENSG00000064607	SUGP2
19	36088809	36092403	ENSG00000224910	AC002115.5
11	66330934	66336312	ENSG00000174080	CTSF
19	55402039	55402786	ENSG00000268734	CTB-61M7.2
7	104973237	104973343	ENSG00000201179	RNU6-1322P
14	20919464	20920077	ENSG00000258515	RP11-203M5.7
19	55463002	55463961	ENSG00000267502	CTC-550B14.8
7	105170656	105171118	ENSG00000223886	RP11-251G23.2
19	36099187	36103568	ENSG00000267626	AC002115.9
20	62526518	62567384	ENSG00000101152	DNAJC5
14	20942948	20945248	ENSG00000258908	RP11-203M5.8
19	55485185	55485785	ENSG00000243494	CTC-550B14.1
19	36155398	36155724	ENSG00000266455	RN7SL765P
7	105211530	105214107	ENSG00000272604	RP11-251G23.5
14	20992446	20993581	ENSG00000258456	PTCD2P1
19	36158850	36164193	ENSG00000226510	UPK1A-AS1
14	20996274	20997118	ENSG00000258863	SETP1
7	105222705	105223703	ENSG00000231167	YBX1P2
19	36174680	36175103	ENSG00000267190	AC002314.4
7	149578448	149578669	ENSG00000273293	RP11-445N20.3
X	120101746	120105058	ENSG00000230594	CT47A4
7	149587828	149588505	ENSG00000273011	RP11-728K20.3
1	50883222	50889172	ENSG00000142700	DMRTA2
11	47407633	47407733	ENSG00000265910	AC090559.2
16	89232791	89235555	ENSG00000205015	RP11-46C24.3
14	21055803	21075296	ENSG00000258573	RP11-14J7.6
11	47422521	47422593	ENSG00000264583	MIR4487
7	105459938	105460547	ENSG00000226624	CTA-351J1.1
11	47461557	47461617	ENSG00000252327	RNU6-1302P
11	47507374	47507465	ENSG00000265467	AC090559.1
7	105765817	105767146	ENSG00000242562	DCAF13P1
16	89281638	89284061	ENSG00000259877	RP11-46C24.7
11	47535157	47536441	ENSG00000270072	RP11-750H9.7
19	55517561	55559454	ENSG00000267265	CTC-550B14.7
16	89293215	89295100	ENSG00000260659	RP11-46C24.6
7	105848613	105848713	ENSG00000201796	RNU6-392P
11	47579088	47579385	ENSG00000265559	RN7SL652P
7	105925926	105926772	ENSG00000273320	RP11-22N19.2
11	47598023	47598140	ENSG00000200376	RNU5E-10P
16	89323587	89333938	ENSG00000260637	RP11-46C24.5
2	26680071	26781566	ENSG00000115155	OTOF
11	47636450	47636546	ENSG00000223187	Y_RNA
16	89363916	89364724	ENSG00000260279	AC137932.5
11	47748446	47748544	ENSG00000200090	Y_RNA
7	105955671	105956189	ENSG00000243438	LARP1BP2
17	16707941	16709021	ENSG00000264729	RP11-219A15.2
17	48585745	48608862	ENSG00000136449	MYCBPAP
11	47749098	47749189	ENSG00000252447	snoU13
19	36208921	36229779	ENSG00000105663	KMT2B
HSCHR6_MHC_QBL	30514170	30521007	ENSG00000206491	PRR3
11	47817721	47817931	ENSG00000271543	RP11-692M12.5
19	55538961	55565296	ENSG00000267149	CTC-550B14.6
17	16715761	16715965	ENSG00000264892	RP11-219A15.3
11	47825848	47825954	ENSG00000252941	RNA5SP340
12	131438452	131626014	ENSG00000111452	GPR133
7	106012697	106410653	ENSG00000243797	CTB-111H14.1
16	89387541	89391518	ENSG00000261253	AC137932.6
11	47841755	47841844	ENSG00000252874	Y_RNA
1	24117460	24122029	ENSG00000011009	LYPLA2
8	144295068	144299044	ENSG00000182851	GPIHBP1
11	47862876	47863234	ENSG00000271557	RP11-692M12.4
6	41514164	41570122	ENSG00000137166	FOXP4
17	16721297	16725893	ENSG00000226145	AC022596.6
11	47926875	47927159	ENSG00000254780	RP11-793I11.1
11	799179	809753	ENSG00000177595	PIDD
11	48035958	48037407	ENSG00000254879	AC103828.1
19	55630618	55631751	ENSG00000267507	CTD-2587H24.1
11	72281704	72284273	ENSG00000227467	RP11-169D4.1
5	110243983	110244412	ENSG00000270779	CTD-2026D23.1
16	89458783	89478972	ENSG00000261574	RP1-168P16.2
19	55670307	55688908	ENSG00000267577	CTD-2587H24.5
11	48118334	48118410	ENSG00000263693	MIR3161
5	110283728	110286479	ENSG00000248966	CTD-2089O24.1
10	46717127	46733073	ENSG00000243289	CTGLF8P
11	48248981	48249862	ENSG00000255514	OR4B2P
16	89486483	89488634	ENSG00000261692	RP1-168P16.1
5	110306650	110344598	ENSG00000248428	CTC-551A13.1
11	72295616	72299023	ENSG00000256633	RP11-169D4.2
16	89509726	89509832	ENSG00000252887	RNU6-430P
19	55678539	55678642	ENSG00000239137	snoU13
16	89525278	89525845	ENSG00000270832	RP1-168P16.3
11	72326107	72326174	ENSG00000272036	MIR139
19	55728028	55732984	ENSG00000267649	CTD-2587H24.10
16	89558425	89570868	ENSG00000261118	RP11-104N10.1
8	92082424	92099323	ENSG00000155100	OTUD6B
11	72332810	72332871	ENSG00000251919	RNU7-105P
11	72354281	72370451	ENSG00000255808	RP11-31L22.3
3	42642106	42690227	ENSG00000114857	NKTR
5	156822542	157002783	ENSG00000135074	ADAM19
HSCHR6_MHC_DBB	29384997	29408664	ENSG00000229412	OR10C1
16	89599924	89599962	ENSG00000252579	RNU7-117P
2	27600098	27603657	ENSG00000163795	ZNF513
11	72396120	72404853	ENSG00000256007	ARAP1-AS1
16	89627842	89627925	ENSG00000200084	SNORD68
2	24425733	24583583	ENSG00000198399	ITSN2
19	55745495	55745564	ENSG00000266462	AC010327.1
11	72411519	72416652	ENSG00000245148	ARAP1-AS2
16	89778264	89784573	ENSG00000261373	VPS9D1-AS1
5	110319262	110320165	ENSG00000251627	CTD-2089O24.2
19	55823397	55823863	ENSG00000268729	CTD-2105E13.14
11	72419231	72419610	ENSG00000244134	RPS12P20
19	55888947	55889493	ENSG00000269275	CTD-2105E13.15
7	143747461	143748473	ENSG00000221836	OR2A5
5	110412619	110427813	ENSG00000253613	CTC-551A13.2
16	89972565	89984641	ENSG00000267048	RP11-566K11.7
10	46737612	46761205	ENSG00000204177	BMS1P1
8	144328991	144344875	ENSG00000181638	ZFP41
19	55911113	55911787	ENSG00000267093	CTD-2105E13.13
16	89985273	89987375	ENSG00000256390	AC092143.1
11	72477049	72477161	ENSG00000202522	Y_RNA
7	143771275	143772288	ENSG00000221933	OR2A25
10	88761393	88769662	ENSG00000261011	RP11-96C23.11
19	55987350	55987849	ENSG00000269859	CTD-2537I9.16
11	72494575	72494637	ENSG00000265064	MIR4692
19	56088136	56088780	ENSG00000267730	CTD-2537I9.5
11	72580589	72580695	ENSG00000206638	RNU6-672P
10	88769542	88775539	ENSG00000229969	RP11-96C23.10
X	75465367	75465473	ENSG00000201826	RNU6-867P
11	72651543	72652157	ENSG00000234751	AP002381.2
7	143792141	143793186	ENSG00000221858	OR2A12
2	30945637	31043408	ENSG00000162949	CAPN13
8	7189909	7191501	ENSG00000230549	USP17L1P
10	88786941	88787234	ENSG00000271573	RP11-96C23.12
17	18601311	18639431	ENSG00000108448	TRIM16L
X	75555240	75556244	ENSG00000213684	LDHBP2
5	110490942	110491850	ENSG00000250728	AC010468.3
19	56173267	56186081	ENSG00000267523	CTD-2537I9.12
10	88800995	88801098	ENSG00000200253	RNU6-529P
11	72887739	72892741	ENSG00000256568	RP11-800A3.3
7	99661656	99680171	ENSG00000166526	ZNF3
10	88873711	88875280	ENSG00000237280	RP11-96C23.9
7	143806607	143807657	ENSG00000221989	OR2A2
11	72926043	72926958	ENSG00000215841	RP11-800A3.2
10	88913843	88914126	ENSG00000266323	RN7SL733P
19	56181998	56183435	ENSG00000267096	CTD-2537I9.13
8	7194637	7196229	ENSG00000236125	USP17L4
11	72950020	72953380	ENSG00000260401	RP11-800A3.4
5	80625824	80689998	ENSG00000172497	ACOT12
19	56196138	56196282	ENSG00000211571	AC010525.2
15	32322691	32464722	ENSG00000175344	CHRNA7
7	143826151	143827162	ENSG00000221938	OR2A14
X	75875410	75875528	ENSG00000223259	RNA5SP508
9	18927656	19033251	ENSG00000155875	FAM154A
11	72959824	72960912	ENSG00000256347	OR8R1P
19	56205484	56205924	ENSG00000267117	AC010525.4
8	7199348	7200464	ENSG00000235778	AC130360.8
19	55682567	55691809	ENSG00000129990	SYT5
12	103941572	103953593	ENSG00000257762	RP11-626I20.3
X	75875899	75876960	ENSG00000235447	RP1-279N11.1
11	73018280	73020406	ENSG00000257038	RP11-800A3.7
19	56207251	56209196	ENSG00000267183	AC010525.6
16	89986235	89989070	ENSG00000259006	RP11-566K11.4
14	65376206	65376498	ENSG00000252497	RPPH1-2P
15	57884231	58074960	ENSG00000255529	POLR2M
7	143880559	143883146	ENSG00000225932	CTAGE4
16	90036199	90038952	ENSG00000261317	RP11-566K11.5
8	7230636	7235022	ENSG00000215371	DEFB108P2
3	50337320	50349812	ENSG00000114378	HYAL1
5	110527924	110528740	ENSG00000214784	AC010468.1
19	56207681	56208795	ENSG00000267018	AC010525.7
12	103985890	103986021	ENSG00000212594	U8
10	88963632	89102369	ENSG00000223482	NUTM2A-AS1
X	76225829	76225926	ENSG00000207995	MIR325
Y	6361017	6364798	ENSG00000235895	AC010154.2
19	56208088	56208594	ENSG00000203305	AC010525.1
14	65470043	65470485	ENSG00000272158	RP11-840I19.5
11	73068180	73068286	ENSG00000266866	AP002761.1
1	50905150	51425935	ENSG00000185104	FAF1
8	7276513	7278068	ENSG00000255128	HSPD1P3
14	65481433	65481532	ENSG00000264620	AL139022.1
2	198318147	198340032	ENSG00000115520	COQ10B
19	56217344	56217538	ENSG00000267689	AC010525.5
11	73106604	73107481	ENSG00000256928	RP11-809N8.2
14	65511406	65511487	ENSG00000266531	MIR4706
7	143883176	143991230	ENSG00000213214	ARHGEF35
19	56218707	56219330	ENSG00000268593	CTD-2611O12.6
11	73116342	73121727	ENSG00000256448	RP11-809N8.4
X	76287130	76287248	ENSG00000201447	RNA5SP509
12	104048558	104051773	ENSG00000257737	RP11-341G23.2
15	100940600	101085200	ENSG00000154227	CERS3
X	76594675	76601782	ENSG00000234404	BX682235.1
12	104062353	104063184	ENSG00000257766	RP11-341G23.3
1	206643791	206670223	ENSG00000143466	IKBKE
11	73163065	73163389	ENSG00000255786	RP11-809N8.6
2	96811341	96812751	ENSG00000228873	AC012307.2
Y	6388504	6388970	ENSG00000232620	TSPY17P
19	56220176	56220486	ENSG00000267865	CTD-2611O12.8
4	110609785	110624739	ENSG00000138794	CASP6
3	12938719	13114617	ENSG00000144711	IQSEC1
11	73221703	73221865	ENSG00000256148	RP11-809N8.5
19	56220529	56220899	ENSG00000269574	CTD-2611O12.7
5	110601507	110605787	ENSG00000249318	AC010468.2
X	120106606	120109918	ENSG00000236126	CT47A3
6	24357131	24358512	ENSG00000146049	KAAG1
19	56248651	56248966	ENSG00000222524	RN7SKP109
7	143929004	143929936	ENSG00000212807	OR2A42
8	7315478	7315572	ENSG00000216194	AC130360.1
11	73291298	73291562	ENSG00000231726	HMGN2P38
12	64432342	64491398	ENSG00000255886	RP11-196H14.2
2	96874154	96908359	ENSG00000204685	STARD7-AS1
12	104114720	104114822	ENSG00000238914	snoU13
19	56288919	56290266	ENSG00000255238	RFPL4AP1
16	49551673	49552512	ENSG00000260089	ADAM3B
8	7406575	7409584	ENSG00000248944	FAM90A6P
4	170015407	170192256	ENSG00000154447	SH3RF1
Y	6587003	6587221	ENSG00000224953	SRIP3
11	73351524	73352082	ENSG00000270323	AP000860.2
19	56578050	56590167	ENSG00000267522	CTD-2621I17.6
12	64502543	64514269	ENSG00000255817	RP11-196H14.4
9	19049372	19051019	ENSG00000155876	RRAGA
7	143955700	143956815	ENSG00000243896	OR2A7
11	73375560	73375642	ENSG00000252732	Y_RNA
16	49713131	49713212	ENSG00000221134	AC007339.1
8	7414222	7417234	ENSG00000236660	FAM90A7P
12	64540168	64541637	ENSG00000255629	RP11-196H14.3
11	73433394	73433739	ENSG00000255928	RP11-456I15.2
16	49741917	49742154	ENSG00000260024	MRPS21P7
19	56616785	56616879	ENSG00000223060	Y_RNA
12	104140093	104162636	ENSG00000257681	RP11-341G23.4
16	49798365	49798599	ENSG00000259978	MRPS21P8
12	64598573	64598679	ENSG00000212298	RNU6-1009P
19	56728537	56729146	ENSG00000242411	CTD-2086L14.1
11	73471608	73472115	ENSG00000256034	RP11-707G14.1
16	49850596	49850695	ENSG00000265708	AC027348.1
19	8387468	8408146	ENSG00000186994	KANK3
19	56823297	56823855	ENSG00000267298	AC006116.19
17	61507829	61509572	ENSG00000265282	RP11-269G24.4
7	143963794	143966381	ENSG00000244693	CTAGE8
11	73543427	73543735	ENSG00000199975	RN7SKP243
3	8543393	8609805	ENSG00000071282	LMCD1
16	49954641	49958065	ENSG00000261751	RP11-305A4.3
12	64616117	64790845	ENSG00000243024	RPS11P6
X	50653784	50659607	ENSG00000130385	BMP15
11	73561514	73562256	ENSG00000256681	CCDC58P5
17	61532354	61533178	ENSG00000265971	RP11-269G24.6
19	56826072	56852656	ENSG00000267549	AC006116.17
11	73632710	73633241	ENSG00000256898	RP11-707G14.8
3	35913358	35913690	ENSG00000226489	AC104308.2
17	61548965	61549456	ENSG00000228979	CTD-2501B8.5
16	49968939	49969263	ENSG00000244551	RPL34P29
3	78164309	78164606	ENSG00000243957	RN7SL647P
11	73639578	73641417	ENSG00000256360	RP11-707G14.7
X	76983344	76983557	ENSG00000237106	FABP5P15
3	78210849	78211143	ENSG00000222574	RN7SKP61
11	73674702	73681332	ENSG00000255847	RP11-167N4.2
HG7_PATCH	141618617	141619709	ENSG00000261301	OR9A4
16	50080340	50100135	ENSG00000259843	RP11-429P3.3
16	90038994	90068569	ENSG00000223959	AFG3L1P
3	78316090	78343881	ENSG00000240241	RP11-314M24.1
17	61584417	61597167	ENSG00000224353	ACE3P
X	77092786	77092892	ENSG00000200906	RNU6-854P
X	77140874	77141127	ENSG00000263410	RN7SL460P
X	51075083	51080377	ENSG00000122824	NUDT10
X	77166238	77220387	ENSG00000248503	RP5-1000K24.2
16	819428	833370	ENSG00000162006	MSLNL
19	56827893	56828005	ENSG00000200646	Y_RNA
17	26782770	26941215	ENSG00000258472	RP11-192H23.4
3	78574251	78574635	ENSG00000239226	MRPS17P3
19	56828546	56829377	ENSG00000213014	VN2R17P
5	110613215	110638265	ENSG00000248268	CTC-499J9.1
20	62571186	62587769	ENSG00000198276	UCKL1
3	36211259	36211940	ENSG00000236158	RFC3P1
17	36337711	36358166	ENSG00000197681	TBC1D3
19	56831159	56833679	ENSG00000266907	AC006116.22
5	110847924	111075423	ENSG00000246859	STARD4-AS1
19	56849657	56850017	ENSG00000267145	AC006116.14
8	7421320	7440175	ENSG00000234749	FAM90A21P
HG79_PATCH	136223749	136226961	ENSG00000260501	RPL7A
19	56853801	56854788	ENSG00000266932	AC006116.13
X	16964814	17171395	ENSG00000169891	REPS2
19	56858450	56859552	ENSG00000267429	AC006116.15
3	78808124	78808524	ENSG00000240752	RP11-588D3.1
10	126436718	126480439	ENSG00000203791	METTL10
19	56865862	56879422	ENSG00000267606	AC006116.21
HSCHR6_MHC_DBB	29393220	29424782	ENSG00000234347	OR11A1
19	47906381	47922780	ENSG00000105419	MEIS3
3	78987155	78987442	ENSG00000240964	RN7SL751P
13	35516424	36247159	ENSG00000172915	NBEA
3	79557037	79557119	ENSG00000265193	MIR3923
17	40713485	40718295	ENSG00000068120	COASY
3	79633742	79633834	ENSG00000216116	AC117479.1
2	96973001	96987469	ENSG00000230747	AC021188.4
9	130965658	131017527	ENSG00000106976	DNM1
3	80006716	80007292	ENSG00000243877	HMGB1P38
10	81838402	81852313	ENSG00000133678	TMEM254
17	73717408	73753899	ENSG00000132470	ITGB4
19	36237958	36244316	ENSG00000267439	AC002398.11
HG7_PATCH	141627157	141646807	ENSG00000261180	CLEC5A
10	46742028	46742143	ENSG00000238405	RNA5SP311
5	110891593	110891678	ENSG00000221310	AC008967.1
3	80212477	80213945	ENSG00000271389	OSBPL9P1
10	46772794	46778894	ENSG00000227194	GLUD1P7
19	36245467	36246391	ENSG00000267328	AC002398.12
10	25270908	25305089	ENSG00000151023	ENKUR
5	36152091	36184421	ENSG00000145604	SKP2
19	36260046	36261930	ENSG00000267049	AC002398.13
1	44435672	44439041	ENSG00000132768	DPH2
11	66357640	66360554	ENSG00000182791	CCDC87
3	80265411	80266384	ENSG00000239699	HNRNPA3P8
8	144329280	144358573	ENSG00000264668	ZFP41
21	37757676	37791313	ENSG00000159259	CHAF1B
9	19053141	19103117	ENSG00000147874	HAUS6
19	36279778	36288787	ENSG00000225872	AC002398.5
3	80491231	80491455	ENSG00000242586	RP11-481N16.1
3	132276986	132441303	ENSG00000113971	NPHP3
X	77421193	77427919	ENSG00000223592	FNDC3CP
3	80810193	80838114	ENSG00000242828	RP11-47P18.1
X	51149767	51151687	ENSG00000187690	CXorf67
11	2150342	2170833	ENSG00000167244	IGF2
6	24403153	24425810	ENSG00000124532	MRS2
X	77775090	77775683	ENSG00000224755	HMGN1P34
7	136912088	137028611	ENSG00000105894	PTN
3	80814048	80838505	ENSG00000242781	RP11-47P18.2
HG7_PATCH	141672431	141673573	ENSG00000260696	TAS2R38
19	56879468	56891197	ENSG00000240225	ZNF542
7	144015218	144016150	ENSG00000221970	OR2A1
2	97163383	97173846	ENSG00000163121	NEURL3
3	81043019	81144798	ENSG00000243694	RP11-6B4.1
19	36372792	36373053	ENSG00000243968	RN7SL402P
X	77809909	77810248	ENSG00000235061	UBE2V1P7
19	36438017	36450094	ENSG00000267786	AF038458.3
X	51232863	51239448	ENSG00000196368	NUDT11
X	77954881	77955388	ENSG00000271433	PPATP2
3	81257344	81258065	ENSG00000242145	RP11-520D19.1
16	68055179	68057770	ENSG00000182810	DDX28
19	36448023	36448284	ENSG00000267113	AF038458.4
8	7429517	7432528	ENSG00000215365	FAM90A22P
19	36451414	36454965	ENSG00000267388	AF038458.5
3	81295730	81346496	ENSG00000241593	RP11-520D19.2
19	36499540	36505137	ENSG00000248101	AC002116.8
5	112162910	112203279	ENSG00000258864	CTC-554D6.1
4	24791534	24802464	ENSG00000109610	SOD3
22	19318221	19435224	ENSG00000100084	HIRA
11	66360292	66373490	ENSG00000173992	CCS
8	144349603	144359101	ENSG00000250571	GLI4
HSCHR6_MHC_DBB	29424892	29432039	ENSG00000232984	OR2H1
X	78018723	78019396	ENSG00000227645	RPL7P54
4	74296855	74321891	ENSG00000081051	AFP
3	81416141	81417172	ENSG00000244281	RP11-564P9.1
3	81558627	81558815	ENSG00000222389	RNU2-28P
17	61650603	61650706	ENSG00000200560	RNU6-288P
8	7437166	7440175	ENSG00000241737	FAM90A23P
19	36505410	36536874	ENSG00000267698	AC002116.7
3	81661389	81661956	ENSG00000241319	SETP6
17	61688132	61688544	ENSG00000270587	RP11-51F16.9
HSCHR6_MHC_COX	33082997	33090260	ENSG00000227322	RXRB
17	61713961	61714473	ENSG00000263883	RP11-51F16.5
3	81661941	81662223	ENSG00000240404	RP11-142L1.3
3	81811857	81813907	ENSG00000242190	RP11-142L1.1
19	36634983	36639250	ENSG00000270760	AD001527.7
16	834974	838397	ENSG00000007376	RPUSD1
19	36664308	36664755	ENSG00000267005	AC002984.2
3	81889698	81972012	ENSG00000242009	RP11-359D24.1
19	36680096	36680380	ENSG00000264276	RN7SL287P
3	36657498	36678949	ENSG00000231382	NBPF21P
19	36694249	36694361	ENSG00000200179	Y_RNA
14	21084803	21085150	ENSG00000239327	RP11-14J7.1
3	185324363	185324661	ENSG00000236489	RP11-537I16.2
14	21147570	21147671	ENSG00000199461	Y_RNA
19	36795482	36803570	ENSG00000267053	CTD-3162L10.1
3	185485635	185485692	ENSG00000265470	MIR548AQ
3	82035289	82512826	ENSG00000239440	RP11-260O18.1
6	33267471	33282164	ENSG00000231925	TAPBP
14	20973696	20979328	ENSG00000182545	RNASE10
X	78340433	78341345	ENSG00000232168	RP11-180D15.1
7	144052381	144077725	ENSG00000050327	ARHGEF5
6	46620678	46645930	ENSG00000153291	SLC25A27
5	110907799	110907936	ENSG00000249619	HMGN1P13
2	73455134	73460366	ENSG00000135617	PRADC1
X	78432697	78433165	ENSG00000271005	RP11-159L8.2
6	41604620	41621984	ENSG00000112559	MDFI
10	46773447	46775206	ENSG00000215097	DUSP8P3
X	78578943	78580714	ENSG00000225025	KIF4CP
14	77801364	77843452	ENSG00000100580	TMED8
11	110300607	110335605	ENSG00000137714	FDX1
12	54849734	54867386	ENSG00000170627	GTSF1
10	46790404	46791522	ENSG00000228745	CTSLP5
10	28966271	28971868	ENSG00000095739	BAMBI
19	36803969	36822620	ENSG00000232677	LINC00665
5	110907933	110908095	ENSG00000251099	CTD-2367A17.1
HG7_PATCH	141811549	141921088	ENSG00000261791	RP11-1220K2.2
11	59968726	60010561	ENSG00000214787	MS4A4E
5	111055466	111055758	ENSG00000253057	RN7SKP57
8	7449528	7450438	ENSG00000233176	OR7E157P
5	111181747	111182263	ENSG00000249439	HMGN1P14
8	7458526	7458789	ENSG00000254796	RP11-1118M6.2
15	101099574	101143435	ENSG00000140471	LINS
10	46797868	46809021	ENSG00000230761	RP11-342C24.8
4	24807739	24981826	ENSG00000181982	CCDC149
19	8428173	8439257	ENSG00000167772	ANGPTL4
6	31707725	31732622	ENSG00000204410	MSH5
HSCHR6_MHC_QBL	30528662	30554466	ENSG00000206490	ABCF1
5	111248205	111353006	ENSG00000250095	NREP-AS1
12	64622340	64622455	ENSG00000251788	RNU5A-7P
2	181831975	181941312	ENSG00000170035	UBE2E3
1	206664449	206671061	ENSG00000162888	C1orf147
8	144371846	144380231	ENSG00000185730	ZNF696
19	36821351	36821449	ENSG00000222730	AC092296.1
19	36868930	36869734	ENSG00000266973	CTD-3162L10.3
Y	19989290	19992100	ENSG00000129873	CDY2B
X	51486481	51489324	ENSG00000189369	GSPT2
14	21024252	21029090	ENSG00000188655	RNASE9
11	64883875	64885170	ENSG00000174276	ZNHIT2
19	36870253	36871814	ENSG00000267363	CTD-3162L10.4
3	8661086	8786726	ENSG00000125046	SSUH2
19	36912438	36913436	ENSG00000267142	CTD-3162L10.5
14	77843032	77857840	ENSG00000100583	SAMD15
19	36980551	36981942	ENSG00000267309	CTD-2630F21.1
6	52535907	52551386	ENSG00000096092	TMEM14A
6	105404923	105531207	ENSG00000187772	LIN28B
14	64550950	64804830	ENSG00000140009	ESR2
19	36987818	36989061	ENSG00000267091	CTBP2P7
12	64660193	64660546	ENSG00000256192	RP11-290I21.2
2	97193677	97198043	ENSG00000235480	RP11-363D14.1
3	185677732	185698658	ENSG00000171658	RP11-443P15.2
19	37019220	37026137	ENSG00000228629	AC092295.4
18	23805900	23971649	ENSG00000141384	TAF4B
12	88373816	88427814	ENSG00000165805	C12orf50
7	39663082	39747723	ENSG00000006451	RALA
1	51426417	51440305	ENSG00000123080	CDKN2C
11	73702328	73703225	ENSG00000256189	RP11-167N4.5
2	110371911	110376563	ENSG00000198142	SOWAHC
19	37063972	37085610	ENSG00000233527	AC092295.7
1	1006346	1009687	ENSG00000237330	RNF223
1	206680879	206762616	ENSG00000136653	RASSF5
11	73706017	73707196	ENSG00000256723	RP11-167N4.4
14	21161639	21175279	ENSG00000258451	RP11-903H12.3
19	44010871	44031396	ENSG00000105755	ETHE1
11	73853196	73853403	ENSG00000256098	RP11-691F15.1
12	64731958	64732577	ENSG00000256293	RP11-114F3.2
11	73909793	73909899	ENSG00000200649	RNA5SP343
11	73963459	73963597	ENSG00000206913	SNORA7
14	21188901	21191286	ENSG00000259144	RANBP20P
5	112196885	112228776	ENSG00000272869	CTC-487M23.8
2	198351305	198381461	ENSG00000144381	HSPD1
11	74022407	74035750	ENSG00000246211	RP11-632K5.3
19	37119695	37121092	ENSG00000266935	CTD-3234P18.2
7	150725510	150744869	ENSG00000197150	ABCB8
14	77860364	77889860	ENSG00000165555	NOXRED1
11	64888100	64889945	ENSG00000149806	FAU
15	66585555	66626236	ENSG00000166938	DIS3L
4	140222609	140341187	ENSG00000164134	NAA15
HG7_PATCH	141951963	141957878	ENSG00000260736	PRSS58
12	33141697	33146688	ENSG00000257435	RP11-267D19.1
21	37832919	37948867	ENSG00000159261	CLDN14
4	110631145	110651233	ENSG00000123739	PLA2G12A
5	111496223	111499973	ENSG00000224032	EPB41L4A-AS1
3	136560568	136580896	ENSG00000239213	RP11-85F14.5
12	33194659	33194755	ENSG00000238911	AC026357.1
16	19316203	19322269	ENSG00000188477	AC003003.5
12	33515518	33515590	ENSG00000251863	SNORD112
12	33557810	33558831	ENSG00000259937	RP11-438D14.2
11	74065488	74066765	ENSG00000212961	HNRNPA1P40
16	19326486	19327848	ENSG00000259871	CTA-363E6.1
12	33565465	33565546	ENSG00000265029	AC023158.1
16	19354969	19413015	ENSG00000259925	CTA-363E6.2
11	74108594	74196787	ENSG00000254631	RP11-702H23.4
3	82368323	82369430	ENSG00000241367	RPL7AP23
6	105544697	105585049	ENSG00000112276	BVES
16	19422051	19422984	ENSG00000260681	CTA-363E6.5
11	74110282	74110378	ENSG00000264402	MIR548AL
6	52614897	52628367	ENSG00000244067	GSTA2
19	55692616	55720874	ENSG00000080031	PTPRH
12	120031264	120079363	ENSG00000224982	TMEM233
11	74120105	74127424	ENSG00000255440	RP11-632K5.2
HG7_PATCH	142000747	142001255	ENSG00000260309	TRBV2
10	134210672	134231367	ENSG00000171813	PWWP2B
16	19488238	19499221	ENSG00000260592	CTA-363E6.6
11	74166393	74167870	ENSG00000254928	RP11-702H23.6
2	63348518	64054977	ENSG00000143951	WDPCP
16	19509932	19510069	ENSG00000222750	RNU4-46P
HG7_PATCH	142008365	142008871	ENSG00000260222	TRBV3-1
3	136617918	136618918	ENSG00000214283	RP11-85F14.1
16	19513011	19513608	ENSG00000260934	CTA-363E6.7
11	74193295	74193587	ENSG00000255444	CYCSP27
3	136677967	136701038	ENSG00000249407	IL20RB-AS1
11	74196625	74197096	ENSG00000254974	RP11-702H23.2
16	19717673	19726705	ENSG00000261312	AC002550.5
2	103035149	103069025	ENSG00000115607	IL18RAP
3	137236976	137237097	ENSG00000201325	RNA5SP142
11	74204411	74209578	ENSG00000254837	AP001372.2
X	17393543	17754114	ENSG00000188158	NHS
1	51567906	51613752	ENSG00000204006	C1orf185
16	19772494	19777421	ENSG00000261195	CTD-2380F24.1
21	37858165	37860058	ENSG00000267976	AP000695.1
3	82855666	82857172	ENSG00000241095	CYP51A1P1
11	74363681	74363956	ENSG00000254500	RANP3
11	74396269	74396550	ENSG00000223202	RN7SKP297
3	83986196	83987387	ENSG00000242195	SRRM1P2
17	47572655	47592379	ENSG00000064300	NGFR
7	2719156	2815134	ENSG00000174945	AMZ1
11	74409389	74409869	ENSG00000185162	AP001324.1
16	19830826	19830950	ENSG00000261939	CTC-496I23.1
10	43932282	43991517	ENSG00000243660	ZNF487
11	74427732	74427794	ENSG00000212277	SNORD43
16	19901823	19901919	ENSG00000265524	AC134300.1
16	50080407	50081709	ENSG00000261835	RP11-429P3.2
2	110550335	110615272	ENSG00000015568	RGPD5
11	74431313	74431382	ENSG00000265902	MIR4696
2	96931870	96939087	ENSG00000144021	CIAO1
16	20220247	20220847	ENSG00000263253	RP11-204E4.3
2	189598882	189654831	ENSG00000174325	DIRC1
11	74449523	74449841	ENSG00000241097	RP11-864N7.1
16	20250294	20250569	ENSG00000227624	SNRPEP3
11	64126620	64139687	ENSG00000162302	RPS6KA4
19	56888073	56888653	ENSG00000267776	AC006116.24
19	44029649	44040282	ENSG00000176472	ZNF575
11	74456761	74457159	ENSG00000227615	RP11-864N7.2
16	20397279	20402486	ENSG00000263237	RP11-429K17.1
16	50092061	50093142	ENSG00000260298	RP11-429P3.4
19	56888406	56889161	ENSG00000267459	AC006116.27
12	127802254	127804531	ENSG00000256496	RP11-955H22.4
HG414_PATCH	76813883	76814375	ENSG00000261941	OMP
19	56897595	56898059	ENSG00000267781	SLC25A36P1
1	51701943	51739127	ENSG00000123091	RNF11
16	20451588	20458322	ENSG00000262995	CTD-2194A8.2
17	8023908	8027410	ENSG00000179111	HES7
7	39989636	40136733	ENSG00000065883	CDK13
19	56898781	56899793	ENSG00000267192	AC006116.12
11	74464519	74464629	ENSG00000264095	AP000560.1
7	137065783	137531838	ENSG00000157680	DGKI
3	84339263	84339404	ENSG00000221380	AC108696.1
HG414_PATCH	76835714	76837198	ENSG00000262925	RP11-689N19.6
11	74556955	74557251	ENSG00000242999	RN7SL239P
5	132083137	132089856	ENSG00000205089	CCNI2
3	84545727	84545814	ENSG00000266652	AC107025.1
7	106211393	106239354	ENSG00000267052	CTB-30L5.1
16	50132175	50132269	ENSG00000202124	RNY4P3
21	38071433	38122218	ENSG00000159263	SIM2
11	74587331	74631067	ENSG00000241170	RP11-147I3.1
16	50134250	50155854	ENSG00000260381	RP11-429P3.5
7	106300345	106301342	ENSG00000177820	AC004917.1
11	110447766	110583912	ENSG00000137727	ARHGAP20
16	20592210	20598006	ENSG00000260201	RP11-143N13.2
3	84687557	84930830	ENSG00000242641	LINC00971
19	56905025	56910541	ENSG00000267454	ZNF582-AS1
14	101280828	101280911	ENSG00000266461	MIR2392
16	50185191	50185488	ENSG00000260031	RPL10P14
14	101300769	101327363	ENSG00000258663	RP11-123M6.2
18	54264439	54318831	ENSG00000091164	TXNL1
7	106415457	106436010	ENSG00000228742	RP5-884M6.1
7	99686577	99689823	ENSG00000168090	COPS6
11	118914899	118916205	ENSG00000255114	RP11-110I1.6
16	20597872	20618429	ENSG00000260762	RP11-143N13.1
16	50185553	50185642	ENSG00000252526	SNORA70
11	118935974	118936388	ENSG00000271751	RP11-110I1.14
16	50386100	50386203	ENSG00000238544	snoU13
11	118938085	118938409	ENSG00000272186	RP11-110I1.13
11	74657026	74657123	ENSG00000265344	AP001992.1
16	50402491	50405391	ENSG00000261393	RP11-21B23.1
11	74679234	74679337	ENSG00000200152	RNU6-216P
7	106422046	106422161	ENSG00000251978	RNA5SP236
16	50424827	50429044	ENSG00000261092	RP11-21B23.2
11	74782193	74783097	ENSG00000234611	OR2AT2P
7	106717671	106774178	ENSG00000243193	CTA-360L10.1
16	50441612	50442424	ENSG00000260573	RP11-21B23.3
7	149588280	149606793	ENSG00000224016	RP11-728K20.1
10	91190051	91316398	ENSG00000152779	SLC16A12
3	137254414	137254984	ENSG00000243886	RP11-575C1.1
11	74790310	74791176	ENSG00000213333	NPM1P50
16	50532072	50532141	ENSG00000252077	SNORD112
19	8454865	8469318	ENSG00000185236	RAB11B
3	137442616	137443385	ENSG00000242070	NPM1P17
HSCHR6_MHC_APD	29963516	29969520	ENSG00000235443	ZNRD1
16	50585735	50587851	ENSG00000260029	RP11-401P9.1
10	89102493	89117639	ENSG00000224914	LINC00863
7	149697841	149702213	ENSG00000260555	RP11-728K20.2
19	56907685	56907770	ENSG00000266631	AC006116.1
11	74810217	74851193	ENSG00000255395	CTD-2562J17.2
15	101142739	101191910	ENSG00000183475	ASB7
16	68118654	68263162	ENSG00000072736	NFATC3
16	50639987	50647595	ENSG00000205414	RP11-401P9.6
17	61917343	61917644	ENSG00000264756	RN7SL805P
11	74842183	74842925	ENSG00000254475	OR2AT1P
3	137490791	137499720	ENSG00000239513	RP11-2A4.3
16	20754985	20777942	ENSG00000260510	AC004381.7
8	92114060	92231464	ENSG00000214954	LRRC69
3	113666748	113684248	ENSG00000184307	ZDHHC23
19	56988619	57012035	ENSG00000166770	ZNF667-AS1
16	50679720	50683160	ENSG00000261685	RP11-401P9.4
16	20795831	20795937	ENSG00000200893	RNU6-944P
11	118938403	118952688	ENSG00000160695	VPS11
16	21132079	21141429	ENSG00000263331	CTC-508F8.1
11	74919099	74952218	ENSG00000255136	CTD-2562J17.4
17	61926652	61941739	ENSG00000240280	TCAM1P
16	21206168	21217298	ENSG00000262983	AF001550.7
2	228844666	229046361	ENSG00000153820	SPHKAP
16	50700122	50705550	ENSG00000260249	RP11-401P9.5
12	112451120	112461255	ENSG00000089248	ERP29
6	160542821	160579750	ENSG00000175003	SLC22A1
2	27604061	27632554	ENSG00000115241	PPM1G
20	62585007	62585495	ENSG00000267848	AL118506.1
2	189839046	189877472	ENSG00000168542	COL3A1
16	21312170	21329912	ENSG00000189149	CRYM-AS1
16	50746755	50747500	ENSG00000270120	RP11-327F22.6
1	1017198	1051741	ENSG00000131591	C1orf159
1	206744620	206785904	ENSG00000143486	EIF2D
12	33607280	33608387	ENSG00000256070	RP11-56H16.1
16	50769624	50774627	ENSG00000261644	RP11-327F22.2
15	32684983	32695396	ENSG00000249931	GOLGA8K
17	26800311	26824799	ENSG00000007216	SLC13A2
12	127805900	127806074	ENSG00000253089	RNU1-104P
12	33729030	33729135	ENSG00000212475	RNU6-400P
15	58245622	58790065	ENSG00000128918	ALDH1A2
12	127808700	127824617	ENSG00000256362	RP11-955H22.3
12	33870788	33871152	ENSG00000270807	RP13-359K18.1
Y	6705748	6706293	ENSG00000233634	GOT2P5
12	34076309	34076415	ENSG00000207026	RNU6-472P
Y	23567656	23567881	ENSG00000236615	AC010086.5
16	50774821	50776726	ENSG00000260929	RP11-327F22.1
12	34135400	34135501	ENSG00000201624	Y_RNA
12	34175216	34199352	ENSG00000245482	RP11-847H18.2
16	838046	850737	ENSG00000127586	CHTF18
19	44047192	44084625	ENSG00000073050	XRCC1
16	50776216	50776288	ENSG00000264947	hsa-mir-3181
X	51546103	51645453	ENSG00000179222	MAGED1
16	21358460	21363459	ENSG00000257403	CTD-2547E10.3
12	34180203	34180297	ENSG00000264446	AC046130.1
10	46897592	46939143	ENSG00000165874	FAM35BP
16	50817770	50837249	ENSG00000260616	RP11-327F22.4
17	16733313	16736147	ENSG00000227300	KRT16P2
17	61963211	61963411	ENSG00000259533	RP11-630H24.3
12	34190373	34209675	ENSG00000256538	RP11-847H18.3
HSCHR6_MHC_DBB	33010288	33026494	ENSG00000229685	HLA-DPA1
17	37827375	37853050	ENSG00000161395	PGAP3
17	61978003	61978239	ENSG00000259333	RP11-630H24.4
12	104213388	104215863	ENSG00000257754	RP11-650K20.2
20	62588055	62680113	ENSG00000196700	ZNF512B
12	34302774	34315173	ENSG00000255628	RP11-313F23.3
17	62050280	62066782	ENSG00000263489	CTC-264K15.6
16	50840579	50841540	ENSG00000261703	RP11-327F22.5
12	34315397	34315903	ENSG00000256986	RP11-313F23.2
16	21391313	21403412	ENSG00000158482	SNX29P1
Y	6768794	6769413	ENSG00000237701	ATP5JP1
X	77154935	77162870	ENSG00000131174	COX7B
16	50890525	50913189	ENSG00000260042	CTD-2034I21.1
12	34317708	34319889	ENSG00000250788	TUBB8P4
16	50903366	50903486	ENSG00000199771	RNA5SP426
X	17755588	17773105	ENSG00000047634	SCML1
16	50914120	50918012	ENSG00000263082	CTD-2034I21.2
HSCHR6_MHC_DBB	29454408	29455672	ENSG00000228515	MAS1L
17	73257755	73262454	ENSG00000125445	MRPS7
16	50918120	50934962	ENSG00000261241	RP11-883G14.1
HG1032_PATCH	190861943	190884359	ENSG00000260380	FRG1
1	44440159	44443967	ENSG00000117410	ATP6V0B
12	34343972	34371788	ENSG00000255652	RP11-313F23.4
10	46900386	46900669	ENSG00000264977	RN7SL248P
3	13357737	13461809	ENSG00000132182	NUP210
19	47931274	47975425	ENSG00000118160	SLC8A2
10	46914145	46917230	ENSG00000272430	RP11-38L15.8
12	34358634	34358752	ENSG00000272435	5S_rRNA
12	34361350	34362610	ENSG00000258794	RP11-313F23.5
10	46914151	46914706	ENSG00000229927	RHEBP1
12	104237527	104323989	ENSG00000214198	RP11-642P15.1
X	120111460	120119642	ENSG00000236371	CT47A1
12	34402416	34402893	ENSG00000256614	RP13-7D7.1
17	16744057	16749197	ENSG00000131885	KRT17P1
16	51051669	51069688	ENSG00000261637	RP11-883G14.2
12	37935814	37936188	ENSG00000257794	RP11-125N22.4
10	46937463	46951699	ENSG00000229227	RP11-38L15.2
12	37938087	37938386	ENSG00000257899	RP11-125N22.3
16	21458004	21531765	ENSG00000180747	CTD-2547E10.2
HG1032_PATCH	190945506	190948412	ENSG00000259808	FRG2
12	37938409	37938600	ENSG00000257933	RP11-125N22.1
6	36973422	36996846	ENSG00000146192	FGD2
16	51069029	51072675	ENSG00000260605	RP11-883G14.3
2	203739505	203879521	ENSG00000138442	WDR12
2	103089762	103150431	ENSG00000180251	SLC9A4
11	2153768	2182439	ENSG00000129965	INS-IGF2
17	61600695	61626338	ENSG00000173826	KCNH6
2	71291474	71306935	ENSG00000124357	NAGK
X	120111466	120114778	ENSG00000242362	CT47A2
14	65548752	65560930	ENSG00000259118	RP11-840I19.3
21	38123189	38362536	ENSG00000159267	HLCS
Y	6968774	6974543	ENSG00000232583	GPR143P
HG1032_PATCH	190992387	190993946	ENSG00000260155	DUX4L7
11	60048014	60076445	ENSG00000110079	MS4A4A
17	16750949	16756091	ENSG00000205312	AC022596.2
5	132086509	132142933	ENSG00000164402	SEPT8
HG1032_PATCH	190995680	190997180	ENSG00000261755	DUX4L6
12	127828803	127828947	ENSG00000256502	RP11-955H22.2
Y	7142013	7249589	ENSG00000099725	PRKY
11	64889252	64902004	ENSG00000162298	SYVN1
HG1032_PATCH	190998973	191000255	ENSG00000260376	DUX4L5
22	30116073	30127828	ENSG00000100314	CABP7
Y	23592583	23599131	ENSG00000237269	RBMY2TP
20	62605466	62611361	ENSG00000130590	SAMD10
X	77166194	77305892	ENSG00000165240	ATP7A
15	101417919	101456831	ENSG00000184254	ALDH1A3
2	97308474	97370624	ENSG00000249715	FER1L5
5	141323150	141349304	ENSG00000113555	PCDH12
6	105606155	105627870	ENSG00000132429	POPDC3
HG1032_PATCH	191002273	191003549	ENSG00000260665	DUX4L4
7	141408153	141431071	ENSG00000214102	WEE2
HSCHR6_MHC_APD	29971320	29974944	ENSG00000233314	PPP1R11
HG1032_PATCH	191005567	191007067	ENSG00000261784	DUX4L7
7	76090993	76135312	ENSG00000091073	DTX2
12	128082713	128084260	ENSG00000255945	RP11-351O2.1
18	24034874	24237365	ENSG00000134504	KCTD1
12	128103881	128103992	ENSG00000199584	Y_RNA
10	29135337	29170827	ENSG00000204365	C10orf126
Y	23627270	23629049	ENSG00000235719	AC010141.1
16	51088639	51090310	ENSG00000260620	RP11-883G14.4
HG1032_PATCH	191008860	191010142	ENSG00000260129	DUX4L3
16	51141482	51141932	ENSG00000261282	SOD1P2
7	66772592	66773343	ENSG00000228019	RP11-166O4.4
22	30126945	30163000	ENSG00000100319	ZMAT5
12	128108698	128110812	ENSG00000257035	RP11-351O2.2
12	37969251	37970186	ENSG00000258368	RP11-125N22.2
HG1032_PATCH	191012160	191013719	ENSG00000261201	DUX4L2
3	84740832	84741742	ENSG00000241776	RP11-651J20.1
16	51183150	51183730	ENSG00000261238	AC009166.5
16	51277965	51278034	ENSG00000261047	AC137527.2
Y	23630044	23632569	ENSG00000169849	TSPY14P
14	65591070	65591260	ENSG00000222985	RNU2-14P
16	51311763	51313023	ENSG00000260818	UNGP1
6	160592093	160698670	ENSG00000112499	SLC22A2
14	65679611	65689065	ENSG00000255002	CTD-2509G16.2
7	106833004	106833745	ENSG00000272072	CTA-363E19.2
17	8043790	8059824	ENSG00000179094	PER1
9	19108373	19149288	ENSG00000147872	PLIN2
16	29911696	29931185	ENSG00000174939	ASPHD1
3	84934087	84942530	ENSG00000242339	RP11-735B13.2
7	106935330	106935396	ENSG00000221356	AC004492.1
12	128115793	128121012	ENSG00000256022	RP11-526P6.1
7	107090528	107090807	ENSG00000228341	CTB-20D2.1
2	73460548	73480149	ENSG00000135624	CCT7
12	104324203	104324333	ENSG00000265072	MIR3652
HG1032_PATCH	191094929	191107097	ENSG00000260596	DUX4
14	77882741	77883115	ENSG00000268156	FKSG61
3	84954830	84954896	ENSG00000266025	AC132660.1
14	65701233	65701819	ENSG00000258878	CTD-2509G16.3
7	107220002	107220502	ENSG00000272854	RP4-593H12.1
12	104378889	104378982	ENSG00000215976	AC078819.1
3	85434860	85434942	ENSG00000264084	MIR5688
12	104424557	104425321	ENSG00000216285	RP11-490H24.5
7	107243808	107243952	ENSG00000238832	snoU109
14	34393437	34931980	ENSG00000129521	EGLN3
10	76859344	76941881	ENSG00000156671	SAMD8
16	51388367	51390443	ENSG00000260850	RP11-437L7.1
Y	20137667	20140477	ENSG00000182415	CDY2A
19	37176342	37178351	ENSG00000225975	AC074138.3
14	21202737	21203170	ENSG00000258963	RP11-903H12.4
6	105725440	105850959	ENSG00000085377	PREP
10	29577990	29607257	ENSG00000120563	LYZL1
7	30589833	30591185	ENSG00000263683	RP4-777O23.1
22	30163358	30166402	ENSG00000184076	UQCR10
14	21252047	21252452	ENSG00000258810	RP11-219E7.1
3	172607148	172859058	ENSG00000144962	SPATA16
16	21468647	21468750	ENSG00000238954	snoU13
11	119160272	119160387	ENSG00000222249	RNU6-262P
Y	23655405	23663854	ENSG00000169811	RBMY1HP
HG1032_PATCH	190701490	190861426	ENSG00000260730	AF146191.4
7	30782047	30782434	ENSG00000223419	AC006022.4
16	21517370	21517456	ENSG00000265462	MIR3680-1
11	119194003	119194119	ENSG00000252119	ACA64
Y	7192338	7192636	ENSG00000252633	RN7SKP282
14	21338437	21341751	ENSG00000259130	RP11-219E7.3
12	64749542	64749645	ENSG00000238440	snoU13
17	34437543	34437838	ENSG00000263488	RN7SL301P
11	119206959	119208019	ENSG00000245385	RP11-334E6.10
18	54318574	54698828	ENSG00000091157	WDR7
Y	7209572	7209683	ENSG00000251996	Y_RNA
16	21531151	21531686	ENSG00000258186	SLC7A5P2
HG1032_PATCH	190894754	190895002	ENSG00000261492	MLLT10P2
12	64836290	64837110	ENSG00000255566	RP11-114F3.5
Y	7246713	7246820	ENSG00000252155	RNU6-941P
17	34443570	34504870	ENSG00000267118	CTB-91J4.1
19	37264614	37266810	ENSG00000267353	CTD-2162K18.3
1	150521884	150533413	ENSG00000143382	ADAMTSL4
Y	7291095	7291199	ENSG00000252472	RNU6-521P
HG1032_PATCH	190903678	190906026	ENSG00000261027	TUBB7P
11	119243416	119252323	ENSG00000254740	RP11-334E6.3
7	30836307	30843026	ENSG00000229263	AC004691.5
14	21342464	21343927	ENSG00000258642	RP11-219E7.2
16	21544266	21561694	ENSG00000257639	CTB-31N19.2
12	104519014	104519134	ENSG00000199415	RNA5SP370
11	2181009	2182571	ENSG00000254647	INS
7	31158898	31159186	ENSG00000232887	AC006466.5
19	37288420	37319017	ENSG00000267254	CTD-2162K18.5
12	64900946	64927418	ENSG00000256199	RP11-439H13.2
HG1032_PATCH	190936293	190936410	ENSG00000263086	5S_rRNA
Y	7539784	7544065	ENSG00000238073	RBMY2HP
17	34488982	34490296	ENSG00000267181	RP11-428O23.1
8	92221722	92410378	ENSG00000147606	SLC26A7
7	31356612	31356738	ENSG00000221751	AC006380.1
7	141438121	141487722	ENSG00000106028	SSBP1
HG1032_PATCH	190938851	190938969	ENSG00000263308	5S_rRNA
14	21366144	21404414	ENSG00000258918	RP11-219E7.4
7	31370325	31370510	ENSG00000271027	RP11-463M14.1
11	119252488	119397374	ENSG00000245248	USP2-AS1
14	21384925	21396739	ENSG00000258772	RP11-84C10.3
7	31454259	31460900	ENSG00000231418	AC006380.3
17	34510615	34523870	ENSG00000267488	AC131056.3
20	62612488	62664453	ENSG00000101161	PRPF6
12	104564173	104571437	ENSG00000257193	RP11-818F20.4
14	21387500	21388458	ENSG00000136315	RP11-84C10.2
HSCHR6_MHC_APD	29974877	29980498	ENSG00000236967	RNF39
7	31833862	31833959	ENSG00000223070	AC006377.1
12	104656092	104674500	ENSG00000257732	RP11-818F20.5
HSCHR6_MHC_SSTO	31965200	32001297	ENSG00000198457	CYP21A2
3	8775486	8883492	ENSG00000182533	CAV3
7	31980874	31981196	ENSG00000236460	SNX2P2
Y	7546940	7549069	ENSG00000223422	AC007274.2
19	37349129	37349231	ENSG00000206669	Y_RNA
20	5986736	6020699	ENSG00000088766	CRLS1
14	21431738	21432024	ENSG00000243817	RN7SL189P
7	32496575	32497370	ENSG00000226468	AC018641.7
11	74939367	74939702	ENSG00000255460	ZDHHC20P3
Y	20708557	20750849	ENSG00000172468	HSFY1
19	37392644	37393019	ENSG00000243297	RPL31P61
14	21451314	21453225	ENSG00000258599	RP11-84C10.1
17	34552690	34554250	ENSG00000267330	AC131056.5
11	809647	812880	ENSG00000177600	RPLP2
11	74971171	74972069	ENSG00000254429	CTD-2562J17.7
12	104659056	104659669	ENSG00000213442	RPL18AP3
17	34569147	34569252	ENSG00000267086	YWHAEP6
14	21463996	21467322	ENSG00000258471	RP11-84C10.4
14	101318727	101318824	ENSG00000211574	MIR770
11	74975333	74976214	ENSG00000254963	CTD-2562J17.9
7	32511125	32512021	ENSG00000226421	SLC25A5P5
3	36726531	36726860	ENSG00000201315	RN7SKP227
17	34746595	34747203	ENSG00000267043	CTB-91J4.3
17	34581086	34808061	ENSG00000242384	TBC1D3H
14	101335397	101335485	ENSG00000207989	MIR493
11	75046136	75046230	ENSG00000199090	MIR326
19	37566015	37569507	ENSG00000267345	CTD-2293H3.2
21	38378450	38391959	ENSG00000183145	RIPPLY3
17	34773400	34773506	ENSG00000201792	RNU6-1192P
14	101340830	101340922	ENSG00000199151	MIR337
11	75111435	75111582	ENSG00000206941	SNORD15A
3	36808608	36825658	ENSG00000230067	HSPD1P6
17	34847043	34847166	ENSG00000252912	RNA5SP439
7	32620561	32801399	ENSG00000229358	DPY19L1P1
15	32694108	32695493	ENSG00000233812	AC139426.2
11	119273502	119274798	ENSG00000254590	RP11-334E6.2
19	37582243	37583466	ENSG00000267672	CTD-2293H3.1
11	75115465	75115610	ENSG00000207445	SNORD15B
14	101341370	101341441	ENSG00000272291	MIR665
7	149737610	149773744	ENSG00000241449	RP11-545G3.1
19	37619581	37632542	ENSG00000267437	CTC-454I21.4
11	11984653	12031316	ENSG00000050165	DKK3
11	75217982	75219436	ENSG00000254460	RP11-939C17.4
14	101347344	101347457	ENSG00000208001	MIR431
17	34930301	34931164	ENSG00000236002	CTB-75G16.1
Y	7555780	7557589	ENSG00000236435	TSPY12P
14	101348220	101348343	ENSG00000207569	MIR433
11	119274673	119274937	ENSG00000254892	RP11-334E6.4
20	45947246	45949467	ENSG00000267882	AL031666.2
11	75294241	75305710	ENSG00000255326	CTD-2530H12.4
14	101349316	101349412	ENSG00000207608	MIR127
11	119288661	119289824	ENSG00000263873	RP11-334E6.12
19	37742814	37756437	ENSG00000226686	AC012309.5
14	101350820	101350913	ENSG00000272458	MIR432
11	75307189	75308315	ENSG00000255434	CTD-2530H12.8
11	60102304	60164069	ENSG00000166926	MS4A6E
7	150038860	150039696	ENSG00000261305	RP4-584D14.7
14	101351034	101351125	ENSG00000207942	MIR136
X	78624861	78625662	ENSG00000270268	RP1-164L12.1
11	119315701	119316229	ENSG00000255377	DUXAP5
11	75346928	75349632	ENSG00000254630	CTD-2530H12.7
5	141337893	141369856	ENSG00000013561	RNF14
7	150060866	150069679	ENSG00000240449	RP4-584D14.5
1	51752930	51810788	ENSG00000085831	TTC39A
12	38472331	38472801	ENSG00000257173	RP11-297L6.2
11	119473587	119475018	ENSG00000230716	KRT8P7
12	104907807	104908217	ENSG00000258111	RP11-43D4.2
8	7554352	7554615	ENSG00000254889	AC084121.14
11	75353645	75353934	ENSG00000255280	CTD-2530H12.5
7	150076943	150080973	ENSG00000239377	RP4-584D14.6
12	104985411	104985494	ENSG00000264295	MIR3922
7	32768181	32768623	ENSG00000237004	ZNRF2P1
9	131018108	131038274	ENSG00000167110	GOLGA2
15	32737307	32747835	ENSG00000206127	GOLGA8O
X	79528830	79565669	ENSG00000215104	CHMP1B2P
14	101361107	101402336	ENSG00000258399	MEG8
11	75453174	75453469	ENSG00000263993	RN7SL786P
17	34990527	34991156	ENSG00000267067	CTB-75G16.3
12	38475848	38477884	ENSG00000258278	RP11-297L6.1
HG1032_PATCH	190942562	190943820	ENSG00000261157	AF146191.7
16	90106169	90114181	ENSG00000222019	URAHP
11	75469500	75479692	ENSG00000247867	CTD-2530H12.1
HG1032_PATCH	190959071	190959554	ENSG00000260709	RARRES2P4
11	119479135	119529994	ENSG00000254561	RP11-196E1.3
7	150130742	150145228	ENSG00000242258	LINC00996
17	35041203	35041578	ENSG00000267499	CTD-3194G12.1
GL000219.1	53831	99642	ENSG00000220023	AL592183.1
HG1032_PATCH	190962497	190964569	ENSG00000261162	U85056.1
X	17818169	17879457	ENSG00000131831	RAI2
3	85849137	85877200	ENSG00000241648	CADM2-AS2
12	68595131	68619601	ENSG00000111536	IL26
17	35078894	35082651	ENSG00000267785	CTD-3194G12.2
11	75486949	75487974	ENSG00000254826	CTD-2530H12.2
10	71331454	71332994	ENSG00000122859	NEUROG3
HG1032_PATCH	190979057	190984160	ENSG00000261591	U85056.2
8	144386554	144442149	ENSG00000184428	TOP1MT
8	7562704	7564413	ENSG00000254715	OR7E154P
3	86041333	86077157	ENSG00000239519	CADM2-AS1
19	8478154	8503901	ENSG00000099785	MARCH2
11	75511922	75514460	ENSG00000254814	RP11-535A19.1
12	38555268	38555384	ENSG00000199843	RNA5SP358
17	35218935	35293960	ENSG00000255509	RP11-445F12.1
11	119527021	119527126	ENSG00000199217	RNU6-1123P
3	86061711	86064270	ENSG00000243915	PRKRIRP2
12	38557205	38557317	ENSG00000201708	RNA5SP359
19	55738007	55741647	ENSG00000180089	TMEM86B
11	119580630	119584635	ENSG00000255247	CTD-2523D13.1
19	37756841	37762420	ENSG00000267605	CTD-3220F14.1
7	150181149	150182223	ENSG00000271582	RP11-511P7.4
12	38595368	38597594	ENSG00000254381	TUBB8P5
10	25305587	25315593	ENSG00000185875	THNSL1
HG1032_PATCH	190981535	190981630	ENSG00000266404	U85056.5
12	64969445	64969521	ENSG00000223294	SNORD83
Y	7558552	7560719	ENSG00000236690	AC007274.5
HG1032_PATCH	190986386	190987070	ENSG00000260020	U85056.3
8	7572965	7575975	ENSG00000189393	FAM90A14P
11	119600293	119610333	ENSG00000254854	CTD-2523D13.2
7	150209647	150210927	ENSG00000213205	STRADBP1
12	64992858	65003239	ENSG00000256670	RP11-338E21.1
11	75514476	75526451	ENSG00000255507	RP11-535A19.2
14	101369934	101370053	ENSG00000221077	AL117190.1
HG1032_PATCH	190989171	190990605	ENSG00000261806	hsa-mir-8078
12	105245602	105245696	ENSG00000222579	Y_RNA
7	150238842	150239186	ENSG00000243853	ALDH7A1P3
HSCHR6_MHC_APD	30015058	30017715	ENSG00000224542	TRIM31
12	105345538	105345624	ENSG00000265054	AC090051.1
12	65016289	65016385	ENSG00000207546	MIR548C
14	65703198	65785508	ENSG00000258760	CTD-2509G16.5
7	150300649	150301732	ENSG00000271568	RP11-632K21.7
10	71390007	71393352	ENSG00000171224	C10orf35
HG1032_PATCH	191116882	191117345	ENSG00000261914	ABC7-42391500H16.2
Y	7567398	7569288	ENSG00000225520	TTTY16
7	107268998	107269943	ENSG00000250474	WBP1LP2
12	65022124	65023756	ENSG00000225195	RP11-338E21.2
19	37828138	37828645	ENSG00000267682	CTD-3220F14.2
11	119692013	119692838	ENSG00000254406	RP11-215D10.1
3	86174366	86174437	ENSG00000201410	snoZ40
12	65047840	65048799	ENSG00000256314	RP11-338E21.3
19	37978901	37979554	ENSG00000267381	CTD-2086O20.3
12	105370527	105371805	ENSG00000257758	KRT18P20
14	65733356	65734408	ENSG00000258613	RPL21P7
21	38431470	38445470	ENSG00000185808	PIGP
3	86284471	86284574	ENSG00000251773	RNU6-1129P
7	150311149	150311852	ENSG00000232361	RP11-632K21.3
1	206808881	206857764	ENSG00000143479	DYRK3
17	35297346	35300755	ENSG00000272191	RP11-445F12.2
7	107283210	107283468	ENSG00000225935	BANF1P5
3	86313705	86316511	ENSG00000239767	RP11-789F5.1
12	65153301	65173098	ENSG00000215159	RP11-629N8.3
16	90168679	90244752	ENSG00000260528	FAM157C
11	119858663	119865746	ENSG00000254863	RP11-831A10.2
7	150373921	150375006	ENSG00000270990	RP11-632K21.6
14	65735547	65735816	ENSG00000214759	CTD-2509G16.1
4	25000469	25032501	ENSG00000153012	LGI2
3	86411282	86411624	ENSG00000222934	RN7SKP284
3	137510815	137515520	ENSG00000261146	RP11-2A4.4
17	35337466	35337721	ENSG00000267306	RP11-333J10.2
16	51679667	51681043	ENSG00000224578	HNRNPA1P48
7	107294421	107302596	ENSG00000233705	SLC26A4-AS1
Y	7581026	7677302	ENSG00000234795	RFTN1P1
19	37988063	37997948	ENSG00000266916	CTD-3064H18.1
3	86531093	86546146	ENSG00000241328	RP11-331K15.1
10	91342745	91405215	ENSG00000152782	PANK1
3	137599137	137601079	ENSG00000241478	HSPA8P9
14	65745985	65747884	ENSG00000259078	PTBP1P
7	150443981	150444816	ENSG00000177590	RP5-1051J4.6
17	35355897	35357333	ENSG00000267798	RP11-333J10.3
3	87100342	87101888	ENSG00000241293	PPATP1
17	71244588	71258491	ENSG00000187959	CPSF4L
12	54891495	54937726	ENSG00000123338	NCKAP1L
7	144094333	144107320	ENSG00000106410	NOBOX
3	137723491	137723964	ENSG00000272609	RP11-461M2.2
3	36921675	36922220	ENSG00000234073	AC011816.1
3	8792094	8811314	ENSG00000180914	OXTR
17	35391042	35391110	ENSG00000266141	MIR2909
7	32772593	32772689	ENSG00000207573	MIR550A2
11	119879313	119882867	ENSG00000255216	RP11-831A10.1
3	137820320	137821759	ENSG00000240668	KRT8P36
3	87275339	87275427	ENSG00000264119	MIR4795
17	35391965	35400550	ENSG00000267479	CTC-268N12.3
7	107383262	107385026	ENSG00000241764	AC002467.7
7	32798494	32798965	ENSG00000273014	RP11-225B17.2
14	65801835	65801901	ENSG00000266740	MIR4708
11	75546260	75546368	ENSG00000200256	Y_RNA
3	87372418	87373873	ENSG00000239829	KRT8P25
17	62073431	62077259	ENSG00000264954	RP11-214C8.2
11	75548589	75548690	ENSG00000199362	Y_RNA
11	120120468	120136641	ENSG00000259541	RP11-778O17.4
14	65934525	65935059	ENSG00000180662	RPL21P8
7	32827946	32828054	ENSG00000250756	RP11-225B17.1
3	87643988	87644526	ENSG00000240902	APOOP2
7	150446824	150487837	ENSG00000241134	RP5-1051J4.4
11	75622248	75622672	ENSG00000255255	PPP1R1AP1
17	35402760	35410075	ENSG00000266895	CTC-268N12.2
GL000219.1	47191	47266	ENSG00000263936	AL592183.7
7	32831426	32831558	ENSG00000251999	SNORA31
16	21549808	21550115	ENSG00000271609	CTB-31N19.4
14	65937820	65937904	ENSG00000207781	MIR625
3	87679451	87680769	ENSG00000240255	PSMC1P6
X	18181051	18239024	ENSG00000177324	BEND2
19	37994808	37995367	ENSG00000267115	CTD-3064H18.2
7	107449179	107450013	ENSG00000229626	PIGCP2
16	21598948	21599185	ENSG00000252798	SCARNA6
HG79_PATCH	136227290	136232211	ENSG00000260692	SURF1
11	75625245	75626257	ENSG00000255081	RP11-263C24.1
17	47653220	47661189	ENSG00000182575	NXPH3
3	87780552	87842779	ENSG00000239572	RP11-451B8.1
7	32852369	32878182	ENSG00000231952	DPY19L1P2
14	65995548	65996292	ENSG00000258980	EIF1AXP2
16	21638063	21638723	ENSG00000261596	CTB-31N19.3
7	107582561	107583185	ENSG00000273055	CTB-13F3.1
X	79784536	79785526	ENSG00000230247	HNRNPH3P1
11	75645980	75646083	ENSG00000223013	RNA5SP344
19	38036372	38040073	ENSG00000180458	CTD-3064H18.4
17	35497536	35498349	ENSG00000239581	RP11-19G24.1
12	65154648	65154753	ENSG00000238592	snoU13
16	21653375	21653481	ENSG00000207248	RNU6-1005P
7	107640237	107640427	ENSG00000238297	U3
11	75653173	75653479	ENSG00000254915	RP11-263C24.3
12	65261736	65262479	ENSG00000243020	RPL7P39
14	66346310	66347788	ENSG00000258629	CTD-2014B16.1
16	21653615	21653721	ENSG00000207042	RNU6-196P
17	72873428	72889708	ENSG00000172782	FADS6
11	120490643	120490976	ENSG00000255006	TCEB1P22
7	107677291	107677381	ENSG00000216085	AC005048.1
10	126490354	126525239	ENSG00000165660	FAM175B
10	25463991	25891155	ENSG00000151025	GPR158
X	79815645	79817553	ENSG00000228051	RP11-325E14.2
16	21805416	21807080	ENSG00000260306	RP11-645C24.5
16	51705147	51705474	ENSG00000223168	RN7SKP142
7	107998751	107998849	ENSG00000266112	AC007567.1
11	3848208	3862213	ENSG00000177105	RHOG
11	75848359	75848775	ENSG00000255421	CTD-2011F17.2
14	66367650	66368169	ENSG00000258960	CTD-2014B16.2
7	40165622	40174258	ENSG00000168303	MPLKIP
12	65277174	65371302	ENSG00000255693	RP11-766N7.3
7	108150677	108151420	ENSG00000231006	RPL7P32
11	60145955	60163424	ENSG00000166927	MS4A7
1	24122089	24127271	ENSG00000117308	GALE
10	71444655	71452208	ENSG00000235645	RP11-242G20.1
X	79827370	79830106	ENSG00000228612	HK2P1
16	51796430	51807084	ENSG00000260057	RP11-7O14.1
11	75901769	75906115	ENSG00000254933	RP11-619A14.2
11	120738642	120765506	ENSG00000250493	RP11-640N11.2
14	66478359	66478451	ENSG00000238876	AL391261.1
7	108238819	108254711	ENSG00000225647	AC005487.2
11	120806811	120807363	ENSG00000254735	HMGB1P42
5	80708840	81047616	ENSG00000145687	SSBP2
3	138362716	138363536	ENSG00000174715	RP11-79L9.2
14	66479548	66480507	ENSG00000224861	YBX1P1
11	75922000	75927069	ENSG00000255362	RP11-619A14.3
X	79965427	79966204	ENSG00000225715	RP11-325E14.5
16	21807951	21831731	ENSG00000248124	RRN3P1
19	38039816	38078249	ENSG00000267470	ZNF571-AS1
7	108361052	108362045	ENSG00000270425	CTA-369K23.1
11	121109013	121109397	ENSG00000254515	RP11-775A1.2
15	66628544	66679084	ENSG00000075131	TIPIN
6	10492456	10629601	ENSG00000111846	GCNT2
12	65314625	65376304	ENSG00000248995	RP11-766N7.4
22	30184597	30234271	ENSG00000100325	ASCC2
3	138496674	138497652	ENSG00000239207	GAPDHP39
7	108549510	108592723	ENSG00000229603	AC004014.3
11	76100692	76101172	ENSG00000272301	RP11-111M22.4
16	52112534	52114401	ENSG00000261470	RP11-152O14.4
HSCHR6_MHC_APD	30040743	30053350	ENSG00000224496	TRIM40
14	66578299	66592565	ENSG00000258502	RP11-783L4.1
14	101377476	101377550	ENSG00000199005	MIR370
12	121675497	121736111	ENSG00000110931	CAMKK2
3	138515693	138516082	ENSG00000242321	RPL23AP40
11	121120979	121121687	ENSG00000244400	RPS4XP12
11	76103240	76103949	ENSG00000271757	RP11-111M22.5
14	101382173	101382230	ENSG00000251769	SNORD112
16	52116977	52119021	ENSG00000260268	LINC00919
16	90171503	90172724	ENSG00000260507	RP11-356C4.3
14	101383915	101383982	ENSG00000252873	SNORD112
11	76115184	76115296	ENSG00000201756	Y_RNA
14	101391161	101391229	ENSG00000202191	SNORD113-1
12	68642022	68647387	ENSG00000127318	IL22
16	90176982	90234633	ENSG00000261172	RP11-356C4.5
11	76152382	76155700	ENSG00000255135	RP11-111M22.3
15	32774822	32780287	ENSG00000268759	AC135983.2
11	121232559	121233574	ENSG00000232460	BMPR1APS2
8	7580613	7591823	ENSG00000231656	FAM90A18P
16	848041	850733	ENSG00000127588	GNG13
11	76302067	76302255	ENSG00000254755	RP11-672A2.7
17	71279763	71308314	ENSG00000179604	CDC42EP4
16	90211000	90211103	ENSG00000222359	RNU6-355P
14	77893018	77924295	ENSG00000151445	VIPAS39
16	29916333	29938356	ENSG00000174943	KCTD13
3	136537489	136574734	ENSG00000168917	SLC35G2
2	176040986	176049335	ENSG00000154518	ATP5G3
11	121297354	121298125	ENSG00000271022	RP11-142I2.1
16	52119192	52132979	ENSG00000261749	RP11-152O14.1
12	88427623	88443937	ENSG00000133641	C12orf29
12	105466264	105467799	ENSG00000257886	RP11-61E11.1
11	121318040	121323722	ENSG00000246790	RP11-730K11.1
GL000219.1	163853	163928	ENSG00000239150	AL592183.6
16	52231924	52261868	ENSG00000260975	RP11-142G1.3
GL000219.1	164278	164360	ENSG00000238303	AL592183.2
5	112196919	112205485	ENSG00000153037	SRP19
12	105496250	105500957	ENSG00000257999	RP11-61E11.2
17	62223330	62223836	ENSG00000266402	SNORA76
16	52271994	52303352	ENSG00000260478	RP11-142G1.1
15	58430368	58478110	ENSG00000103569	AQP9
11	121875063	121875159	ENSG00000252556	RNU6-256P
GL000219.1	168106	168180	ENSG00000238600	AL592183.3
11	64216546	64219126	ENSG00000181908	AP003774.4
GL000219.1	171364	171439	ENSG00000239060	AL592183.5
12	105698645	105720795	ENSG00000257642	RP11-474B16.1
3	42695176	42709072	ENSG00000114853	ZBTB47
HSCHR6_MHC_COX	31471969	31472444	ENSG00000269730	AL662847.1
17	62223443	62223512	ENSG00000199753	SNORD104
15	32885657	32896179	ENSG00000232653	GOLGA8N
GL000219.1	173994	174069	ENSG00000238664	AL592183.4
12	105721684	105721770	ENSG00000264749	AC011313.1
17	62385676	62386050	ENSG00000256358	RPL31P57
17	21026677	21096578	ENSG00000109016	DHRS7B
HSCHR6_MHC_COX	31483952	31485467	ENSG00000226923	MCCD1
Y	7672965	7678724	ENSG00000237048	TTTY12
14	101392317	101392388	ENSG00000251949	SNORD112
11	66384053	66394818	ENSG00000239306	RBM14
12	106097981	106137840	ENSG00000257859	CASC18
17	62487640	62487906	ENSG00000256826	AC138744.2
14	101393679	101393750	ENSG00000212384	SNORD113-2
14	101396256	101396328	ENSG00000201700	SNORD113-3
2	229715242	230136001	ENSG00000153823	PID1
3	173114074	174004434	ENSG00000169760	NLGN1
16	855443	863861	ENSG00000167945	PRR25
14	101402828	101402902	ENSG00000201672	SNORD113-4
11	121899063	121987031	ENSG00000255248	RP11-166D19.1
Y	7721727	7722917	ENSG00000215603	ZNF92P1Y
1	44444615	44456840	ENSG00000117411	B4GALT2
HSCHR6_MHC_APD	30056560	30065548	ENSG00000237703	TRIM10
12	65332803	65332897	ENSG00000221564	RNU6ATAC42P
3	37009682	37009807	ENSG00000210181	RNU6ATAC4P
19	57046668	57047132	ENSG00000267224	AC005498.4
3	37014608	37015163	ENSG00000272334	RP11-129K12.1
10	126630692	126676758	ENSG00000019995	ZRANB1
3	37017807	37018331	ENSG00000236165	PRADC1P1
X	18257434	18372847	ENSG00000102098	SCML2
12	106409675	106410784	ENSG00000257773	ST13P3
1	206858289	206907628	ENSG00000162889	MAPKAPK2
14	101403738	101426536	ENSG00000225746	AL132709.5
3	8817088	9005457	ENSG00000070950	RAD18
19	57047525	57049944	ENSG00000267421	AC005498.3
Y	7781463	7782131	ENSG00000244246	ZNF736P8Y
3	37026534	37026975	ENSG00000271835	RP11-129K12.4
Y	7801038	7805681	ENSG00000229745	BPY2DP
3	37027357	37028273	ENSG00000272127	RP11-129K12.3
6	160769300	160876014	ENSG00000146477	SLC22A3
12	106444739	106452032	ENSG00000257890	RP11-114F10.2
11	3875757	4114439	ENSG00000167323	STIM1
Y	20893326	20990548	ENSG00000169953	HSFY2
19	55738587	55741647	ENSG00000269808	AC010327.2
11	64323098	64340347	ENSG00000168065	SLC22A11
X	80112575	80112701	ENSG00000239008	ACA64
19	57056935	57078780	ENSG00000269696	AC007228.11
7	32885006	32885673	ENSG00000272905	RP11-265E18.1
X	80156256	80156363	ENSG00000212623	RNU6-493P
HSCHR6_MHC_DBB	30889843	30890665	ENSG00000225454	SFTA2
X	80184999	80185846	ENSG00000073905	VDAC1P1
20	6021424	6034695	ENSG00000125872	LRRN4
10	88853918	88951225	ENSG00000122376	FAM35A
19	57100863	57101649	ENSG00000268847	SIGLEC31P
2	230222345	230579274	ENSG00000187957	DNER
X	80191933	80192039	ENSG00000212546	RNU6-995P
7	32956427	32982788	ENSG00000205763	RP9P
X	80496319	80496400	ENSG00000264374	AL357115.1
19	47978401	47987525	ENSG00000118162	KPTN
HSCHR6_MHC_DBB	33021645	33032912	ENSG00000237710	HLA-DPB1
X	80618767	80619669	ENSG00000231875	RP11-346E8.1
HSCHR6_MHC_DBB	29523343	29600923	ENSG00000237112	GABBR1
19	57125178	57125319	ENSG00000268036	AC007228.8
X	80664437	80682775	ENSG00000224523	RP13-52K8.1
14	21051051	21077954	ENSG00000259060	RNASE11
22	19338891	19435755	ENSG00000242259	C22orf39
17	35500531	35501387	ENSG00000254982	HMGB1P24
19	57183636	57196021	ENSG00000268352	AC007228.5
19	57183942	57185269	ENSG00000268568	AC007228.9
12	110890289	110907073	ENSG00000111231	GPN3
20	46130601	46285621	ENSG00000124151	NCOA3
19	55741148	55770363	ENSG00000105063	PPP6R1
17	62496891	62496957	ENSG00000265695	MIR3064
10	89136653	89138238	ENSG00000237740	NPAP1P3
17	62497332	62497431	ENSG00000266241	MIR5047
19	57202054	57311014	ENSG00000269793	AC006115.3
8	39601254	39695808	ENSG00000104755	ADAM2
17	62526893	62526975	ENSG00000266566	AC009994.2
17	62568947	62569199	ENSG00000271779	RP11-87N3.6
10	7745232	7791483	ENSG00000151655	ITIH2
HSCHR6_MHC_DBB	30899496	30912715	ENSG00000232251	DPCR1
11	2185159	2193107	ENSG00000180176	TH
10	89146442	89149960	ENSG00000236417	CTSLP1
20	62679076	62680994	ENSG00000203883	SOX18
17	62743382	62743610	ENSG00000270714	MINOS1P2
15	58702768	58861151	ENSG00000166035	LIPC
18	24432002	24445782	ENSG00000171885	AQP4
11	121970465	121970552	ENSG00000207971	MIR125B1
17	47676246	47755596	ENSG00000121067	SPOP
5	94727048	94786158	ENSG00000153347	FAM81B
16	903634	1031318	ENSG00000103227	LMF1
11	122017229	122017301	ENSG00000198975	MIRLET7A2
12	65411248	65413586	ENSG00000198671	RP11-168J19.2
3	141205889	141334184	ENSG00000155903	RASA2
17	62745781	62778117	ENSG00000215769	hsa-mir-6080
7	141463897	141464997	ENSG00000127362	TAS2R3
11	122022937	122023016	ENSG00000207994	MIR100
12	65489529	65489635	ENSG00000207099	RNU6-166P
19	57230571	57230655	ENSG00000265070	AC006115.1
7	108634088	108635086	ENSG00000227968	AC004014.4
12	65528468	65529053	ENSG00000255700	APOOP3
19	57272301	57272583	ENSG00000268067	OR5AH1P
10	134257831	134262912	ENSG00000180066	C10orf91
7	40174575	40900362	ENSG00000175600	SUGCT
Y	7859028	7859847	ENSG00000241200	ZNF736P7Y
14	21051054	21078043	ENSG00000173464	RNASE11
14	66644245	66644353	ENSG00000200860	Y_RNA
7	108962377	108966372	ENSG00000230941	AC002386.1
11	122026130	122293579	ENSG00000255090	RP11-820L6.1
6	25833294	25882514	ENSG00000124564	SLC17A3
19	57304416	57304617	ENSG00000268407	AC006115.6
14	66679528	66976112	ENSG00000258561	RP11-72M17.1
20	6055492	6104191	ENSG00000101311	FERMT1
7	109162038	109237223	ENSG00000234273	AC073071.1
12	106496941	106499943	ENSG00000257438	RP11-114F10.3
8	7588261	7591271	ENSG00000229477	FAM90A16P
11	66384097	66434153	ENSG00000173933	RBM4
19	57352270	57359924	ENSG00000268654	MIMT1
7	109300151	109300859	ENSG00000230192	AC073387.2
3	136581050	136668665	ENSG00000158092	NCK1
3	113682984	113775460	ENSG00000163617	KIAA1407
7	141478242	141479235	ENSG00000127364	TAS2R4
19	57433386	57433581	ENSG00000269786	CTC-258N23.3
4	170314426	170533780	ENSG00000137601	NEK1
5	38938021	39074510	ENSG00000164327	RICTOR
17	72912176	72919351	ENSG00000182040	USH1G
17	62746036	62754721	ENSG00000266820	RP13-104F24.1
8	7595909	7598918	ENSG00000224710	FAM90A8P
13	36047926	36050832	ENSG00000180660	MAB21L1
11	76336506	76337878	ENSG00000255479	RP11-672A2.6
19	57576702	57577507	ENSG00000268483	RPL7AP69
5	156887027	156901725	ENSG00000172548	NIPAL4
11	76339140	76341407	ENSG00000255363	RP11-672A2.5
7	141490017	141491166	ENSG00000127366	TAS2R5
6	52656462	52668708	ENSG00000243955	GSTA1
11	76365213	76367756	ENSG00000254810	RP11-672A2.4
11	122165646	122172471	ENSG00000255015	RP11-716H6.1
10	89156780	89184549	ENSG00000228055	LINC00864
X	120181462	120183794	ENSG00000182890	GLUD2
11	76368100	76374910	ENSG00000236304	AP001189.4
11	122165898	122178727	ENSG00000255219	RP11-716H6.2
19	57645418	57645635	ENSG00000252683	U3
19	57661881	57662346	ENSG00000270293	CTC-360J11.5
11	122319918	122320039	ENSG00000252776	RNU4ATAC10P
22	19419425	19423598	ENSG00000185608	MRPL40
10	89167801	89168015	ENSG00000231569	RP11-399L7.3
11	76386123	76414239	ENSG00000254975	RP11-672A2.3
11	122322182	122322307	ENSG00000253035	RNU4ATAC5P
19	57662955	57663228	ENSG00000270790	CTC-360J11.6
11	122449913	122450015	ENSG00000223265	RNU6-592P
12	106563782	106566215	ENSG00000257611	RP11-185N2.1
10	89322845	89322943	ENSG00000222192	Y_RNA
19	57686601	57689289	ENSG00000268379	CTC-360J11.4
10	89351364	89365781	ENSG00000223761	RP11-57C13.4
11	122484152	122485194	ENSG00000254572	GLULP3
Y	7936937	7938764	ENSG00000239893	ZNF736P9Y
10	89367742	89419036	ENSG00000225913	RP11-57C13.6
7	66798034	66799370	ENSG00000273448	RP11-166O4.6
19	57772722	57774106	ENSG00000268713	CTC-444N24.8
10	89369920	89419760	ENSG00000196566	RP11-57C13.3
11	122489559	122489982	ENSG00000254935	RP11-266E8.2
X	80855571	80856805	ENSG00000233446	XXyac-YR12DB5.1
7	66800963	66805011	ENSG00000235475	RP11-166O4.5
14	66953072	66965271	ENSG00000196553	LINC00238
19	57778588	57791702	ENSG00000267871	CTC-444N24.6
11	122596916	122597019	ENSG00000239079	snoU13
7	66821667	66821766	ENSG00000265600	AC006480.1
11	122797742	122797881	ENSG00000199709	RNU4-23P
19	57815673	57819930	ENSG00000268205	CTC-444N24.11
3	50355221	50360337	ENSG00000068001	HYAL2
10	29746267	30025710	ENSG00000197321	SVIL
12	106639391	106640734	ENSG00000258355	RP11-651L5.2
7	67092818	67093006	ENSG00000226392	RP4-736H5.1
11	122831035	122831794	ENSG00000254944	ATP5F1P5
HG7_PATCH	142013007	142013489	ENSG00000260745	TRBV4-1
12	106676705	106676767	ENSG00000238609	RNU7-94P
17	35519530	35520053	ENSG00000242429	RP11-19G24.2
6	15523032	15663289	ENSG00000047579	DTNBP1
7	67093009	67093336	ENSG00000237466	RP4-736H5.2
12	107074536	107078478	ENSG00000257711	RP11-482D24.2
19	57828576	57828930	ENSG00000268723	CTC-444N24.9
X	81256669	81256776	ENSG00000206826	RNU6-974P
11	122888346	122889369	ENSG00000213184	RP11-335F8.2
7	67156045	67162016	ENSG00000233423	RP4-736H5.3
HG7_PATCH	142020496	142021363	ENSG00000260227	TRBV5-1
HSCHR6_MHC_APD	30067805	30077295	ENSG00000235259	TRIM15
X	81753118	81753373	ENSG00000228041	RP4-581F12.1
19	57862216	57863380	ENSG00000268678	CTC-444N24.13
1	206940947	206945839	ENSG00000136634	IL10
7	67234616	67235455	ENSG00000223948	RP11-421N10.1
17	66507921	66547460	ENSG00000108946	PRKAR1A
X	18443703	18671749	ENSG00000008086	CDKL5
11	122906575	122906932	ENSG00000243669	RPL34P23
19	57971280	57971488	ENSG00000268545	VN1R107P
16	90252405	90289086	ENSG00000260923	AC137934.1
HSCHR6_MHC_DBB	30575727	30584413	ENSG00000233813	MRPS18B
7	67485240	67497677	ENSG00000225209	RP11-358M3.1
7	2767746	2883958	ENSG00000146535	GNA12
HG7_PATCH	142028121	142028610	ENSG00000261506	TRBV6-1
19	57989017	57994364	ENSG00000268266	AC003005.2
X	81761883	81762261	ENSG00000213653	RPL22P22
17	35743821	35744861	ENSG00000266942	RP11-378E13.3
11	122920495	122921061	ENSG00000244641	RPS26P43
Y	7995171	8012244	ENSG00000227204	RBMY2JP
17	35768023	35768681	ENSG00000267613	RP11-378E13.4
19	58136400	58138318	ENSG00000268392	AC003682.16
7	67556210	67584196	ENSG00000236531	RP5-945F2.2
HG7_PATCH	142032006	142032527	ENSG00000260407	TRBV7-1
17	35814273	35815033	ENSG00000267562	CTC-421K24.1
19	8509651	8553998	ENSG00000099783	HNRNPM
7	67562724	67563237	ENSG00000232975	RP5-945F2.1
3	158288952	158325041	ENSG00000178053	MLF1
11	122921869	122922109	ENSG00000233541	RPL31P47
19	58175648	58176407	ENSG00000269097	AC003682.17
10	103544200	103578696	ENSG00000198408	MGEA5
HG7_PATCH	142045252	142045816	ENSG00000259829	TRBV4-2
19	58249833	58249918	ENSG00000264453	AC003006.1
17	35969787	35973886	ENSG00000267542	RP11-697E22.1
11	122928785	122928869	ENSG00000200879	SNORD14E
2	27650657	27665126	ENSG00000115216	NRBP1
19	44058844	44097188	ENSG00000268361	L34079.2
7	67615270	67753220	ENSG00000226829	RP5-945F2.3
19	58337829	58338146	ENSG00000269304	AC010522.1
11	122929617	122929703	ENSG00000207118	SNORD14D
HG7_PATCH	142049015	142049495	ENSG00000260885	TRBV6-2
17	36002976	36044255	ENSG00000267668	RP11-697E22.2
11	122930043	122930130	ENSG00000202252	SNORD14C
19	38184181	38184465	ENSG00000267319	CTD-2528L19.3
7	67706624	67707254	ENSG00000237754	RP11-521C10.1
11	123006631	123007084	ENSG00000255342	RP11-762B21.5
19	38219487	38221544	ENSG00000267152	CTD-2528L19.6
HG7_PATCH	142062481	142062934	ENSG00000259825	TRBV4-3
8	7603556	7614766	ENSG00000223535	FAM90A17P
7	67731306	67731846	ENSG00000225959	MTND4P3
17	36009162	36010922	ENSG00000267380	RP11-697E22.3
11	123059510	123098985	ENSG00000254710	CTD-2216M2.1
17	36105206	36108563	ENSG00000259549	RP11-115K3.1
HG7_PATCH	142070668	142071148	ENSG00000261626	TRBV6-3
19	38270326	38283505	ENSG00000267422	CTD-2554C21.1
13	36345478	36705443	ENSG00000133083	DCLK1
7	68105785	68106571	ENSG00000228429	RP5-859M6.1
9	19230433	19374139	ENSG00000137145	DENND4C
17	36158869	36162759	ENSG00000237184	AC091199.1
11	123172098	123172231	ENSG00000200496	U8
3	37058011	37058505	ENSG00000224858	RPL29P11
X	153607557	153609883	ENSG00000102119	EMD
HG7_PATCH	142074311	142074850	ENSG00000261785	TRBV7-2
11	123184382	123185478	ENSG00000254823	RP11-109E10.1
17	36187925	36244363	ENSG00000267671	YWHAEP7
10	134351324	134596979	ENSG00000068383	INPP5A
7	68188898	68189035	ENSG00000222428	RNA5SP231
19	44080952	44088116	ENSG00000234465	PINLYP
19	38307999	38317278	ENSG00000267640	CTD-2554C21.2
7	68505139	68511790	ENSG00000233689	RP11-123O1.1
HG7_PATCH	142102303	142102758	ENSG00000261287	TRBV6-4
20	62681189	62703700	ENSG00000171703	TCEA2
3	37134624	37134725	ENSG00000206645	Y_RNA
11	64889655	64894843	ENSG00000149792	MRPL49
7	68590257	68590363	ENSG00000200189	RNU6-832P
10	126676421	126849739	ENSG00000175029	CTBP2
6	160952515	161087407	ENSG00000198670	LPA
11	123210882	123211422	ENSG00000254407	RP11-109E10.2
3	37176149	37176593	ENSG00000225558	UBE2D3P2
7	68652820	68654305	ENSG00000236839	RP11-3P22.1
HG7_PATCH	142105845	142106351	ENSG00000260080	TRBV7-3
7	68655128	68655211	ENSG00000265655	AC069280.1
7	68689683	68895909	ENSG00000225718	RP11-3P22.2
12	107108702	107126844	ENSG00000257918	RP11-482D24.3
7	150709297	150721586	ENSG00000181652	ATG9B
HG7_PATCH	142110713	142111179	ENSG00000261237	TRBV5-3
11	123252148	123252220	ENSG00000265357	MIR4493
14	21058352	21058982	ENSG00000258436	RNASE12
11	123325106	123331118	ENSG00000255414	LINC01059
HG7_PATCH	142113402	142113923	ENSG00000261031	TRBV9
14	21492331	21497430	ENSG00000258604	AL161668.5
19	38314362	38345855	ENSG00000225868	AC016582.2
7	68795684	68796364	ENSG00000230654	RP11-666G4.2
11	123468654	123470160	ENSG00000254449	SF3A3P2
15	32907345	32932150	ENSG00000198826	ARHGAP11A
HG7_PATCH	142121373	142121890	ENSG00000261700	TRBV10-1
7	68796821	68798619	ENSG00000229031	RP11-666G4.1
14	21108855	21109850	ENSG00000181803	OR6S1
14	21558546	21560491	ENSG00000258714	RP11-998D10.7
11	123539207	123542345	ENSG00000254467	RP11-634B22.4
X	122318006	122624766	ENSG00000125675	GRIA3
6	75947391	75960039	ENSG00000112695	COX7A2
17	72920370	72930007	ENSG00000183034	OTOP2
14	21576202	21584862	ENSG00000178107	RP11-998D10.4
1	150521897	150524367	ENSG00000225996	AL356356.1
X	81816650	81816796	ENSG00000202183	SNORA4
11	123579381	123579478	ENSG00000266814	AP000868.1
HG7_PATCH	142129179	142129643	ENSG00000260437	TRBV11-1
6	35265595	35289548	ENSG00000023892	DEF6
11	123634635	123634797	ENSG00000200197	RNU1-21P
X	82130657	82130893	ENSG00000236365	RP5-849L7.1
7	68866188	68866289	ENSG00000252423	RNU6-229P
11	123711714	123712584	ENSG00000254613	OR6M2P
14	21578454	21581631	ENSG00000258722	RP11-998D10.5
7	68972496	68972608	ENSG00000200857	Y_RNA
7	69001035	69001303	ENSG00000266210	RN7SL371P
HG7_PATCH	142146452	142146952	ENSG00000260546	TRBV10-2
19	41098789	41135725	ENSG00000090006	LTBP4
19	38320191	38322797	ENSG00000229481	CTD-2554C21.3
11	123732530	123733229	ENSG00000254430	OR6M3P
X	82253707	82254244	ENSG00000232735	ATG4AP1
7	141536086	141541287	ENSG00000165076	PRSS37
7	69060944	69062434	ENSG00000234215	RP5-942I16.1
12	128278072	128305728	ENSG00000256922	RP11-749H20.1
19	38454493	38455430	ENSG00000268051	CTC-244M17.1
HG7_PATCH	142172447	142172948	ENSG00000261412	TRBV6-5
1	206972215	207016324	ENSG00000142224	IL19
14	21152259	21168761	ENSG00000258818	RNASE4
11	123880362	123880719	ENSG00000226461	OR10G5P
X	82761031	82764222	ENSG00000272066	RP3-326L13.2
12	128361544	128362061	ENSG00000255757	RP11-749H20.3
19	38544518	38544605	ENSG00000221258	AC011465.1
7	70302724	70302999	ENSG00000236978	RP11-575M4.1
14	21581798	21581904	ENSG00000200102	RNU6-252P
11	111126707	111157126	ENSG00000150750	C11orf53
19	38599140	38600173	ENSG00000268764	CTC-450M9.1
X	82766304	82767135	ENSG00000272294	RP3-326L13.3
1	150533480	150533969	ENSG00000203804	ADAMTSL4-AS1
HG7_PATCH	142176673	142177134	ENSG00000259913	TRBV7-4
14	21630672	21631902	ENSG00000259102	CTD-2552B11.2
12	128366162	128367536	ENSG00000256597	RP11-749H20.4
15	42705021	42783321	ENSG00000103994	ZNF106
19	38675016	38676905	ENSG00000269653	CTB-102L5.7
7	70772658	70772742	ENSG00000265878	MIR3914-1
3	42727011	42734036	ENSG00000157119	KLHL40
HG7_PATCH	142184418	142185083	ENSG00000260843	TRBV5-4
7	144149034	144533488	ENSG00000196511	TPK1
19	38690476	38691574	ENSG00000268499	CTB-102L5.8
14	21652500	21653118	ENSG00000258906	CTD-2552B11.3
7	70775445	70775537	ENSG00000266688	AC079398.1
22	19437433	19466738	ENSG00000070010	UFD1L
7	71150437	71150732	ENSG00000199940	RN7SKP75
15	58887403	59042177	ENSG00000137845	ADAM10
19	38690874	38691170	ENSG00000266428	RN7SL663P
12	128399917	128436097	ENSG00000256193	LINC00507
7	71378723	71378841	ENSG00000201014	RNA5SP232
12	107295061	107295762	ENSG00000257119	EEF1B2P4
19	38785184	38785276	ENSG00000200209	Y_RNA
8	7611204	7614214	ENSG00000237122	FAM90A19P
HG7_PATCH	142191056	142191532	ENSG00000260116	TRBV6-6
7	71407244	71407453	ENSG00000235581	GS1-111G14.1
14	21668238	21675059	ENSG00000258441	LINC00641
19	38822274	38822716	ENSG00000268913	AC026806.2
12	107304535	107304887	ENSG00000240631	RPL30P12
19	58378406	58379540	ENSG00000269867	CTD-2583A14.8
19	38839649	38839750	ENSG00000238838	snoU13
7	71568166	71569194	ENSG00000228769	ABCF2P2
12	107347807	107349275	ENSG00000260329	RP11-412D9.4
HG7_PATCH	142204064	142204535	ENSG00000260732	TRBV5-5
19	38852435	38853124	ENSG00000266963	AC005625.1
X	82814904	82815320	ENSG00000236870	RP1-223D17.1
7	72138047	72138146	ENSG00000266772	AC091738.2
12	107487076	107517092	ENSG00000257548	RP11-797M17.1
1	45805342	45809647	ENSG00000132773	TOE1
19	58379253	58380202	ENSG00000270804	CTD-2583A14.11
X	83003833	83004947	ENSG00000215102	TERF1P4
7	72162874	72162949	ENSG00000264494	MIR4650-2
10	89402364	89402711	ENSG00000234192	RP11-57C13.5
19	19144384	19170563	ENSG00000105676	ARMC6
19	44088521	44100287	ENSG00000167378	IRGQ
19	38876162	38877399	ENSG00000267090	AC005789.9
HG7_PATCH	142209379	142209811	ENSG00000260429	TRBV6-7
12	107665171	107665623	ENSG00000257444	SETP7
7	72187850	72188054	ENSG00000270694	RP11-535E8.2
19	38888821	38890521	ENSG00000267473	AC005789.11
X	77223458	77225135	ENSG00000226784	PGAM4
11	111164114	111175770	ENSG00000196167	COLCA1
7	72233812	72234205	ENSG00000270555	RP11-1394O16.1
HG7_PATCH	142213648	142214185	ENSG00000260216	TRBV7-6
19	39017594	39019195	ENSG00000269445	AC067969.1
10	26223196	26501456	ENSG00000095777	MYO3A
HSCHR6_MHC_DBB	30942199	30948389	ENSG00000237962	C6orf205
10	89577685	89605369	ENSG00000223820	CFL1P1
7	72293477	72293750	ENSG00000266569	RN7SL377P
19	58464526	58465127	ENSG00000243234	CTD-2583A14.1
17	16757249	16757623	ENSG00000229749	COTL1P1
19	39026157	39027768	ENSG00000268055	AC067969.2
17	4172554	4269923	ENSG00000132388	UBE2G1
HG7_PATCH	142221545	142222051	ENSG00000260106	TRBV5-6
X	18658030	18690229	ENSG00000102104	RS1
19	39086986	39092334	ENSG00000267291	CTB-186G2.1
17	16796512	16796743	ENSG00000265853	RP1-48J14.1
12	8071826	8088871	ENSG00000059804	SLC2A3
7	72300004	72307909	ENSG00000225648	SBDSP1
19	58523957	58537294	ENSG00000235974	VN2R19P
HG7_PATCH	142228898	142229326	ENSG00000261463	TRBV6-8
10	89592578	89592855	ENSG00000243782	RN7SL78P
19	58555960	58558137	ENSG00000268660	LETM1P2
11	12115543	12285334	ENSG00000133816	MICAL2
12	50184929	50222533	ENSG00000167566	NCKAP5L
10	89638449	89640184	ENSG00000224745	RP11-380G5.2
19	39174513	39184246	ENSG00000267375	CTB-186G2.4
10	88985205	88996665	ENSG00000184923	NUTM2A
19	58560414	58560714	ENSG00000270837	HNRNPDLP4
17	16826229	16838153	ENSG00000128438	TBC1D27
HG7_PATCH	142233142	142233643	ENSG00000261022	TRBV7-7
19	39228924	39230503	ENSG00000267892	CTD-2540F13.2
10	89705259	89705781	ENSG00000213613	RP11-380G5.3
19	58581338	58581607	ENSG00000243642	RN7SL526P
11	111169565	111179460	ENSG00000214290	COLCA2
19	58648080	58648421	ENSG00000268293	CTD-2623H2.7
HG7_PATCH	142241604	142242070	ENSG00000261484	TRBV5-7
1	150547032	150552066	ENSG00000143384	MCL1
1	207038699	207042568	ENSG00000162891	IL20
3	9022275	9404737	ENSG00000196220	SRGAP3
HG7_PATCH	142248910	142249342	ENSG00000260074	TRBV6-9
HG7_PATCH	142253486	142254008	ENSG00000261571	TRBV7-8
19	58677533	58678512	ENSG00000269236	CTD-2619J13.1
7	72312017	72312305	ENSG00000266135	RN7SL625P
1	1109264	1133315	ENSG00000162571	TTLL10
10	71561644	71724031	ENSG00000197467	COL13A1
7	72333321	72341076	ENSG00000179994	SPDYE7P
7	2945775	3083579	ENSG00000198286	CARD11
HSCHR6_MHC_APD	30089025	30118001	ENSG00000228881	TRIM26
HG7_PATCH	142261249	142262208	ENSG00000261563	TRBV5-8
19	44100544	44105309	ENSG00000124444	ZNF576
5	9854489	9890049	ENSG00000250814	RP11-447B18.1
HG7_PATCH	142270879	142271415	ENSG00000260890	TRBV7-9
11	64937625	64940715	ENSG00000204710	SPDYC
17	16879313	16884667	ENSG00000230709	AC104024.1
1	51819935	51985000	ENSG00000085832	EPS15
17	18647326	18682662	ENSG00000171931	FBXW10
HG7_PATCH	142277448	142277943	ENSG00000260143	TRBV13
17	16891643	16893491	ENSG00000230969	AC104024.2
6	161123270	161174347	ENSG00000122194	PLG
6	46655612	46672056	ENSG00000180113	TDRD6
11	60146003	60185161	ENSG00000166928	MS4A14
12	107768524	107768604	ENSG00000200897	SNORD74
17	16915228	16918304	ENSG00000260328	RP11-416I2.1
12	107880288	107880412	ENSG00000222302	RNA5SP371
HG7_PATCH	142285819	142286316	ENSG00000261601	TRBV10-3
4	110661852	110723335	ENSG00000205403	CFI
HG79_PATCH	136232087	136236704	ENSG00000261361	SURF2
17	16979352	16981066	ENSG00000225442	MPRIP-AS1
11	64358113	64369820	ENSG00000197891	SLC22A12
2	11988748	12718474	ENSG00000224184	AC096559.1
17	73262309	73267308	ENSG00000125457	MIF4GD
HG7_PATCH	142296465	142296947	ENSG00000260705	TRBV11-3
17	17071260	17088868	ENSG00000263624	RP11-45M22.3
16	1031252	1031663	ENSG00000269047	AC009041.2
11	111222977	111326355	ENSG00000110777	POU2AF1
17	72931814	72946087	ENSG00000182938	OTOP3
17	17073397	17073503	ENSG00000206859	RNU6-767P
HG7_PATCH	142302038	142302543	ENSG00000260904	TRBV12-3
17	17081729	17082020	ENSG00000243370	RN7SL775P
2	230628554	230787955	ENSG00000153827	TRIP12
15	66679155	66784650	ENSG00000169032	MAP2K1
17	17138747	17139432	ENSG00000266498	RP11-45M22.5
14	34901995	34931562	ENSG00000165389	SPTSSA
16	1031808	1036979	ENSG00000005513	SOX8
HG7_PATCH	142305349	142305854	ENSG00000259824	TRBV12-4
17	17145324	17146200	ENSG00000226359	AC055811.5
9	131037658	131051269	ENSG00000175854	SWI5
3	167453031	167543356	ENSG00000163536	SERPINI1
17	21100593	21117937	ENSG00000178307	TMEM11
2	103236166	103327777	ENSG00000115616	SLC9A2
19	58727546	58727927	ENSG00000213013	RPS15AP36
1	207070788	207077484	ENSG00000162892	IL24
19	58735872	58736835	ENSG00000268866	AC020915.2
10	89754375	89754452	ENSG00000200891	SNORD74
10	89807892	89809580	ENSG00000227905	MED6P1
6	33282183	33285719	ENSG00000236104	ZBTB22
10	90345395	90345490	ENSG00000201548	Y_RNA
19	58768639	58790174	ENSG00000268516	CTD-3138B18.5
5	111497182	111497314	ENSG00000238363	SNORA13
10	90377980	90378691	ENSG00000237205	RPL7P34
10	90459440	90460158	ENSG00000271408	RP11-186O14.7
11	123925577	123926414	ENSG00000213182	OR10D5P
10	90487242	90488671	ENSG00000226358	KRT8P38
11	64945077	64949305	ENSG00000254614	AP003068.23
11	123964289	123965239	ENSG00000186268	OR10D4P
14	34985135	35008916	ENSG00000129518	EAPP
12	108003811	108011498	ENSG00000257579	RP11-128P10.1
11	123975807	123976675	ENSG00000213181	OR10N1P
11	124029128	124030063	ENSG00000196403	OR10D1P
X	77320685	77384793	ENSG00000102144	PGK1
Y	8132490	8145229	ENSG00000225809	RBMY2KP
19	58778001	58779051	ENSG00000268201	CTD-3138B18.6
11	124077890	124078822	ENSG00000239426	OR8F1P
17	17145878	17145961	ENSG00000265109	AC055811.1
2	176788620	176867567	ENSG00000144320	KIAA1715
16	1122756	1131454	ENSG00000162009	SSTR5
17	27232268	27278789	ENSG00000109118	PHF12
5	111509267	111511245	ENSG00000250882	CTC-459M5.1
17	17286691	17287326	ENSG00000215030	RPL13P12
11	124085346	124086394	ENSG00000255425	OR8G3P
7	32991038	32991268	ENSG00000224573	AC083863.5
17	17325995	17327018	ENSG00000227158	AC073621.2
8	17721889	17767874	ENSG00000104760	FGL1
7	33041562	33041666	ENSG00000252821	RNU6-388P
19	58816715	58827023	ENSG00000142396	ERVK3-1
7	33075824	33075994	ENSG00000229054	AC074338.4
3	138543905	138545171	ENSG00000241429	EEF1A1P25
12	108044566	108044669	ENSG00000222160	Y_RNA
5	141371314	141392606	ENSG00000113552	GNPDA1
14	97263641	97398059	ENSG00000100749	VRK1
11	124095437	124096365	ENSG00000181214	OR8G2P
12	108113376	108113910	ENSG00000240441	RP11-864J10.2
7	33085412	33085702	ENSG00000241420	RN7SL505P
22	30279144	30426855	ENSG00000100330	MTMR3
5	10137250	10138477	ENSG00000249807	CTD-2199O4.1
12	120105558	120119435	ENSG00000111725	PRKAB1
7	33155178	33155242	ENSG00000252706	snoU13
12	65675437	65680508	ENSG00000250280	RP11-305O6.3
12	108130332	108153745	ENSG00000258136	RP11-864J10.4
16	1140005	1146244	ENSG00000184471	C1QTNF8
7	33168600	33168755	ENSG00000228015	AC074338.5
3	138608097	138608799	ENSG00000242244	ATP5G1P3
11	124109121	124110228	ENSG00000254845	OR8G7P
7	33217352	33217450	ENSG00000222741	RNA5SP229
12	65812511	65813807	ENSG00000215208	KRT18P60
X	18694029	18846039	ENSG00000086717	PPEF1
5	111527717	111545836	ENSG00000251187	CTC-459M5.2
3	138654031	138662862	ENSG00000244578	RP11-548O1.3
11	124143866	124144477	ENSG00000255116	SLC5A4P1
11	124194767	124195685	ENSG00000254976	OR8B7P
11	124208679	124209558	ENSG00000255225	OR8B6P
18	24495595	24765281	ENSG00000154080	CHST9
5	10195233	10197740	ENSG00000260515	CTD-2199O4.3
10	116581503	116659591	ENSG00000151553	FAM160B1
12	65860600	66036152	ENSG00000250748	RP11-230G5.2
11	124227456	124228365	ENSG00000255030	OR8B5P
3	138800496	138801219	ENSG00000251137	RPL7L1P7
11	124235530	124236447	ENSG00000227737	OR8B1P
3	138823027	138844009	ENSG00000232416	BPESC1
11	124246773	124247697	ENSG00000229254	OR8C1P
9	131062367	131064212	ENSG00000268211	AL359091.2
5	10195299	10197734	ENSG00000271998	CTD-2199O4.7
3	139067866	139068213	ENSG00000272656	RP11-219D15.3
5	111563980	111593006	ENSG00000251076	RP11-526F3.1
5	10201621	10201960	ENSG00000196193	AC034229.1
3	139107119	139107206	ENSG00000252245	RNU6-736P
12	38599188	38599814	ENSG00000257292	RP11-266O15.4
3	182840001	182881627	ENSG00000078081	LAMP3
12	38600033	38600994	ENSG00000258360	RP11-266O15.3
3	139108657	139302161	ENSG00000248932	RP11-319G6.1
1	24128375	24165110	ENSG00000117305	HMGCL
3	42734155	42814745	ENSG00000244607	CCDC13
5	10203712	10204152	ENSG00000272417	CTD-2199O4.6
19	39287642	39287749	ENSG00000207296	RNU6-140P
12	38668250	38668351	ENSG00000253016	Y_RNA
19	39310806	39313863	ENSG00000268756	AC104534.2
5	10248437	10250027	ENSG00000248968	CTD-2256P15.1
17	62746538	62747429	ENSG00000265298	RP13-104F24.3
12	38715368	38715462	ENSG00000266333	AC117372.1
9	131071382	131085021	ENSG00000167112	TRUB2
19	39335369	39336139	ENSG00000269688	AC008982.2
12	38866646	38866722	ENSG00000256878	AC087897.1
16	52289363	52289461	ENSG00000221515	AC007333.1
19	39360799	39364403	ENSG00000269050	CTC-360G5.6
16	52292476	52314211	ENSG00000260887	RP11-142G1.2
5	111699153	111699363	ENSG00000248350	CTC-470E21.1
2	202047604	202094129	ENSG00000003400	CASP10
12	38926697	38926852	ENSG00000257645	RP11-804F13.2
7	72394956	72395663	ENSG00000272843	RP11-313P13.5
19	39425976	39429272	ENSG00000269486	CTC-360G5.9
2	12170429	12170498	ENSG00000238503	SNORD18
19	39521076	39521963	ENSG00000267992	CTB-189B5.3
3	139185272	139185637	ENSG00000248790	RP11-319G6.3
16	52586002	52686017	ENSG00000249231	CASC16
5	10264709	10267258	ENSG00000271980	CTD-2256P15.4
6	24424793	24495433	ENSG00000112293	GPLD1
3	139212651	139213779	ENSG00000178631	ACTG1P1
19	39540545	39540607	ENSG00000251709	snoU13
14	21852451	21853079	ENSG00000260830	RP11-524O1.4
19	39625522	39627103	ENSG00000269172	CTC-218B8.3
10	81891438	81905115	ENSG00000189129	PLAC9
13	36742345	36871979	ENSG00000120669	SOHLH2
5	111788400	111788686	ENSG00000248430	HMGB3P16
14	21860309	21860412	ENSG00000199436	SNORD9
7	141607613	141806547	ENSG00000257335	MGAM
19	39727073	39727933	ENSG00000268510	IFNL3P1
2	12339256	12339327	ENSG00000264089	MIR3681
14	21865451	21865560	ENSG00000200785	SNORD8
7	72418120	72425329	ENSG00000106133	NSUN5P2
12	68666223	68726161	ENSG00000111554	MDM1
2	12551524	12551627	ENSG00000207183	RNU6-843P
14	21867084	21867441	ENSG00000241035	RP11-689J19.1
HG7_PATCH	142322555	142323065	ENSG00000260481	TRBV12-5
1	45809555	45956872	ENSG00000070759	TESK2
19	39745556	39745909	ENSG00000213926	MSRB1P1
16	52641261	52647820	ENSG00000260963	RP11-297L17.2
14	21887779	21888119	ENSG00000258870	EIF4EBP1P1
11	66384097	66413940	ENSG00000248643	RBM14-RBM4
15	59063391	59154099	ENSG00000128923	FAM63B
19	39755022	39756457	ENSG00000272311	IFNL4P1
15	66782473	66790151	ENSG00000174446	SNAPC5
14	21897669	21897965	ENSG00000263621	RN7SL650P
HG7_PATCH	142329504	142329995	ENSG00000260915	TRBV14
5	10269601	10270030	ENSG00000271715	CTD-2256P15.5
19	39805291	39811498	ENSG00000268262	CTC-246B18.8
14	21152336	21167130	ENSG00000214274	ANG
14	21989234	21990794	ENSG00000257096	AE000658.22
11	4115937	4160106	ENSG00000167325	RRM1
5	111882670	111883202	ENSG00000251014	RP11-159K7.1
14	22031950	22033215	ENSG00000256737	RBBP4P5
19	39832413	39832585	ENSG00000269246	CTC-246B18.10
HG7_PATCH	142334564	142335109	ENSG00000261414	TRBV15
4	74347400	74369691	ENSG00000079557	AFM
12	128425140	128434705	ENSG00000256971	LINC00508
12	56732663	56734193	ENSG00000110944	IL23A
14	22053414	22054404	ENSG00000256081	AE000658.25
19	39859793	39860086	ENSG00000241983	RN7SL566P
2	12739113	12745271	ENSG00000223360	AC096559.2
21	38445526	38575413	ENSG00000182670	TTC3
12	128508333	128511711	ENSG00000256643	RP11-349K16.1
3	185699825	185700083	ENSG00000266670	RN7SL637P
19	39900263	39900318	ENSG00000266559	MIR4530
HG7_PATCH	142339652	142340105	ENSG00000260028	TRBV16
16	52641674	52642070	ENSG00000260393	RP11-297L17.3
3	185796959	185798736	ENSG00000234197	ETV5-AS1
19	39916575	39919055	ENSG00000269410	CTB-60E11.4
6	41651716	41703997	ENSG00000112561	TFEB
14	22070049	22070976	ENSG00000169202	OR10G1P
Y	23670185	23672356	ENSG00000242393	AC010141.4
16	52656027	52665000	ENSG00000261261	RP11-297L17.4
HG7_PATCH	142343262	142343994	ENSG00000261112	TRBV17
19	40023052	40025062	ENSG00000269792	CTB-60E11.9
5	10292153	10292260	ENSG00000252341	Y_RNA
7	109403631	109404414	ENSG00000271368	RP11-10E6.1
17	17359741	17360573	ENSG00000230865	TSEN15P1
3	186158134	186168485	ENSG00000234548	RP11-78H24.1
19	40025103	40025661	ENSG00000269584	TDGF1P7
7	109599275	109600241	ENSG00000237064	EIF3IP1
14	22080078	22080535	ENSG00000256385	AE000658.27
HG7_PATCH	142357299	142357998	ENSG00000260204	TRBV18
5	10337389	10337498	ENSG00000252671	Y_RNA
2	182321929	182400914	ENSG00000115232	ITGA4
12	128571530	128602677	ENSG00000256551	RP13-653N12.1
7	109638491	109639681	ENSG00000232199	RPL3P8
16	52689216	52689962	ENSG00000234337	RP11-297L17.6
5	111964133	111967797	ENSG00000250358	RP11-159K7.2
2	12855541	12856353	ENSG00000261117	RP11-333O1.1
19	40043674	40045996	ENSG00000269588	CTB-60E11.11
14	22117944	22118553	ENSG00000255664	ARL6IP1P1
X	153618315	153637504	ENSG00000147403	RPL10
7	110072296	110174811	ENSG00000226965	AC003088.1
HG7_PATCH	142360432	142361115	ENSG00000260424	TRBV19
14	21152746	21168735	ENSG00000259171	AL163636.6
19	55773599	55791749	ENSG00000133265	HSPBP1
18	25530930	25757410	ENSG00000170558	CDH2
14	22138203	22139150	ENSG00000180636	OR4E1
19	40074682	40077129	ENSG00000269188	CTB-60E11.12
7	110364215	110365881	ENSG00000228540	AC073326.3
HG7_PATCH	142368231	142368981	ENSG00000260050	TRBV20-1
16	52968725	52969547	ENSG00000260326	RP11-467J12.1
19	19174808	19223697	ENSG00000181035	SLC25A42
5	10352813	10353713	ENSG00000259802	CTD-2256P15.2
14	64854749	64926722	ENSG00000100714	MTHFD1
7	110568374	110568453	ENSG00000221279	AC005161.1
Y	23693725	23695897	ENSG00000228257	AC010141.6
11	66432469	66445392	ENSG00000173914	RBM4B
7	110749324	110749413	ENSG00000238922	snoU13
HG7_PATCH	142387533	142388029	ENSG00000260076	TRBV23-1
7	111034931	111035099	ENSG00000243621	AC003989.3
14	21214051	21216539	ENSG00000181562	EDDM3A
16	52976051	52977376	ENSG00000260258	RP11-467J12.2
14	22167176	22167373	ENSG00000256350	AE000658.30
12	128602762	128606497	ENSG00000256659	RP13-653N12.2
HSCHR6_MHC_COX	33089852	33093846	ENSG00000226614	SLC39A7
7	111051375	111051939	ENSG00000227948	AC003989.4
HG7_PATCH	142396838	142397350	ENSG00000260767	TRBV24-1
11	64948037	64979477	ENSG00000014216	CAPN1
14	22183018	22184486	ENSG00000248358	AE000658.31
16	53044307	53045198	ENSG00000260939	RP11-467J12.3
Y	23717738	23719956	ENSG00000227989	AC010141.8
7	111448572	111461829	ENSG00000225572	DOCK4-AS1
14	22218553	22219830	ENSG00000240954	RPL4P1
2	12877493	12877570	ENSG00000264370	MIR3125
HG7_PATCH	142406772	142408166	ENSG00000261913	MTRNR2L6
5	112113327	112113858	ENSG00000250045	CBX3P3
12	128729051	128729118	ENSG00000265061	MIR4419B
16	53069602	53086785	ENSG00000261550	RP11-467J12.4
16	29952206	29984373	ENSG00000149932	TMEM219
HG7_PATCH	142411213	142411717	ENSG00000260486	TRBV25-1
5	112114060	112114166	ENSG00000212370	RNU6-482P
3	37181818	37181921	ENSG00000199594	RNU6-1301P
16	53202434	53203362	ENSG00000261291	RP11-295M3.2
Y	23745486	23756552	ENSG00000184991	TTTY13
HSCHR6_MHC_COX	32070086	32088232	ENSG00000254778	XXbac-BCX105D18.9
7	111593708	111593820	ENSG00000222346	RNA5SP237
16	53284742	53284835	ENSG00000212582	Y_RNA
7	111611277	111612043	ENSG00000234358	AC003080.4
2	153191751	153506348	ENSG00000157827	FMNL2
14	21236586	21239107	ENSG00000181552	EDDM3B
12	128778637	128778723	ENSG00000265635	MIR3612
HG7_PATCH	142455848	142456363	ENSG00000261110	TRBV27
2	13106910	13147138	ENSG00000225649	AC064875.2
11	111322064	111328876	ENSG00000255093	RP11-794P6.2
7	111928678	111929007	ENSG00000202406	RN7SKP187
Y	23793569	23793901	ENSG00000271123	TCEB1P5
5	112220791	112221442	ENSG00000249947	XBP1P1
17	34623842	34625731	ENSG00000205021	CCL3L1
20	6748311	6760927	ENSG00000125845	BMP2
7	111968244	112049678	ENSG00000226851	AC004112.4
12	128882977	128883067	ENSG00000238895	snoU13
12	128884523	128889359	ENSG00000257025	RP11-553N19.1
1	207077731	207096592	ENSG00000162894	FAIM3
Y	23799361	23800927	ENSG00000226042	CDY10P
2	120978854	120980984	ENSG00000226479	TMEM185B
7	112012702	112013784	ENSG00000230999	MTND5P8
6	33286335	33297046	ENSG00000204209	DAXX
5	112229030	112229698	ENSG00000270067	CTC-487M23.5
18	54814293	54817531	ENSG00000228075	BOD1L2
7	112013788	112014305	ENSG00000232922	AC004112.5
2	203776937	203851786	ENSG00000138380	CARF
19	42460833	42463542	ENSG00000105404	RABAC1
3	65339200	66024509	ENSG00000151276	MAGI1
14	21249210	21250626	ENSG00000169413	RNASE6
7	112014379	112015484	ENSG00000236232	AC004112.7
11	111338251	111383079	ENSG00000137707	BTG4
7	112086219	112086430	ENSG00000180019	AC079741.2
12	128922323	128923751	ENSG00000256630	RP11-428I12.1
7	137559725	137686813	ENSG00000182158	CREB3L2
12	56735381	56753939	ENSG00000170581	STAT2
HSCHR6_MHC_APD	30302488	30322825	ENSG00000230308	TRIM39
5	112233720	112234068	ENSG00000272389	CTC-487M23.7
Y	23823812	23835894	ENSG00000237023	USP9YP3
18	55018044	55038962	ENSG00000177511	ST8SIA3
5	10441402	10441904	ENSG00000250600	ROPN1L-AS1
5	112241335	112241434	ENSG00000266499	AC008536.1
3	186172771	186211450	ENSG00000224406	RP11-48F14.1
5	10479483	10482421	ENSG00000246016	RP11-1C1.7
12	50231573	50236912	ENSG00000186666	BCDIN3D
14	21269387	21271437	ENSG00000129538	RNASE1
9	131084815	131096351	ENSG00000167113	COQ4
5	10488932	10489254	ENSG00000244361	RPL30P7
HSCHR6_MHC_COX	31853114	31901001	ENSG00000235017	C2
12	129154425	129154519	ENSG00000221749	AC107020.1
3	174156363	175523428	ENSG00000177694	NAALADL2
12	129428819	129429748	ENSG00000255838	RP11-753B7.2
2	120997640	121052289	ENSG00000144118	RALB
5	112658725	112772871	ENSG00000232633	CTD-2201G3.1
5	10493403	10494206	ENSG00000249166	RP11-1C1.6
5	10493639	10502840	ENSG00000249396	RP11-1C1.4
10	76969912	76991206	ENSG00000165637	VDAC2
12	129497881	129501208	ENSG00000256581	NLRP9P
4	74437267	74486348	ENSG00000169435	RASSF6
13	36742931	36871979	ENSG00000250709	CCDC169-SOHLH2
1	24171567	24194784	ENSG00000179163	FUCA1
17	36267501	36267607	ENSG00000201283	RNU6-489P
16	53332136	53333704	ENSG00000261056	RP11-454F8.2
17	36333639	36333776	ENSG00000270399	RP11-1407O15.3
16	1203241	1271771	ENSG00000196557	CACNA1H
17	36387075	36387176	ENSG00000207212	Y_RNA
2	13677798	13749293	ENSG00000229370	AC092635.1
3	9404526	9428475	ENSG00000134077	THUMPD3
17	36566042	36566302	ENSG00000266103	RN7SL458P
5	112829532	112829657	ENSG00000251741	RNU4ATAC13P
16	53368474	53368576	ENSG00000238645	snoU13
10	44051792	44070066	ENSG00000196793	ZNF239
16	53371365	53371483	ENSG00000202193	RNA5SP427
19	19229978	19249322	ENSG00000064545	TMEM161A
Y	23839132	23843004	ENSG00000229416	USP9YP8
11	124274130	124274998	ENSG00000255048	OR8X1P
18	55102917	55158529	ENSG00000119547	ONECUT2
16	53395931	53397590	ENSG00000259962	RP11-44F14.4
17	36606638	36608688	ENSG00000260833	AC124789.1
5	113391703	113392871	ENSG00000251628	RP11-371M22.1
7	72440227	72476445	ENSG00000174353	STAG3L3
20	62704534	62711323	ENSG00000171700	RGS19
2	13850656	14541087	ENSG00000230448	LINC00276
14	35030300	35099389	ENSG00000129515	SNX6
11	124330430	124331381	ENSG00000255510	OR8A2P
5	113589210	113589451	ENSG00000222706	RN7SKP89
17	71330523	71640228	ENSG00000069188	SDK2
11	124350895	124351819	ENSG00000229386	OR8B9P
9	19375713	19380252	ENSG00000137154	RPS6
12	129594174	129597839	ENSG00000249196	RP11-669N7.2
16	53398894	53406995	ENSG00000260078	RP11-44F14.1
11	124386207	124387138	ENSG00000254646	OR8B10P
11	124401521	124401806	ENSG00000255315	OR8A3P
5	113824694	114004107	ENSG00000246316	RP11-492A10.1
11	124408396	124409230	ENSG00000254937	RP11-728D14.6
12	50260679	50298000	ENSG00000135472	FAIM2
5	10541568	10541807	ENSG00000214179	AC112200.1
16	53407405	53418657	ENSG00000261804	RP11-44F14.2
11	124471480	124472134	ENSG00000255341	OR8Q1P
Y	23858456	23860106	ENSG00000230029	CDY11P
16	53420856	53422997	ENSG00000262714	RP11-44F14.8
HSCHR6_MHC_QBL	30557688	30575899	ENSG00000206489	PPP1R10
3	186194516	186196159	ENSG00000226859	RP11-48F14.2
11	124506355	124506488	ENSG00000200278	RNA5SP352
11	64373646	64490660	ENSG00000110076	NRXN2
11	124614530	124616233	ENSG00000255045	RP11-677M14.2
5	10627372	10628337	ENSG00000250106	ANKRD33B-AS1
3	186359299	186383496	ENSG00000236524	RP11-134F2.2
16	53477140	53477244	ENSG00000252569	RNU6-1153P
16	53482660	53483502	ENSG00000259926	RP11-44F14.5
11	124629025	124635832	ENSG00000250073	RP11-677M14.3
5	112212084	112258236	ENSG00000129625	REEP5
3	186405118	186410295	ENSG00000225175	RP11-795A2.2
11	124661124	124661556	ENSG00000254509	RP11-677M14.6
2	13863173	13898277	ENSG00000227718	AC016730.1
1	150573327	150602088	ENSG00000143420	ENSA
3	186416309	186426363	ENSG00000226724	RP11-795A2.3
11	124670346	124704383	ENSG00000245498	RP11-677M14.7
5	113911738	113915667	ENSG00000251542	CTC-313D10.1
15	59157374	59389618	ENSG00000157450	RNF111
2	74756504	74760472	ENSG00000115317	HTRA2
11	124677718	124678165	ENSG00000254941	RP11-677M14.5
11	66452719	66496697	ENSG00000173898	SPTBN2
5	114366970	114367591	ENSG00000251132	RP11-438C19.2
3	186435038	186478330	ENSG00000197099	RP11-573D15.8
11	124712964	124713043	ENSG00000215942	AP000866.1
13	36801182	36871977	ENSG00000242715	CCDC169
11	124753587	124757685	ENSG00000254568	RP11-664I21.5
5	10652323	10656037	ENSG00000251196	RP11-54F2.1
11	124958377	124960411	ENSG00000203306	AP001007.1
5	114423589	114424172	ENSG00000250242	RP11-438C19.1
16	29984962	30003582	ENSG00000149930	TAOK2
18	55215515	55254004	ENSG00000066926	FECH
11	124983057	124996677	ENSG00000187686	KRT18P59
3	141457046	141466402	ENSG00000114125	RNF7
5	10654332	10657928	ENSG00000272016	RP11-215G15.5
11	111385510	111407756	ENSG00000183644	C11orf88
14	67227250	67227736	ENSG00000258796	CTD-2560C21.1
8	17780349	17885478	ENSG00000078674	PCM1
6	161412759	161538417	ENSG00000085511	MAP3K4
5	114484461	114485341	ENSG00000250472	TRIM36-IT1
11	125002743	125009483	ENSG00000255475	RP11-687M24.4
10	90545357	90546818	ENSG00000235150	RCBTB2P1
3	185764097	185828107	ENSG00000244405	ETV5
20	62711526	62731996	ENSG00000125510	OPRL1
11	125028357	125034505	ENSG00000254880	RP11-687M24.5
14	67435755	67436533	ENSG00000258490	RP11-862P13.1
5	114524260	114524629	ENSG00000249791	CTC-428G20.2
HSCHR6_MHC_SSTO	31974391	31995048	ENSG00000228454	C4B
11	125058011	125061300	ENSG00000259290	RP11-687M24.7
10	90636207	90637301	ENSG00000234256	PTCD2P2
2	14414746	14414849	ENSG00000251859	RNU6-1288P
14	67665779	67667044	ENSG00000258988	RP11-125H8.1
5	114539713	114541943	ENSG00000248175	CTC-428G20.3
3	129247483	129254012	ENSG00000163914	RHO
14	67806785	67806893	ENSG00000199755	Y_RNA
7	33316446	33316703	ENSG00000224946	AC007312.3
10	44101855	44113351	ENSG00000198298	ZNF485
2	14756552	14770316	ENSG00000228505	AC011897.2
7	33419576	33420498	ENSG00000238090	AC006195.2
7	33769904	33771676	ENSG00000227481	RP11-89N17.2
17	21142183	21156722	ENSG00000154035	C17orf103
5	114598202	114599145	ENSG00000271797	CTC-428G20.6
7	112160543	112161725	ENSG00000182965	NPM1P14
X	18910418	19002716	ENSG00000044446	PHKA2
7	33832780	33842768	ENSG00000236494	RP11-89N17.4
5	94799599	94890711	ENSG00000198677	TTC37
7	112262433	112348135	ENSG00000223646	AC002463.3
3	50357458	50365682	ENSG00000114383	TUSC2
7	33908113	33913843	ENSG00000233219	RP11-89N17.3
5	10664607	10665225	ENSG00000251548	RP11-215G15.4
5	114600366	114601161	ENSG00000243304	CTC-428G20.1
9	19408925	19452018	ENSG00000177076	ACER2
19	47990894	48018497	ENSG00000105402	NAPA
5	114624733	114625027	ENSG00000250197	HMGN1P15
7	112375221	112378748	ENSG00000225358	MIPEPP1
1	207101863	207119811	ENSG00000162896	PIGR
5	114725340	114728067	ENSG00000249026	CTNNAP1
14	22248785	22248866	ENSG00000222776	AE000659.1
6	27253682	27279949	ENSG00000158553	POM121L2
15	66790355	66816870	ENSG00000174444	RPL4
14	22297692	22298223	ENSG00000256474	TRAV11
4	110736666	110745893	ENSG00000109534	GAR1
5	10761177	10770406	ENSG00000272324	CTD-2154B17.4
14	67908572	67908647	ENSG00000265993	MIR5694
14	22371257	22371778	ENSG00000256379	TRAV8-5
14	68077703	68080581	ENSG00000259502	RP11-643G16.3
3	87791693	87791799	ENSG00000200703	RNU6-873P
5	114738077	114738659	ENSG00000248722	AK3P4
6	46671938	46703430	ENSG00000146070	PLA2G7
3	87959370	87959495	ENSG00000221059	RNU6ATAC6P
14	22418629	22418877	ENSG00000258482	TRAV15
5	114825331	114825628	ENSG00000249944	CTB-161J7.1
3	88144558	88145118	ENSG00000241535	CBX5P1
14	22431047	22431270	ENSG00000258557	AE000659.41
14	68081646	68083343	ENSG00000259648	RP11-643G16.4
5	114829254	114829518	ENSG00000249433	CTB-161J7.2
3	88366306	88368172	ENSG00000242159	ABCF2P1
22	30476163	30573064	ENSG00000176635	HORMAD2
1	24197016	24285549	ENSG00000188822	CNR2
14	22480149	22483203	ENSG00000258705	AE000660.4
19	58822283	58822368	ENSG00000264333	AC020915.1
2	15026771	15047788	ENSG00000235127	AC068286.1
12	56495115	56503073	ENSG00000257411	RP11-603J24.9
19	58830643	58831855	ENSG00000269794	AC010642.2
17	17363758	17363836	ENSG00000201741	Y_RNA
2	15537559	15537906	ENSG00000229087	RP11-32P22.1
15	32933877	32989299	ENSG00000166922	SCG5
HSCHR6_MHC_COX	31485454	31501810	ENSG00000225073	DDX39B
17	17410665	17411622	ENSG00000265511	RP11-524F11.1
5	114847774	114849391	ENSG00000250444	CCT5P1
5	10775170	10777174	ENSG00000250576	CTD-2154B17.1
17	17481945	17482053	ENSG00000206730	RNU6-468P
6	27342394	27371683	ENSG00000124613	ZNF391
17	17494742	17513799	ENSG00000264666	RP11-524F11.2
19	58858220	58874117	ENSG00000268230	CTD-2619J13.8
20	62714733	62715712	ENSG00000171695	C20orf201
14	68084019	68084132	ENSG00000201529	Y_RNA
17	17577340	17581002	ENSG00000223979	SMCR2
14	68119017	68119331	ENSG00000258626	COX7A2P1
2	15704294	15713992	ENSG00000234022	AC008278.2
3	129262057	129270310	ENSG00000178804	H1FOO
5	114937754	114956356	ENSG00000249249	AC010226.4
3	13521224	13547916	ENSG00000163517	HDAC11
17	37844167	37886679	ENSG00000141736	ERBB2
17	17662468	17674135	ENSG00000237328	RAI1-AS1
1	24285599	24289952	ENSG00000189266	PNRC2
HSCHR6_MHC_APD	30321146	30322899	ENSG00000241779	RPP21
5	11027312	11027419	ENSG00000207312	RNU6-429P
17	17680000	17682843	ENSG00000226746	SMCR5
17	17681095	17682408	ENSG00000264167	RP1-253P7.1
5	12297511	12297616	ENSG00000212305	RNU6-679P
17	62758030	62758828	ENSG00000263647	RP11-927P21.5
11	60197062	60222687	ENSG00000166930	MS4A5
HSCHR6_MHC_COX	32080837	32084535	ENSG00000242038	EGFL8
17	17717150	17717245	ENSG00000207839	MIR33B
2	15808808	15820608	ENSG00000224194	AC008278.3
20	62737173	62738524	ENSG00000125522	NPBWR2
17	17761583	17762295	ENSG00000197815	AC122129.1
3	167726465	167813763	ENSG00000173905	GOLIM4
17	62774960	62775055	ENSG00000265982	RP11-927P21.4
2	69546905	69614382	ENSG00000198380	GFPT1
10	134598297	134599556	ENSG00000148826	NKX6-2
3	113724680	113807269	ENSG00000151576	QTRTD1
5	115027159	115027864	ENSG00000249021	CTC-505O3.3
19	58859117	58866549	ENSG00000268895	A1BG-AS1
17	17884506	17884886	ENSG00000230273	AC087163.3
5	12554002	12574749	ENSG00000248783	RP11-308B16.2
9	19507450	19786926	ENSG00000155886	SLC24A2
5	68710939	68740157	ENSG00000152939	MARVELD2
15	101459420	101610317	ENSG00000154237	LRRK1
17	17904415	17904509	ENSG00000201378	Y_RNA
9	131102925	131123749	ENSG00000167114	SLC27A4
17	17913957	17915136	ENSG00000232344	AC087163.2
5	115091341	115091983	ENSG00000248709	CTC-505O3.2
17	33474836	33516364	ENSG00000141161	UNC45B
2	15941871	15951001	ENSG00000237326	AC113608.1
5	115106283	115106686	ENSG00000251118	CTC-505O3.1
14	22610887	22610964	ENSG00000238634	AE000660.1
17	62775377	62833272	ENSG00000214176	PLEKHM1P
14	22623012	22623571	ENSG00000258835	TRAV28
5	115110016	115110199	ENSG00000222598	RNU2-49P
17	18049866	18049969	ENSG00000238691	snoU13
5	12574969	12804475	ENSG00000248131	CT49
17	18075939	18088067	ENSG00000266677	RP11-258F1.1
17	36337717	36421858	ENSG00000174093	RP11-1407O15.2
3	50367219	50378411	ENSG00000068028	RASSF1
6	27418522	27440897	ENSG00000096654	ZNF184
5	115310210	115311972	ENSG00000248295	CTC-555I19.1
6	41653964	41654127	ENSG00000268275	AL035588.1
19	58869365	58870969	ENSG00000268049	CTD-2619J13.9
19	58873951	58877958	ENSG00000269054	CTD-2619J13.3
10	116697952	116737430	ENSG00000165832	TRUB1
2	16005059	16005175	ENSG00000202160	RNU5E-7P
19	42470734	42501649	ENSG00000105409	ATP1A3
19	58874805	58874929	ENSG00000252211	RNA5SP473
19	58898137	58898225	ENSG00000266640	MIR4754
22	30636436	30642840	ENSG00000128342	LIF
4	110749150	110765760	ENSG00000180245	RRH
19	58911588	58912046	ENSG00000268307	CTD-2619J13.13
5	115365715	115365808	ENSG00000221778	AC034236.2
5	115378868	115378958	ENSG00000220996	AC034236.1
19	58915605	58919851	ENSG00000232098	CTD-2619J13.14
2	16010063	16010367	ENSG00000214657	RP11-120J4.1
20	62783144	62873604	ENSG00000196132	MYT1
5	115387607	115387986	ENSG00000185641	CTD-2287O16.1
2	16043792	16043895	ENSG00000238371	snoU13
17	18684308	18710027	ENSG00000171928	TVP23B
5	157052687	157098488	ENSG00000039600	SOX30
2	1635659	1748624	ENSG00000130508	PXDN
5	12599735	12599812	ENSG00000264921	AC106771.1
19	58929927	58930677	ENSG00000268543	CTD-2619J13.16
6	41704449	41721847	ENSG00000096088	PGC
19	58939999	58942515	ENSG00000268912	CTD-2619J13.17
HG256_PATCH	13984236	14289351	ENSG00000262655	SPON1
17	21187984	21218552	ENSG00000034152	MAP2K3
19	58951815	58957216	ENSG00000269473	CTD-2619J13.19
2	16060521	16076139	ENSG00000223850	MYCNUN
19	58986722	58987130	ENSG00000269106	CTD-2619J13.23
2	121103719	121109384	ENSG00000163083	INHBB
19	58995116	58995210	ENSG00000252334	RNU6-1337P
11	60223225	60238233	ENSG00000156738	MS4A1
11	111411005	111432264	ENSG00000204381	LAYN
19	59002214	59002488	ENSG00000265272	RN7SL693P
5	12794212	12794843	ENSG00000251112	RP11-419C19.3
1	207131310	207143970	ENSG00000162897	FCAMR
19	59054670	59054945	ENSG00000264910	RN7SL525P
19	44100769	44118649	ENSG00000226763	SRRM5
5	115413807	115414267	ENSG00000272265	CTD-2287O16.4
19	59070496	59086164	ENSG00000267858	AC016629.8
22	30658818	30662829	ENSG00000099985	OSM
17	62813308	62813597	ENSG00000263804	RN7SL409P
5	115419504	115421113	ENSG00000271918	CTD-2287O16.5
16	68263014	68272005	ENSG00000103067	ESRP2
17	62821883	62821937	ENSG00000252242	RNU7-115P
2	96940074	96971297	ENSG00000144028	SNRNP200
17	62843504	62843846	ENSG00000272400	RP11-927P21.7
17	62867622	62867902	ENSG00000264840	RN7SL404P
10	91461367	91534700	ENSG00000138182	KIF20B
17	18171394	18172142	ENSG00000260647	RP1-178F10.1
5	12794843	12795634	ENSG00000249053	RP11-419C19.1
17	62877209	62877299	ENSG00000272134	RP11-927P21.8
5	34838938	34899561	ENSG00000205838	TTC23L
HSCHR6_MHC_DBB	31072775	31074111	ENSG00000225543	C6orf15
6	27775257	27775709	ENSG00000185130	HIST1H2BL
17	62888846	62888963	ENSG00000272220	RP11-927P21.9
17	18215218	18215965	ENSG00000228000	RPL7AP65
2	16061159	16082371	ENSG00000233718	MYCNOS
17	62888847	62906298	ENSG00000265218	RP11-927P21.1
17	18216074	18216847	ENSG00000237382	RPL21P121
5	115524152	115524249	ENSG00000212457	RNU6-644P
2	121221911	121223697	ENSG00000268194	LINC01101
5	115553723	115553992	ENSG00000232916	HMGN2P27
19	59084870	59111168	ENSG00000213753	CENPBD1P1
17	26833261	26865914	ENSG00000109101	FOXN1
17	18227536	18229211	ENSG00000267350	RP1-178F10.3
5	115638051	115639831	ENSG00000250015	CTC-339F2.2
19	44111371	44124026	ENSG00000131116	ZNF428
HG256_PATCH	14299511	14386053	ENSG00000262489	RRAS2
6	37012607	37013177	ENSG00000226976	COX6A1P2
17	18283169	18292298	ENSG00000264177	RP1-37N7.1
16	21890659	21930477	ENSG00000185710	RP11-645C24.2
HSCHR6_MHC_DBB	31076302	31101556	ENSG00000233439	PSORS1C1
17	18292185	18292773	ENSG00000267441	RP1-37N7.5
5	115780104	115780830	ENSG00000256121	AC010296.1
17	18296794	18304275	ENSG00000204471	TBC1D3P4
17	62895884	62896834	ENSG00000266644	RP11-927P21.2
HG256_PATCH	14156533	14156647	ENSG00000262307	5S_rRNA
HG256_PATCH	14284393	14295238	ENSG00000262344	RP11-21L19.1
10	49654077	49864310	ENSG00000128805	ARHGAP22
10	46951472	46966835	ENSG00000231187	RP11-38L15.3
6	37137979	37143202	ENSG00000137193	PIM1
HSCHR6_MHC_APD	30517400	30529581	ENSG00000206412	GNL1
5	115783243	115843972	ENSG00000248445	CTB-118N6.3
18	28569974	28622781	ENSG00000134762	DSC3
19	44126520	44143991	ENSG00000105767	CADM4
10	90692400	90700368	ENSG00000180139	ACTA2-AS1
5	68788119	68853931	ENSG00000197822	OCLN
19	59093391	59093976	ENSG00000268784	MGC2752
19	59097525	59097723	ENSG00000269032	AC016629.7
10	47011753	47174018	ENSG00000223477	LINC00842
9	20341663	20622542	ENSG00000171843	MLLT3
10	90775593	90776816	ENSG00000261438	RP11-399O19.9
14	101404524	101404601	ENSG00000272474	SNORD113-5
22	30681106	30685616	ENSG00000239282	GATSL3
5	12914180	13032998	ENSG00000248457	RP11-419C19.2
19	59105263	59110722	ENSG00000269600	AC016629.3
14	98215601	98230326	ENSG00000258869	RP11-204N11.1
4	170533784	170644824	ENSG00000109572	CLCN3
14	101405405	101405475	ENSG00000252144	SNORD112
Y	21737895	21738068	ENSG00000269084	AC009977.1
10	90820788	90820888	ENSG00000238991	snoU13
10	47133338	47133898	ENSG00000213412	HNRNPA1P33
14	101405893	101405968	ENSG00000200215	SNORD113-6
10	90823092	90823168	ENSG00000265375	MIR4679-2
1	1138888	1142071	ENSG00000186891	TNFRSF18
7	41724712	41742706	ENSG00000122641	INHBA
12	65953371	65954669	ENSG00000255866	RP11-221N13.2
14	22645170	22645761	ENSG00000249048	TRAV31
14	101406904	101406974	ENSG00000251918	SNORD112
10	90898801	90899215	ENSG00000233292	RP11-341B24.3
14	101407463	101407539	ENSG00000200632	SNORD113-7
14	22653458	22653953	ENSG00000258905	TRAV32
10	47174442	47174739	ENSG00000270369	RP11-144G6.13
12	65996649	66006777	ENSG00000256268	RP11-221N13.3
14	101409788	101409861	ENSG00000200367	SNORD113-8
14	22658052	22658607	ENSG00000258812	TRAV33
6	106534195	106557814	ENSG00000057657	PRDM1
10	47186203	47192185	ENSG00000224919	RP11-144G6.4
HG79_PATCH	136236984	136251634	ENSG00000260181	SURF4
11	60260251	60274903	ENSG00000071203	MS4A12
19	48023942	48059113	ENSG00000118156	ZNF541
14	22733632	22734147	ENSG00000259068	TRAV37
17	34639793	34641846	ENSG00000197262	CCL4L2
5	13174877	13174960	ENSG00000222717	AC016553.1
2	97464015	97464090	ENSG00000264157	MIR3127
12	50344524	50352664	ENSG00000167580	AQP2
10	47207805	47243502	ENSG00000254929	RP11-144G6.12
5	13175958	13179684	ENSG00000248145	CTC-305H11.1
13	36875775	36944317	ENSG00000133104	SPG20
2	97477976	97479394	ENSG00000273265	RP11-353K11.1
5	13250347	13250774	ENSG00000242608	RPS23P5
19	40079595	40079765	ENSG00000244253	RPS29P24
5	13553763	13554075	ENSG00000248462	CTD-2042D5.1
2	97622445	97622552	ENSG00000252845	RNA5SP101
10	47222341	47222456	ENSG00000252877	RNA5SP312
15	42783431	42837547	ENSG00000092531	SNAP23
17	26873725	26879686	ENSG00000109103	UNC119
17	4336983	4391503	ENSG00000182557	SPNS3
19	40081621	40081791	ENSG00000243581	RPS29P25
2	44589089	44999731	ENSG00000143919	CAMKMT
2	97647019	97647121	ENSG00000238760	snoU13
16	1271651	1275257	ENSG00000116176	TPSG1
2	121493199	121750229	ENSG00000074047	GLI2
2	97684080	97684341	ENSG00000248134	AC079395.1
5	13638028	13638490	ENSG00000243744	CTC-232H10.1
10	47228366	47241942	ENSG00000251079	BMS1P2
11	65029233	65073060	ENSG00000014138	POLA2
1	207191866	207206101	ENSG00000182795	C1orf116
19	40088472	40088642	ENSG00000239320	RPS29P26
4	110769358	110793471	ENSG00000183423	LRIT3
5	115898258	115898626	ENSG00000239528	CTB-118N6.1
7	34249138	34295955	ENSG00000236212	AC009262.2
5	13860447	13897880	ENSG00000251423	CTB-51A17.1
10	116853124	117708503	ENSG00000107518	ATRNL1
19	8554940	8567996	ENSG00000133246	PRAM1
7	34337108	34337210	ENSG00000202431	RNU6-438P
19	40121940	40122086	ENSG00000269519	AC005176.1
7	34352562	34352657	ENSG00000265985	AC005686.1
2	16090812	16091103	ENSG00000243541	RN7SL104P
14	98391947	98444461	ENSG00000246223	C14orf64
19	40129325	40133041	ENSG00000268153	AC005176.2
9	131133598	131153015	ENSG00000167118	URM1
11	818902	825573	ENSG00000177666	PNPLA2
12	108193412	108193497	ENSG00000263632	AC126177.1
5	14620129	14621422	ENSG00000248791	CTD-2165H16.3
2	97691718	97697373	ENSG00000144188	TRIM43CP
Y	8148239	8150250	ENSG00000215601	TSPY24P
11	60282886	60310194	ENSG00000204979	MS4A13
HSCHR6_MHC_DBB	33108368	33138186	ENSG00000230930	COL11A2
12	108226635	108228807	ENSG00000257141	RP11-554D14.7
7	34386124	34911194	ENSG00000197085	NPSR1-AS1
Y	8218972	8220184	ENSG00000224634	ZNF736P6Y
2	16137171	16203007	ENSG00000226764	AC010145.4
19	40135142	40135252	ENSG00000268243	AC005176.3
12	108233068	108258339	ENSG00000257398	RP11-554D14.6
12	112464500	112546826	ENSG00000111300	NAA25
17	62902001	62902136	ENSG00000271974	RP11-927P21.12
5	14639535	14641127	ENSG00000250526	CCT6P2
4	25121627	25162204	ENSG00000109618	SEPSECS
8	92967203	93115514	ENSG00000079102	RUNX1T1
5	115910178	115927094	ENSG00000249167	CTB-118N6.2
17	8054134	8066293	ENSG00000263620	RP11-599B13.6
19	44150247	44174699	ENSG00000011422	PLAUR
3	139213460	139213543	ENSG00000263538	AC097103.1
16	1277272	1280214	ENSG00000197253	TPSB2
17	62923752	62930321	ENSG00000264057	RP11-583F2.1
3	139301770	139302435	ENSG00000214280	RP11-553K23.2
20	62887094	62926855	ENSG00000203880	PCMTD2
12	38937979	38983614	ENSG00000258119	RP11-804F13.1
10	89117425	89130452	ENSG00000214562	NUTM2D
17	36757302	36758954	ENSG00000265130	CTB-58E17.2
2	16190549	16225923	ENSG00000236289	AC130710.1
1	1146706	1149518	ENSG00000186827	TNFRSF4
12	39300253	39303394	ENSG00000257718	RP11-396F22.1
17	36777453	36777733	ENSG00000265081	RN7SL102P
1	207217194	207226325	ENSG00000180667	YOD1
5	116051929	116052387	ENSG00000197575	RPS17P2
15	59171244	59225852	ENSG00000137776	SLTM
12	39307042	39307128	ENSG00000252801	AC067735.1
17	36858515	36858584	ENSG00000265930	MIR4734
12	39388605	39390684	ENSG00000257586	RP11-554L12.3
17	36858705	36861000	ENSG00000261005	CTB-58E17.1
17	62932603	62936347	ENSG00000266155	RP11-927P21.6
15	33010175	33026870	ENSG00000166923	GREM1
17	8062467	8066864	ENSG00000220205	VAMP2
17	36859733	36862514	ENSG00000266040	CTB-58E17.3
10	134621896	134756327	ENSG00000171811	TTC40
HSCHR6_MHC_APD	30635497	30649062	ENSG00000227222	DHX16
17	62936700	62937105	ENSG00000272346	RP11-927P21.11
12	39451830	39453735	ENSG00000257237	RP11-554L12.2
17	36871581	36876525	ENSG00000263975	CTB-58E17.9
7	112594701	112635689	ENSG00000234520	AC018464.3
HG7_PATCH	142461162	142461662	ENSG00000259851	TRBV28
17	62936720	62952664	ENSG00000232457	SLC16A6P1
2	97700179	97700443	ENSG00000230343	AC018892.8
17	36875944	36876001	ENSG00000266632	MIR4726
5	116078687	116097905	ENSG00000251311	RP11-249M12.2
5	14652047	14653438	ENSG00000250182	EEF1A1P13
12	39481515	39486676	ENSG00000258144	RP11-554L12.1
17	36888055	36888173	ENSG00000200115	RNA5SP440
17	36911532	36911653	ENSG00000252278	RNU6-866P
3	9439299	9520924	ENSG00000168137	SETD5
7	34750369	34751092	ENSG00000235379	RPL7P31
HG7_PATCH	142480719	142481407	ENSG00000261450	TRBV29-1
7	112740718	112786385	ENSG00000225457	RP11-736E3.1
HSCHR6_MHC_DBB	31076642	31081981	ENSG00000237123	CDSN
19	19256376	19302967	ENSG00000064489	MEF2BNB-MEF2B
12	39564448	39564682	ENSG00000270718	RP11-421H10.2
1	24291294	24307417	ENSG00000188529	SRSF10
12	39836850	39836918	ENSG00000252974	AC121334.1
3	42734155	42744319	ENSG00000010282	HHATL
17	79495422	79504156	ENSG00000186765	FSCN2
17	62939380	62947172	ENSG00000265912	RP11-583F2.2
12	120123595	120315095	ENSG00000122966	CIT
7	113055744	113056377	ENSG00000270997	RP11-703P11.1
3	129274018	129325661	ENSG00000004399	PLXND1
17	62947616	62947727	ENSG00000272006	RP11-583F2.6
7	113937169	113937484	ENSG00000236580	RP11-95P9.1
2	97701198	97703286	ENSG00000236847	AC018892.3
5	157098561	157107151	ENSG00000187658	C5orf52
2	16225344	16245963	ENSG00000236989	AC142119.1
HG7_PATCH	142489985	142493589	ENSG00000261473	PRSS1
17	62962668	62971694	ENSG00000214174	AMZ2P1
7	34789865	34791665	ENSG00000230356	NCAPD2P1
13	36920568	36943738	ENSG00000120664	SPG20OS
Y	8231577	8232000	ENSG00000223955	MTND6P1
7	72440345	72442258	ENSG00000205584	AC005488.11
7	114054299	114059930	ENSG00000224595	AC073626.2
4	110834040	110933422	ENSG00000138798	EGF
Y	21865751	21906825	ENSG00000012817	KDM5D
3	141496990	141537332	ENSG00000114124	GRK7
Y	8232073	8233191	ENSG00000234179	MTCYBP1
7	114253842	114253961	ENSG00000202334	RNA5SP238
7	34793036	34793333	ENSG00000242653	RN7SL132P
14	101411986	101412057	ENSG00000201950	SNORD113-9
7	114269910	114270011	ENSG00000266229	AC020606.1
5	14661917	14664713	ENSG00000261360	CTD-2165H16.4
7	34932029	34932161	ENSG00000251802	SNORA31
6	52696453	52710893	ENSG00000182793	GSTA5
7	114293400	114293510	ENSG00000272230	MIR3666
7	34980372	34980446	ENSG00000221669	MIR548N
2	103332299	103353347	ENSG00000135953	MFSD9
7	114701591	114871409	ENSG00000233607	AC068610.5
5	157158205	157168456	ENSG00000113272	THG1L
7	35119601	35225934	ENSG00000189212	DPY19L2P1
7	114719012	114766368	ENSG00000225535	AC068610.3
12	50355653	50359464	ENSG00000161798	AQP5
19	55793440	55823901	ENSG00000160469	BRSK1
19	8575462	8579048	ENSG00000133250	ZNF414
3	136665072	136729927	ENSG00000174564	IL20RB
22	30681227	30695471	ENSG00000248751	RP1-130H16.18
7	3179868	3214287	ENSG00000217455	AC091801.1
HSCHR6_MHC_DBB	30584860	30604840	ENSG00000229061	ATAT1
6	37179956	37225931	ENSG00000172738	TMEM217
HG7_PATCH	142531859	142535452	ENSG00000262739	PRSS2
7	114776529	114777274	ENSG00000226962	RAC1P6
6	35310335	35395968	ENSG00000112033	PPARD
16	21900888	21900991	ENSG00000238712	snoU13
6	145822719	146057160	ENSG00000112425	EPM2A
16	21950186	21956451	ENSG00000257408	RP11-645C24.4
7	114847948	114848050	ENSG00000199764	Y_RNA
7	115143421	115144135	ENSG00000244565	RP11-222O23.1
HSCHR6_MHC_COX	33094049	33096234	ENSG00000228712	HSD17B8
2	16330519	16330662	ENSG00000271315	WI2-2221J1.1
15	33057747	33486897	ENSG00000248905	FMN1
6	161551011	161695093	ENSG00000026652	AGPAT4
7	115221369	115221496	ENSG00000202377	SNORA25
16	22009631	22010977	ENSG00000260395	CTD-2649C14.1
1	1152288	1167411	ENSG00000078808	SDF4
17	72946838	72969261	ENSG00000167861	HID1
13	37005967	37017019	ENSG00000133101	CCNA1
14	99177950	99184098	ENSG00000176605	C14orf177
9	131174030	131199626	ENSG00000167123	CERCAM
1	150618701	150669630	ENSG00000143457	GOLPH3L
16	22094577	22103552	ENSG00000260277	RP11-101E7.2
3	141594966	141645356	ENSG00000069849	ATP1B3
2	16380471	16380563	ENSG00000251704	SNORA40
2	16383698	16385494	ENSG00000226041	AC010745.1
5	127593601	127994878	ENSG00000138829	FBN2
12	8185299	8208099	ENSG00000065970	FOXJ2
20	172864	172940	ENSG00000255743	AL360078.1
HSCHR6_MHC_QBL	30574996	30583682	ENSG00000203624	MRPS18B
HSCHR6_MHC_DBB	31099052	31100868	ENSG00000232127	PSORS1C2
20	247827	249498	ENSG00000272874	RP5-1103G7.10
16	1290697	1292555	ENSG00000172236	TPSAB1
20	278214	280961	ENSG00000247315	AL034548.1
2	16405315	16410408	ENSG00000228876	AC010745.2
19	48111453	48206533	ENSG00000063169	GLTSCR1
HG7_PATCH	142552587	142554261	ENSG00000262134	TRBC1
20	300957	328868	ENSG00000225377	RP5-1103G7.4
11	65082289	65089900	ENSG00000149798	CDC42EP2
17	63048027	63049426	ENSG00000266598	RP11-583F2.5
HSCHR6_MHC_APD	30652415	30663921	ENSG00000230341	PPP1R18
20	431307	431406	ENSG00000206797	Y_RNA
17	63096930	63107176	ENSG00000263470	RP11-160O5.1
HG7_PATCH	142557258	142557307	ENSG00000261830	TRBJ2-1
20	820090	820620	ENSG00000101278	RPS10L
12	50360977	50370922	ENSG00000086159	AQP6
HG7_PATCH	142557453	142557503	ENSG00000261339	TRBJ2-2
5	14797234	14798509	ENSG00000249485	RBBP4P1
17	63181437	63181600	ENSG00000265883	RP11-169I9.2
HG7_PATCH	142557590	142557635	ENSG00000259960	TRBJ2-2P
17	63416701	63416778	ENSG00000265189	AC006080.1
14	68123822	68123928	ENSG00000272253	5S_rRNA
HG7_PATCH	142557740	142557788	ENSG00000260535	TRBJ2-3
17	63453659	63454526	ENSG00000263520	CTD-2535L24.3
17	63640426	63640735	ENSG00000271587	GS1-531I17.3
HG7_PATCH	142557891	142557940	ENSG00000261119	TRBJ2-4
7	99690351	99699563	ENSG00000166508	MCM7
20	1141228	1142341	ENSG00000215388	ACTG1P3
17	63651032	63651513	ENSG00000270870	GS1-531I17.2
11	826144	831991	ENSG00000177685	EFCAB4A
HG7_PATCH	142558012	142558059	ENSG00000260373	TRBJ2-5
2	16408295	16409462	ENSG00000231266	AC010745.3
17	64193811	64194356	ENSG00000266707	PSMD7P1
20	1306049	1359378	ENSG00000234684	SDCBP2-AS1
HG7_PATCH	142558132	142558184	ENSG00000260712	TRBJ2-6
1	207222801	207254369	ENSG00000123836	PFKFB2
HG7_PATCH	142558349	142558395	ENSG00000260783	TRBJ2-7
5	14826038	14826121	ENSG00000264792	MIR4637
19	44220162	44224173	ENSG00000124449	IRGC
HG7_PATCH	142561934	142563641	ENSG00000260881	TRBC2
2	16497592	16500834	ENSG00000232444	AC010745.4
10	127265091	127371713	ENSG00000175018	TEX36
14	101416170	101416241	ENSG00000199575	SNORD114-1
14	101418193	101418270	ENSG00000200823	SNORD114-2
12	39860244	39861147	ENSG00000255991	RP11-242C24.2
5	14872441	14872822	ENSG00000272057	CTB-40H15.4
8	39759794	39785963	ENSG00000131203	IDO1
14	101419686	101419760	ENSG00000201839	SNORD114-3
3	158362067	158410364	ENSG00000168827	GFM1
14	101420711	101420785	ENSG00000200832	SNORD114-4
HG7_PATCH	142573479	142574292	ENSG00000261262	TRBV30
14	101421707	101421776	ENSG00000199798	SNORD114-5
2	16535524	16613970	ENSG00000224400	AC010880.1
11	12297627	12380691	ENSG00000133808	MICALCL
14	101422577	101422649	ENSG00000200150	SNORD113
14	101423503	101423574	ENSG00000201263	SNORD114-6
11	4388493	4389616	ENSG00000221996	OR52B4
15	101715928	101792137	ENSG00000131873	CHSY1
11	65101225	65120720	ENSG00000133884	DPF2
5	14874509	14874820	ENSG00000249928	UQCRBP3
12	39933383	39933653	ENSG00000270273	RP11-242C24.3
20	1342266	1343229	ENSG00000229728	RP11-314N13.3
3	176737143	176915261	ENSG00000177565	TBL1XR1
7	3341080	4308632	ENSG00000146555	SDK1
14	101426846	101433377	ENSG00000232018	AL132709.8
12	40200897	40200976	ENSG00000223082	AC121336.1
20	1469195	1469292	ENSG00000266085	AL109658.1
6	27775899	27776429	ENSG00000196747	HIST1H2AI
17	8076555	8079717	ENSG00000179029	TMEM107
12	40213552	40213685	ENSG00000199571	SNORA22
20	1497405	1538299	ENSG00000242324	RP4-576H24.2
12	40462045	40462392	ENSG00000229014	RPL30P13
22	30687979	30723035	ENSG00000099992	TBC1D10A
5	14877776	14878028	ENSG00000250662	HNRNPKP5
10	33466420	33625190	ENSG00000099250	NRP1
12	40534728	40536678	ENSG00000260943	RP11-476D10.1
14	101429391	101429467	ENSG00000199390	SNORD114-7
12	40550041	40561509	ENSG00000223914	AC079630.2
14	101432366	101432437	ENSG00000201240	SNORD114-9
20	1509702	1509805	ENSG00000252103	RNU6-917P
14	101433389	101433460	ENSG00000200279	SNORD114-10
20	1572038	1572494	ENSG00000271523	RP4-576H24.5
14	101433989	101452987	ENSG00000271417	RP11-909M7.3
12	40579811	40617605	ENSG00000225342	AC079630.4
20	1614154	1629118	ENSG00000237914	RP11-77C3.3
16	30003645	30007757	ENSG00000149929	HIRIP3
16	68279207	68294961	ENSG00000103066	PLA2G15
12	40680091	40680464	ENSG00000229899	AC084290.2
18	55267888	55289445	ENSG00000134440	NARS
12	40789655	40837649	ENSG00000258167	RP11-115F18.1
12	56498103	56507691	ENSG00000170515	PA2G4
5	116156689	116165883	ENSG00000249150	CTC-472C24.1
12	40947963	40948069	ENSG00000207492	RNU6-713P
20	1645929	1688846	ENSG00000223750	SIRPB3P
12	41122613	41123699	ENSG00000257680	RP11-367O10.1
14	101434448	101434522	ENSG00000200608	SNORD114-11
6	106632351	106773666	ENSG00000057663	ATG5
2	97712325	97712628	ENSG00000270748	IGKV2OR2-1
3	137483579	137484396	ENSG00000168875	SOX14
12	41803269	41867312	ENSG00000257228	RP11-413B19.2
2	16704444	16710655	ENSG00000237633	AC104623.2
10	103585731	103603677	ENSG00000120049	KCNIP2
2	74759541	74782817	ENSG00000115318	LOXL3
HSCHR6_MHC_DBB	31103949	31119721	ENSG00000206355	CCHCR1
20	1647006	1647284	ENSG00000242348	RN7SL561P
10	95256389	95288849	ENSG00000138180	CEP55
17	18314473	18317694	ENSG00000220161	RP1-37N7.3
5	116355244	116355375	ENSG00000250650	RP11-492L8.1
HG7_PATCH	142615936	142632056	ENSG00000260195	EPHB6
20	1657308	1657553	ENSG00000236550	RP4-673D20.5
4	170650616	170679104	ENSG00000056050	C4orf27
2	97716466	97716765	ENSG00000271402	IGKV2OR2-2
3	37185003	37185449	ENSG00000224080	UBE2FP1
7	42000548	42277469	ENSG00000106571	GLI3
14	101435285	101435359	ENSG00000202270	SNORD114-12
12	42052478	42052595	ENSG00000252364	RNA5SP360
20	1702691	1703183	ENSG00000234282	RP4-673D20.4
HSCHR6_MHC_APD	30664073	30667446	ENSG00000228854	NRM
12	42092297	42092984	ENSG00000258239	MTND2P17
2	16909391	16948822	ENSG00000223536	AC008069.1
17	18319042	18328411	ENSG00000205266	AL353997.3
12	42093193	42094053	ENSG00000257858	MTND1P24
5	14910667	14910749	ENSG00000212036	AC016575.1
20	1737402	1739586	ENSG00000271461	RP4-673D20.6
5	116366896	116374265	ENSG00000250949	RP11-492L8.2
12	8210898	8219067	ENSG00000171860	C3AR1
16	1306060	1308532	ENSG00000095917	TPSD1
3	37223598	37224225	ENSG00000271993	RP11-285J16.1
11	111473115	111601577	ENSG00000170145	SIK2
5	14960341	14961502	ENSG00000250247	SEPHS2P1
12	42157991	42159383	ENSG00000257784	RP11-630C16.1
13	37248049	37271976	ENSG00000180440	SERTM1
20	1748603	1760641	ENSG00000232528	RP4-673D20.3
19	44235301	44259142	ENSG00000105771	SMG9
2	31133333	31378068	ENSG00000158089	GALNT14
3	37237695	37238157	ENSG00000231449	AC097359.2
2	97725682	97726152	ENSG00000204670	IGKV1OR2-3
19	48216600	48246391	ENSG00000024422	EHD2
3	137717577	137752494	ENSG00000066405	CLDN18
12	42223700	42326394	ENSG00000257239	RP11-630C16.2
18	28645940	28682378	ENSG00000134755	DSC2
3	37238232	37238335	ENSG00000238929	snoU13
3	37258270	37259479	ENSG00000271653	RP11-259K5.1
3	37283280	37285668	ENSG00000270194	RP11-259K5.2
6	10633993	10647501	ENSG00000205318	GCNT6
13	37393361	37403241	ENSG00000133111	RFXAP
3	37283303	37285686	ENSG00000176354	AC097359.1
2	17035087	17036551	ENSG00000224604	AC008069.2
20	1784662	1798252	ENSG00000230839	RP5-968J1.1
16	54015141	54015824	ENSG00000261630	RP11-357N13.3
12	42305058	42306014	ENSG00000257128	RP11-2A1.1
3	37317087	37318089	ENSG00000230409	TCEA1P2
17	18321509	18321620	ENSG00000266162	YWHAEP2
17	36982091	36982145	ENSG00000263791	MIR4727
5	116636800	116637138	ENSG00000243758	RPL35AP15
16	54032225	54033881	ENSG00000260194	RP11-357N13.2
17	18324133	18328200	ENSG00000240279	AL353997.4
17	37007777	37007912	ENSG00000252699	SNORA21
12	42463737	42464427	ENSG00000271379	RP11-440G2.2
20	1927892	1988163	ENSG00000233896	RP4-684O24.5
16	54067909	54088495	ENSG00000261049	RP11-357N13.1
17	37009116	37009247	ENSG00000199293	SNORA21
3	37383140	37383257	ENSG00000222208	RNA5SP129
17	37011567	37011923	ENSG00000244086	RPS20P35
2	17151301	17155764	ENSG00000237670	AC080094.1
3	37614642	37614704	ENSG00000239105	RNU7-73P
16	54073305	54074638	ENSG00000260936	FTO-IT1
20	2056201	2056468	ENSG00000227663	RPL7P2
5	15110895	15111029	ENSG00000202269	U8
17	37059957	37060853	ENSG00000263466	RP1-56K13.2
2	17304108	17304407	ENSG00000222842	RN7SKP168
20	2137858	2137927	ENSG00000263452	AL121899.1
17	37075054	37078022	ENSG00000265784	RP1-56K13.3
5	116751205	116881993	ENSG00000248663	LINC00992
16	54146970	54148378	ENSG00000214696	AC007347.1
20	2187863	2193797	ENSG00000226644	RP11-128M1.1
11	60467047	60483284	ENSG00000166959	MS4A8
17	37081421	37084310	ENSG00000263874	LINC00672
16	54273605	54274566	ENSG00000259759	RP11-324D17.2
17	27277531	27384234	ENSG00000179761	PIPOX
14	99635624	99737861	ENSG00000127152	BCL11B
5	15112486	15117116	ENSG00000249332	RP1-251I12.1
3	37786923	37903271	ENSG00000235257	AC093415.2
5	112227313	112228791	ENSG00000212643	ZRSR1
16	54399919	54404611	ENSG00000261803	RP11-434E6.2
17	37152576	37152877	ENSG00000265428	RP1-56K13.6
2	17465559	17466162	ENSG00000214843	ZFYVE9P2
9	20658308	20995954	ENSG00000188352	FOCAD
Y	24017478	24019697	ENSG00000229725	AC007322.1
20	2433656	2433763	ENSG00000207305	Y_RNA
2	103353367	103460352	ENSG00000170417	TMEM182
20	2443608	2443683	ENSG00000251806	SNORD119
17	37159501	37169285	ENSG00000266588	RP1-56K13.5
Y	24041541	24043706	ENSG00000251618	AC007322.3
7	76139745	76648340	ENSG00000243566	UPK3B
20	2633423	2633488	ENSG00000221062	MIR1292
5	15192248	15266650	ENSG00000248486	RP1-137K24.1
2	97746835	97748986	ENSG00000188383	AC018892.9
20	2634858	2634932	ENSG00000221116	SNORD110
6	161768452	163148803	ENSG00000185345	PARK2
13	37418968	37494902	ENSG00000120693	SMAD9
17	37182968	37183363	ENSG00000266013	CTD-2206N4.2
6	33359313	33377701	ENSG00000237649	KIFC1
Y	24065082	24067253	ENSG00000227444	AC007322.5
20	2635713	2635844	ENSG00000271798	SNORA51
16	22298029	22300059	ENSG00000261113	RP11-141O15.1
16	54583215	54583308	ENSG00000264079	AC079412.1
20	2636743	2636828	ENSG00000212498	SNORD86
16	54881159	54882145	ENSG00000261171	RP11-1136G4.1
6	27777842	27778314	ENSG00000203813	HIST1H3H
20	2637270	2637340	ENSG00000229686	SNORD56
2	17566358	17567684	ENSG00000236348	PSMC1P10
20	2637585	2637656	ENSG00000226572	SNORD57
8	144451057	144466390	ENSG00000158106	RHPN1
4	25162263	25280714	ENSG00000038210	PI4K2B
20	2644998	2646520	ENSG00000228293	RP4-686C3.7
16	22376442	22380368	ENSG00000260635	RP11-21M24.3
17	37183530	37209458	ENSG00000214553	LRRC37A11P
5	117054935	117057792	ENSG00000251477	RP11-74D3.2
20	2677351	2677781	ENSG00000180344	AL035460.1
16	22386180	22389501	ENSG00000260790	RP11-21M24.2
15	101811022	101817705	ENSG00000131871	VIMP
20	2761260	2761687	ENSG00000226217	RPL19P1
16	54952775	54963101	ENSG00000245694	CRNDE
3	168801287	169381406	ENSG00000085276	MECOM
2	18221872	18221999	ENSG00000212455	SNORA40
16	22393757	22418749	ENSG00000230872	AC092338.5
14	101436216	101436289	ENSG00000201247	SNORD114-13
20	3074861	3075153	ENSG00000263905	RN7SL555P
6	27782112	27782607	ENSG00000182611	HIST1H2AJ
14	101438440	101438514	ENSG00000199593	SNORD114-14
20	3087559	3131513	ENSG00000235958	UBOX5-AS1
2	97766321	97766609	ENSG00000242421	RN7SL313P
14	101439007	101439078	ENSG00000201557	SNORD114-15
5	15384329	15384962	ENSG00000248834	MARK2P5
2	97987331	97987617	ENSG00000270187	IGKV1OR2-11
14	101439932	101440001	ENSG00000199914	SNORD114-16
2	189896622	190044605	ENSG00000204262	COL5A2
12	108275019	108277159	ENSG00000257951	RP11-554D14.4
Y	8239704	8240071	ENSG00000226529	MTND1P1
16	22430090	22449036	ENSG00000257122	RRN3P3
20	3261065	3261355	ENSG00000266792	RN7SL839P
12	108281507	108283663	ENSG00000257392	RP11-554D14.5
5	117114521	117115227	ENSG00000249582	RPL7L1P4
20	3340683	3340789	ENSG00000201294	RNU6-1019P
17	44352150	44439130	ENSG00000228696	ARL17B
2	182401403	182545392	ENSG00000188452	CERKL
20	3342527	3342971	ENSG00000226632	UBE2V1P1
Y	8240282	8240751	ENSG00000234850	MTND2P3
17	37190179	37190295	ENSG00000266048	CTD-2206N4.1
11	65122238	65125084	ENSG00000173825	TIGD3
20	3364876	3365086	ENSG00000201346	U3
2	97996726	97997025	ENSG00000271226	IGKV2OR2-10
20	3384863	3384932	ENSG00000266355	AL117334.1
2	18728652	18729470	ENSG00000260331	RP11-111J6.2
17	37213272	37269443	ENSG00000263818	CTD-2206N4.4
6	27782822	27783267	ENSG00000196374	HIST1H2BM
20	3445824	3446091	ENSG00000225116	RP11-137F15.1
12	108293415	108293592	ENSG00000257426	RP11-554D14.3
11	60496789	60511685	ENSG00000214782	MS4A18
20	3470176	3471652	ENSG00000230568	SF3A3P1
12	108297047	108297725	ENSG00000258072	RP11-554D14.2
5	117260703	117601730	ENSG00000249797	CTD-3179P9.1
Y	8281078	8282095	ENSG00000227830	TRIM60P3Y
21	38595721	38640262	ENSG00000157538	DSCR3
20	3487654	3487759	ENSG00000264957	AL109805.1
19	19256377	19303400	ENSG00000213999	MEF2B
2	18764633	18764734	ENSG00000207170	RNU6-1215P
20	3868886	3869515	ENSG00000229539	RP11-119B16.2
17	40719086	40725257	ENSG00000108788	MLX
12	108304180	108306397	ENSG00000257129	RP11-554D14.1
20	3898141	3898218	ENSG00000199024	MIR103A2
16	54968825	54988577	ENSG00000259711	CTD-3032H12.2
2	18966073	18969018	ENSG00000224626	AC106053.1
6	27791884	27792257	ENSG00000197238	HIST1H4J
3	88480341	88480459	ENSG00000207316	Y_RNA
16	54971698	54972583	ENSG00000259725	CTD-3032H12.1
3	88650211	88650552	ENSG00000242365	NDUFA5P5
20	4004552	4005091	ENSG00000226608	FTLP3
Y	8286832	8287941	ENSG00000216824	ZNF736P10Y
7	145813453	148118090	ENSG00000174469	CNTNAP2
14	64915824	64971931	ENSG00000089775	ZBTB25
16	1355548	1377019	ENSG00000103275	UBE2I
5	15450810	15451920	ENSG00000248699	CTD-2313D3.1
2	176942200	176948641	ENSG00000174279	EVX2
3	88997292	89000078	ENSG00000242705	NARG2P2
16	55041894	55042218	ENSG00000260147	CTD-3032H12.3
16	22448329	22503541	ENSG00000237296	SMG1P1
5	36192694	36242381	ENSG00000152620	NADK2
2	98000864	98001167	ENSG00000271015	IGKV2OR2-7
16	55293881	55367500	ENSG00000259283	RP11-26L20.3
20	4040280	4040760	ENSG00000215063	RPL21P2
16	55325293	55325587	ENSG00000239555	RN7SL841P
11	12398732	12552348	ENSG00000197702	PARVA
16	55366267	55366879	ENSG00000263207	RP11-26L20.4
20	4173712	4176590	ENSG00000230176	RP4-779E11.3
11	60524426	60544205	ENSG00000166961	MS4A15
16	55386633	55387000	ENSG00000240760	RPL31P56
12	108674880	108676012	ENSG00000257281	RP11-1K3.1
6	27798952	27799305	ENSG00000197914	HIST1H4K
20	4411808	4412320	ENSG00000236387	RP11-307O10.1
7	115287515	115316383	ENSG00000242072	RP11-458K10.1
20	4456285	4505846	ENSG00000238282	RP5-1164C1.2
5	117618270	117620477	ENSG00000250427	CTD-3179P9.2
17	37237318	37237440	ENSG00000222494	AC091178.1
Y	8506335	8512883	ENSG00000232348	LINC00279
16	55461470	55496209	ENSG00000260135	RP11-212I21.2
16	30006615	30017114	ENSG00000169592	INO80E
3	89096592	89097584	ENSG00000241861	GAPDHP50
17	37329543	37333756	ENSG00000266101	RP5-906A24.2
X	51793956	51797351	ENSG00000182776	RP11-114H20.1
20	4571639	4571946	ENSG00000228210	RPL7AL2
7	115319399	115322672	ENSG00000240973	RP11-458K10.2
3	42798669	42846023	ENSG00000181061	HIGD1A
12	108827907	108886362	ENSG00000247213	RP11-13G14.4
3	89637036	89637720	ENSG00000240951	RP11-91A15.2
3	37789601	37790391	ENSG00000235482	RPL21P135
17	37394719	37407071	ENSG00000265460	RP11-690G19.4
7	115429783	115431103	ENSG00000243345	RP11-458K10.3
2	98018364	98018640	ENSG00000271569	IGKV1OR2-6
11	2289725	2292182	ENSG00000183734	ASCL2
3	89637864	89639247	ENSG00000240309	RP11-91A15.1
20	4610073	4610865	ENSG00000226948	RPS4XP2
5	157160003	157161727	ENSG00000268432	AC026407.1
2	19167729	19546509	ENSG00000236204	AC092594.1
15	42834720	42841000	ENSG00000180979	LRRC57
7	115473327	115473427	ENSG00000199224	Y_RNA
11	66511922	66610987	ENSG00000173715	C11orf80
3	90079434	90079644	ENSG00000212598	U3
14	22801352	22803115	ENSG00000256221	AE000661.36
7	115877983	115967950	ENSG00000243243	AC073130.3
22	30727977	30752936	ENSG00000099995	SF3A1
12	66038114	66057079	ENSG00000256915	RP11-221N13.4
3	90233784	90233883	ENSG00000222490	RNU6-712P
Y	8551411	8551919	ENSG00000233699	TTTY18
4	25314407	25372005	ENSG00000168228	ZCCHC4
13	37523912	37574398	ENSG00000120697	ALG5
6	10671651	10695030	ENSG00000137434	C6orf52
5	157170703	157187717	ENSG00000155858	LSM11
5	117803851	117897812	ENSG00000250891	CTD-2281M20.1
3	90251466	90306565	ENSG00000189002	PROSP
20	4716315	4717319	ENSG00000231071	RP5-1068H6.1
Y	8572513	8573324	ENSG00000232419	TTTY19
11	65142663	65151172	ENSG00000162241	SLC25A45
10	95326422	95364237	ENSG00000186188	FFAR4
11	111597632	111637151	ENSG00000137713	PPP2R1B
7	115878314	116139519	ENSG00000237813	AC002066.1
14	22849083	22951948	ENSG00000251002	AE000661.37
20	4849630	4849764	ENSG00000252096	SNORA31
16	55572112	55575939	ENSG00000261997	RP11-212I21.4
20	4863030	4863122	ENSG00000252058	snoU13
3	90310564	90310858	ENSG00000271024	HSPE1P19
20	4994166	4994370	ENSG00000234573	RP5-1116H23.1
12	8234807	8250367	ENSG00000089818	NECAP1
17	18330175	18335162	ENSG00000186831	KRT17P2
2	113341817	113346852	ENSG00000125611	CHCHD5
7	115915660	115926788	ENSG00000237870	AC073130.1
20	5006365	5006628	ENSG00000266199	RN7SL514P
16	55762027	55784023	ENSG00000260765	CES1P2
2	176957619	176960666	ENSG00000128714	HOXD13
20	5079033	5079122	ENSG00000212536	RNA5SP474
20	5094639	5094729	ENSG00000252367	Y_RNA
20	5102063	5102185	ENSG00000212517	SNORA26
20	5273034	5273477	ENSG00000225022	UBE2D3P1
12	110906169	110928190	ENSG00000204856	FAM216A
11	4406127	4414926	ENSG00000132109	TRIM21
7	115985909	115985998	ENSG00000216076	AC002066.2
HSCHR6_MHC_COX	31662096	31673108	ENSG00000226603	LY6G6D
2	98024520	98024800	ENSG00000270252	IGKV3OR2-5
7	116073268	116073354	ENSG00000252672	snoZ185
5	15602298	15607457	ENSG00000250250	CTD-2350J17.1
20	5326652	5326806	ENSG00000200313	RNA5-8SP7
7	116182772	116192023	ENSG00000235427	AC006159.5
7	116203648	116211288	ENSG00000243220	AC006159.4
17	37408897	37410550	ENSG00000266753	RP11-690G19.3
20	5407541	5451740	ENSG00000226995	LINC00658
2	98037725	98038028	ENSG00000270450	IGKV2OR2-7D
7	35208836	35209150	ENSG00000236592	S100A11P2
HSCHR6_MHC_COX	33097900	33102125	ENSG00000226788	RING1
2	176964458	176966408	ENSG00000170178	HOXD12
7	35297992	35299340	ENSG00000226063	AC009531.2
HSCHR6_MHC_QBL	30584129	30604110	ENSG00000206488	ATAT1
22	19466982	19508135	ENSG00000093009	CDC45
X	153629579	153640449	ENSG00000013563	DNASE1L1
2	19548190	19548266	ENSG00000266738	MIR4757
4	74606223	74609433	ENSG00000169429	IL8
17	33519539	33521412	ENSG00000164729	SLC35G3
12	31079362	31149534	ENSG00000110900	TSPAN11
6	27806323	27823487	ENSG00000233822	HIST1H2BN
5	15935291	15935369	ENSG00000216077	MIR887
20	5451853	5455828	ENSG00000230563	RP5-828H9.1
12	42473563	42473684	ENSG00000222884	AC023513.1
5	117911270	117917019	ENSG00000249551	RP11-2N5.2
12	42636017	42636316	ENSG00000241710	RN7SL10P
10	47253595	47259683	ENSG00000232567	GLUD1P8
2	19657981	19668722	ENSG00000234597	AC010096.1
HSCHR6_MHC_APD	30675831	30693912	ENSG00000234012	MDC1
12	42680713	42682362	ENSG00000257674	RP11-76E16.2
7	35535631	35549873	ENSG00000235464	AC007652.1
5	16033338	16033465	ENSG00000222312	RNA5SP178
11	2316875	2324279	ENSG00000110665	C11orf21
7	35734824	35739023	ENSG00000271122	RP11-379H18.1
17	37453658	37453742	ENSG00000265904	AC005288.1
7	137687070	137802732	ENSG00000122787	AKR1D1
2	27665233	27669348	ENSG00000157992	KRTCAP3
17	37558046	37562486	ENSG00000266469	CTB-131K11.1
2	98041867	98042166	ENSG00000271630	IGKV2OR2-8
20	5476713	5485259	ENSG00000205181	LINC00654
2	19675211	19688611	ENSG00000237992	AC010096.2
12	42740863	42741016	ENSG00000252917	SNORA74
Y	8651351	8685423	ENSG00000180910	TTTY11
12	42792352	42792453	ENSG00000199886	RNU6-249P
15	59397277	59417244	ENSG00000157456	CCNB2
5	16129287	16141711	ENSG00000250981	RP11-19O2.1
18	55313658	55470333	ENSG00000081923	ATP8B1
1	207262187	207273338	ENSG00000123843	C4BPB
19	55824169	55845416	ENSG00000180061	TMEM150B
12	42825467	42827159	ENSG00000257376	RP11-328C8.2
6	27805658	27806117	ENSG00000184348	HIST1H2AK
11	4470525	4471591	ENSG00000181963	OR52K2
3	93562608	93562706	ENSG00000251727	RNU6-488P
3	93686770	93686864	ENSG00000201339	Y_RNA
6	35420138	35434880	ENSG00000112039	FANCE
X	51804923	51812368	ENSG00000187243	MAGED4B
3	93695873	93695979	ENSG00000200366	RNU6-511P
7	42948325	42951904	ENSG00000136197	C7orf25
2	198364718	198368181	ENSG00000115541	HSPE1
11	4510109	4511138	ENSG00000196778	OR52K1
5	117931883	117963787	ENSG00000249128	RP11-2N5.1
5	157212751	157286183	ENSG00000113282	CLINT1
2	19911476	19917337	ENSG00000235911	AC019055.1
17	33570055	33600674	ENSG00000166750	SLFN5
3	93707478	93707790	ENSG00000239614	HMGN1P7
2	20026010	20026336	ENSG00000213403	CISD1P1
3	186478893	186479564	ENSG00000226652	PSMD10P2
20	5479762	5483527	ENSG00000266908	RP5-1022P6.7
3	186489630	186489736	ENSG00000207505	RNU6-1105P
11	4566421	4567374	ENSG00000197790	OR52M1
20	5488521	5490648	ENSG00000225640	RP5-1022P6.4
3	186490378	186491265	ENSG00000230951	RP11-573D15.6
5	81267844	81572676	ENSG00000152348	ATG10
20	7863628	7921121	ENSG00000101323	HAO1
3	186499569	186501968	ENSG00000263826	RP11-573D15.9
20	5513524	5513981	ENSG00000225831	RPS18P1
3	93794756	93796019	ENSG00000242457	RBBP4P2
5	16180347	16185694	ENSG00000250448	RP11-19O2.2
2	98051276	98051562	ENSG00000271351	IGKV1OR2-9
3	186502585	186502653	ENSG00000238942	SNORD2
16	55794460	55828070	ENSG00000228695	CES1P1
20	5514274	5516535	ENSG00000235820	RP5-1022P6.5
11	4592653	4599050	ENSG00000171987	C11orf40
10	89264632	89313217	ENSG00000107789	MINPP1
3	186504112	186504234	ENSG00000200418	SNORA63
3	186504464	186504641	ENSG00000221420	SNORA81
20	5529486	5530127	ENSG00000233578	RP5-1022P6.3
3	186505089	186505220	ENSG00000200320	SNORA63
3	9543481	9595486	ENSG00000156959	LHFPL4
20	5870701	5870858	ENSG00000202380	RNU1-55P
3	186505401	186505538	ENSG00000263776	SNORA4
10	95351444	95361501	ENSG00000138207	RBP4
6	163148164	163736524	ENSG00000112530	PACRG
20	5908731	5909964	ENSG00000215589	RP5-967N21.2
3	93817351	93817410	ENSG00000253062	RNU7-108P
20	5945184	5945296	ENSG00000207380	Y_RNA
1	150670536	150693364	ENSG00000143452	HORMAD1
11	4608021	4609135	ENSG00000226288	OR52I2
20	5945826	5946157	ENSG00000231961	RP5-967N21.7
3	94225610	94226464	ENSG00000178660	ARMC10P1
16	68298433	68335722	ENSG00000103064	SLC7A6
10	44139307	44144304	ENSG00000169740	ZNF32
6	146114638	146135889	ENSG00000118496	FBXO30
12	50370706	50426919	ENSG00000161800	RACGAP1
20	5982379	5982674	ENSG00000263755	RN7SL498P
20	6181636	6182838	ENSG00000233402	TARDBPP1
3	94654604	94654964	ENSG00000242911	RP11-118N24.2
2	20068621	20084808	ENSG00000228784	LINC00954
8	39792133	39873910	ENSG00000188676	IDO2
11	4615037	4616243	ENSG00000232268	OR52I1
20	6194346	6196028	ENSG00000234241	RP4-775C13.1
3	94655930	94656868	ENSG00000234629	WDR82P1
17	37638739	37638843	ENSG00000223091	RNU6-981P
17	37702357	37702497	ENSG00000222777	RNU6-233P
20	6199846	6200090	ENSG00000271565	RP4-775C13.2
17	37775866	37778766	ENSG00000214546	AC087491.2
3	37831412	37831936	ENSG00000236411	NDUFAF4P3
14	21359558	21360507	ENSG00000169397	RNASE3
3	186525481	186535910	ENSG00000231724	RP11-573D15.3
20	6209441	6209595	ENSG00000221449	AL109618.1
20	6427370	6509106	ENSG00000229876	CASC20
3	186528669	186543310	ENSG00000232233	RP11-573D15.2
3	38010895	38010971	ENSG00000199075	MIR26A1
2	176968944	176974722	ENSG00000128713	HOXD11
5	134779905	134783038	ENSG00000251380	C5orf20
3	38056059	38056160	ENSG00000200579	Y_RNA
20	6711905	6716783	ENSG00000228482	RP5-859D4.3
3	186544338	186545126	ENSG00000231982	RP11-573D15.1
3	94657016	94871353	ENSG00000239589	LINC00879
3	38093250	38093886	ENSG00000231668	PPP2R2DP1
20	6841661	6841755	ENSG00000251833	snoR26
3	186569675	186573912	ENSG00000226482	ADIPOQ-AS1
20	7050261	7127303	ENSG00000232271	RP4-764O22.1
14	35179593	35184029	ENSG00000165410	CFL2
3	186617987	186618346	ENSG00000223803	RPS20P14
7	35754644	35774497	ENSG00000227544	AC018647.3
14	21423611	21424595	ENSG00000169385	RNASE2
10	47254247	47256007	ENSG00000215065	DUSP8P4
20	7127114	7234849	ENSG00000228888	RP4-764O22.2
5	134779908	134788089	ENSG00000255833	TIFAB
11	4619902	4629489	ENSG00000167333	TRIM68
14	68172671	68172972	ENSG00000241542	RN7SL369P
14	68181262	68181921	ENSG00000258618	RPL21P9
7	116211014	116254874	ENSG00000231210	AC006159.3
11	60552821	60568778	ENSG00000172689	MS4A10
10	47271222	47272342	ENSG00000232438	CTSLP7
GL000241.1	11451	11589	ENSG00000222670	CU459211.1
6	27833034	27833606	ENSG00000198374	HIST1H2AL
20	7237227	7238861	ENSG00000238102	RP11-19D2.1
17	37882748	37882814	ENSG00000265178	MIR4728
13	37572953	37583750	ENSG00000120699	EXOSC8
7	35791466	35840226	ENSG00000228878	AC007551.3
20	7282703	7288079	ENSG00000261249	RP11-19D2.2
17	37913974	37920089	ENSG00000264198	RP11-94L15.2
20	7328114	7348279	ENSG00000224711	RP5-988G17.1
HSCHR6_MHC_COX	31662077	31665787	ENSG00000240008	LY6G6F
17	37991290	37992333	ENSG00000264663	KRT8P34
14	68201912	68202067	ENSG00000271697	RP11-1012A1.10
11	832843	839831	ENSG00000177697	CD151
5	16192197	16192818	ENSG00000248403	NACAP6
20	7614211	7614498	ENSG00000240584	RN7SL547P
17	37995622	37995777	ENSG00000226117	AC079199.2
20	7677533	7677624	ENSG00000221726	AL031653.1
7	116513508	116516430	ENSG00000235945	AC002543.2
12	109022463	109035094	ENSG00000257221	RP11-689B22.2
2	98069548	98071970	ENSG00000237837	AC159540.3
20	7812445	7812969	ENSG00000215586	RP5-836E8.1
10	47279073	47289833	ENSG00000227310	RP11-144G6.10
17	61627822	61671639	ENSG00000136485	DCAF7
20	7957995	8000476	ENSG00000125827	TMX4
10	44793038	44881941	ENSG00000107562	CXCL12
14	22886826	22887645	ENSG00000259042	AE000661.50
3	141663277	141868386	ENSG00000114126	TFDP2
6	52761437	52774483	ENSG00000174156	GSTA3
3	132316081	132337811	ENSG00000129048	ACKR4
17	38083995	38095854	ENSG00000264968	RP11-387H17.4
14	22945296	22945352	ENSG00000249446	TRAJ60
Y	8769244	8771317	ENSG00000228207	AC007967.2
20	7999870	8024159	ENSG00000229766	RP5-971N18.3
14	22950686	22950742	ENSG00000250688	TRAJ55
10	47379727	47420712	ENSG00000189014	FAM35DP
5	118093906	118093969	ENSG00000238904	RNU7-34P
5	16373470	16440190	ENSG00000248150	RP1-167G20.1
6	27834570	27835359	ENSG00000184357	HIST1H1B
22	30752624	30774647	ENSG00000187860	CCDC157
12	109062224	109062284	ENSG00000238457	RNU7-169P
14	101441143	101441217	ENSG00000201569	SNORD114-17
12	109132260	109132380	ENSG00000200060	Y_RNA
15	33603163	34158303	ENSG00000198838	RYR3
6	163586446	163612840	ENSG00000225683	AL078585.1
11	65154070	65180996	ENSG00000126391	FRMD8
12	129693146	129697207	ENSG00000256699	RP11-669N7.3
5	118096169	118121154	ENSG00000249426	CTC-448D22.1
8	144501352	144512576	ENSG00000182759	MAFA
2	176973518	176984670	ENSG00000128710	HOXD10
6	27839623	27840099	ENSG00000182572	HIST1H3I
11	60609544	60618554	ENSG00000110104	CCDC86
5	16428645	16432545	ENSG00000249737	RP1-167G20.2
20	8078471	8080421	ENSG00000226262	PHKBP1
10	47382464	47382747	ENSG00000264710	RN7SL453P
14	68212084	68212191	ENSG00000252792	U3
14	68217947	68218261	ENSG00000239820	RN7SL213P
10	47396223	47396822	ENSG00000226964	RHEBP2
14	68265721	68266326	ENSG00000258759	RP11-1012A1.7
17	18335365	18346209	ENSG00000214856	KRT16P1
9	131217465	131263571	ENSG00000136811	ODF2
Y	8774265	8784114	ENSG00000173357	AC007967.3
3	94890764	94891221	ENSG00000244048	RPS18P6
10	47570513	47573872	ENSG00000226667	RP11-292F22.5
20	8229351	8237564	ENSG00000225479	PLCB1-IT1
14	68591721	68596913	ENSG00000258837	CTD-2566J3.1
14	64932217	64941221	ENSG00000179841	AKAP5
Y	24073668	24083297	ENSG00000226092	RBMY2AP
5	16616035	16630078	ENSG00000246214	RP11-260E18.1
14	68616337	68616625	ENSG00000244677	RN7SL706P
20	8589827	8589912	ENSG00000221201	AL031655.1
10	47594379	47595651	ENSG00000215044	AHCYP1
6	27840926	27841289	ENSG00000198558	HIST1H4L
17	44370099	44415160	ENSG00000176681	LRRC37A
20	8590801	8590887	ENSG00000222298	AL031655.2
20	67891	77735	ENSG00000178591	DEFB125
20	8811833	8812040	ENSG00000201348	RNU105B
20	46285092	46415360	ENSG00000196562	SULF2
1	1167629	1170421	ENSG00000176022	B3GALT6
3	139302947	139303287	ENSG00000201600	RN7SKP124
20	8910542	8910685	ENSG00000228438	RP5-859I17.2
3	139328513	139328781	ENSG00000244692	RN7SL724P
8	40010989	40012821	ENSG00000176907	C8orf4
20	9047481	9047555	ENSG00000252819	AL121898.1
2	20101786	20102330	ENSG00000271991	RP11-79O8.1
12	130005848	130007308	ENSG00000256085	RP11-337L12.1
8	144519825	144623623	ENSG00000014164	ZC3H3
3	139397462	139401406	ENSG00000261763	RP11-442N1.2
15	42841008	42862192	ENSG00000137814	HAUS2
20	9485827	9495645	ENSG00000225988	RP5-1119D9.4
17	38168479	38170958	ENSG00000265799	RP11-387H17.6
5	16617334	16621385	ENSG00000250415	CTC-461F20.1
10	91024097	91024163	ENSG00000266769	AL353751.1
7	42948872	42971773	ENSG00000256646	PSMA2
Y	24086159	24087740	ENSG00000237968	AC007322.7
3	139407245	139408184	ENSG00000250543	RP11-442N1.1
20	123010	126392	ENSG00000125788	DEFB126
20	9556255	9558336	ENSG00000232738	RP5-986I17.2
10	91043522	91051882	ENSG00000232110	RP11-149I23.3
12	130165972	130182772	ENSG00000256137	RP11-174M13.2
20	9966736	9987764	ENSG00000243961	RP5-839B4.8
2	20189978	20203971	ENSG00000227210	AC079145.4
3	139556062	139578736	ENSG00000251471	RP11-166D18.1
2	198365137	198415450	ENSG00000270757	HSPE1-MOB4
11	60618413	60623444	ENSG00000183134	PTGDR2
Y	24118460	24151496	ENSG00000231159	OFD1P8Y
21	38738092	38889753	ENSG00000157540	DYRK1A
10	91122051	91123244	ENSG00000224289	IFIT6P
1	1177826	1182102	ENSG00000184163	FAM132A
3	139563920	139564253	ENSG00000250161	TRMT112P5
3	140122262	140122345	ENSG00000263959	AC092988.1
5	16623113	16623204	ENSG00000201370	Y_RNA
10	95372345	95425767	ENSG00000095464	PDE6C
20	10002620	10349424	ENSG00000227906	SNAP25-AS1
3	140168277	140179193	ENSG00000249290	RP11-68L1.2
X	122734412	122866906	ENSG00000125676	THOC2
2	20251895	20254257	ENSG00000223734	RP11-644K8.1
11	2323227	2339430	ENSG00000064201	TSPAN32
12	130231933	130232437	ENSG00000237578	RP11-174M13.1
20	138111	139804	ENSG00000088782	DEFB127
10	91215821	91227897	ENSG00000234452	RP11-168O10.6
6	35436185	35438562	ENSG00000198755	RPL10A
2	98081083	98099107	ENSG00000230606	AC159540.1
17	36452989	36479101	ENSG00000174100	MRPL45
12	130263853	130264126	ENSG00000264690	RN7SL534P
14	64970430	65000408	ENSG00000126804	ZBTB1
10	47605211	47644793	ENSG00000243536	ANTXRLP1
5	16854103	16854223	ENSG00000253093	RNA5SP179
6	75962640	75994684	ENSG00000112697	TMEM30A
8	40388109	40755352	ENSG00000165061	ZMAT4
5	112312399	112356667	ENSG00000172795	DCP2
10	91352500	91352586	ENSG00000198997	MIR107
5	16902403	16902750	ENSG00000243538	CTB-55B8.1
11	60635035	60643166	ENSG00000149506	ZP1
10	91404360	91404980	ENSG00000249962	RP11-80H5.5
3	186640075	186640542	ENSG00000233565	RP11-42D20.1
17	61678231	61685725	ENSG00000136463	TACO1
2	172560844	172567314	ENSG00000268821	AC068039.1
3	140179842	140181667	ENSG00000251058	RP11-68L1.1
20	10036968	10037063	ENSG00000264599	AL109754.1
3	186650337	186652182	ENSG00000203632	AC007690.1
10	91405039	91410424	ENSG00000232936	RP11-80H5.2
20	10154168	10177638	ENSG00000230506	RP11-416N4.4
17	26880401	26898890	ENSG00000087111	PIGS
20	168494	170322	ENSG00000185982	DEFB128
19	8585674	8642461	ENSG00000142347	MYO1F
3	140208894	140208986	ENSG00000216184	AC048346.1
3	186914878	186925417	ENSG00000198491	RP11-208N14.4
3	140224453	140227631	ENSG00000250433	CLSTN2-AS1
20	10160883	10166423	ENSG00000232448	RP11-416N4.1
12	109171920	109174194	ENSG00000264043	SNORA40
10	49892921	50191001	ENSG00000128815	WDFY4
6	106959730	107018326	ENSG00000112297	AIM1
3	42846244	42929466	ENSG00000144648	ACKR2
3	140338536	140338679	ENSG00000249305	RP11-13L2.1
3	187141103	187141207	ENSG00000239093	snoU13
20	10315067	10315346	ENSG00000237005	HIGD1AP15
12	109230684	109230782	ENSG00000207622	MIR619
3	140583917	140586625	ENSG00000261826	RP11-691G17.1
2	20263617	20306590	ENSG00000234378	AC098828.2
10	91406046	91410579	ENSG00000225836	RP11-80H5.6
3	140621036	140621493	ENSG00000224085	RP11-4H14.1
12	109301517	109303778	ENSG00000260987	RP11-423G4.7
5	16941952	16942060	ENSG00000201436	RNU6-660P
20	207899	210527	ENSG00000125903	DEFB129
10	91426938	91459428	ENSG00000235100	RP11-80H5.9
1	207277607	207318317	ENSG00000123838	C4BPA
20	10329805	10330276	ENSG00000214835	RPL23AP6
6	25912982	25930946	ENSG00000112337	SLC17A2
19	44270685	44285409	ENSG00000104783	KCNN4
12	54943134	54973023	ENSG00000123360	PDE1B
3	140691586	140692097	ENSG00000248773	RP11-231L11.3
10	91454052	91457685	ENSG00000240996	RP11-80H5.7
12	109320211	109320317	ENSG00000201324	RNU6-361P
HG79_PATCH	136251902	136281631	ENSG00000260489	C9orf96
12	109425360	109425450	ENSG00000238424	AC190387.1
22	30773835	30817760	ENSG00000099999	RNF215
2	20355379	20355818	ENSG00000213729	AC098828.3
3	132373290	132396941	ENSG00000081307	UBA5
12	109490155	109491757	ENSG00000256262	USP30-AS1
10	91589267	91600618	ENSG00000232229	LINC00865
2	69622882	69664760	ENSG00000169599	NFU1
5	17107469	17107898	ENSG00000271892	CTD-2228A4.1
2	71336814	71357369	ENSG00000124370	MCEE
20	238377	241737	ENSG00000186458	DEFB132
2	20375107	20375397	ENSG00000266059	RN7SL140P
10	91597369	91599091	ENSG00000270670	RP11-248C1.3
10	91675246	91717130	ENSG00000226159	RP11-478K7.2
7	76239303	76256578	ENSG00000146707	POMZP3
10	81910645	81965328	ENSG00000122359	ANXA11
3	9691117	9744077	ENSG00000163719	MTMR14
2	20375566	20375670	ENSG00000200763	RNU6-961P
10	91738474	91738827	ENSG00000228938	SNRPD2P1
5	17117685	17117795	ENSG00000206814	Y_RNA
2	20439653	20440807	ENSG00000235411	AC007041.2
2	172640880	172864766	ENSG00000115840	SLC25A12
5	132149033	132152488	ENSG00000198944	SOWAHA
6	27858093	27860884	ENSG00000197153	HIST1H3J
19	48248779	48260315	ENSG00000105373	GLTSCR2
5	134869991	134871639	ENSG00000181965	NEUROG1
5	34905369	34919094	ENSG00000113456	RAD1
X	19007427	19140755	ENSG00000173698	GPR64
6	163835032	163999628	ENSG00000112531	QKI
11	65222728	65234028	ENSG00000173727	AP000769.1
19	19287712	19303400	ENSG00000254901	MEF2BNB
10	91923408	91923717	ENSG00000222451	RN7SKP143
5	17130137	17217156	ENSG00000215196	AC091878.1
10	92162278	92300562	ENSG00000236373	RP11-15K3.1
6	27860477	27860963	ENSG00000233224	HIST1H2AM
19	55851221	55859488	ENSG00000133247	SUV420H2
2	198380295	198418423	ENSG00000115540	MOB4
5	134906373	134914969	ENSG00000145824	CXCL14
3	38166783	38166885	ENSG00000201965	Y_RNA
3	140833966	140843024	ENSG00000251270	RP11-231L11.1
5	118309491	118309817	ENSG00000197744	PTMAP2
2	20446087	20446148	ENSG00000238735	RNU7-113P
3	38311774	38312258	ENSG00000237982	RP11-815I22.1
3	140977260	140977621	ENSG00000241400	RP11-764I5.1
5	17157080	17157180	ENSG00000251990	RNA5SP180
17	48609904	48621111	ENSG00000049283	EPN3
3	140986195	141085979	ENSG00000249417	RP11-438D8.2
17	38183795	38183898	ENSG00000238793	SNORD124
8	144635377	144645232	ENSG00000104518	GSDMD
12	130336753	130339489	ENSG00000251536	RP11-572C21.1
17	38306389	38306475	ENSG00000221555	AC068669.1
3	141026454	141026775	ENSG00000249540	RP11-789L4.1
2	20553403	20553477	ENSG00000252216	AC007041.1
17	38399475	38399571	ENSG00000200735	RNY4P8
5	118342042	118406585	ENSG00000249494	CTB-161M19.4
15	59427113	59665099	ENSG00000157483	MYO1E
12	130509038	130529501	ENSG00000261650	RP11-474D1.4
3	141189476	141190744	ENSG00000215606	KRT18P35
7	42956460	42971822	ENSG00000106588	PSMA2
2	176987088	176989853	ENSG00000128709	HOXD9
5	17202383	17203254	ENSG00000250816	DCAF13P2
Y	24194701	24195494	ENSG00000232475	HSFY5P
1	52042851	52254889	ENSG00000117859	OSBPL9
3	141243975	141244963	ENSG00000250170	RASA2-IT1
3	182895831	183146566	ENSG00000053524	MCF2L2
Y	24195902	24204260	ENSG00000229553	USP9YP17
3	141319118	141319421	ENSG00000249986	YWHAQP6
5	118343266	118343363	ENSG00000223179	RNU6-373P
3	141382041	141439915	ENSG00000242104	RP11-340E6.1
5	118345755	118346237	ENSG00000250678	CTB-161M19.1
2	20586147	20596349	ENSG00000232800	SLC7A15P
5	132157833	132166590	ENSG00000164403	SHROOM1
17	38459457	38460909	ENSG00000270145	CTD-2267D19.6
12	130517999	130529602	ENSG00000214039	RP11-474D1.3
7	72453891	72453991	ENSG00000201862	Y_RNA
1	1189289	1209265	ENSG00000160087	UBE2J2
17	38497119	38499388	ENSG00000265666	CTD-2267D19.2
5	17240720	17240824	ENSG00000252908	RNU6-1003P
14	21457929	21465189	ENSG00000165792	METTL17
3	141427858	141428674	ENSG00000241899	TPT1P3
4	25378835	25420120	ENSG00000053900	ANAPC4
17	38524204	38524690	ENSG00000264655	CTD-2267D19.4
2	20601388	20601485	ENSG00000212171	RNA5SP86
16	22492795	22492898	ENSG00000239172	snoU13
7	72476064	72555749	ENSG00000229018	RP11-313P13.3
17	61699775	61773663	ENSG00000198909	MAP3K3
5	17306490	17307069	ENSG00000185296	CTD-2139B15.1
16	22557019	22588186	ENSG00000257838	RP11-368J21.3
2	20650803	20652708	ENSG00000228950	AC023137.2
5	135170338	135224326	ENSG00000145832	SLC25A48
17	64263861	64263966	ENSG00000252653	RNA5SP444
17	64360147	64360436	ENSG00000244044	RN7SL735P
17	64394187	64412972	ENSG00000264630	RP11-4F22.2
5	14143811	14532235	ENSG00000038382	TRIO
1	24382525	24438665	ENSG00000142661	MYOM3
5	17345725	17346064	ENSG00000201715	RN7SKP133
3	50378541	50384283	ENSG00000004838	ZMYND10
2	176994422	176997423	ENSG00000175879	HOXD8
2	20680605	20680716	ENSG00000200829	Y_RNA
20	8112824	8949003	ENSG00000182621	PLCB1
2	71357444	71377231	ENSG00000124383	MPHOSPH10
5	158122928	158526769	ENSG00000164330	EBF1
5	17353804	17354733	ENSG00000223361	FTH1P10
9	20995306	21031635	ENSG00000188921	PTPLAD2
2	63815743	63834331	ENSG00000014641	MDH1
22	19510547	19515068	ENSG00000184113	CLDN5
16	22621852	22623517	ENSG00000260973	RP11-105C19.2
6	37225548	37300746	ENSG00000065491	TBC1D22B
16	22623864	22624804	ENSG00000260905	RP11-105C19.1
2	153508107	153574511	ENSG00000196504	PRPF40A
5	141488070	141534005	ENSG00000131507	NDFIP1
11	4660945	4662068	ENSG00000197428	OR51D1
16	22647776	22648065	ENSG00000265058	RN7SL245P
16	23031658	23034932	ENSG00000261090	RP11-20G6.2
21	38888740	38888973	ENSG00000267937	AP001421.1
22	30792846	30821305	ENSG00000100003	SEC14L2
16	23072727	23075494	ENSG00000260566	RP11-20G6.3
12	109497791	109497905	ENSG00000212138	RNA5SP372
11	4664650	4676718	ENSG00000180785	OR51E1
16	23206199	23224425	ENSG00000260741	CTC-391G2.1
2	114462588	114514400	ENSG00000115084	SLC35F5
16	23424905	23425197	ENSG00000252838	RN7SKP23
21	38979678	39288749	ENSG00000157542	KCNJ6
16	23453162	23453242	ENSG00000212593	SNORA75
16	23457767	23458603	ENSG00000259782	CTD-2270L9.2
6	41737914	41754280	ENSG00000137218	FRS3
2	20699331	20701071	ENSG00000227047	AC012065.4
17	38530341	38530428	ENSG00000252618	RNA5SP441
16	23464079	23468927	ENSG00000260136	CTD-2270L9.4
HSCHR6_MHC_APD	30696223	30701448	ENSG00000224156	TUBB
17	38547484	38547590	ENSG00000222881	Y_RNA
17	38595719	38596169	ENSG00000240125	RP11-58O9.1
16	23512226	23512951	ENSG00000261528	AC002400.1
11	4701401	4719084	ENSG00000167332	OR51E2
12	77157368	77247476	ENSG00000186908	ZDHHC17
16	56126899	56225006	ENSG00000246379	RP11-461O7.1
16	23548382	23548877	ENSG00000260247	SUB1P4
2	20786008	20786446	ENSG00000269976	RP11-130L8.2
5	39105338	39274630	ENSG00000082074	FYB
16	23579994	23581017	ENSG00000260751	CTD-2196E14.6
16	23617162	23635428	ENSG00000261723	CTD-2196E14.3
14	101442162	101442233	ENSG00000202142	SNORD114-18
16	23681332	23684448	ENSG00000260482	CTD-2196E14.9
2	113403434	113421404	ENSG00000144136	SLC20A1
6	46714654	46727243	ENSG00000230062	ANKRD66
14	68702962	68703256	ENSG00000243546	RN7SL108P
14	101442814	101442888	ENSG00000199942	SNORD114-19
14	101443726	101443803	ENSG00000201500	SNORD113
8	17913934	17942494	ENSG00000104763	ASAH1
14	68805445	68806258	ENSG00000240210	RP11-204K16.1
16	56143449	56170912	ENSG00000260041	RP11-355E10.1
16	23683453	23686820	ENSG00000259806	CTD-2196E14.4
14	101445339	101445427	ENSG00000201036	SNORD113
2	20790535	20792308	ENSG00000231948	HS1BP3-IT1
21	39323728	39493454	ENSG00000184029	DSCR4
14	101446329	101446403	ENSG00000201710	SNORD113
16	23698370	23699665	ENSG00000261266	CTD-2196E14.5
9	21077104	21077943	ENSG00000171855	IFNB1
5	17354019	17355008	ENSG00000248223	CTD-2139B15.2
14	101447341	101447412	ENSG00000202048	SNORD114-20
16	23723311	23724114	ENSG00000261583	CTD-2385L22.1
14	68888415	68888913	ENSG00000258477	PPIAP6
16	56217638	56220218	ENSG00000261013	CTD-2050B12.1
11	60658202	60674060	ENSG00000110107	PRPF19
14	101448312	101448383	ENSG00000272344	SNORD114-21
14	101449263	101449334	ENSG00000202293	SNORD114-22
16	24247425	24264184	ENSG00000260264	AC004125.3
16	56226526	56228430	ENSG00000261439	CTD-2050B12.2
11	4726157	5013659	ENSG00000167346	MMP26
10	92213927	92262725	ENSG00000224750	RP11-94M14.2
14	101450213	101450284	ENSG00000200406	SNORD114-23
9	21140631	21142144	ENSG00000177047	IFNW1
16	56279432	56279535	ENSG00000265281	MIR3935
14	69093883	69095162	ENSG00000259038	CTD-2325P2.4
16	56334528	56336816	ENSG00000260198	RP11-441F2.2
10	92222474	92227709	ENSG00000238291	RP11-94M14.3
14	69150128	69152282	ENSG00000258623	CTD-2325P2.3
16	24344736	24344868	ENSG00000201541	SNORA1
2	20806040	20806414	ENSG00000233416	AC012065.5
9	21165636	21166659	ENSG00000137080	IFNA21
10	92639797	92639936	ENSG00000222305	Y_RNA
16	56385798	56387436	ENSG00000272372	RP11-441F2.5
16	24411377	24411438	ENSG00000239081	RNU7-24P
5	94890778	94940768	ENSG00000164291	ARSK
14	69159807	69160300	ENSG00000242941	CTD-2325P2.2
11	65292548	65306175	ENSG00000142186	SCYL1
10	92682488	92682592	ENSG00000201604	RNU6-740P
2	20877569	20879005	ENSG00000260396	AC012065.7
HG79_PATCH	136281597	136293579	ENSG00000261493	REXO4
16	24450309	24450408	ENSG00000264465	AC008938.1
5	141689992	141706020	ENSG00000187678	SPRY4
14	69202639	69202745	ENSG00000207089	RNU6-921P
16	56443232	56445595	ENSG00000260621	RP11-413H22.2
10	92754377	92766147	ENSG00000225519	RP11-236B18.2
16	24484119	24506498	ENSG00000260072	CTD-2313J23.1
14	69312519	69312772	ENSG00000263694	RN7SL224P
16	56643413	56645287	ENSG00000260823	RP11-249C24.10
5	17369334	17375686	ENSG00000249199	CTD-2139B15.5
14	69328479	69329242	ENSG00000270975	RP11-723P16.3
16	24621587	24652278	ENSG00000259888	CTD-2540M10.1
16	24672743	24682383	ENSG00000224310	AC012317.1
9	21186617	21187598	ENSG00000236637	IFNA4
2	20878014	20878692	ENSG00000270100	RP11-130L8.1
16	56651388	56652730	ENSG00000260549	MT1L
14	69334574	69336668	ENSG00000258565	BLZF2P
5	17379015	17387419	ENSG00000250822	CTD-2139B15.4
21	39493545	39560110	ENSG00000198054	DSCR8
6	46761127	46807515	ENSG00000112818	MEP1A
19	19303008	19312678	ENSG00000064490	RFXANK
16	24814772	24831060	ENSG00000261669	CTD-2515A14.1
9	21201468	21202204	ENSG00000214042	IFNA7
14	69354502	69354801	ENSG00000258967	HMGN1P3
2	21059531	21061421	ENSG00000236436	AC012361.1
16	24930714	24932325	ENSG00000256439	AC008731.1
14	69403319	69403581	ENSG00000258531	BANF1P1
17	18353558	18379234	ENSG00000229526	KRT16P4
16	25027299	25032344	ENSG00000260714	RP11-266L9.1
3	137780832	137834660	ENSG00000158163	DZIP1L
5	17404128	17441803	ENSG00000248455	RP11-321E2.3
16	56669651	56670998	ENSG00000255986	MT1JP
7	141618617	141619709	ENSG00000258083	OR9A4
9	21206180	21207142	ENSG00000186803	IFNA10
16	25043202	25069430	ENSG00000262587	RP11-266L9.4
1	207494853	207534311	ENSG00000196352	CD55
3	141443267	141443368	ENSG00000241526	RP11-144C9.1
16	25078258	25080264	ENSG00000262155	RP11-266L9.5
3	141506753	141506851	ENSG00000265391	AC112504.1
12	31226779	31257725	ENSG00000013573	DDX11
16	25080891	25081430	ENSG00000271105	SCML2P2
14	69446399	69454180	ENSG00000259062	ACTN1-AS1
2	21222185	21223789	ENSG00000261012	RP11-116D2.1
3	141583849	141584121	ENSG00000228398	HMGN2P25
16	25082811	25084048	ENSG00000263326	RP11-266L9.6
3	113847499	113918254	ENSG00000151577	DRD3
9	21216372	21217310	ENSG00000147885	IFNA16
2	21421390	21421768	ENSG00000271629	RP11-79J24.1
3	141621766	141621872	ENSG00000200389	RNU6-509P
16	25096913	25122876	ENSG00000260448	RP11-449H11.1
3	141637094	141637863	ENSG00000244124	ATP1B3-AS1
2	21444047	22193831	ENSG00000233005	AC067959.1
6	41748087	41757879	ENSG00000124593	PRICKLE4
3	141663270	141666233	ENSG00000269905	RP11-271K21.11
14	22956171	22956233	ENSG00000248366	TRAJ51
5	17444119	17484055	ENSG00000249662	RP11-321E2.4
14	22998580	22998641	ENSG00000211874	TRAJ15
16	56677617	56678698	ENSG00000205361	MT1DP
3	141762465	141763040	ENSG00000233597	RP11-343B5.1
9	21227242	21228221	ENSG00000234829	IFNA17
14	23025205	23025956	ENSG00000259054	AE000662.93
16	25104708	25106576	ENSG00000262700	RP11-266L9.3
3	141864296	141864397	ENSG00000206604	RNU6-425P
11	4790209	4791168	ENSG00000188069	OR51F1
3	141876369	141880820	ENSG00000272565	RP11-485G4.2
14	23064715	23067855	ENSG00000228313	CTD-2555K7.4
16	25151898	25160353	ENSG00000260034	RP11-266L9.2
2	21540532	21784185	ENSG00000231204	AC011752.1
5	141971743	142077617	ENSG00000113578	FGF1
16	1383602	1399439	ENSG00000007516	BAIAP3
9	21239201	21239978	ENSG00000228083	IFNA14
17	34745936	34808104	ENSG00000161583	TBC1D3G
3	142126499	142126579	ENSG00000251804	RNU6-1294P
17	64634389	64634492	ENSG00000252685	RNU6-928P
7	141627157	141646807	ENSG00000258227	CLEC5A
11	4824663	4825847	ENSG00000176937	OR52R1
17	64635387	64635501	ENSG00000251698	RNA5SP445
9	21304613	21305312	ENSG00000147873	IFNA5
17	64672490	64673522	ENSG00000229330	AC006947.1
11	837356	842545	ENSG00000177700	POLR2L
5	17486336	17486938	ENSG00000251304	RP11-321E2.5
22	19701987	19712295	ENSG00000184702	SEPT5
17	64783190	64783286	ENSG00000207943	MIR634
11	4842551	4843686	ENSG00000176925	OR51F2
5	17491470	17491878	ENSG00000268799	RP11-321E2.13
11	4869427	4870514	ENSG00000176922	OR51S1
2	21585164	21586897	ENSG00000270654	RP11-531P14.1
9	21329670	21335379	ENSG00000198642	KLHL9
3	95373267	95402037	ENSG00000244681	MTHFD2P1
2	21853420	21859181	ENSG00000235537	AC009411.2
5	17495767	17495935	ENSG00000250667	RP11-321E2.12
HSCHR12_1_CTG1	120780	232475	ENSG00000262607	IQSEC3
11	4880886	4881794	ENSG00000176904	OR51H1P
5	17498334	17498936	ENSG00000185041	RP11-321E2.6
6	33378176	33384230	ENSG00000112511	PHF1
2	21861303	21872435	ENSG00000228538	AC009411.1
20	251504	271390	ENSG00000196476	C20orf96
11	4903049	4904113	ENSG00000176900	OR51T1
10	47656084	47657233	ENSG00000259942	RP11-292F22.7
10	92757237	92757470	ENSG00000273124	RP11-236B18.5
5	17502152	17502472	ENSG00000248205	RP11-321E2.11
16	25196528	25196808	ENSG00000266166	RN7SL557P
10	92806923	92821916	ENSG00000224851	LINC00502
16	25249639	25250608	ENSG00000259955	CTD-2547G23.2
HSCHR6_MHC_COX	31667522	31668998	ENSG00000224708	LY6G6E
2	21910306	21933495	ENSG00000229621	AC018742.1
9	21349834	21351377	ENSG00000120235	IFNA6
10	47708307	47730235	ENSG00000204150	CTGLF11P
16	25431135	25435490	ENSG00000261636	CTA-249B10.1
11	4928600	4929538	ENSG00000176895	OR51A7
10	92812808	92814804	ENSG00000220585	DDX18P6
2	230787018	230877825	ENSG00000153832	FBXO36
5	17511942	17512347	ENSG00000249620	RP11-321E2.10
19	42502473	42573650	ENSG00000105737	GRIK5
16	25465660	25465968	ENSG00000260690	CYCSP39
12	69004619	69054372	ENSG00000127314	RAP1B
4	170907748	170954182	ENSG00000198948	MFAP3L
10	92912362	92913106	ENSG00000234043	RP11-56M3.1
2	22145865	22146160	ENSG00000264192	RN7SL117P
17	38673278	38683254	ENSG00000266088	RP5-1028K7.2
9	21367371	21368075	ENSG00000233816	IFNA13
11	4935900	4936922	ENSG00000176893	OR51G2
2	22156208	22753977	ENSG00000231200	AC068490.2
13	37583449	37633850	ENSG00000102710	SUPT20H
10	93224335	93224465	ENSG00000271385	RP11-108M11.3
3	38345264	38345370	ENSG00000199514	RNU6-235P
2	136835462	136836083	ENSG00000237262	AC068492.1
10	93304609	93304855	ENSG00000223876	RPS27P1
17	38821876	38821975	ENSG00000271876	AC073508.1
3	38366728	38370561	ENSG00000230123	DLEC1P1
11	4944531	4945637	ENSG00000176879	OR51G1
19	55851254	55856561	ENSG00000267531	AC020922.1
10	93426537	93427539	ENSG00000213449	GAPDHP28
9	21384254	21385396	ENSG00000188379	IFNA2
3	142139047	142139211	ENSG00000202125	RNU1-100P
17	38843290	38845612	ENSG00000224244	AC090283.3
2	136956684	136958073	ENSG00000227347	HNRNPKP2
5	17518475	17519069	ENSG00000248861	RP11-321E2.2
3	95885661	95885746	ENSG00000221477	AC108739.1
12	109549023	109563399	ENSG00000256139	RP11-968O1.5
3	142160528	142160604	ENSG00000255637	AC109992.1
8	41119481	41167016	ENSG00000104332	SFRP1
3	95963576	95964179	ENSG00000271671	RP11-598F17.2
3	38492518	38496311	ENSG00000229589	ACVR2B-AS1
10	47740330	47747200	ENSG00000239492	FAM25HP
2	137087011	137087483	ENSG00000230037	UBBP1
17	38873487	38878184	ENSG00000229028	KRT223P
10	93525656	93526953	ENSG00000228759	FAF2P1
3	96068398	96069783	ENSG00000243547	HNRNPKP4
2	22167481	22188423	ENSG00000228999	AC068490.1
3	142168944	142170991	ENSG00000242479	RP11-383G6.4
3	96152159	96152254	ENSG00000216136	AC108697.1
12	109791888	109797293	ENSG00000256560	RP11-256L11.1
2	137147902	137148239	ENSG00000251976	RN7SKP141
3	96285201	96285947	ENSG00000241815	RP11-124D9.1
5	17521910	17522504	ENSG00000249339	RP11-321E2.7
10	47965760	47967323	ENSG00000237393	SLC9A3P4
2	137301941	137302050	ENSG00000216081	AC010146.2
3	38546971	38547072	ENSG00000207512	Y_RNA
9	21409146	21410184	ENSG00000120242	IFNA8
2	137302282	137303112	ENSG00000229568	AC010146.1
14	65002623	65009955	ENSG00000126803	HSPA2
3	38556939	38557321	ENSG00000230683	DDTP1
2	22411208	22413185	ENSG00000223691	AC068044.1
10	48157041	48158148	ENSG00000224036	CTSLP2
3	142184157	142191179	ENSG00000244327	RP11-383G6.3
9	21440440	21441315	ENSG00000197919	IFNA1
14	35221937	35344853	ENSG00000198604	BAZ1A
3	142299752	142301241	ENSG00000242390	RPL6P9
2	137402678	137402762	ENSG00000221762	AC092786.1
14	101451114	101451185	ENSG00000201899	SNORD114-24
2	138269668	138269780	ENSG00000212425	RNA5SP105
14	101452394	101452465	ENSG00000200612	SNORD114-25
2	138472902	138473011	ENSG00000222394	Y_RNA
9	21480841	21482312	ENSG00000184995	IFNE
14	101453383	101453454	ENSG00000200413	SNORD114-26
19	44300081	44331358	ENSG00000159871	LYPD5
19	55860674	55866182	ENSG00000160471	COX6B2
2	138636324	138683977	ENSG00000234007	AC020601.1
6	165693153	165723096	ENSG00000112539	C6orf118
14	101454498	101454567	ENSG00000200636	SNORD114-27
3	142310519	142310633	ENSG00000252745	RNA5SP143
2	138859454	138863475	ENSG00000224231	AC069394.1
14	101455467	101455538	ENSG00000200480	SNORD114-28
3	142373626	142375587	ENSG00000239641	PLS1-AS1
11	66610306	66614017	ENSG00000173653	RCE1
2	177001340	177037830	ENSG00000128652	HOXD3
14	101456428	101456497	ENSG00000201689	SNORD114-29
3	142392439	142392746	ENSG00000199319	RN7SKP25
3	38568293	38568816	ENSG00000232439	RPL18AP7
3	142520049	142520110	ENSG00000251787	RNU7-47P
14	101458256	101458327	ENSG00000201318	SNORD114-30
2	1792885	2335032	ENSG00000186487	MYT1L
21	39529128	39679279	ENSG00000157551	KCNJ15
5	17525344	17525938	ENSG00000250055	RP11-321E2.8
14	65016620	65056098	ENSG00000165807	PPP1R36
14	101459573	101459647	ENSG00000200089	SNORD114-31
HSCHR12_1_CTG1	62310	63501	ENSG00000272877	DDX11L8
14	101460594	101460667	ENSG00000222095	SNORD113
4	74702214	74714781	ENSG00000124875	CXCL6
14	101463990	101464061	ENSG00000252009	SNORD112
HSCHR6_MHC_COX	31673784	31681900	ENSG00000230060	C6orf25
14	101464804	101464878	ENSG00000222185	SNORD113
3	187166633	187167238	ENSG00000228952	RP11-567G11.1
14	69489867	69490025	ENSG00000242293	RP11-226F19.1
14	101488366	101488491	ENSG00000199088	MIR379
3	142545938	142546570	ENSG00000240950	RP11-372E1.1
14	69550115	69552106	ENSG00000259165	DDX18P1
3	187461474	187463208	ENSG00000223401	RP11-211G3.2
6	107018903	107077373	ENSG00000130347	RTN4IP1
14	101489662	101489757	ENSG00000199109	MIR411
5	17528778	17529372	ENSG00000250296	RP11-321E2.9
14	99864083	99947216	ENSG00000183576	SETD3
14	69610569	69610670	ENSG00000206768	Y_RNA
14	101490114	101490215	ENSG00000207749	MIR299
3	142645517	142661376	ENSG00000243818	RP11-372E1.4
3	187513975	187523046	ENSG00000224049	RP11-30O15.1
2	22539925	22540116	ENSG00000234189	AC099799.1
10	89419370	89507462	ENSG00000198682	PAPSS2
14	69649737	69680809	ENSG00000258957	RP11-363J20.1
Y	24210845	24211859	ENSG00000228850	CDY12P
12	56754353	56756607	ENSG00000175336	APOF
3	187650552	187664009	ENSG00000236864	RP11-44H4.1
14	69705883	69727284	ENSG00000258520	RP11-363J20.2
17	38959996	38965548	ENSG00000264488	RP11-605F20.1
HSCHR12_1_CTG1	64522	82015	ENSG00000262435	ABC7-42389800N19.1
3	187676563	187694195	ENSG00000224187	RP11-132N15.3
17	39007052	39019534	ENSG00000265359	RP5-1110E20.1
12	130531677	130532921	ENSG00000256298	RP11-474D1.1
14	70027736	70028187	ENSG00000244237	RP11-1046B16.1
14	70270920	70271048	ENSG00000221060	SNORA11
5	17585271	17585876	ENSG00000250807	RP11-432M8.2
17	39077682	39132178	ENSG00000234477	AC004231.2
Y	24214967	24215298	ENSG00000232029	TCEB1P15
2	218899683	218955304	ENSG00000188282	RUFY4
14	70352057	70352869	ENSG00000242071	RPL7AP6
2	22561758	22561875	ENSG00000206882	RNA5SP87
12	130554870	130557230	ENSG00000256906	RP11-474D1.2
1	150702672	150738433	ENSG00000163131	CTSS
5	17587399	17587632	ENSG00000250088	RP11-432M8.1
9	21802542	21931646	ENSG00000099810	MTAP
6	43543887	43586701	ENSG00000170734	POLH
14	101491331	101491441	ENSG00000198982	MIR380
3	185823457	186080026	ENSG00000058866	DGKG
4	74718906	74719872	ENSG00000109272	PF4V1
14	70653840	70696904	ENSG00000258422	RP11-486O13.2
2	71409869	71454213	ENSG00000124374	PAIP2B
14	101491901	101491988	ENSG00000221745	MIR1197
12	110928902	110939922	ENSG00000111237	VPS29
14	101492069	101492154	ENSG00000199069	MIR323A
10	127408084	127452712	ENSG00000107938	EDRF1
14	101492357	101492444	ENSG00000211582	MIR758
2	22600466	22704876	ENSG00000234207	AC096570.2
14	70701212	70701812	ENSG00000270610	RP11-486O13.3
5	112357796	112824527	ENSG00000171444	MCC
16	30016830	30034591	ENSG00000149927	DOC2A
5	17590473	17591069	ENSG00000250558	RP11-432M8.3
2	22759351	22761160	ENSG00000233587	AC096570.1
14	70712208	70714518	ENSG00000235812	ADAM21P1
8	41347915	41368499	ENSG00000147533	GOLGA7
12	131514221	131514769	ENSG00000268091	AC078925.1
12	131780067	131782763	ENSG00000267819	AC092850.1
4	74735110	74736959	ENSG00000163739	CXCL1
7	141672431	141673573	ENSG00000257138	TAS2R38
11	60681346	60690915	ENSG00000110108	TMEM109
6	35441374	35464853	ENSG00000007866	TEAD3
3	142679214	142679385	ENSG00000241592	RP11-372E1.7
14	70742013	70758576	ENSG00000259033	RP11-718G2.5
5	17593907	17594503	ENSG00000249427	RP11-432M8.4
11	842808	867116	ENSG00000214063	TSPAN4
2	23084424	23084756	ENSG00000222616	RN7SKP27
22	30805244	30824977	ENSG00000249590	RP4-539M6.19
20	277737	280965	ENSG00000177764	ZCCHC3
3	142681796	142720401	ENSG00000241570	RP11-372E1.6
17	18743398	18834581	ENSG00000141127	PRPSAP2
11	4967355	4968356	ENSG00000205497	OR51A4
5	17597341	17597937	ENSG00000249329	RP11-432M8.5
4	74846794	74847841	ENSG00000163737	PF4
12	66039772	66040242	ENSG00000213344	PCNPP3
2	23240997	23421927	ENSG00000232451	AC016768.1
11	4976002	4976943	ENSG00000205496	OR51A2
X	153639854	153650065	ENSG00000102125	TAZ
12	66151800	66220754	ENSG00000241749	RPSAP52
22	30814212	30814469	ENSG00000268538	KIAA1658
16	56682160	56683426	ENSG00000205360	MT1CP
20	306207	310865	ENSG00000177732	SOX12
16	68318406	68344849	ENSG00000103061	SLC7A6OS
11	5020213	5021160	ENSG00000176798	OR51L1
15	101821715	101835487	ENSG00000131876	SNRPA1
16	56682793	56686548	ENSG00000259923	RP11-249C24.11
12	66251793	66251912	ENSG00000211577	AC090673.1
11	5067756	5068691	ENSG00000205495	OR52J3
12	66328557	66342259	ENSG00000256083	RP11-366L20.3
4	170981373	171012850	ENSG00000109576	AADAT
16	56716382	56721719	ENSG00000259827	RP11-343H19.2
4	74852755	74853914	ENSG00000163736	PPBP
5	17598541	17598668	ENSG00000248422	RP11-432M8.7
12	66421505	66424846	ENSG00000256259	RP11-366L20.4
22	30821518	30825045	ENSG00000242114	MTFP1
7	141811549	141922124	ENSG00000257743	RP11-1220K2.2
17	73269073	73285591	ENSG00000125454	SLC25A19
11	5079880	5080857	ENSG00000176787	OR52E2
16	56720763	56721964	ENSG00000261429	DPPA2P4
18	28709199	28742819	ENSG00000134765	DSC1
7	76751751	76958850	ENSG00000135205	CCDC146
12	66431015	66431494	ENSG00000213343	RP11-118B13.1
12	66460001	66460118	ENSG00000251857	RNA5SP362
HSCHR6_MHC_COX	32084466	32094350	ENSG00000226467	AGPAT1
16	56742684	56763880	ENSG00000261302	RP11-343H19.1
12	66524531	66528229	ENSG00000239335	RP11-745O10.2
12	56810903	56843187	ENSG00000111602	TIMELESS
11	5090802	5091727	ENSG00000273085	OR52E1
6	165740776	166400091	ENSG00000112541	PDE10A
6	27861203	27861669	ENSG00000196331	HIST1H2BO
2	202098166	202152434	ENSG00000064012	CASP8
5	17601991	17602243	ENSG00000249282	RP11-432M8.6
16	56892430	56892513	ENSG00000207649	MIR138-2
16	56940446	56940868	ENSG00000243988	RPS24P17
3	96327658	96327761	ENSG00000199286	RNU6-1094P
11	5152922	5153872	ENSG00000171944	OR52A5
5	17604866	17605486	ENSG00000249357	RP11-432M8.8
3	96338148	96338675	ENSG00000218754	RPL18AP8
16	56974190	56975254	ENSG00000261270	RP11-325K4.3
4	74861359	74864496	ENSG00000163735	CXCL5
3	96385038	96385123	ENSG00000212031	AC117444.1
16	56974940	56975638	ENSG00000261114	RP11-325K4.2
2	110656005	110677180	ENSG00000256977	LIMS3
7	116549931	116550018	ENSG00000252115	Y_RNA
12	132195626	132284282	ENSG00000061936	SFSWAP
6	27878963	27880174	ENSG00000168131	OR2B2
3	96472029	96473515	ENSG00000241018	RCC2P5
7	116584340	116584468	ENSG00000222150	RNA5SP239
11	60691935	60704631	ENSG00000006118	TMEM132A
7	116592500	116594388	ENSG00000227199	ST7-AS1
11	5172239	5207612	ENSG00000182070	OR52A1
11	111652919	111742305	ENSG00000086848	ALG9
3	96495789	96496527	ENSG00000176243	CDV3P1
2	230899698	230933715	ENSG00000163053	SLC16A14
20	327426	340304	ENSG00000125841	NRSN2
5	17611099	17611692	ENSG00000249156	RP11-432M8.9
7	116612219	116612965	ENSG00000213050	TPM3P1
11	5220965	5221930	ENSG00000176742	OR51V1
2	23553535	23554915	ENSG00000223530	AC012506.1
2	121974163	122042783	ENSG00000115112	TFCP2L1
4	74902306	74904524	ENSG00000163734	CXCL3
9	131266979	131304567	ENSG00000119392	GLE1
17	18356269	18356376	ENSG00000227919	AL353997.11
7	116712126	116786534	ENSG00000226367	ST7-AS2
17	18356888	18357053	ENSG00000267492	RP1-37N7.6
11	5246694	5250625	ENSG00000244734	HBB
17	39160733	39161012	ENSG00000226776	KRTAP3-4P
5	17614890	17615220	ENSG00000271296	RP11-432M8.20
17	46103533	46115392	ENSG00000005243	COPZ2
17	39228198	39228593	ENSG00000237230	KRTAP2-5P
17	47778305	47786376	ENSG00000121073	SLC35B1
17	39343196	39343388	ENSG00000251439	AC006070.12
2	23570525	23574735	ENSG00000233714	AC012506.2
Y	8839792	8842136	ENSG00000230025	AC007967.4
17	39368958	39369489	ENSG00000248807	KRTAP9-12P
17	39427563	39428087	ENSG00000229351	KRTAP9-11P
11	66615704	66725847	ENSG00000173599	PC
12	109883215	109885302	ENSG00000255655	RP11-256L11.3
17	39436856	39437062	ENSG00000237183	KRTAP9-10P
4	74962752	74965010	ENSG00000081041	CXCL2
5	81569177	81574396	ENSG00000186468	RPS23
12	66627859	66629014	ENSG00000225422	RBMS1P1
10	26505236	26593487	ENSG00000136750	GAD2
12	110005780	110005920	ENSG00000200274	RNU4-32P
2	177015950	177017954	ENSG00000170166	HOXD4
12	66629336	66629402	ENSG00000266539	AC078889.1
Y	8898635	8908029	ENSG00000231988	OFD1P3Y
12	66645525	66651214	ENSG00000256072	RP11-335I12.2
12	110100668	110100988	ENSG00000200794	RN7SKP250
5	17620642	17621048	ENSG00000250351	RP11-432M8.10
12	66669720	66670431	ENSG00000256777	PDCL3P7
6	76001575	76203454	ENSG00000118407	FILIP1
12	110171971	110211313	ENSG00000255650	FAM222A-AS1
12	66686463	66686767	ENSG00000222744	RN7SKP166
12	66739499	66739602	ENSG00000238528	snoU13
17	39479679	39485797	ENSG00000233014	TBC1D3P7
9	21802635	22032985	ENSG00000264545	RP11-145E5.5
12	66957304	66957474	ENSG00000256285	OSBPL9P5
11	2397407	2418649	ENSG00000110651	CD81
17	39490884	39491985	ENSG00000108516	AC003958.6
12	66957747	66962974	ENSG00000256420	OSBPL9P4
17	39558668	39581301	ENSG00000234859	AC003958.2
3	9745491	9771592	ENSG00000144550	CPNE9
12	67285656	67462942	ENSG00000256248	RP11-123O10.4
HSCHR6_MHC_COX	33139671	33161430	ENSG00000225590	VPS52
9	21967137	21967738	ENSG00000224854	C9orf53
2	23580387	23583247	ENSG00000223634	AC012506.3
6	27925019	27925960	ENSG00000124657	OR2B6
5	17625660	17626068	ENSG00000250386	RP11-432M8.11
12	67429288	67490186	ENSG00000257083	RP11-123O10.3
Y	9003694	9005311	ENSG00000232235	CDY3P
6	146185381	146285559	ENSG00000146414	SHPRH
12	88442793	88535993	ENSG00000198707	CEP290
12	70760056	70828072	ENSG00000135643	KCNMB4
15	59439899	59440054	ENSG00000268327	C15ORF31
2	177053307	177055688	ENSG00000128645	HOXD1
Y	9021303	9023412	ENSG00000224408	USP9YP22
21	39751949	40033704	ENSG00000157554	ERG
15	59499042	59500705	ENSG00000171989	LDHAL6B
2	23598100	23604170	ENSG00000235497	AC012506.4
Y	9027238	9042220	ENSG00000238154	USP9YP4
17	8091652	8093564	ENSG00000196544	C17orf59
18	28898052	28936992	ENSG00000134760	DSG1
17	79506911	79520987	ENSG00000185504	C17orf70
10	48169665	48175810	ENSG00000231209	GLUD1P6
14	70793069	70883701	ENSG00000258644	SYNJ2BP-COX16
5	17632197	17632792	ENSG00000249666	RP11-432M8.12
HG7_PATCH	142632169	142646705	ENSG00000260119	TRPV6
17	39562764	39568027	ENSG00000225438	KRT41P
14	70827609	70827805	ENSG00000222640	RNU2-51P
14	70892529	71014181	ENSG00000257759	RP11-486O13.4
22	30843946	30868036	ENSG00000100012	SEC14L3
14	70935598	70950473	ENSG00000259158	ADAM20P1
10	48173347	48175106	ENSG00000215024	DUSP8P2
6	52842751	52860176	ENSG00000170899	GSTA4
12	110271153	110271241	ENSG00000263510	MIR4497
17	18363705	18366369	ENSG00000230662	TNPO1P2
5	17634569	17635162	ENSG00000250782	RP11-432M8.13
10	48187416	48199256	ENSG00000251070	BMS1P6
5	94955782	94957846	ENSG00000178015	GPR150
2	24095138	24095884	ENSG00000224464	PGAM1P6
12	110297572	110298225	ENSG00000256351	RP1-7G5.5
17	18400886	18404348	ENSG00000167494	NOS2P2
HSCHR6_MHC_SSTO	32000781	32027628	ENSG00000236236	TNXB
7	72481665	72481766	ENSG00000201282	Y_RNA
10	48206895	48207010	ENSG00000252754	RNA5SP313
12	110304021	110304314	ENSG00000241413	RN7SL441P
4	74979891	75168816	ENSG00000163738	MTHFD2L
10	48249334	48262214	ENSG00000270119	RP11-301J7.8
9	21967751	21995300	ENSG00000147889	CDKN2A
12	110318481	110326272	ENSG00000249094	RP1-7G5.6
7	72490260	72500313	ENSG00000198305	SPDYE8P
Y	9068524	9068856	ENSG00000232924	TCEB1P4
10	48254606	48254905	ENSG00000271217	RP11-301J7.9
5	31532373	31555165	ENSG00000082213	C5orf22
Y	24246961	24293631	ENSG00000236951	AC007359.6
10	48324788	48332197	ENSG00000226044	RP11-463P17.1
15	59664892	59815748	ENSG00000157470	FAM81A
12	110798255	110798551	ENSG00000264626	RN7SL769P
5	17643071	17643337	ENSG00000248471	RP11-432M8.15
3	97200021	97200350	ENSG00000251172	RP11-529P9.1
3	97478367	97480374	ENSG00000261292	RP11-389G6.3
10	48357926	48358600	ENSG00000228865	RP11-463P17.3
17	18414535	18455019	ENSG00000273018	CTD-2303H24.2
Y	9148739	9160483	ENSG00000197038	RBMY1A3P
5	17647821	17648053	ENSG00000248160	RP11-432M8.14
10	48387524	48387622	ENSG00000266000	AL731561.2
3	97772218	97772583	ENSG00000250750	OR5BM1P
HSCHR6_MHC_APD	30703731	30706525	ENSG00000223654	FLOT1
3	97818752	97866978	ENSG00000249225	RP11-343D2.11
3	97823598	97824516	ENSG00000251090	OR5AC4P
3	132757235	133116636	ENSG00000144868	TMEM108
12	130634894	130646801	ENSG00000250208	FZD10-AS1
10	48844036	48868504	ENSG00000197704	FRMPD2P1
2	24123563	24124019	ENSG00000238111	AC066692.3
3	42850938	43097363	ENSG00000273291	KRBOX1
19	44331444	44353307	ENSG00000167637	ZNF283
3	97838035	97838575	ENSG00000248365	POU5F1P7
19	55863669	55870884	ENSG00000267706	CTD-2105E13.6
3	97916055	97916982	ENSG00000249321	OR5H5P
16	68344877	68392466	ENSG00000132600	PRMT7
17	8108056	8113918	ENSG00000178999	AURKB
3	97926267	97927185	ENSG00000249975	OR5H3P
2	177134123	177202753	ENSG00000128654	MTX2
4	25656923	25680370	ENSG00000157765	SLC34A2
3	97940888	97941810	ENSG00000248507	OR5H4P
10	95427640	95462329	ENSG00000148690	FRA10AC1
12	110825268	110883353	ENSG00000258210	RP11-478C19.2
11	12695969	12966298	ENSG00000187079	TEAD1
3	97952495	98176742	ENSG00000251088	RP11-325B23.2
5	17649155	17649752	ENSG00000248542	RP11-432M8.16
4	172733405	173962710	ENSG00000174473	GALNTL6
3	97957196	97958125	ENSG00000187900	OR5H7P
5	17654482	17654752	ENSG00000248337	RP11-432M8.18
12	110867764	110868087	ENSG00000258011	HMGA1P3
12	8276228	8291203	ENSG00000111729	CLEC4A
2	24166716	24167221	ENSG00000234946	SDHCP3
12	110898793	110899167	ENSG00000241680	RPL31P49
Y	24291113	24292978	ENSG00000131548	TTTY6B
1	207627575	207663240	ENSG00000117322	CR2
3	98152878	98153691	ENSG00000244653	UBFD1P1
12	110934157	110934226	ENSG00000202335	SNORD50
2	231032009	231090444	ENSG00000135899	SP110
19	8645126	8675620	ENSG00000142303	ADAMTS10
3	98241414	98244178	ENSG00000248839	RP11-227H4.5
12	111063452	111063722	ENSG00000263537	RN7SL387P
19	55866276	55874628	ENSG00000180043	FAM71E2
12	111070409	111070498	ENSG00000221246	AC144522.1
3	98243905	98244118	ENSG00000250562	RPL38P4
Y	9167489	9172441	ENSG00000232808	TTTY20
3	98338909	98339462	ENSG00000240827	RP11-227H4.1
3	98342793	98342888	ENSG00000266233	AC021660.1
Y	24329997	24332168	ENSG00000229159	TSPY23P
12	42848522	42848623	ENSG00000207142	Y_RNA
12	111269583	111283767	ENSG00000257268	RP1-74B13.2
3	98376646	98379414	ENSG00000244153	WWP1P1
12	42853168	42859930	ENSG00000257225	RP11-328C8.4
2	26785450	26802400	ENSG00000173557	C2orf70
5	17655237	17655647	ENSG00000269466	RP11-432M8.17
12	130701352	130701702	ENSG00000242963	RP11-143E21.1
16	25836031	25837651	ENSG00000260255	RP11-185O21.1
Y	9185120	9193010	ENSG00000225560	FAM197Y8
3	98433174	98451495	ENSG00000239445	ST3GAL6-AS1
16	26036558	26036631	ENSG00000265005	MIR548W
16	26040233	26040346	ENSG00000199929	RNA5SP405
2	27667238	27712656	ENSG00000138002	IFT172
Y	24344576	24349859	ENSG00000225615	RBMY2UP
HSCHR6_MHC_APD	30861248	30865452	ENSG00000229767	DDR1
16	26043860	26044132	ENSG00000230330	HMGN2P3
12	130734224	130751270	ENSG00000259862	RP11-143E21.6
12	111279342	111280191	ENSG00000241286	RPL29P25
16	26074071	26074418	ENSG00000237140	HSPE1P16
Y	24355478	24362727	ENSG00000229234	RBMY1KP
3	42850975	42984284	ENSG00000240747	KRBOX1
6	166307330	166309725	ENSG00000256391	SDIM1
2	24219667	24219955	ENSG00000243847	RN7SL610P
7	150745379	150749843	ENSG00000213199	ASIC3
2	24268705	24268808	ENSG00000222940	RNU6-370P
3	98501032	98502037	ENSG00000249274	PDLIM1P4
16	26329428	26345749	ENSG00000231876	AC009158.1
2	24388753	24397874	ENSG00000232642	AC008073.7
3	98523822	98523928	ENSG00000206712	RNU6-26P
18	28956740	28994875	ENSG00000175065	DSG4
17	66531254	66597530	ENSG00000108950	FAM20A
16	56991177	56991273	ENSG00000263441	AC012181.1
10	117816444	118032979	ENSG00000151892	GFRA1
16	57046983	57048012	ENSG00000259922	RP11-322D14.1
2	190306159	190340291	ENSG00000115368	WDR75
3	187715210	187721778	ENSG00000225058	RP11-132N15.1
HSCHR6_MHC_COX	31673838	31677035	ENSG00000236183	LY6G6C
11	5253908	5256600	ENSG00000223609	HBD
6	25963030	25987384	ENSG00000112343	TRIM38
HG7_PATCH	142668776	142694414	ENSG00000261264	TRPV5
16	57086417	57092409	ENSG00000260145	RP11-322D14.2
1	24446261	24469611	ENSG00000142677	IL22RA1
3	187719488	187721194	ENSG00000236412	RP11-132N15.2
16	26366117	26369676	ENSG00000228480	AC130464.1
14	70935877	70937825	ENSG00000176082	AL357153.1
3	187824884	187864808	ENSG00000234238	RP11-430L16.1
16	57125125	57126215	ENSG00000260148	RP11-407G23.1
20	361261	378203	ENSG00000101255	TRIB3
5	34915481	34926101	ENSG00000113460	BRIX1
3	187868994	187871845	ENSG00000270959	LPP-AS2
16	57281262	57282404	ENSG00000260038	RP11-407G23.4
6	166571144	166582188	ENSG00000164458	T
14	70962824	70962927	ENSG00000252263	RNU6-659P
3	188280026	188286454	ENSG00000224563	LPP-AS1
5	17670277	17670680	ENSG00000250715	RP11-432M8.19
16	57282459	57286664	ENSG00000260946	RP11-407G23.3
14	71060031	71107921	ENSG00000259115	CTD-2540L5.5
3	188348429	188348490	ENSG00000264114	AC063932.1
10	48901102	48950972	ENSG00000204164	BMS1P5
16	57355264	57356029	ENSG00000260965	CTC-661I16.1
3	188406569	188406654	ENSG00000207651	MIR28
16	26596076	26606134	ENSG00000236481	AC002331.1
19	55875757	55881831	ENSG00000095752	IL11
3	188659504	188665428	ENSG00000234076	TPRG1-AS1
14	71061269	71062487	ENSG00000258951	KRT18P7
16	57366291	57366511	ENSG00000271456	CTC-661I16.2
16	26733195	26740447	ENSG00000260580	RP11-142A12.1
3	188707171	188707924	ENSG00000236182	RP11-297K7.1
14	71075515	71108015	ENSG00000245466	CTD-2540L5.6
HG7_PATCH	142699949	142701464	ENSG00000260557	C7orf34
16	26747550	26747638	ENSG00000264935	AC009035.1
16	57494967	57496649	ENSG00000260345	AC009052.12
3	188956475	188958383	ENSG00000230115	TPRG1-AS2
16	27078028	27080486	ENSG00000234186	C16orf82
14	71076803	71077094	ENSG00000240837	RN7SL77P
16	57637049	57637609	ENSG00000260828	HMGB3P32
10	44873687	44878739	ENSG00000269515	AL137026.1
14	71165415	71178870	ENSG00000258689	RP6-65G23.1
16	27078249	27079179	ENSG00000261482	RP11-673P17.2
16	57655946	57665559	ENSG00000261633	RP11-405F3.5
3	189363116	189363255	ENSG00000227971	RP11-600G3.1
16	27144804	27146500	ENSG00000261557	EEF1A1P38
16	57715036	57735642	ENSG00000260467	RP11-405F3.4
HSCHR6_MHC_APD	30959727	30965917	ENSG00000231350	C6orf205
3	98621268	98737406	ENSG00000239462	CTD-2021J15.1
3	38841787	38841885	ENSG00000222719	AC116038.2
14	101493122	101493201	ENSG00000207761	MIR329-1
3	38865393	38866793	ENSG00000231243	RP11-134J21.1
5	17684693	17955966	ENSG00000249937	RP11-454P21.1
16	27169775	27187908	ENSG00000261045	RP11-673P17.4
14	101493437	101493520	ENSG00000207762	MIR329-2
17	21279509	21323179	ENSG00000184185	KCNJ12
10	45406648	45432450	ENSG00000187783	TMEM72
14	101495971	101496051	ENSG00000194717	MIR494
14	23163307	23163744	ENSG00000242061	CTD-2555K7.1
16	27224631	27226314	ENSG00000259940	CTD-3203P2.1
3	13573824	13679922	ENSG00000163520	FBLN2
3	38948805	38948880	ENSG00000215941	AC116038.1
14	101496389	101496466	ENSG00000221036	MIR1193
5	135227935	135231516	ENSG00000145839	IL9
HG7_PATCH	142701710	142723277	ENSG00000260040	KEL
3	39067478	39067584	ENSG00000206708	RNU6-1227P
14	23171352	23172274	ENSG00000235213	OR6E1P
1	150768684	150780799	ENSG00000143387	CTSK
3	39255684	39256163	ENSG00000215034	DSTNP4
14	101498324	101498401	ENSG00000212040	MIR543
16	27458990	27464714	ENSG00000259954	IL21R-AS1
12	130904080	130905564	ENSG00000256064	RP11-117L5.4
14	101500092	101500173	ENSG00000207743	MIR495
14	23171820	23235771	ENSG00000258458	CTD-2555K7.2
HSCHR12_1_CTG1	82418	82555	ENSG00000262912	AC238894.1
16	1399241	1401912	ENSG00000007520	TSR3
14	101505680	101505774	ENSG00000265032	AL132709.2
Y	24442945	24445023	ENSG00000215560	TTTY5
HSCHR12_1_CTG1	86667	88073	ENSG00000262927	FAM138D
14	101506017	101506102	ENSG00000271946	MIR376C
16	27654520	27655984	ENSG00000261736	AC002551.1
3	39327476	39329411	ENSG00000270367	RP11-331G2.6
17	64891608	64891689	ENSG00000251764	RNA5SP446
7	42971799	42988557	ENSG00000106591	MRPL32
14	101506556	101506636	ENSG00000207934	MIR654
16	27673221	27673339	ENSG00000221528	AC016597.1
17	65016050	65017859	ENSG00000264491	RP11-349A8.3
3	39376470	39377430	ENSG00000228168	HNRNPA1P21
12	131112861	131200826	ENSG00000256725	RP11-662M24.2
4	75023327	75024085	ENSG00000269559	AC093677.1
17	65028525	65029406	ENSG00000265664	RP11-74H8.1
19	42572629	42585701	ENSG00000105732	ZNF574
16	27690261	27730104	ENSG00000261329	CTD-2049O4.1
14	23192685	23195781	ENSG00000258823	CTD-2555K7.3
10	71812552	71872036	ENSG00000099284	H2AFY2
3	137842560	137851229	ENSG00000118017	A4GNT
17	65220419	65221657	ENSG00000264421	RP11-401F2.4
14	23225970	23226038	ENSG00000212302	SNORD41
6	76311225	76427997	ENSG00000112701	SENP6
14	23321825	23321937	ENSG00000212335	Y_RNA
14	23337027	23337126	ENSG00000199716	Y_RNA
19	44376515	44405537	ENSG00000176222	ZNF404
9	22002902	22009362	ENSG00000147883	CDKN2B
14	71276922	71282120	ENSG00000259153	RP6-65G23.3
19	55888204	55889612	ENSG00000160472	TMEM190
Y	24452072	24454098	ENSG00000229940	TSPY22P
16	27733605	27733713	ENSG00000201371	Y_RNA
17	65220844	65221157	ENSG00000213180	RPL36AP48
16	27874572	27874677	ENSG00000212382	RNU6-159P
2	24422708	24424567	ENSG00000223754	AC008073.9
16	28009616	28009722	ENSG00000207266	RNU6-1241P
1	24480647	24514449	ENSG00000185436	IFNLR1
14	23388665	23396105	ENSG00000237054	PRMT5-AS1
4	174089904	174245118	ENSG00000109586	GALNT7
HG7_PATCH	142786754	142787791	ENSG00000261686	OR9A2
Y	24455006	24467972	ENSG00000243040	RBMY2FP
16	28122494	28122968	ENSG00000260452	TPRKBP2
6	166719168	166721936	ENSG00000176381	PRR18
20	9049410	9461889	ENSG00000101333	PLCB4
3	189547711	189547798	ENSG00000216058	MIR944
16	28190419	28190544	ENSG00000200652	SNORA25
3	189686819	189687650	ENSG00000230077	MTAPP2
16	28194639	28194751	ENSG00000200138	Y_RNA
HG7_PATCH	142812926	142813953	ENSG00000261323	OR6V1
14	101507104	101507206	ENSG00000264882	MIR376A1
3	189831723	189832061	ENSG00000265045	RN7SL486P
16	28251014	28251989	ENSG00000250982	RP11-159J3.1
12	56510370	56511727	ENSG00000229117	RPL41
14	101507700	101507782	ENSG00000215957	MIR300
HG7_PATCH	141562660	141563537	ENSG00000260791	OR9A3P
3	189838753	189862635	ENSG00000225764	LEPREL1-AS1
16	57747694	57748869	ENSG00000260438	RP11-405F3.2
11	65306276	65326401	ENSG00000168056	LTBP3
5	68856035	68890550	ENSG00000183474	GTF2H2C
3	42897497	42917633	ENSG00000180432	CYP8B1
3	113953483	113956425	ENSG00000174255	ZNF80
3	189861445	189861532	ENSG00000252733	AC067718.1
2	24437250	24444385	ENSG00000242628	AC009228.1
19	55890613	55895966	ENSG00000233493	TMEM238
HG7_PATCH	141586948	141587892	ENSG00000260363	OR9A1P
12	131135916	131153778	ENSG00000256343	RP11-662M24.1
3	189883206	189883312	ENSG00000212489	RNU6-1109P
5	94982458	95020477	ENSG00000175449	RFESD
16	57864440	57864546	ENSG00000206833	RNU6-20P
4	75174190	75181024	ENSG00000182585	EPGN
3	189884553	189885440	ENSG00000238077	NMNAT1P3
16	57908288	57908434	ENSG00000265209	AC010543.1
2	110841447	110874143	ENSG00000144063	MALL
16	58116972	58117072	ENSG00000207173	Y_RNA
HG7_PATCH	141611017	141611743	ENSG00000260935	RP11-707F14.3
17	44588877	44633016	ENSG00000238083	LRRC37A2
Y	24476599	24478647	ENSG00000259247	TTTY25P
19	44416781	44439430	ENSG00000124459	ZNF45
16	58125957	58126851	ENSG00000261151	RP11-332G1.1
3	190342384	190342958	ENSG00000231047	GCNT1P3
12	131295151	131296983	ENSG00000256250	RP11-989F5.1
3	190359952	190360292	ENSG00000223117	RN7SKP296
6	166733216	166756079	ENSG00000198818	SFT2D1
16	58150789	58153257	ENSG00000260545	CTB-134F13.1
3	190377005	190377539	ENSG00000273370	RP11-268E23.2
HG7_PATCH	141940559	141946886	ENSG00000260446	MOXD2P
3	137879854	137893791	ENSG00000138231	DBR1
Y	24546550	24548715	ENSG00000237902	TSPY21P
17	65240953	65241922	ENSG00000266473	RP11-401F2.3
16	58163433	58193037	ENSG00000260927	RP11-459F6.3
9	22446840	22455739	ENSG00000176399	DMRTA1
3	190415712	190416637	ENSG00000228730	RP11-95L3.2
17	65264226	65264344	ENSG00000200619	RNA5SP447
17	65267585	65267723	ENSG00000207410	SNORA8
12	131295366	131297167	ENSG00000256299	RP11-989F5.3
17	65272234	65272467	ENSG00000264093	RP11-401F2.2
HG7_PATCH	141965650	141972054	ENSG00000260491	U66059.29
2	24496483	24496610	ENSG00000251805	SCARNA21
17	46125691	46138849	ENSG00000082641	NFE2L1
1	1215816	1227409	ENSG00000162572	SCNN1D
17	65403959	65404062	ENSG00000238612	snoU13
13	37677398	37679803	ENSG00000180138	CSNK1A1L
3	113995760	114029135	ENSG00000181847	TIGIT
Y	24585087	24631739	ENSG00000235059	AC008175.1
17	65404890	65404997	ENSG00000201547	Y_RNA
5	127873706	128369335	ENSG00000113396	SLC27A6
12	42879155	42883821	ENSG00000258068	RP11-328C8.5
3	42947223	42960825	ENSG00000182983	ZNF662
10	93542596	93558048	ENSG00000228701	TNKS2-AS1
17	65453141	65453406	ENSG00000244610	RN7SL756P
2	24553271	24553543	ENSG00000232963	HMGN2P20
14	65170820	65213610	ENSG00000126822	PLEKHG3
17	65467605	65467701	ENSG00000207688	MIR548AA2
12	43009305	43040300	ENSG00000257510	RP11-609L23.1
5	81575281	81682796	ENSG00000205464	ATP6AP1L
HG388_HG400_PATCH	111597632	111637151	ENSG00000262764	PPP2R1B
17	65520597	65521538	ENSG00000264754	CTD-2653B5.1
10	93565803	93567253	ENSG00000180581	SRP9P1
22	30884900	30901698	ENSG00000133488	SEC14L4
11	60704556	60720002	ENSG00000110446	SLC15A3
12	43020810	43020939	ENSG00000257687	RP11-609L23.3
17	65736785	65736915	ENSG00000200394	SNORA38B
16	1401924	1413352	ENSG00000090581	GNPTG
17	65770707	65773440	ENSG00000266858	RP11-557B23.3
12	43030617	43030913	ENSG00000257405	RP11-609L23.2
12	131299898	131299995	ENSG00000238822	snoU13
10	93667888	93669105	ENSG00000272817	RP11-402D21.2
20	388142	411610	ENSG00000125826	RBCK1
7	138145079	138274738	ENSG00000122779	TRIM24
12	131354281	131354382	ENSG00000222438	RNU6-1077P
14	71325561	71326146	ENSG00000258431	RP1-292L20.2
10	93835999	93836122	ENSG00000252993	SNORA25
12	131391383	131391494	ENSG00000206850	Y_RNA
5	18049659	18049981	ENSG00000240785	RPL36AP21
12	67525347	67525985	ENSG00000255976	RAB11AP2
12	131462107	131463313	ENSG00000256204	RP11-243M5.1
10	93878421	93878921	ENSG00000214549	SDHCP2
14	71498403	71498687	ENSG00000258930	RP5-1163L11.2
12	67659622	67660746	ENSG00000237766	GGTA2P
12	43040385	43080503	ENSG00000257164	RP11-25I15.2
6	26017260	26018040	ENSG00000124610	HIST1H1A
14	71511092	71511357	ENSG00000258966	RP5-1163L11.3
19	41172596	41196877	ENSG00000105245	NUMBL
5	18236232	18236305	ENSG00000212278	SNORD81
17	65780869	65781409	ENSG00000213179	RPL17P41
11	5269313	5271122	ENSG00000213934	HBG1
2	24557381	24558021	ENSG00000233747	RPL36AP13
HSCHR6_MHC_APD	31477173	31490193	ENSG00000231179	MICB
14	71552199	71552550	ENSG00000258571	PTTG4P
12	67745216	67745819	ENSG00000256037	MRPL40P1
12	131474683	131478521	ENSG00000256151	RP11-76C10.5
5	132196873	132202576	ENSG00000164404	GDF9
17	65809698	65809770	ENSG00000222548	AC006534.1
12	67818052	67818766	ENSG00000256355	NTAN1P3
12	67834778	67836339	ENSG00000256172	RP11-473M14.3
5	18547421	18547712	ENSG00000241552	RN7SL58P
6	10694928	10710015	ENSG00000111845	PAK1IP1
5	18704542	18746282	ENSG00000248693	CTD-2023M8.1
7	35807732	35808250	ENSG00000232736	AC007551.2
9	23690102	23826335	ENSG00000107105	ELAVL2
Y	24585740	24587605	ENSG00000131538	TTTY6
17	39604435	39610307	ENSG00000236473	KRT43P
18	29027758	29058665	ENSG00000134757	DSG3
7	35882499	35882583	ENSG00000221156	AC007551.1
10	45454855	45491339	ENSG00000107551	RASSF4
HG79_PATCH	136289893	136334921	ENSG00000260099	ADAMTS13
2	24787499	24787607	ENSG00000202430	RNA5SP88
7	35969768	35969874	ENSG00000200446	RNU6-1085P
2	24899178	24899284	ENSG00000206732	RNU6-936P
Y	9205412	9235047	ENSG00000228383	FAM197Y7
7	35985904	36013282	ENSG00000226102	SEPT7P3
5	18844006	18844109	ENSG00000238674	snoU13
6	26020718	26021186	ENSG00000198366	HIST1H3A
17	39624208	39624398	ENSG00000223125	RNU2-32P
17	18414576	18429244	ENSG00000233327	USP32P2
17	39657235	39658661	ENSG00000229732	AC019349.5
17	39705858	39710747	ENSG00000226629	LINC00974
2	25048479	25049586	ENSG00000271936	RP11-443B20.1
5	18886731	18887204	ENSG00000249191	UBE2V1P12
12	132312938	132336328	ENSG00000198598	MMP17
21	40177231	40196879	ENSG00000157557	ETS2
10	93896632	93898127	ENSG00000213484	EIF4A1P8
12	131515115	131520032	ENSG00000256810	RP11-76C10.2
14	101509314	101509399	ENSG00000221525	MIR1185-1
17	21428051	21477722	ENSG00000212719	C17orf51
6	37321748	37362514	ENSG00000112130	RNF8
X	51927919	51935364	ENSG00000154545	MAGED4
Y	24663389	24663720	ENSG00000234131	TCEB1P8
17	39782579	39796451	ENSG00000214514	KRT42P
14	101510535	101510620	ENSG00000221614	MIR1185-2
8	41386725	41402565	ENSG00000147536	GINS4
2	25191827	25192093	ENSG00000237953	AC013267.1
7	111846643	111983151	ENSG00000198839	ZNF277
10	93919329	93919429	ENSG00000264076	AL158040.1
14	101511494	101518132	ENSG00000258861	MIR381HG
10	93963986	93964063	ENSG00000221042	CPEB3_ribozyme
12	131649556	131697476	ENSG00000204603	RP11-638F5.1
14	101512257	101512331	ENSG00000199020	MIR381
16	30034655	30039057	ENSG00000167194	C16orf92
17	4402133	4442330	ENSG00000183018	SPNS2
3	39379620	39380370	ENSG00000238267	RP11-241K18.2
3	9773413	9789702	ENSG00000156983	BRPF1
14	101512792	101512875	ENSG00000207754	MIR487B
5	18894011	18894277	ENSG00000249927	CTD-2151L9.2
14	101513658	101513735	ENSG00000202560	MIR539
12	43072675	43072926	ENSG00000240759	RP11-25I15.1
3	39400036	39401413	ENSG00000223668	EEF1A1P24
6	166778407	166796486	ENSG00000060762	MPC1
14	101514238	101514316	ENSG00000216099	MIR889
2	25192257	25192346	ENSG00000202479	SNORD14
12	43086018	43110653	ENSG00000257114	RP11-25I15.3
14	101514995	101515085	ENSG00000207587	MIR544A
3	39449880	39450030	ENSG00000206760	SNORA6
HSCHR18_1_CTG1_1	47901365	47920543	ENSG00000262634	SKA1
14	101515887	101515983	ENSG00000207646	MIR655
Y	24666828	24667842	ENSG00000224873	CDY13P
3	39452545	39452697	ENSG00000202363	SNORA62
2	198432948	198540769	ENSG00000162944	RFTN2
12	43323651	43324382	ENSG00000271272	RP11-510P12.1
14	101518340	101518436	ENSG00000265250	AL132709.3
3	39458971	39459056	ENSG00000264724	AC099332.1
11	111657010	111750149	ENSG00000258529	ALG9
12	111374389	111396012	ENSG00000185847	RP1-46F2.2
3	39685129	39686196	ENSG00000230757	NFU1P1
12	43359925	43361156	ENSG00000257849	RP11-547C5.1
17	49230897	49239789	ENSG00000239672	NME1
14	71607842	71609970	ENSG00000269927	RP6-91H8.3
2	25194259	25262563	ENSG00000224165	DNAJC27-AS1
3	40011616	40011757	ENSG00000201570	RNU4-56P
12	43373057	43390289	ENSG00000257373	RP11-547C5.2
14	71648173	71648823	ENSG00000259907	RP6-91H8.2
3	40250496	40250793	ENSG00000265327	RN7SL411P
3	40280099	40280232	ENSG00000202517	SNORA64
12	43447892	43448189	ENSG00000257927	MRPS36P5
6	26021907	26022278	ENSG00000196176	HIST1H4A
HSCHR6_MHC_QBL	30604326	30610490	ENSG00000206487	C6orf136
6	28048753	28057341	ENSG00000197279	ZNF165
3	40355293	40494820	ENSG00000223797	ENTPD3-AS1
14	71679350	71684933	ENSG00000258517	RP6-91H8.1
17	72983727	73001895	ENSG00000109089	CDR2L
6	26027124	26027480	ENSG00000124529	HIST1H4B
19	44455375	44471861	ENSG00000159905	ZNF221
2	105471969	105476929	ENSG00000198914	POU3F3
14	71685817	71689441	ENSG00000269945	RP6-91H8.5
17	33677324	33700720	ENSG00000172716	SLFN11
14	71759442	71788531	ENSG00000259146	RP1-261D10.2
12	43549118	43556913	ENSG00000258331	RP11-118A3.1
11	111744780	111751967	ENSG00000255561	FDXACB1
Y	24674428	24682786	ENSG00000230814	USP9YP24
12	43685298	43685383	ENSG00000215993	AC079603.1
18	29078006	29128971	ENSG00000046604	DSG2
7	43152198	43605600	ENSG00000002746	HECW1
7	150725868	150726841	ENSG00000243433	RP11-148K1.10
3	40364206	40364770	ENSG00000230274	PGAM1P3
19	55896713	55914612	ENSG00000108107	RPL28
HSCHR18_1_CTG1_1	47845372	47845490	ENSG00000262132	5S_rRNA
3	40507957	40510078	ENSG00000272452	RP11-391M1.4
7	141951963	141957878	ENSG00000258223	PRSS58
5	82348665	82373682	ENSG00000174695	TMEM167A
7	150771829	150773617	ENSG00000244151	RP11-148K1.12
HSCHR18_1_CTG1_1	47927311	47927418	ENSG00000262326	AC013759.1
6	28092338	28097860	ENSG00000196812	ZSCAN16
12	131776613	131777721	ENSG00000226356	RPS6P20
HSCHR18_1_CTG1_1	47991472	47992380	ENSG00000262892	RP11-429H5.1
12	111389487	111395616	ENSG00000258240	RP1-46F2.3
16	30035748	30064299	ENSG00000149926	FAM57B
22	19710468	19712294	ENSG00000203618	GP1BB
12	70910630	71031220	ENSG00000127329	PTPRB
2	105654441	105716418	ENSG00000135972	MRPS9
10	134884433	134945179	ENSG00000197177	GPR123
6	35465651	35480715	ENSG00000112041	TULP1
HSCHR6_MHC_APD	31507785	31509300	ENSG00000225228	MCCD1
7	150888067	150902582	ENSG00000183016	IQCA1P1
6	26031817	26032288	ENSG00000124693	HIST1H3B
9	24542950	24545944	ENSG00000205442	IZUMO3
5	18908975	18909652	ENSG00000249285	RP11-81B23.1
2	113479063	113500456	ENSG00000144130	NT5DC4
2	110879888	110962643	ENSG00000144061	NPHP1
Y	24683194	24683996	ENSG00000228571	HSFY7P
6	46820249	46922680	ENSG00000069122	GPR116
16	28296206	28303385	ENSG00000246465	RP11-57A19.2
12	131780655	131782517	ENSG00000248703	RP11-495K9.3
11	13298199	13408813	ENSG00000133794	ARNTL
16	28376021	28376654	ENSG00000271623	RP11-435I10.5
Y	24727136	24760228	ENSG00000230476	OFD1P9Y
19	44472014	44502477	ENSG00000204920	ZNF155
2	71503691	71662199	ENSG00000075292	ZNF638
16	28425024	28426339	ENSG00000261089	RP11-435I10.3
22	19744226	19771116	ENSG00000184058	TBX1
8	93895758	94029901	ENSG00000205133	TRIQK
22	30918786	30942669	ENSG00000214491	SEC14L6
5	18965970	19142455	ENSG00000249174	RP11-124N3.3
16	28453987	28454090	ENSG00000238703	snoU13
15	101840818	102065405	ENSG00000140479	PCSK6
16	28465462	28465832	ENSG00000270118	RP11-57A19.5
12	131784185	131784296	ENSG00000212251	RNA5SP376
16	28559652	28559979	ENSG00000271495	RP11-666O2.1
19	19312225	19314233	ENSG00000184162	NR2C2AP
7	150935507	150935624	ENSG00000211517	MIR671
5	19035306	19038908	ENSG00000251487	RP11-124N3.2
12	112563305	112591407	ENSG00000135148	TRAFD1
21	40546695	40555777	ENSG00000183527	PSMG1
16	28671017	28752102	ENSG00000261419	RP11-57A19.4
9	25676396	25678856	ENSG00000198680	TUSC1
6	26033320	26033796	ENSG00000137259	HIST1H2AB
7	150937485	150938058	ENSG00000272661	RP4-548D19.3
16	28683554	28683657	ENSG00000238684	snoU13
3	133118839	133194066	ENSG00000170819	BFSP2
17	26900133	26904282	ENSG00000109107	ALDOC
7	150946411	150951476	ENSG00000243018	RP5-1070G24.2
17	18430871	18431775	ENSG00000227689	SRP68P2
17	61773262	61778532	ENSG00000136490	LIMD2
16	28711615	28712861	ENSG00000259982	CDC37P1
19	42590263	42700737	ENSG00000028277	POU2F2
17	65840061	65840130	ENSG00000265086	AC006534.2
16	28761280	28761916	ENSG00000270424	RP11-1348G14.6
14	77924213	77935817	ENSG00000100591	AHSA1
5	19041118	19041495	ENSG00000242654	RPL32P14
17	65947001	65947862	ENSG00000266717	RP11-855A2.3
4	110967002	111120355	ENSG00000170522	ELOVL6
3	50384761	50388522	ENSG00000114388	NPRL2
16	28797731	28797834	ENSG00000238352	snoU13
16	28814097	28829149	ENSG00000251417	RP11-1348G14.4
7	151106247	151110440	ENSG00000243836	WDR86-AS1
17	65973814	65974084	ENSG00000265052	RN7SL622P
6	41755400	41757636	ENSG00000214736	TOMM6
10	118083940	118139541	ENSG00000182645	CCDC172
17	65989996	65992547	ENSG00000266176	RP11-855A2.5
12	131832015	131852100	ENSG00000230294	RP13-507P19.2
16	28825301	28825994	ENSG00000240634	RP11-1348G14.1
12	110939460	110969891	ENSG00000151164	RAD9B
17	66091209	66091898	ENSG00000266117	LOC732538
5	19233475	19234596	ENSG00000249557	HSPD1P15
12	111511772	111511893	ENSG00000221259	AC002978.1
12	131851205	131855604	ENSG00000256484	RP13-507P19.1
16	28831891	28833354	ENSG00000260796	RP11-1348G14.5
9	26840683	26892802	ENSG00000120159	CAAP1
3	190432600	190434188	ENSG00000232610	CCT6P4
17	66092187	66097615	ENSG00000265055	AC145343.2
16	28841933	28848521	ENSG00000260570	RP11-24N18.1
Y	24795392	24805025	ENSG00000224657	RBMY2BP
16	28855240	28855328	ENSG00000264455	MIR4721
3	190548754	190549962	ENSG00000214147	RP11-332P22.2
16	28873487	28874661	ENSG00000261766	RP11-22P6.2
17	73008765	73017356	ENSG00000167862	ICT1
5	19735619	19735670	ENSG00000264928	AC118463.1
3	190931080	190952394	ENSG00000233308	OSTN-AS1
17	66098049	66111659	ENSG00000237854	LINC00674
5	20158771	20159065	ENSG00000248766	RP11-61K20.1
18	29171689	29178974	ENSG00000118271	TTR
16	28890278	28891241	ENSG00000260442	RP11-22P6.3
1	24645812	24690972	ENSG00000158055	GRHL3
3	191275113	191308145	ENSG00000223812	RP11-197K6.1
HG388_HG400_PATCH	111652919	111742304	ENSG00000262577	ALG9
12	131953856	131977496	ENSG00000256209	RP11-897M7.1
16	28892801	28892928	ENSG00000252461	SNORA43
3	191358924	191359026	ENSG00000201860	Y_RNA
4	174252846	174256276	ENSG00000164104	HMGB2
7	151124769	151136210	ENSG00000241456	RP4-555L14.4
3	191359118	191359213	ENSG00000200270	Y_RNA
16	28968008	28978204	ENSG00000260853	RP11-264B17.2
2	25231714	25231815	ENSG00000207069	Y_RNA
3	191670138	191670615	ENSG00000237653	RP11-655G22.2
6	43573053	43596899	ENSG00000172432	GTPBP2
2	25280901	25281196	ENSG00000240913	RN7SL856P
7	151130575	151130725	ENSG00000265810	MIR3907
6	26043455	26043885	ENSG00000196226	HIST1H2BB
11	66624118	66627946	ENSG00000173621	LRFN4
3	191693743	191693813	ENSG00000216020	AC026320.1
17	66121918	66148609	ENSG00000267023	LRRC37A16P
7	151161738	151162024	ENSG00000241959	RN7SL76P
6	10723148	10731362	ENSG00000111843	TMEM14C
7	151198964	151200549	ENSG00000240132	ETF1P2
3	191747669	191754346	ENSG00000232353	RP11-655G22.1
12	132081402	132081660	ENSG00000255704	RP11-292I17.1
17	79523913	79615495	ENSG00000182446	NPLOC4
5	20304154	20305557	ENSG00000214132	RP11-420O16.2
16	1413206	1464752	ENSG00000059145	UNKL
7	151503744	151507906	ENSG00000242048	RP13-452N2.1
17	27281919	27333458	ENSG00000063015	SEZ6
6	166822852	167319939	ENSG00000071242	RPS6KA2
3	191810911	191811225	ENSG00000222583	RN7SKP222
12	111740604	111740703	ENSG00000221386	AC002979.1
12	56511943	56516278	ENSG00000135482	ZC3H10
14	23398818	23424771	ENSG00000257285	RP11-298I3.1
12	111777331	111777425	ENSG00000253080	RNA5SP373
2	25302770	25304558	ENSG00000229593	SUCLA2P3
3	191955826	192000886	ENSG00000231383	FGF12-AS1
12	111807086	111841114	ENSG00000257595	RP3-473L9.4
11	5274420	5667019	ENSG00000196565	HBG2
HSCHR6_MHC_APD	31509287	31518252	ENSG00000237889	DDX39B
7	151574127	151576299	ENSG00000239911	PRKAG2-AS1
6	107077453	107116292	ENSG00000130348	QRSL1
7	36010757	36011177	ENSG00000270889	RP11-609L3.1
14	23426159	23426238	ENSG00000265037	MIR4707
3	192232811	192234362	ENSG00000230126	FGF12-AS2
7	36069221	36095041	ENSG00000232930	AC083864.3
3	114056941	114866118	ENSG00000181722	ZBTB20
Y	9215731	9218480	ENSG00000188656	TSPY7P
1	207669492	207813992	ENSG00000203710	CR1
3	192234620	192239187	ENSG00000226709	FGF12-AS3
14	23451907	23468287	ENSG00000258457	RP11-298I3.4
5	135257968	135290723	ENSG00000145826	LECT2
17	18441117	18528930	ENSG00000154874	CCDC144B
7	36134882	36140263	ENSG00000261184	RP11-196O2.1
3	192251798	192251901	ENSG00000238902	snoU13
7	151597360	151597459	ENSG00000212219	RNU6-604P
X	19362011	19379823	ENSG00000131828	PDHA1
3	192447344	192447505	ENSG00000200184	RNU1-20P
7	151613412	151613503	ENSG00000222941	Y_RNA
17	66130816	66131745	ENSG00000267352	SH3GL1P3
12	111819671	111823442	ENSG00000257539	HSPA8P14
7	151647471	151652070	ENSG00000227562	RP11-796I2.1
11	66742748	66744475	ENSG00000173237	C11orf86
7	36148634	36150482	ENSG00000228815	MARK2P13
3	192862253	192894653	ENSG00000232130	RP11-143P4.2
6	41757634	41863099	ENSG00000164663	USP49
7	151765985	151766090	ENSG00000239045	snoU13
17	66148917	66155184	ENSG00000267708	RP11-147L13.7
7	36186451	36187633	ENSG00000271117	RP11-377H23.1
14	23486367	23486590	ENSG00000252114	SNORA73
7	151817086	151818802	ENSG00000229591	RP5-981O7.2
3	192873245	192874997	ENSG00000236229	VEZF1P1
14	23502739	23502847	ENSG00000207765	AL132780.1
10	71857979	71892690	ENSG00000042286	AIFM2
13	38136720	38172981	ENSG00000133110	POSTN
5	20305674	20331565	ENSG00000249854	RP11-420O16.1
14	23625518	23625623	ENSG00000202229	RNU6-1138P
7	4683388	4811074	ENSG00000164916	FOXK1
3	193025033	193032151	ENSG00000236508	ATP13A5-AS1
19	19322782	19363042	ENSG00000130287	NCAN
7	151825964	151826771	ENSG00000213188	YBX1P4
14	23699170	23699325	ENSG00000240131	RP11-124D2.1
5	36248536	36302216	ENSG00000164188	RANBP3L
14	23728669	23728775	ENSG00000252347	RNU6-1046P
3	193271002	193272877	ENSG00000225473	ATP13A4-AS1
7	152063848	152064100	ENSG00000270405	RP11-208G20.3
14	23763061	23765007	ENSG00000270433	RP11-124D2.7
17	66186025	66188943	ENSG00000267731	RP11-147L13.8
7	152064256	152064345	ENSG00000204894	RP11-208G20.2
17	66195062	66195737	ENSG00000267472	LOC440461
15	34158428	34331377	ENSG00000169857	AVEN
14	23825615	23826212	ENSG00000259018	RP11-124D2.3
7	152064604	152065746	ENSG00000241007	SEPT7P6
3	193296601	193310879	ENSG00000236297	RP11-175P19.2
4	174291120	174298683	ENSG00000164105	SAP30
17	66242770	66244079	ENSG00000265100	RP11-147L13.2
5	20611949	20937800	ENSG00000251629	RP11-774D14.1
14	23857799	23857881	ENSG00000199157	MIR208A
7	152099865	152099978	ENSG00000253088	Y_RNA
17	21729601	21731762	ENSG00000263563	UBBP4
Y	9225731	9233636	ENSG00000237802	FAM197Y6
14	23884548	23884895	ENSG00000258444	CTD-2201G16.1
7	152133980	152140272	ENSG00000241735	FABP5P3
3	193336398	193345126	ENSG00000224855	OPA1-AS1
17	66409764	66521090	ENSG00000267009	RP11-120M18.2
14	23887196	23887272	ENSG00000215991	MIR208B
15	59887074	59932438	ENSG00000140297	GCNT3
22	30950622	30970574	ENSG00000128242	GAL3ST1
4	111286889	111486441	ENSG00000138792	ENPEP
3	193341978	193342090	ENSG00000207370	Y_RNA
17	39874406	39874512	ENSG00000201920	RNA5SP442
HSCHR5_1_CTG2	94039446	94636885	ENSG00000262742	MCTP1
3	193458262	193458510	ENSG00000243991	RN7SL447P
14	23980969	24029987	ENSG00000157306	RP11-66N24.4
17	39886381	39886657	ENSG00000239542	RN7SL399P
3	193483470	193483792	ENSG00000223986	RP11-528A4.3
17	39993316	39993580	ENSG00000263830	RN7SL871P
7	152136306	152136393	ENSG00000221454	AC005631.1
X	77385245	77395203	ENSG00000187325	TAF9B
11	66774249	66818334	ENSG00000173227	SYT12
17	40004770	40007699	ENSG00000259623	RP11-156E6.1
7	152142562	152144235	ENSG00000020219	CCT8L1P
3	193560349	193561813	ENSG00000229155	RP11-528A4.2
14	71797059	71797455	ENSG00000259079	RP1-261D10.1
10	7792925	7829990	ENSG00000151657	KIN
14	71865054	71865124	ENSG00000207444	SNORD56B
7	152160871	152162634	ENSG00000261455	LINC01003
17	40086888	40117648	ENSG00000204815	TTC25
14	71915406	71915673	ENSG00000242330	RN7SL683P
3	193675161	193721448	ENSG00000214146	RP11-699L21.1
14	72315323	72375147	ENSG00000266869	RP6-114E22.1
9	26904081	26947461	ENSG00000137055	PLAA
14	72489124	72489233	ENSG00000200298	Y_RNA
2	25380063	25382006	ENSG00000261452	RP11-509E16.1
14	73019288	73061833	ENSG00000258871	RP3-514A23.2
4	75230860	75254468	ENSG00000124882	EREG
7	152287726	152288026	ENSG00000231139	AC104843.4
2	25427182	25432071	ENSG00000230452	AC012457.2
3	193698403	193723887	ENSG00000238043	RP11-699L21.2
14	73319932	73320039	ENSG00000206751	Y_RNA
10	89511269	89601100	ENSG00000138138	ATAD1
14	24030306	24037282	ENSG00000258727	RP11-66N24.3
7	152290058	152290176	ENSG00000199404	RNA5SP250
17	22022437	22023991	ENSG00000256618	MTRNR2L1
7	152293008	152293115	ENSG00000238557	snoU13
2	25450724	25451090	ENSG00000272048	RP11-458N5.1
7	152299298	152299977	ENSG00000225416	AC104843.3
14	73376145	73376231	ENSG00000238972	snoU13
2	25551509	25551590	ENSG00000221445	MIR1301
5	118347166	118347751	ENSG00000250928	CTB-161M19.2
14	24198247	24198950	ENSG00000258464	RP11-388E23.2
6	37400995	37450603	ENSG00000137200	CMTR1
HSCHR6_MHC_COX	32094614	32097047	ENSG00000228405	RNF5
7	152306398	152306519	ENSG00000212590	SNORA26
7	152435527	152435815	ENSG00000265439	RN7SL811P
14	24218445	24220359	ENSG00000259043	BRD7P1
2	25592042	25598714	ENSG00000235072	AC012074.2
7	152446164	152446820	ENSG00000214003	ATP5F1P3
12	43954587	43955100	ENSG00000241251	RP11-73B8.1
9	131314866	131395941	ENSG00000197694	SPTAN1
18	29202210	29265799	ENSG00000118276	B4GALT6
5	20612734	20614874	ENSG00000249490	CTD-2333M24.1
7	152454747	152455034	ENSG00000244328	RN7SL845P
12	43963572	43965841	ENSG00000257813	RP11-73B8.2
5	118404992	118405095	ENSG00000239011	snoU13
7	152753822	152753904	ENSG00000265275	AF104455.1
5	118462477	118464139	ENSG00000248885	RP11-950K24.2
7	152841398	152841673	ENSG00000224104	AC079809.2
12	44026896	44027084	ENSG00000271508	RP11-73B8.3
2	25592818	25593185	ENSG00000179061	AC012074.1
2	96991069	96994091	ENSG00000198885	ITPRIPL1
12	44053630	44054904	ENSG00000257907	EEF1A1P17
3	98627303	98627408	ENSG00000207331	RNU6-1263P
12	121746048	121837699	ENSG00000089053	ANAPC5
HSCHR6_MHC_QBL	30610400	30630349	ENSG00000206486	DHX16
3	98699902	98701940	ENSG00000240476	LINC00973
19	44507100	44518078	ENSG00000159882	ZNF230
12	44112796	44117803	ENSG00000257742	RP11-350F4.2
7	4815253	4833943	ENSG00000242802	AP5Z1
5	20830275	20831056	ENSG00000248308	RP11-697E23.1
22	19770747	19842462	ENSG00000185838	GNB1L
7	153097005	153111048	ENSG00000234722	AC073236.3
12	54969171	54982443	ENSG00000135447	PPP1R1A
3	98934068	98935110	ENSG00000241305	ACTG1P13
12	44130431	44134870	ENSG00000257896	RP11-210N13.1
10	93976089	93976550	ENSG00000105988	NHP2P1
3	99045221	99045396	ENSG00000240572	RP11-121C1.1
2	25643986	25650512	ENSG00000224220	AC104699.1
5	118468346	118468577	ENSG00000248979	LAMTOR3P2
10	94031904	94032007	ENSG00000199881	Y_RNA
3	99085645	99085733	ENSG00000266030	AC078828.1
4	75310851	75320726	ENSG00000109321	AREG
10	94094220	94094321	ENSG00000202297	Y_RNA
3	99219191	99224352	ENSG00000243296	RP11-779P15.1
10	94178424	94180632	ENSG00000232709	MARK2P9
5	118474554	118474660	ENSG00000206786	RNU6-701P
11	60739115	60787849	ENSG00000013725	CD6
5	118490332	118490411	ENSG00000264536	MIR5706
10	94200968	94201061	ENSG00000207895	AL161652.1
17	4442192	4458926	ENSG00000132382	MYBBP1A
2	203879602	204091101	ENSG00000144426	NBEAL1
3	99226031	99245957	ENSG00000243089	RP11-779P15.2
15	59930261	59949740	ENSG00000140307	GTF2A2
10	94356609	94357044	ENSG00000184111	RP11-366I13.3
12	44402423	44403946	ENSG00000258212	RP11-624G19.1
HG7_PATCH	141985579	141988698	ENSG00000261640	U66059.58
19	19366450	19373605	ENSG00000187664	HAPLN4
17	66539369	66542970	ENSG00000269657	AC079210.1
3	99316908	99342664	ENSG00000244464	RP11-201E8.1
5	21196829	21196969	ENSG00000248286	RP11-811J10.1
HG7_PATCH	141987080	141991423	ENSG00000260474	PRSS3P3
10	94418801	94419055	ENSG00000264313	RN7SL644P
5	118593035	118593132	ENSG00000266587	AC027320.1
2	25919945	25920057	ENSG00000201160	Y_RNA
HG7_PATCH	141999017	141999300	ENSG00000260168	TRBV1
5	21323982	21341484	ENSG00000249359	RP11-374A4.1
HG7_PATCH	142059022	142059481	ENSG00000260849	TRBV3-2
5	118642039	118642326	ENSG00000243333	RN7SL174P
5	118781411	118781528	ENSG00000202092	RNA5SP190
HG7_PATCH	142080131	142080409	ENSG00000260925	TRBV8-1
3	40540382	40540494	ENSG00000199906	RNU5B-2P
5	132202252	132203723	ENSG00000164405	UQCRQ
2	25945061	25945165	ENSG00000222070	AC010150.2
3	40628026	40628919	ENSG00000234067	RPL5P10
HG7_PATCH	142094141	142094414	ENSG00000259951	TRBV5-2
6	26045639	26046097	ENSG00000196532	HIST1H3C
5	118804654	118804750	ENSG00000239084	snoU13
3	40637698	40638985	ENSG00000226845	EEF1GP3
HG7_PATCH	142107887	142108157	ENSG00000260554	TRBV8-2
2	26032794	26033525	ENSG00000187536	TPM3P7
17	25621102	25640657	ENSG00000109046	WSB1
3	40644616	40646918	ENSG00000226302	RP11-528N21.1
2	172778958	172848599	ENSG00000128708	HAT1
3	193711120	193711774	ENSG00000224403	DPPA2P3
3	182971032	183016292	ENSG00000176597	B3GNT5
11	867357	915058	ENSG00000177830	CHID1
5	118882826	118883301	ENSG00000213663	CTD-2158P22.1
10	134973951	135039916	ENSG00000171798	KNDC1
HG7_PATCH	142136731	142137173	ENSG00000260215	TRBV12-1
3	40740557	40740829	ENSG00000229072	HMGN2P24
14	24236871	24238207	ENSG00000270618	RP11-388E23.4
11	111749659	111756699	ENSG00000137720	C11orf1
3	40803036	40803290	ENSG00000234287	RP11-761N21.2
14	24261139	24261445	ENSG00000222931	RN7SKP205
5	118890945	118891353	ENSG00000249919	FABP5P6
11	5289582	5526847	ENSG00000213931	HBE1
Y	24816763	24819006	ENSG00000224917	AC016694.2
14	24294845	24296605	ENSG00000258887	RP11-388E23.3
3	40807698	40904117	ENSG00000231873	RP11-761N21.1
5	118945897	118946000	ENSG00000239067	snoU13
12	132106436	132107748	ENSG00000256258	RP11-495K9.9
14	24391456	24403777	ENSG00000259334	LINC00596
5	118988218	118988695	ENSG00000250895	CTD-2158P22.4
Y	24908998	24915934	ENSG00000230727	RBMY2WP
19	19375173	19384200	ENSG00000213996	TM6SF2
3	193723226	193788759	ENSG00000230102	RP11-407B7.1
12	132131658	132132666	ENSG00000256424	RP11-495K9.7
7	76822688	76829143	ENSG00000127951	FGL2
14	24407940	24458048	ENSG00000215256	DHRS4-AS1
2	98086678	98100408	ENSG00000241481	AC159540.2
5	142149949	142608576	ENSG00000145819	ARHGAP26
6	26055968	26056699	ENSG00000187837	HIST1H1C
3	43020759	43101703	ENSG00000144649	FAM198A
HSCHR6_MHC_COX	31682228	31685807	ENSG00000226634	DDAH2
17	44594068	44657088	ENSG00000185829	ARL17A
Y	24997731	24998862	ENSG00000228240	TTTY17A
7	116827602	116827794	ENSG00000227532	AC002542.2
5	21341942	21589481	ENSG00000183666	GUSBP1
16	1469745	1479345	ENSG00000174109	C16orf91
12	132145608	132145719	ENSG00000212154	RNA5SP377
2	24714783	24993571	ENSG00000084676	NCOA1
5	119015892	119016775	ENSG00000234259	CTC-507E12.1
15	34260921	34357291	ENSG00000184984	CHRM5
7	116902972	116904942	ENSG00000230785	AC006326.3
Y	9334896	9342768	ENSG00000230066	FAM197Y3
5	119581143	119669197	ENSG00000251293	CTC-552D5.1
10	94428502	94429500	ENSG00000236493	EIF2S2P3
5	119673244	119673348	ENSG00000251975	RNU6-718P
Y	9345205	9347784	ENSG00000270073	AC006156.2
6	31707797	31732628	ENSG00000255152	MSH5-SAPCD1
8	18027986	18081198	ENSG00000171428	NAT1
10	123499939	123688316	ENSG00000107669	ATE1
HSCHR6_MHC_APD	31555632	31557434	ENSG00000228978	TNF
5	119681602	119740532	ENSG00000261036	RP11-574H6.1
10	94470256	94470365	ENSG00000201412	Y_RNA
10	94637849	94638046	ENSG00000225118	RP11-477L16.2
19	44529494	44537265	ENSG00000159885	ZNF222
X	122993574	123047829	ENSG00000101966	XIAP
10	94819420	94820183	ENSG00000226425	RP11-348J12.2
12	55024595	55028679	ENSG00000135413	LACRT
12	8290733	8341133	ENSG00000196946	ZNF705A
10	94866629	94867140	ENSG00000232805	NIP7P1
11	111779289	111794446	ENSG00000109846	CRYAB
1	1227756	1244989	ENSG00000131584	ACAP3
15	34376218	34394149	ENSG00000134153	EMC7
10	94966614	94969384	ENSG00000237417	XRCC6P1
7	153146514	153146960	ENSG00000233489	AC091652.2
10	45466429	45474258	ENSG00000165507	C10orf10
7	153665750	153665911	ENSG00000226509	AC005588.2
17	73028670	73061984	ENSG00000180901	KCTD2
HSCHR6_MHC_APD	31559653	31561620	ENSG00000231314	LTB
16	1484384	1494557	ENSG00000197599	CCDC154
17	73314157	73401790	ENSG00000177885	GRB2
4	25749055	25865382	ENSG00000091490	SEL1L3
10	95043761	95044315	ENSG00000213432	RP11-624L12.1
10	95270305	95270437	ENSG00000212396	RNA5SP323
10	95368343	95368456	ENSG00000221352	AL356214.1
3	41012032	41013069	ENSG00000233096	RP11-520A21.1
10	95641050	95641695	ENSG00000227995	RAB11AP1
3	43120724	43147568	ENSG00000144647	POMGNT2
3	41203778	41210038	ENSG00000233919	RP11-372H2.1
3	9791628	9829903	ENSG00000114026	OGG1
10	95717948	95721297	ENSG00000180764	PIPSL
3	41690747	41690828	ENSG00000221337	AC099537.1
5	158584417	158637061	ENSG00000145860	RNF145
17	66863433	66951533	ENSG00000141338	ABCA8
HSCHR6_MHC_SSTO	32123003	32129017	ENSG00000235956	PRRT1
10	95806795	95806882	ENSG00000252895	RNY4P26
10	48931789	48931904	ENSG00000222406	RNA5SP314
11	5322244	5323226	ENSG00000183251	OR51B4
7	112063023	112121072	ENSG00000006652	IFRD1
14	101518783	101518862	ENSG00000207558	MIR487A
11	65337901	65341413	ENSG00000173465	SSSCA1
14	101520638	101520723	ENSG00000207742	MIR382
17	61780192	61819330	ENSG00000266173	STRADA
5	132208014	132210738	ENSG00000164406	LEAP2
14	101521008	101521110	ENSG00000207993	MIR134
11	5344541	5345582	ENSG00000184881	OR51B2
10	48952491	48980269	ENSG00000227781	GLUD1P2
14	101521738	101521848	ENSG00000208027	MIR485
3	177990720	178562217	ENSG00000197584	KCNMB2
15	59951345	59981733	ENSG00000140299	BNIP2
7	148287657	148312952	ENSG00000170279	C7orf33
2	31395924	31456724	ENSG00000214711	CAPN14
19	44529506	44591471	ENSG00000267022	ZNF223
10	118187379	118237469	ENSG00000203837	PNLIPRP3
22	30972612	31003070	ENSG00000100029	PES1
5	69321074	69338940	ENSG00000205572	SERF1B
14	101522556	101522637	ENSG00000208004	MIR323B
11	5363744	5364809	ENSG00000242180	OR51B5
3	129366635	129612419	ENSG00000172765	TMCC1
18	29339525	29340843	ENSG00000141437	SLC25A52
17	66420592	66420689	ENSG00000207561	MIR635
14	101526092	101526175	ENSG00000207978	MIR154
12	67913609	67960906	ENSG00000203585	RP11-542B15.1
17	66553657	66578718	ENSG00000267461	RP11-120M18.5
5	128430444	128449721	ENSG00000066583	ISOC1
11	5372738	5373676	ENSG00000176239	OR51B6
6	166945369	166947709	ENSG00000269048	Z98049.1
2	26045338	26045819	ENSG00000217643	PTGES3P2
17	66587937	66760023	ENSG00000267659	RP11-118B18.1
12	67964977	67983767	ENSG00000256077	RP11-335O4.1
6	167271582	167369612	ENSG00000249141	RP11-514O12.4
12	68052771	68064699	ENSG00000235872	RP11-335O4.3
7	4836686	4923350	ENSG00000157927	RADIL
12	111925282	111925382	ENSG00000266269	AC002395.1
2	26079330	26079835	ENSG00000218682	AC010150.1
12	112002625	112002687	ENSG00000272215	U7
17	66762614	66762700	ENSG00000263690	AC011591.1
12	68102827	68123255	ENSG00000255970	RP11-43N5.1
19	44555520	44572144	ENSG00000178386	ZNF223
17	66789690	66793963	ENSG00000267250	RP11-118B18.2
Y	9355208	9364506	ENSG00000234803	FAM197Y2
17	67000855	67014464	ENSG00000231749	ABCA9-AS1
1	207818458	207911761	ENSG00000197721	CR1L
2	26109833	26110075	ENSG00000217718	AC064847.4
11	65339820	65341669	ENSG00000176973	FAM89B
10	95841707	95868571	ENSG00000232913	RP11-429H9.4
7	76940068	77045717	ENSG00000186088	GSAP
17	67090430	67091640	ENSG00000267361	LOC100421166
16	58231016	58251709	ENSG00000260867	RP11-459F6.1
16	58233474	58233740	ENSG00000240863	RN7SL645P
6	16129356	16148479	ENSG00000007944	MYLIP
17	67095683	67095797	ENSG00000265331	MIR4524B
3	99410324	99410415	ENSG00000263810	AC055723.1
11	111782966	111789574	ENSG00000170276	HSPB2
16	58315593	58316079	ENSG00000203343	AC009107.1
2	26217663	26217950	ENSG00000237629	UQCRHP2
3	99521543	99524902	ENSG00000273374	RP11-383I23.2
16	68392231	68482591	ENSG00000103056	SMPD3
12	132147141	132149249	ENSG00000249926	RP11-495K9.6
HG7_PATCH	142155394	142155893	ENSG00000260241	TRBV11-2
17	67314874	67315102	ENSG00000267203	SNRPGP4
3	99683158	99683242	ENSG00000264897	MIR3921
16	58411956	58412052	ENSG00000212379	RNU6-269P
16	58416893	58417702	ENSG00000261078	RP11-481J2.1
3	99898411	99900574	ENSG00000261533	RP11-15N24.4
17	67351274	67351359	ENSG00000252352	SNORA40
HG7_PATCH	142162383	142162825	ENSG00000261214	TRBV12-2
16	58418346	58418446	ENSG00000252271	RNU6-1110P
17	67473280	67497896	ENSG00000267653	RP1-193H18.3
HG7_PATCH	142195614	142196085	ENSG00000259903	TRBV7-5
2	26265544	26265650	ENSG00000199872	RNU6-942P
3	99940365	99940436	ENSG00000238377	SNORD61
16	58455230	58496374	ENSG00000260186	RP11-481J2.2
Y	25012691	25013903	ENSG00000215537	ZNF736P11Y
17	67547499	67550002	ENSG00000267194	RP1-193H18.2
3	99944218	99944917	ENSG00000243974	VTI1BP1
1	52254863	52344477	ENSG00000078618	NRD1
14	35451163	35498773	ENSG00000100883	SRP54
HG7_PATCH	142378492	142378952	ENSG00000260768	TRBV21-1
2	198557830	198639547	ENSG00000222017	AC011997.1
3	100080031	100080481	ENSG00000273488	RP11-114I8.4
4	75480629	75490486	ENSG00000205595	AREGB
HG7_PATCH	142383314	142383764	ENSG00000261619	TRBV22-1
3	100364965	100365041	ENSG00000252989	SNORA31
2	26324186	26325005	ENSG00000235440	RP11-214J9.1
11	111783460	111797595	ENSG00000254445	HSPB2-C11orf52
16	58530812	58530918	ENSG00000200556	RNU6-103P
17	67573392	67899141	ENSG00000227517	AC003051.1
3	100383894	100384320	ENSG00000243495	GMFBP1
16	58582403	58582537	ENSG00000207493	SNORA46
11	111788756	111797596	ENSG00000149300	C11orf52
2	198570087	198573113	ENSG00000247626	MARS2
11	5410607	5411664	ENSG00000184698	OR51M1
HG7_PATCH	142421876	142422330	ENSG00000260794	TRBVA
16	58593700	58593835	ENSG00000206952	SNORA50
22	19833661	19842419	ENSG00000215012	C22orf29
HG7_PATCH	142436169	142436653	ENSG00000260346	TRBV26
3	100629819	100631019	ENSG00000213431	RP11-301G23.1
2	26363132	26364133	ENSG00000231655	AC011742.3
16	58631493	58631849	ENSG00000260865	CTA-331F8.1
17	36481413	36499730	ENSG00000188888	GPR179
HG7_PATCH	142445732	142458950	ENSG00000261106	U66061.31
2	113493930	113522254	ENSG00000169607	CKAP2L
11	5423827	5424777	ENSG00000184321	OR51J1
3	100671471	100671577	ENSG00000201642	RNU6-865P
16	58652579	58652668	ENSG00000239121	snoU13
3	100881938	100882830	ENSG00000242573	ACTR3P3
17	67703334	67703514	ENSG00000267184	RP1-200G19.1
16	58767816	59142878	ENSG00000245768	RP11-410D17.2
11	5443341	5444436	ENSG00000167360	OR51Q1
HG7_PATCH	142451885	142452425	ENSG00000261735	TRBVB
17	67945002	67945088	ENSG00000252100	AC002539.2
9	26947037	27062928	ENSG00000096872	IFT74
15	66797297	66842115	ENSG00000174442	ZWILCH
8	144648357	144655141	ENSG00000204839	MROH6
HG7_PATCH	142462860	142463266	ENSG00000260353	PGBD4P1
2	26372073	26373600	ENSG00000214465	SMARCE1P6
17	67957848	67979679	ENSG00000237560	AC004562.1
2	98108978	98206428	ENSG00000196912	ANKRD36B
HG7_PATCH	142500930	142504458	ENSG00000261225	PRSS3P1
11	5461800	5462744	ENSG00000167359	OR51I1
8	93895865	93898013	ENSG00000212999	AC117834.1
11	5474638	5475707	ENSG00000187918	OR51I2
HG7_PATCH	142511506	142515082	ENSG00000260250	U66061.39
4	174305852	174327531	ENSG00000164106	SCRG1
2	26382892	26384005	ENSG00000227133	AC011742.5
6	167342992	167370679	ENSG00000026297	RNASET2
19	48281829	48287943	ENSG00000178980	SEPW1
8	94146324	94179079	ENSG00000254318	C8orf87
2	64068074	64118696	ENSG00000169764	UGP2
10	127455022	127464390	ENSG00000154485	MMP21
HG7_PATCH	142521598	142525182	ENSG00000262987	RP11-520H11.1
2	153574407	153617767	ENSG00000177917	ARL6IP6
11	5509915	5510979	ENSG00000181609	OR52D1
12	68323015	68363797	ENSG00000255772	GS1-410F4.4
7	116903971	116904442	ENSG00000224042	MTND4P6
HG7_PATCH	142539536	142540431	ENSG00000261808	WBP1LP1
8	94241867	94242388	ENSG00000268080	AC016885.1
HSCHR6_MHC_APD	31565222	31568007	ENSG00000235915	LST1
HG7_PATCH	142636796	142653708	ENSG00000261805	RP11-114L10.2
12	68371887	68372167	ENSG00000256835	GS1-410F4.5
7	116904447	116904584	ENSG00000230605	AC006326.5
2	26384925	26385423	ENSG00000237951	PPIL1P1
11	5528530	5531215	ENSG00000175520	UBQLN3
14	24505662	24520580	ENSG00000225766	RP11-468E2.9
HG7_PATCH	142807823	142808190	ENSG00000260829	OR9P1P
19	55912652	55919145	ENSG00000108106	UBE2S
11	2421718	2425106	ENSG00000184281	TSSC4
7	116940915	116962290	ENSG00000238202	AC002465.2
12	68383225	68628466	ENSG00000255733	IFNG-AS1
11	65343509	65360121	ENSG00000173442	EHBP1L1
HG7_PATCH	142822936	142824191	ENSG00000260632	OR6W1P
2	45168902	45173216	ENSG00000138083	SIX3
7	117080036	117080834	ENSG00000214684	AC003045.1
6	41873092	41888877	ENSG00000124641	MED20
6	107349407	107372546	ENSG00000130349	C6orf203
4	174446120	174451380	ENSG00000164107	HAND2
18	55711599	56068772	ENSG00000049759	NEDD4L
2	26894122	26897332	ENSG00000225378	AC015977.6
17	67982127	67982235	ENSG00000199801	Y_RNA
X	19378174	19533379	ENSG00000180815	MAP3K15
14	73396320	73396638	ENSG00000176043	RP1-146I3.1
1	24683489	24743424	ENSG00000001460	STPG1
17	68013465	68125000	ENSG00000230258	AC002539.1
8	18248755	18258728	ENSG00000156006	NAT2
5	21481436	21484120	ENSG00000233974	RP11-823P9.3
HG736_PATCH	57187307	57207557	ENSG00000260513	ZNF479
5	132211071	132299326	ENSG00000072364	AFF4
16	1494935	1525581	ENSG00000103249	CLCN7
17	68047418	68064236	ENSG00000267603	LINC01028
HG736_PATCH	56933773	56933842	ENSG00000264537	AC118758.2
2	26901087	26901378	ENSG00000225024	AC015977.5
HG736_PATCH	56943078	56949839	ENSG00000261676	RP13-580B18.1
2	69688532	69901481	ENSG00000115977	AAK1
12	57522276	57607134	ENSG00000123384	LRP1
19	44576297	44593766	ENSG00000186026	ZNF284
17	36508111	36556019	ENSG00000174111	SOCS7
12	68395174	68395328	ENSG00000244432	RPL39P28
21	40556102	40693485	ENSG00000185658	BRWD1
12	55038375	55042277	ENSG00000161634	DCD
HG736_PATCH	57008034	57012046	ENSG00000261137	RP11-220H4.2
2	198591603	198651486	ENSG00000152430	BOLL
7	153723372	153735689	ENSG00000270114	RP5-1048B16.1
5	21493692	21494062	ENSG00000203563	AC138951.1
18	29409136	29533099	ENSG00000153339	TRAPPC8
5	21569864	21570154	ENSG00000272130	RP11-360I2.1
19	55940107	55954230	ENSG00000187902	SHISA7
1	150782181	150849244	ENSG00000143437	ARNT
7	153752670	153756646	ENSG00000203335	AC006019.3
12	68429547	68430633	ENSG00000236946	HNRNPA1P70
7	153789286	153793128	ENSG00000233363	AC006019.4
12	68537098	68537470	ENSG00000256708	RP11-444B24.2
7	154630098	154657193	ENSG00000236408	RP11-476H24.1
6	33384219	33386094	ENSG00000112514	CUTA
5	158690089	158713044	ENSG00000164332	UBLCP1
HG736_PATCH	57023478	57023557	ENSG00000266788	MIR4283-1
2	27050037	27050388	ENSG00000145835	CDKN2AIPNLP2
7	154742936	154743898	ENSG00000272760	RP11-5C23.1
11	5535623	5537935	ENSG00000175518	UBQLNL
7	154748139	154748817	ENSG00000273183	RP11-5C23.2
12	68726668	68845443	ENSG00000251301	RP11-81H14.2
16	58778155	58778261	ENSG00000200424	RNU6-1155P
7	154795158	154797413	ENSG00000273344	PAXIP1-AS1
5	21616371	21779631	ENSG00000253766	RP11-804N13.1
16	58804428	58804722	ENSG00000244003	RN7SL143P
17	48620419	48633213	ENSG00000006282	SPATA20
5	135266006	135287280	ENSG00000164616	FBXL21
4	175157809	175205415	ENSG00000164117	FBXO8
16	58810444	58811467	ENSG00000260451	GEMIN8P2
12	112019179	112019607	ENSG00000238168	RP11-686G8.1
6	31730576	31732628	ENSG00000228727	SAPCD1
3	66119285	66438540	ENSG00000144741	SLC25A26
5	112768251	112770728	ENSG00000212122	TSSK1B
16	58859795	58860272	ENSG00000242423	RP11-451N19.1
2	45232300	45236569	ENSG00000170577	SIX2
12	112037302	112038060	ENSG00000258099	RP11-686G8.2
2	27173176	27232675	ENSG00000230286	AC013472.4
2	218990012	219001976	ENSG00000180871	CXCR2
HG736_PATCH	57032941	57033200	ENSG00000264816	Metazoa_SRP
5	21734320	21734413	ENSG00000221615	AC140132.1
16	58881711	58914117	ENSG00000261638	RP11-700H13.1
20	416124	443197	ENSG00000125875	TBC1D20
17	37884749	37887040	ENSG00000141741	MIEN1
19	44598492	44612479	ENSG00000267680	ZNF224
2	26804070	26864236	ENSG00000157884	CIB4
16	59122741	59122995	ENSG00000244043	RPS27P27
19	48304500	48322308	ENSG00000178928	TPRX1
16	59200855	59201056	ENSG00000261144	RP11-102D18.1
6	16238811	16295780	ENSG00000137198	GMPR
16	59448677	59448749	ENSG00000238601	AC040163.1
16	59574030	59574170	ENSG00000200062	RNU4-58P
2	27207644	27237480	ENSG00000205500	AC013472.3
16	59689506	59690240	ENSG00000270222	RP11-105C20.3
19	55964352	55973710	ENSG00000063241	ISOC2
16	59788365	59788930	ENSG00000260013	APOOP5
2	122095352	122407163	ENSG00000074054	CLASP1
10	127477146	127511817	ENSG00000188690	UROS
16	59889257	60087875	ENSG00000261807	RP11-430C1.1
7	36268230	36268493	ENSG00000228770	AC007327.6
16	60058482	60059045	ENSG00000261278	RP11-430C1.2
6	26087509	26098571	ENSG00000010704	HFE
7	138279030	138386097	ENSG00000157703	SVOPL
7	36268889	36270716	ENSG00000229679	AC007327.5
7	117127791	117127983	ENSG00000237974	AC000111.4
16	60391118	60391378	ENSG00000261590	RP11-457D20.1
17	8130191	8151362	ENSG00000178971	CTC1
7	117200787	117204730	ENSG00000232661	AC000111.3
7	36345240	36345513	ENSG00000234457	AC006960.5
7	117226261	117226470	ENSG00000234001	AC000111.5
16	60393746	60476149	ENSG00000261436	RP11-354I13.2
7	154898110	154898361	ENSG00000228806	AC092628.3
7	117244845	117287469	ENSG00000083622	AC000111.6
11	5565719	5566779	ENSG00000181616	OR52H1
7	36359384	36360088	ENSG00000260070	RP11-182J23.1
7	154973591	154973894	ENSG00000201066	RN7SKP280
7	117522913	117523729	ENSG00000224136	AC007568.1
17	79604197	79615779	ENSG00000182612	TSPAN10
7	36377276	36377387	ENSG00000201432	Y_RNA
7	36502632	36544121	ENSG00000237400	AC006960.7
11	5602107	5603114	ENSG00000187747	OR52B6
11	66824289	66839484	ENSG00000173156	RHOD
19	19386827	19431653	ENSG00000105705	SUGP1
3	43328004	43466256	ENSG00000163788	SNRK
7	36637440	36639726	ENSG00000230539	AOAH-IT1
7	72507941	72515008	ENSG00000174384	RP11-313P13.4
2	74776153	74784681	ENSG00000115325	DOK1
7	36681752	36681849	ENSG00000221561	AC087069.1
6	52866077	52926600	ENSG00000112144	ICK
7	36773609	36774140	ENSG00000272984	RP11-85E16.1
HSCHR6_MHC_SSTO	32127544	32146625	ENSG00000227600	PPT2
7	72509641	72509742	ENSG00000199913	Y_RNA
5	21882694	21884421	ENSG00000213430	HSPD1P1
16	28969904	28969982	ENSG00000266868	MIR4517
5	112849380	112930982	ENSG00000047188	YTHDC2
7	36790292	36802686	ENSG00000229424	AC007349.4
8	94710789	94743755	ENSG00000188343	FAM92A1
6	24495080	24537435	ENSG00000112294	ALDH5A1
16	30064411	30081778	ENSG00000149925	ALDOA
7	72518503	72525485	ENSG00000205580	AC006995.8
7	36820613	36822394	ENSG00000235728	AC007349.5
16	28986125	29002096	ENSG00000261067	RP11-264B17.3
HG736_PATCH	57059581	57076842	ENSG00000260039	TNRC18P3
2	219027568	219031718	ENSG00000163464	CXCR1
HSCHR12_1_CTG1	160539	165865	ENSG00000262226	RP11-598F7.3
6	107386386	107436473	ENSG00000178409	BEND3
3	178735011	178790067	ENSG00000172667	ZMAT3
7	36858564	36859295	ENSG00000225739	NPM1P18
8	18384811	18942240	ENSG00000156011	PSD3
3	13857755	13921618	ENSG00000154764	WNT7A
HSCHR12_1_CTG1	191426	203184	ENSG00000263137	RP11-598F7.4
7	36878577	36880978	ENSG00000230831	AC007349.7
7	36958962	36959037	ENSG00000221325	MIR1200
16	28986294	28990145	ENSG00000260367	RP11-264B17.4
HG736_PATCH	57081978	57087966	ENSG00000261756	SLC29A4P1
7	37037401	37053235	ENSG00000224101	ELMO1-AS1
11	13409548	13484844	ENSG00000148925	BTBD10
HSCHR12_1_CTG1	218679	220336	ENSG00000262016	RP11-598F7.5
16	29000461	29002099	ENSG00000261552	RP11-264B17.5
HSCHR12_1_CTG1	220871	236414	ENSG00000262193	RP11-598F7.6
7	37145128	37145215	ENSG00000221157	AC009196.1
3	142719749	142720309	ENSG00000268129	RP11-91G21.1
5	94987885	95034415	ENSG00000145757	SPATA9
7	37156384	37156790	ENSG00000224706	RPS17P13
22	31002825	31023265	ENSG00000185339	TCN2
16	29065053	29119429	ENSG00000260908	CTB-134H23.3
2	26915619	26956288	ENSG00000171303	KCNK3
5	22139356	22141577	ENSG00000253104	RP11-855C21.1
3	142830644	142831201	ENSG00000243733	RP11-80H8.3
7	37209283	37209384	ENSG00000238772	snoU13
8	41434706	41482520	ENSG00000158669	AGPAT6
7	37390747	37390846	ENSG00000222869	RNU6-565P
3	142842204	142850735	ENSG00000241679	RP11-80H8.4
16	29077576	29077679	ENSG00000238699	snoU13
7	37415125	37415626	ENSG00000213744	RPS10P14
2	27272551	27273132	ENSG00000231636	AGBL5-AS1
3	142884490	142884579	ENSG00000211483	AC018450.1
8	144656955	144660819	ENSG00000147813	NAPRT1
3	142895127	142897307	ENSG00000244171	PBX2P1
7	37459231	37459370	ENSG00000200113	SNORA51
12	88536073	88593664	ENSG00000139324	TMTC3
7	37474718	37474819	ENSG00000201566	Y_RNA
7	37625103	37625932	ENSG00000178503	NECAP1P1
3	143031909	143033271	ENSG00000240888	RP13-635I23.3
7	37860812	37861212	ENSG00000225314	AC018634.9
6	107473761	107780768	ENSG00000164494	PDSS2
3	143061088	143065913	ENSG00000240012	SLC9A9-AS1
17	72199721	72206794	ENSG00000172809	RPL38
5	22142461	22152465	ENSG00000168967	PMCHL1
11	5617339	5634188	ENSG00000121236	TRIM6
15	60296421	60353929	ENSG00000171956	FOXB1
16	29086163	29128039	ENSG00000103472	RRN3P2
3	143100180	143101003	ENSG00000244493	SLC9A9-AS2
6	31733367	31745108	ENSG00000204396	VWA7
3	137906109	138017231	ENSG00000114098	ARMC8
3	143222117	143223115	ENSG00000243033	GAPDHP47
7	72569033	72619657	ENSG00000233369	RP11-396K3.1
3	158363611	158390482	ENSG00000079257	LXN
3	143235965	143237071	ENSG00000243759	ST13P15
10	71897737	71906432	ENSG00000156521	TYSND1
11	111797868	111893308	ENSG00000150764	DIXDC1
3	143339370	143346532	ENSG00000248374	RP11-501M7.1
12	56512034	56538455	ENSG00000139641	ESYT1
3	143574581	143574985	ENSG00000235110	RP11-8J23.1
HSCHR6_MHC_APD	31567993	31572083	ENSG00000236315	NCR3
11	60869867	60895324	ENSG00000110448	CD5
7	117638912	117644099	ENSG00000234826	AC003084.2
14	24608654	24609653	ENSG00000259321	RP11-468E2.5
2	219081817	219119079	ENSG00000163466	ARPC2
12	44638177	44657765	ENSG00000257947	RP11-46I1.1
7	118102553	118102648	ENSG00000222226	AC006926.1
14	24627812	24627931	ENSG00000199804	RNA5SP383
12	44642215	44642787	ENSG00000257864	RP11-46I1.2
14	21467414	21470030	ENSG00000165794	SLC39A2
7	118520157	118521342	ENSG00000229982	RP11-515K14.1
14	24678852	24685193	ENSG00000260669	AL136419.6
12	45274651	45274752	ENSG00000201788	Y_RNA
12	45444684	45496890	ENSG00000257319	RP11-478B9.1
20	47240790	47444420	ENSG00000124126	PREX1
12	45457256	45459134	ENSG00000257331	RP11-478B9.3
11	2425745	2444275	ENSG00000070985	TRPM5
12	45465552	45466626	ENSG00000257572	RP11-478B9.2
2	45615819	45839304	ENSG00000068784	SRBD1
2	27276486	27277144	ENSG00000272056	RP11-503P10.1
7	118590440	118591313	ENSG00000230520	RP11-533K11.1
2	27283906	27284683	ENSG00000229122	AGBL5-IT1
2	105858200	105859924	ENSG00000135973	GPR45
7	118818231	118819203	ENSG00000270516	RP11-500M10.1
7	38335364	38335834	ENSG00000231202	TRGVB
7	119124379	119124463	ENSG00000263692	AC091320.2
7	38350984	38351409	ENSG00000231916	AC006033.22
12	55224303	55252177	ENSG00000172551	MUCL1
7	38362047	38362331	ENSG00000225992	TRGVA
7	119209294	119209370	ENSG00000256882	AC091320.1
9	26993134	27005691	ENSG00000184434	LRRC19
7	38365671	38369244	ENSG00000272908	RP11-121A8.1
7	119344610	119547429	ENSG00000225546	RP11-328J2.1
2	26987152	27004099	ENSG00000213699	SLC35F6
12	45511554	45511671	ENSG00000199556	RNA5SP361
4	175204828	175254531	ENSG00000164118	CEP44
6	167412670	167466201	ENSG00000213066	FGFR1OP
2	27285296	27285775	ENSG00000272148	RP11-195B17.1
11	66886740	67025558	ENSG00000173120	KDM2A
7	38374642	38375115	ENSG00000249978	TRGV7
12	45566847	45609824	ENSG00000134297	PLEKHA8P1
7	38380301	38380599	ENSG00000226212	TRGV6
15	66839517	66858317	ENSG00000188501	LCTL
2	27381431	27382097	ENSG00000236099	AC013403.13
13	38210773	38444562	ENSG00000133107	TRPC4
12	68738444	68743739	ENSG00000256273	RP11-71J4.2
2	105867759	105869601	ENSG00000268556	AC012360.1
3	100920676	100920779	ENSG00000238312	snoU13
HG736_PATCH	57128283	57128994	ENSG00000261107	PHKG1P4
GL000223.1	42781	68787	ENSG00000218497	ZNF84
3	101076136	101078086	ENSG00000241738	ZNF90P1
3	41729360	41729525	ENSG00000252409	SCARNA21
12	132379196	132407712	ENSG00000177169	ULK1
12	68867521	68868682	ENSG00000256075	RP11-81H14.3
3	41808107	41808411	ENSG00000222942	RN7SKP58
3	101133072	101133477	ENSG00000232830	RP11-144C15.1
3	41900842	41901086	ENSG00000223513	ATP6V0E1P2
12	68881467	68881643	ENSG00000256917	RP11-81H14.4
3	9799026	9811676	ENSG00000134072	CAMK1
19	55987699	55995854	ENSG00000197483	ZNF628
3	41910490	41910587	ENSG00000251986	Y_RNA
10	48963181	48964127	ENSG00000213686	DUSP8P1
12	68946775	68947662	ENSG00000240087	RP11-254B13.1
3	41940603	41940745	ENSG00000212145	U8
2	178077291	178088686	ENSG00000170144	HNRNPA3
17	33738079	33760302	ENSG00000172123	SLFN12
3	101177374	101177470	ENSG00000201554	Y_RNA
3	41996937	41997255	ENSG00000234270	RPL36P20
3	101220999	101221101	ENSG00000238525	snoU13
2	27558402	27565466	ENSG00000234945	AC109828.1
10	48980162	48981273	ENSG00000228418	CTSLP3
3	42018500	42019526	ENSG00000235339	RP11-626A1.1
GL000223.1	93511	119608	ENSG00000236575	ZNF26
12	69020650	69020967	ENSG00000234040	RP11-254B13.4
12	113736564	113797298	ENSG00000089060	SLC8B1
2	105880871	105946491	ENSG00000135966	TGFBRAP1
5	158741791	158757895	ENSG00000113302	IL12B
3	101237711	101242731	ENSG00000175841	FAM172BP
12	112107656	112108166	ENSG00000258359	PCNPP1
3	42092673	42093186	ENSG00000229339	RP11-193I22.2
3	42187138	42187863	ENSG00000234562	TPMTP2
Y	9385717	9388290	ENSG00000236786	TSPY15P
3	42263332	42263457	ENSG00000222872	RNU4-78P
3	101295333	101295791	ENSG00000242299	RP11-234A1.1
3	42362497	42364187	ENSG00000231280	SALL4P6
12	112250597	112251224	ENSG00000257877	RP3-462E2.3
GL000223.1	149787	180454	ENSG00000229631	AL603926.1
22	31031639	31065003	ENSG00000100036	SLC35E4
10	48988121	48998766	ENSG00000232426	RP11-508M1.7
3	101318087	101318488	ENSG00000243396	RP11-454H13.1
GL000223.1	18464	18566	ENSG00000238476	Y_RNA
Y	9448180	9458885	ENSG00000231436	RBMY3AP
19	55996371	55998935	ENSG00000090971	NAT14
GL000223.1	110776	110888	ENSG00000251784	U4atac
3	101334670	101334772	ENSG00000252348	RNU6-1256P
20	459116	524465	ENSG00000101266	CSNK2A1
3	101347154	101347250	ENSG00000212319	Y_RNA
3	101366265	101366366	ENSG00000201511	Y_RNA
17	49230920	49249108	ENSG00000243678	NME1-NME2
3	101380904	101381008	ENSG00000201121	Y_RNA
3	101395274	101398061	ENSG00000256628	ZBTB11-AS1
2	154333852	154335322	ENSG00000177519	RPRM
3	101431316	101432035	ENSG00000244119	PDCL3P4
19	48322703	48346587	ENSG00000105392	CRX
3	101542637	101543842	ENSG00000249474	RP11-49I4.3
12	112277571	112280706	ENSG00000234608	MAPKAPK5-AS1
10	26727132	26856732	ENSG00000077420	APBB1IP
3	101659703	101716770	ENSG00000214407	RP11-221J22.1
5	82373317	82649606	ENSG00000152422	XRCC4
5	22580334	22580928	ENSG00000249206	GCNT1P2
4	75669969	75719896	ENSG00000174808	BTC
5	128795958	129074376	ENSG00000145808	ADAMTS19
3	101673921	101674029	ENSG00000202177	Y_RNA
5	23013157	23014636	ENSG00000249404	CTD-2234B20.1
3	101679202	101716770	ENSG00000241280	RP11-221J22.2
5	23201554	23201836	ENSG00000264118	RN7SL572P
7	72602009	72602776	ENSG00000233523	PHBP5
17	36584662	36668628	ENSG00000225485	ARHGAP23
22	31048038	31063877	ENSG00000167065	DUSP18
5	159343790	159399551	ENSG00000170214	ADRA1B
11	60897728	60929089	ENSG00000167987	VPS37C
9	27109139	27230173	ENSG00000120156	TEK
7	38384631	38385100	ENSG00000228668	TRGV5P
12	45594600	45595334	ENSG00000257738	RP11-139E19.2
10	95868873	95880864	ENSG00000231575	RP11-162K11.4
7	38570643	38570939	ENSG00000241756	RN7SL83P
3	43396351	43733086	ENSG00000160746	ANO10
12	45838549	45839221	ENSG00000257368	RP11-438E8.2
7	38694805	38696213	ENSG00000227404	KRT8P20
10	95897505	95899257	ENSG00000234724	HDAC1P1
5	23262268	23263294	ENSG00000250319	CTD-2272G21.3
12	45875654	46004403	ENSG00000257657	RP11-352M15.1
7	39023843	39053151	ENSG00000233854	POU6F2-AS2
7	72634611	72649979	ENSG00000182487	NCF1B
10	95915396	95915502	ENSG00000206631	RNU6-657P
5	135364584	135399507	ENSG00000120708	TGFBI
17	18853658	18925908	ENSG00000154025	SLC5A10
5	23299264	23299371	ENSG00000206912	Y_RNA
14	65213002	65346601	ENSG00000070182	SPTB
10	95984917	95987045	ENSG00000228553	RP11-391J2.3
Y	9461792	9463961	ENSG00000234110	TSPY25P
10	103605356	103815950	ENSG00000120029	C10orf76
5	23303674	23305252	ENSG00000250332	CTD-2272G21.2
Y	9477858	9478325	ENSG00000226223	TSPY16P
10	30301729	30404423	ENSG00000165757	KIAA1462
10	96039034	96046828	ENSG00000268894	PLCE1-AS1
Y	9502838	9506619	ENSG00000232617	AC017019.1
15	66874528	66978132	ENSG00000259471	RP11-321F6.1
Y	9528709	9531566	ENSG00000183385	TTTY8
5	23329536	23330001	ENSG00000249289	CTD-2272G21.1
5	31639517	32111037	ENSG00000133401	PDZD2
19	41197434	41224112	ENSG00000123815	ADCK4
4	75858305	75975325	ENSG00000169116	PARM1
10	76993727	76995788	ENSG00000165644	COMTD1
5	23456577	23456959	ENSG00000248591	CTD-2351A8.1
3	158414681	158450485	ENSG00000118849	RARRES1
5	159436120	159492550	ENSG00000113312	TTC1
16	1535887	1538982	ENSG00000251692	PTX4
10	96074664	96075084	ENSG00000273450	RP11-76P2.4
17	68163102	68165543	ENSG00000267365	KCNJ2-AS1
15	34394274	34396591	ENSG00000182405	PGBD4
10	96337196	96370995	ENSG00000244332	RP11-119K6.6
17	68237465	68237902	ENSG00000267170	CALM2P1
14	99947506	100001381	ENSG00000090061	CCNK
10	96406121	96407753	ENSG00000235746	CTBP2P2
19	48337701	48364769	ENSG00000259009	TPRX2P
12	112277571	112279211	ENSG00000248594	AC003029.1
5	23689036	23689495	ENSG00000249607	RP11-197O8.1
10	96533913	96534390	ENSG00000230338	MTND4P19
5	23972297	23972403	ENSG00000252083	SNORA40
19	44616334	44637027	ENSG00000256294	ZNF225
2	182537815	182545603	ENSG00000162992	NEUROD1
X	77526961	77583048	ENSG00000173198	CYSLTR1
2	27579113	27590489	ENSG00000234072	AC074117.10
10	96625609	96632886	ENSG00000235199	CYP2C58P
19	48373723	48389654	ENSG00000105398	SULT2A1
15	66994566	67074338	ENSG00000137834	SMAD6
HSCHR6_MHC_QBL	30633702	30645208	ENSG00000206485	PPP1R18
Y	9544433	9552871	ENSG00000147761	TTTY7B
17	68308972	68365057	ENSG00000267109	CTD-2378E21.1
X	51942963	51946358	ENSG00000179028	RP11-363G10.2
17	68625058	68625406	ENSG00000267471	RP11-1058G23.1
HSCHR6_MHC_APD	31735723	31742275	ENSG00000233345	MSH5
X	52112173	52118823	ENSG00000155622	XAGE2B
17	68774745	68775371	ENSG00000271239	RP11-238F2.1
1	24742284	24799466	ENSG00000001461	NIPAL3
1	207925402	207968858	ENSG00000117335	CD46
17	69008138	69009728	ENSG00000271101	RP11-1003J3.1
5	23980696	23981047	ENSG00000234865	CTD-2138O14.1
7	154995857	154996899	ENSG00000228521	AC099552.3
3	102382007	102392757	ENSG00000241754	RP11-280H21.1
7	155059009	155059762	ENSG00000225612	AC099552.2
3	102473908	102474014	ENSG00000201065	RNU6-461P
7	155087628	155089251	ENSG00000273117	AC144652.1
3	102878804	102878968	ENSG00000201922	RNU1-43P
19	48471303	48495427	ENSG00000188334	BSPH1
3	102959831	102960074	ENSG00000236691	NDUFA4P2
16	1543345	1560458	ENSG00000100726	TELO2
5	23994611	23994712	ENSG00000200600	Y_RNA
7	155192617	155194477	ENSG00000260426	RP5-912I13.1
5	24170479	24171355	ENSG00000226432	CTD-2015B23.2
HG388_HG400_PATCH	111657010	111750144	ENSG00000267229	ALG9
19	55999771	56030465	ENSG00000179954	SSC5D
17	73034958	73043080	ENSG00000167863	ATP5H
7	99699172	99707968	ENSG00000221838	AP4M1
19	44645710	44663156	ENSG00000263002	ZNF234
15	34432875	34502297	ENSG00000134152	KATNBL1
2	27615651	27616234	ENSG00000213453	FTH1P3
10	49087398	49094515	ENSG00000230210	FAM35EP
7	39333906	39334005	ENSG00000266481	AC092174.1
4	111538579	111563279	ENSG00000164093	PITX2
2	190425305	190448484	ENSG00000138449	SLC40A1
10	49090136	49090419	ENSG00000266197	RN7SL527P
2	26987157	27023935	ENSG00000115163	CENPA
7	39368602	39368733	ENSG00000206947	SNORA20
10	71907045	71930279	ENSG00000079332	SAR1A
10	118305443	118327367	ENSG00000175535	PNLIP
7	39444197	39445945	ENSG00000224122	POU6F2-AS1
17	40190250	40190752	ENSG00000270010	CTD-2132N18.4
10	49217898	49239729	ENSG00000179296	CTGLF12P
5	24352418	24353552	ENSG00000250694	CTD-2074D8.1
17	46147414	46178883	ENSG00000108468	CBX1
19	48497908	48528410	ENSG00000169393	ELSPBP1
X	77911566	77914825	ENSG00000179300	ZCCHC5
7	39585245	39605838	ENSG00000227172	AC011290.4
17	40192731	40195135	ENSG00000267221	CTD-2132N18.2
3	183205319	183273477	ENSG00000172578	KLHL6
2	27678023	27678729	ENSG00000235267	AC074117.13
7	39608975	39609797	ENSG00000236015	AC011290.5
X	19552093	19905719	ENSG00000147010	SH3KBP1
17	40306618	40307990	ENSG00000267658	RP11-358B23.1
X	52235228	52243954	ENSG00000204382	XAGE1B
7	39649209	39649889	ENSG00000231951	AC004837.4
6	46965440	47010099	ENSG00000153292	GPR110
5	24554127	24613331	ENSG00000251294	RP11-116O11.1
7	39649316	39649879	ENSG00000106540	AC004837.3
17	40420605	40421825	ENSG00000267758	RP11-358B23.5
10	49248476	49248591	ENSG00000252149	RNA5SP315
7	39739940	39742895	ENSG00000228554	AC004837.5
16	60463552	60463637	ENSG00000265167	AC009081.1
2	3192696	3381653	ENSG00000032389	TSSC1
3	42382080	42383859	ENSG00000229572	EIF4BP4
6	107811162	107981357	ENSG00000112320	SOBP
10	49256241	49268060	ENSG00000243899	BMS1P7
16	60520723	60557154	ENSG00000261310	RP11-354I13.1
17	40422535	40424701	ENSG00000236194	AC003104.1
5	119993772	119994066	ENSG00000270741	RP11-565F4.1
3	42463638	42463730	ENSG00000239181	AC092048.1
20	9495005	9511171	ENSG00000125869	LAMP5
7	39773231	39832691	ENSG00000188185	LINC00265
5	120046393	120046535	ENSG00000222609	RNU4-69P
3	42511132	42511371	ENSG00000235787	RP11-219I21.1
16	60688139	60690553	ENSG00000259844	GNPATP
17	40551027	40551109	ENSG00000221020	AC107993.1
5	120116913	120126473	ENSG00000248927	CTD-2334D19.1
17	40592216	40592277	ENSG00000238704	RNU7-97P
2	27698361	27698462	ENSG00000200003	RNU6-986P
17	40646791	40646848	ENSG00000264314	MIR548AT
5	24578403	24578670	ENSG00000249562	RP11-116O11.2
16	60803883	60803987	ENSG00000265127	AC009080.1
10	49272334	49327498	ENSG00000126542	PTPN20CP
17	40647885	40648568	ENSG00000267222	RP11-194N12.2
16	60959637	60962445	ENSG00000261178	RP11-90K18.1
3	9821544	9834695	ENSG00000171148	TADA3
HG388_HG400_PATCH	111744779	111751966	ENSG00000262028	FDXACB1
17	40661802	40663537	ENSG00000267632	RP11-400F19.18
17	40666206	40666325	ENSG00000265611	MIR5010
16	61089303	61089868	ENSG00000224631	RP11-51O6.1
7	39807940	39808043	ENSG00000252480	RNU6-719P
2	27804756	27804813	ENSG00000221531	AC074091.1
17	40673736	40674065	ENSG00000256929	AC067852.1
7	39828566	39828903	ENSG00000270797	RP5-1173I20.1
17	40685550	40686027	ENSG00000267185	PTP4A2P1
7	39836192	39837510	ENSG00000226220	CICP22
5	120375785	120379727	ENSG00000251135	AC008565.1
2	74785010	74875465	ENSG00000159374	M1AP
2	27805913	27858041	ENSG00000259080	RP11-158I13.2
17	40688528	40714080	ENSG00000266929	RP11-400F19.8
7	39856148	39907739	ENSG00000237251	AC072061.2
16	61725660	61727654	ENSG00000260600	RP11-109D24.1
4	76404247	76439974	ENSG00000163743	RCHY1
HSCHR6_MHC_QBL	30645360	30648733	ENSG00000206484	NRM
16	61777058	61777380	ENSG00000201289	RN7SKP76
Y	25082602	25119431	ENSG00000226906	TTTY4
7	39872813	39874544	ENSG00000233225	AC004987.9
16	61952225	61974601	ENSG00000260115	CTC-420A11.2
3	103242877	103242960	ENSG00000265328	MIR548AB
12	132152037	132152791	ENSG00000243499	RPS6P21
16	62221444	62221550	ENSG00000207441	RNU6-21P
Y	25163210	25163968	ENSG00000244000	AC006366.3
6	10747992	10852986	ENSG00000137210	TMEM14B
16	62391275	62391650	ENSG00000237901	AC009161.1
5	120394939	120396648	ENSG00000248853	CTD-2613O8.1
16	62438155	62438258	ENSG00000238507	snoU13
3	143905747	143905862	ENSG00000222778	RNA5SP144
12	112317142	112318053	ENSG00000244060	RPS2P41
16	62630276	62632353	ENSG00000231589	AC009110.1
16	62842126	62842610	ENSG00000260332	RP11-50O21.1
10	49363368	49364177	ENSG00000232462	RP11-13E1.5
3	145241325	145242202	ENSG00000244024	RP11-622L21.1
5	120531675	120531905	ENSG00000250847	CTD-2020P22.1
11	13513602	13517728	ENSG00000152266	PTH
16	62859865	62859952	ENSG00000223123	AC010546.1
7	155213901	155249794	ENSG00000236544	AC008060.8
X	78003206	78012591	ENSG00000147145	LPAR4
10	49500742	49501460	ENSG00000225482	RP11-542E6.3
16	63090690	63163558	ENSG00000261502	RP11-96H17.1
3	145402359	145402879	ENSG00000241695	GM2AP1
7	155302978	155311318	ENSG00000227365	AC008060.5
3	145542044	145542526	ENSG00000239797	RPL21P39
12	132241511	132242592	ENSG00000255933	RP11-495K9.5
16	63100430	63100894	ENSG00000269986	RP11-96H17.3
7	155664585	155664701	ENSG00000221113	AC104133.1
6	167525295	167553184	ENSG00000112486	CCR6
12	132285860	132285979	ENSG00000200516	RNA5SP378
7	155978816	155978917	ENSG00000207061	Y_RNA
7	72656902	72694143	ENSG00000214544	GTF2IRD2P1
22	19863040	19929341	ENSG00000184470	TXNRD2
16	63214514	63214975	ENSG00000261199	UBE2FP2
3	145657699	145679323	ENSG00000244358	RP11-88H10.2
5	120535399	120693093	ENSG00000229855	CTC-546K23.1
1	1243947	1247057	ENSG00000169972	PUSL1
16	63348168	63651950	ENSG00000260658	RP11-368L12.1
5	24749483	24749881	ENSG00000250099	RP11-12P19.2
14	99977603	100070363	ENSG00000205476	CCDC85C
7	119646030	119646155	ENSG00000271739	U1
7	119781070	119783050	ENSG00000233417	RP4-742N3.1
16	63384667	63385053	ENSG00000241808	RPS15AP34
5	129083772	129102425	ENSG00000186367	KIAA1024L
5	24786951	24787133	ENSG00000248156	RP11-12P19.1
5	95049226	95160087	ENSG00000164292	RHOBTB3
16	63402748	63403360	ENSG00000261743	RP11-2K6.2
16	63737387	63737569	ENSG00000259864	RP11-370P15.1
16	63764181	63788661	ENSG00000261014	RP11-370P15.2
10	49718568	49719632	ENSG00000248682	ARHGAP22-IT1
5	142657496	142815077	ENSG00000113580	NR3C1
16	63969682	63970810	ENSG00000261653	RP11-21L1.1
5	24811590	24811657	ENSG00000223004	SNORD29
10	49754517	49754758	ENSG00000231906	RP11-541M12.3
22	31089769	31303811	ENSG00000184792	OSBP2
5	24835389	24840692	ENSG00000248908	RP11-730N24.1
16	64189073	64190478	ENSG00000260715	RP11-744D14.2
HG388_HG400_PATCH	111749658	111756698	ENSG00000262176	C11orf1
16	64276512	64377813	ENSG00000261028	AC012322.1
2	172864490	172947158	ENSG00000172878	METAP1D
5	120911543	120912015	ENSG00000244088	RP11-510I6.1
2	182756560	182795465	ENSG00000138434	SSFA2
16	64294474	64295143	ENSG00000260668	RP11-744D14.1
11	60970779	60980570	ENSG00000229859	PGA3
5	34929698	34959069	ENSG00000168724	DNAJC21
16	64398684	64634150	ENSG00000259846	RP11-467L24.1
5	69345350	69374349	ENSG00000205571	SMN2
14	24821263	24821363	ENSG00000207141	RNU6-802P
2	27864910	27865036	ENSG00000206731	SNORA36
17	44668035	44834830	ENSG00000073969	NSF
19	44669226	44682534	ENSG00000167380	ZNF226
14	25064929	25126980	ENSG00000258657	RP11-104E19.1
17	33762115	33775856	ENSG00000154760	SLFN13
16	64769828	64770707	ENSG00000259859	RP11-439I14.2
16	68563993	68609975	ENSG00000184939	ZFP90
5	129240165	129522327	ENSG00000198108	CHSY3
2	114647537	114720173	ENSG00000115091	ACTR3
11	13690217	13753893	ENSG00000197601	FAR1
16	64770691	64771183	ENSG00000260187	RP11-439I14.1
14	25593693	25596204	ENSG00000258098	RP11-89K22.1
5	120951942	120952502	ENSG00000213661	RP11-510I6.2
16	64772226	64772467	ENSG00000260068	RP11-439I14.3
3	178865902	178957881	ENSG00000121879	PIK3CA
14	25736270	25736542	ENSG00000257179	HMGN2P6
HSCHR17_4_CTG4	39017555	39023462	ENSG00000263243	KRT12
6	167559902	167610401	ENSG00000166984	TCP10L2
5	121007068	121007567	ENSG00000249600	RP11-510I6.3
16	65175659	65210616	ENSG00000259847	RP11-95H3.1
2	28118983	28120062	ENSG00000270846	RP11-674I16.1
5	121464457	121490551	ENSG00000247311	CTC-441N14.2
11	111895538	111935114	ENSG00000150768	DLAT
5	24882052	24885570	ENSG00000250524	RP11-730N24.2
17	34842473	34855154	ENSG00000108278	ZNHIT3
16	65224876	65268817	ENSG00000260834	RP11-256I9.2
HSCHR17_4_CTG4	39032193	39041479	ENSG00000263057	KRT20
16	65266959	65466723	ENSG00000260364	RP11-256I9.3
11	66963391	66964638	ENSG00000179038	AP001885.1
16	29127448	29229181	ENSG00000260517	RP11-426C22.5
9	27284656	27297137	ENSG00000120160	EQTN
5	121490191	121491710	ENSG00000249610	CTC-441N14.1
HSCHR6_MHC_APD	31737296	31743982	ENSG00000264619	MSH5-SAPCD1
2	28219234	28219316	ENSG00000265321	MIR4263
16	65318402	65610203	ENSG00000261742	LINC00922
15	67356101	67487533	ENSG00000166949	SMAD3
16	29228491	29231352	ENSG00000259807	RP11-426C22.4
5	24910703	24910804	ENSG00000199911	Y_RNA
X	78200829	78217451	ENSG00000078589	P2RY10
16	29259550	29261449	ENSG00000196927	AC009093.1
10	49832049	49833138	ENSG00000251413	RP11-534L6.5
2	28238644	28239349	ENSG00000270528	RP11-674I16.2
14	101526910	101527011	ENSG00000207961	MIR496
16	29273594	29275800	ENSG00000260953	RP11-426C22.6
10	49872244	49880469	ENSG00000236800	RP11-534L6.2
5	121493063	121518353	ENSG00000250803	CTC-441N14.4
16	29262829	29519817	ENSG00000198106	SNX29P2
10	49953590	49954173	ENSG00000228754	RP11-534L6.3
5	25126414	25190765	ENSG00000251273	RP11-549K20.1
3	115342171	115440337	ENSG00000172020	GAP43
16	65614571	65680850	ENSG00000261818	RP11-351A20.1
10	50086067	50086694	ENSG00000228403	RP11-563N6.6
10	50092000	50143258	ENSG00000241577	RP11-523O18.7
HSCHR6_MHC_COX	33161393	33165893	ENSG00000235650	RPS18
2	231067826	231223762	ENSG00000079263	SP140
8	19171128	19253729	ENSG00000104611	SH2D4A
2	28530558	28533326	ENSG00000223522	AC093690.1
10	45493146	45496336	ENSG00000165511	C10orf25
6	167569759	167571817	ENSG00000120436	GPR31
11	67033881	67054027	ENSG00000173020	ADRBK1
1	52373628	52456436	ENSG00000169213	RAB3B
2	97001525	97039583	ENSG00000121152	NCAPH
16	29323671	29342598	ENSG00000260413	RP11-231C14.6
12	120137573	120138816	ENSG00000255692	RP1-127H14.3
17	37894180	37903544	ENSG00000141738	GRB7
HSCHR6_MHC_APD	31741930	31743982	ENSG00000227861	SAPCD1
5	130494720	130507428	ENSG00000169567	HINT1
12	45948373	45948442	ENSG00000239178	RNU6-671P
12	55341802	55378530	ENSG00000135426	TESPA1
12	46119510	46121558	ENSG00000273015	LINC00938
16	29362067	29381593	ENSG00000271699	SNX29P2
7	148395006	148498128	ENSG00000055130	CUL1
5	25190791	25306281	ENSG00000245662	RP11-184E9.1
11	2465914	2870339	ENSG00000053918	KCNQ1
7	43622357	43666385	ENSG00000164543	STK17A
HG388_HG400_PATCH	111779288	111794445	ENSG00000263007	CRYAB
6	167684657	167729507	ENSG00000112494	UNC93A
Y	22737611	22755040	ENSG00000198692	EIF1AY
12	46267812	46268111	ENSG00000265093	RN7SL246P
17	40698782	40700724	ENSG00000108785	HSD17B1P1
12	46274733	46276049	ENSG00000270429	KNOP1P2
7	150750899	150755617	ENSG00000164885	CDK5
2	105882490	105882585	ENSG00000268809	AC012360.2
17	40704456	40706766	ENSG00000266962	RP11-400F19.6
12	46397821	46398468	ENSG00000239397	RP11-101K23.1
17	40799852	40800161	ENSG00000267189	ATP5LP7
9	27325207	27529779	ENSG00000120162	MOB3B
16	29437121	29465435	ENSG00000254634	RP11-231C14.3
17	40800196	40800756	ENSG00000267132	HMGB3P27
17	18476045	18476415	ENSG00000227077	AC107983.4
2	28531028	28531437	ENSG00000225991	RP11-731I19.1
12	8373856	8380214	ENSG00000171847	FAM90A1
5	25219082	25298721	ENSG00000251654	RP11-192H6.2
15	34517200	34522357	ENSG00000128463	EMC4
17	40831981	40834038	ENSG00000267042	CTD-3193K9.4
17	18508369	18508669	ENSG00000264948	RN7SL639P
17	18541332	18541683	ENSG00000262262	RP11-815I9.3
12	120427673	120532298	ENSG00000135127	CCDC64
17	18553508	18554855	ENSG00000174977	AC026271.5
2	105953816	105965668	ENSG00000135974	C2orf49
17	18570942	18572774	ENSG00000264885	RP11-815I9.4
17	18574259	18576186	ENSG00000240445	FOXO3B
2	28607276	28617539	ENSG00000229951	AC104695.3
16	29448818	29448921	ENSG00000238639	snoU13
5	121646992	121647368	ENSG00000272139	CTD-2544H17.2
17	18580574	18581070	ENSG00000224126	UBE2SP2
16	29460512	29460946	ENSG00000260335	RP11-345J4.6
19	48533210	48547310	ENSG00000105507	CABP5
X	78426469	78427726	ENSG00000147138	GPR174
17	18607953	18608082	ENSG00000265693	RP11-815I9.5
10	96642311	96643100	ENSG00000225354	RP11-400G3.3
HSCHR6_MHC_DBB	31112259	31112376	ENSG00000257148	CR753819.1
12	50451331	50477394	ENSG00000110881	ASIC1
16	29466412	29476283	ENSG00000260280	SLX1B-SULT1A4
5	121656986	121659053	ENSG00000249621	CTD-2544H17.1
12	112597992	112819896	ENSG00000173064	HECTD4
10	96700010	96700878	ENSG00000233377	MTND4P20
5	121705457	121719263	ENSG00000249916	CTD-2280E9.1
4	175411328	175444305	ENSG00000164120	HPGD
16	1560428	1662111	ENSG00000187535	IFT140
5	25319943	25321455	ENSG00000260761	RP11-184E9.2
10	96766883	96767313	ENSG00000228460	CYP2C59P
10	50184599	50201091	ENSG00000233665	RP11-523O18.5
16	29486385	29486676	ENSG00000257691	RP11-345J4.1
7	72707497	72716496	ENSG00000205578	POM121B
3	9834179	9849410	ENSG00000241553	ARPC4
10	96769431	96769569	ENSG00000260863	CYP2C60P
10	50192609	50226942	ENSG00000226576	RP11-523O18.1
HSCHR6_MHC_DBB	31120050	31125719	ENSG00000233890	TCF19
16	29490200	29493912	ENSG00000257506	RP11-231C14.5
9	27524312	27526496	ENSG00000147896	IFNK
10	50193557	50193632	ENSG00000264800	MIR4294
17	49230951	49249105	ENSG00000011052	NME2
5	25404842	25446034	ENSG00000248605	CTD-2306M5.1
X	78615881	78623164	ENSG00000078596	ITM2A
12	8608522	8630926	ENSG00000205846	CLEC6A
10	50329884	50359592	ENSG00000234736	FAM170B-AS1
16	29538889	29606395	ENSG00000205534	RP11-345J4.8
5	121772192	121814782	ENSG00000250328	CTC-210G5.1
1	24829387	24867530	ENSG00000117602	RCAN3
20	47538427	47653230	ENSG00000124198	ARFGEF2
11	5617955	5665628	ENSG00000258588	TRIM6-TRIM34
2	28619682	28619977	ENSG00000270640	RP11-373D23.2
6	41888926	41900784	ENSG00000112578	BYSL
HSCHR6_MHC_APD	31744721	31756461	ENSG00000238203	VWA7
12	132299808	132299913	ENSG00000200483	RNU6-1017P
12	69021014	69021155	ENSG00000206650	SNORA70G
12	46765246	46767561	ENSG00000258096	RP11-474P2.2
21	40714241	40721573	ENSG00000205581	HMGN1
12	132341965	132348596	ENSG00000256955	RP11-417L19.2
12	69036299	69036773	ENSG00000234925	RP11-254B13.3
2	28648812	28649586	ENSG00000270210	RP11-373D23.3
6	35541362	35696360	ENSG00000096060	FKBP5
19	56041100	56048456	ENSG00000187550	SBK2
12	46777462	46850051	ENSG00000257261	RP11-96H19.1
Y	25171741	25172810	ENSG00000232764	TRIM60P8Y
2	28671034	28673051	ENSG00000227938	AC104695.4
6	43597277	43608689	ENSG00000124688	MAD2L1BP
13	38923986	38937140	ENSG00000120686	UFM1
12	132409281	132413896	ENSG00000255992	RP11-417L19.4
HSCHR6_MHC_DBB	30605056	30611220	ENSG00000237012	C6orf136
16	68670092	68756519	ENSG00000062038	CDH3
1	52485803	52521843	ENSG00000117862	TXNDC12
12	46778016	46780774	ENSG00000257496	RP11-474P2.4
10	89618918	89623194	ENSG00000227268	KLLN
Y	25195394	25197342	ENSG00000233126	ZNF736P3Y
9	27546544	27573864	ENSG00000147894	C9orf72
12	46931285	47046333	ENSG00000272369	RP11-446N19.1
Y	25204177	25205333	ENSG00000227251	TRIM60P9Y
Y	9555262	9558905	ENSG00000228890	TTTY21
12	46986356	46987088	ENSG00000272963	OR7A19P
12	132486235	132486320	ENSG00000271905	AC137590.1
12	8662071	8674962	ENSG00000166527	CLEC4D
19	41223008	41246765	ENSG00000086544	ITPKC
6	167738574	167772991	ENSG00000120440	TTLL2
12	132515769	132515904	ENSG00000208892	SNORA49
5	25701326	25701433	ENSG00000201016	RNU6-374P
12	112335140	112335710	ENSG00000270018	RP3-462E2.5
12	47075854	47076496	ENSG00000271642	RP11-66E20.2
2	27070615	27173219	ENSG00000157851	DPYSL5
Y	25525631	25538844	ENSG00000205936	PPP1R12BP2
12	112337067	112340042	ENSG00000229186	ADAM1A
12	47529281	47532153	ENSG00000258352	RP11-23J18.1
5	25909612	25911343	ENSG00000251593	MSNP1
19	56052023	56056909	ENSG00000231274	SBK3
12	132562348	132565005	ENSG00000257000	RP13-820C6.2
Y	25569246	25569383	ENSG00000251925	SNORA70
6	16299343	16761722	ENSG00000124788	ATXN1
12	132611006	132611309	ENSG00000256804	RP13-977J11.5
Y	9578193	9596085	ENSG00000212855	TTTY2
2	28683123	28683228	ENSG00000242915	SNRPGP7
Y	25608612	25618427	ENSG00000225189	REREP1Y
12	132671287	132674240	ENSG00000256576	RP13-977J11.2
1	24882602	24935819	ENSG00000184454	NCMAP
14	35514113	35582336	ENSG00000151327	FAM177A1
10	77157588	77161664	ENSG00000165655	ZNF503
7	119808399	119826118	ENSG00000233969	RP5-1006K12.1
5	121964647	122066380	ENSG00000251538	RP11-166A12.1
10	118349897	118368687	ENSG00000187021	PNLIPRP1
2	28856148	28887406	ENSG00000230730	AC074011.2
7	120312925	120313029	ENSG00000252023	RNU6-581P
Y	25669468	25671516	ENSG00000230073	AC009947.2
10	45495923	45500774	ENSG00000165512	ZNF22
10	50504157	50507063	ENSG00000236208	C10orf71-AS1
14	73427303	73428701	ENSG00000259015	RP11-109N23.6
5	26012998	26013134	ENSG00000222560	RNU4-43P
7	120386792	120392568	ENSG00000231295	RP4-797C5.2
19	56088899	56092211	ENSG00000218891	ZNF579
12	132674758	132675542	ENSG00000256312	RP13-977J11.8
2	28906842	28906949	ENSG00000222232	RNA5SP89
19	48551100	48614074	ENSG00000105499	PLA2G4C
18	29598335	29653176	ENSG00000101695	RNF125
9	131395940	131419066	ENSG00000119333	WDR34
7	120621480	120621607	ENSG00000202225	RNA5SP240
Y	25683455	25693089	ENSG00000215540	AC009947.3
10	89622870	89731687	ENSG00000171862	PTEN
7	120690981	120691257	ENSG00000234927	HMGN1P18
HSCHR6_MHC_DBB	29523343	29527656	ENSG00000231968	UBD
2	74881355	74909186	ENSG00000135622	SEMA4F
5	26382628	26399928	ENSG00000249099	RP11-351N6.1
10	45798102	45811056	ENSG00000256574	OR13A1
17	79617489	79630142	ENSG00000185527	PDE6G
3	158449987	158547508	ENSG00000118855	MFSD1
7	120723754	120723867	ENSG00000212628	RNA5SP241
12	132851977	132854915	ENSG00000256943	RP13-895J2.2
6	167770521	167797998	ENSG00000203690	TCP10
7	120835002	120835111	ENSG00000207090	RNU6-517P
19	56102746	56113336	ENSG00000179943	FIZ1
7	121038506	121038821	ENSG00000213310	CYCSP19
10	50627323	50680949	ENSG00000235939	RP11-123B3.2
2	28931819	28959071	ENSG00000226833	AC097724.3
11	111934734	111944998	ENSG00000150773	PIH1D2
5	122011490	122012450	ENSG00000240058	ARGFXP1
10	50759354	50760698	ENSG00000271237	RP11-140C5.3
HSCHR6_MHC_DBB	31120916	31132215	ENSG00000229094	POU5F1
19	41246761	41257458	ENSG00000188493	C19orf54
HSCHR6_MHC_DBB	29555643	29556705	ENSG00000229680	OR2H2
5	122112126	122112222	ENSG00000212114	AC093267.1
7	121059126	121059899	ENSG00000227371	RP11-3L10.2
5	122131820	122131922	ENSG00000252295	snoU13
8	41502697	41508855	ENSG00000165066	NKX6-3
3	133292574	133309105	ENSG00000091527	CDV3
10	135043778	135045062	ENSG00000171794	UTF1
5	122168051	122170228	ENSG00000260686	CTB-36H16.2
10	50979887	50981345	ENSG00000226389	RP11-507K13.4
19	8807751	8809172	ENSG00000181786	ACTL9
Y	25695956	25697532	ENSG00000236647	AC009947.5
20	9518036	9819689	ENSG00000101349	PAK7
7	121080888	121081315	ENSG00000234985	RP11-3L10.3
6	28109688	28127250	ENSG00000198315	ZKSCAN8
5	26669455	26669845	ENSG00000230571	CTD-2533K21.3
12	8685901	8693559	ENSG00000166523	CLEC4E
16	65635004	65635601	ENSG00000260004	RP11-351A20.2
8	19261672	19615540	ENSG00000147408	CSGALNACT1
14	101528343	101528476	ENSG00000199015	MIR377
10	135050908	135055433	ENSG00000151650	VENTX
Y	25727742	25760787	ENSG00000225466	OFD1P10Y
16	65895015	65897687	ENSG00000260695	RP11-513N24.1
5	26669820	26670098	ENSG00000248426	CTD-2533K21.2
14	101530832	101530915	ENSG00000216179	MIR541
16	65972092	65972356	ENSG00000261234	RP11-356O24.1
14	101531637	101531715	ENSG00000199107	MIR409
14	101531784	101531874	ENSG00000199012	MIR412
19	8841316	8842371	ENSG00000181733	OR2Z1
12	132853935	132855447	ENSG00000256542	RP13-895J2.3
5	26670443	26670590	ENSG00000250703	CTD-2533K21.1
5	130506503	130541119	ENSG00000186687	LYRM7
5	122345237	122345335	ENSG00000239103	snoU13
10	96791397	96791805	ENSG00000237885	RP11-208C17.4
14	101531918	101532024	ENSG00000199025	MIR369
5	122358184	122358478	ENSG00000263432	RN7SL689P
10	96901682	96928182	ENSG00000231829	RP11-310E22.5
14	101532249	101532328	ENSG00000199092	MIR410
7	121214723	121214808	ENSG00000221690	AC004875.1
2	29033147	29033572	ENSG00000273233	RP11-713D19.1
14	101533061	101533138	ENSG00000207959	MIR656
7	121283388	121290414	ENSG00000227743	RP4-745K6.1
HSCHR6_MHC_SSTO	32139229	32142928	ENSG00000239974	EGFL8
Y	25803986	25805205	ENSG00000224169	HSFY6P
10	96943410	96943974	ENSG00000225533	PAWRP1
5	122371966	122390362	ENSG00000249996	RP11-359P5.1
7	121376497	121376779	ENSG00000252704	RN7SKP277
10	96988000	96990901	ENSG00000234026	RP11-310E22.4
2	73481810	73511559	ENSG00000163013	FBXO41
14	101536248	101539274	ENSG00000223403	MEG9
Y	25805613	25813969	ENSG00000223407	USP9YP18
13	39261266	39460074	ENSG00000150893	FREM2
5	26711660	26750106	ENSG00000251033	CTD-2533K21.4
12	69068151	69081535	ENSG00000247363	RP11-637A17.2
7	121482422	121485185	ENSG00000233272	PNPT1P2
10	97354355	97355129	ENSG00000214362	RP11-7D5.2
5	122406477	122406773	ENSG00000263654	RN7SL711P
14	25826970	25827895	ENSG00000258275	OR7K1P
2	154728426	155310361	ENSG00000144278	GALNT13
7	112120908	112131117	ENSG00000181016	LSMEM1
18	29671818	29711524	ENSG00000134758	RNF138
11	60989688	61018929	ENSG00000229183	PGA4
22	31321117	31364284	ENSG00000133422	MORC2
11	5640994	5665628	ENSG00000258659	TRIM34
12	132906436	132908161	ENSG00000255916	RP13-895J2.7
14	25900399	25901440	ENSG00000257976	RP11-388G3.1
14	101540206	101544247	ENSG00000230805	AL132709.1
2	29136530	29136614	ENSG00000264994	SNORD92
17	40724333	40729849	ENSG00000131470	PSMC3IP
5	122422943	122425994	ENSG00000223652	AC106786.1
HSCHR6_MHC_DBB	33139275	33146375	ENSG00000228333	RXRB
19	42702750	42724292	ENSG00000160570	DEDD2
14	26275854	26275918	ENSG00000212270	SNORD37
12	69078375	69080088	ENSG00000241825	RPL7P42
19	8920380	8943004	ENSG00000167785	ZNF558
14	26305064	26612511	ENSG00000257986	RP11-314P15.2
6	168185217	168197539	ENSG00000146521	C6orf123
10	97512963	97849995	ENSG00000226688	ENTPD1-AS1
5	26739862	26741292	ENSG00000249616	CTD-2194F12.1
14	26641372	26641464	ENSG00000212037	AL049831.1
12	69099414	69100846	ENSG00000233560	KRT8P39
2	29149933	29150010	ENSG00000265145	SNORD53
14	26677242	26677630	ENSG00000257503	CYB5AP5
14	101587193	101589879	ENSG00000259004	RP11-8L8.2
2	105974169	106054970	ENSG00000115641	FHL2
9	27948076	28670283	ENSG00000174482	LINGO2
5	122571773	122572064	ENSG00000213655	CTD-2347I17.1
14	101611818	101612032	ENSG00000206761	U3
3	42548016	42574750	ENSG00000232354	VIPR1-AS1
7	72728107	72729213	ENSG00000225005	RP11-483G21.3
12	69198791	69199259	ENSG00000256678	RP11-611O2.2
14	101683709	101684578	ENSG00000258681	RP11-8L8.1
14	27061953	27063723	ENSG00000262119	RP11-483C6.1
1	52497775	52499488	ENSG00000198841	KTI12
2	29150109	29150206	ENSG00000222224	Y_RNA
12	69221898	69222333	ENSG00000256325	RP11-611O2.1
7	72753097	72753203	ENSG00000206709	RNU6-1080P
14	101723669	101744655	ENSG00000258497	CTD-2561F5.1
6	168196210	168198927	ENSG00000269155	AL009178.1
5	27111676	27111781	ENSG00000207261	RNU6-738P
7	72818118	72818219	ENSG00000202035	Y_RNA
14	27067618	27275673	ENSG00000257842	NOVA1-AS1
5	122736616	122738038	ENSG00000250539	KRT8P33
7	72921538	72921604	ENSG00000252713	RNU6-1198P
2	198669426	199437305	ENSG00000115896	PLCL1
7	73125647	73125727	ENSG00000265724	MIR4284
HSCHR6_MHC_APD	31756648	31775083	ENSG00000231116	VARS
Y	9590765	9611898	ENSG00000129845	TTTY1
7	73146901	73147201	ENSG00000241709	RN7SL265P
5	122804475	122805123	ENSG00000249400	HMGB3P17
2	29150849	29150926	ENSG00000265706	SNORD53_SNORD92
12	56843286	56862950	ENSG00000135517	MIP
12	132413745	132428406	ENSG00000177192	PUS1
7	73149368	73150384	ENSG00000225969	LINC00035
3	42643455	42695880	ENSG00000230084	RP4-613B23.1
5	27412720	27436518	ENSG00000248490	CTD-3007L5.1
12	112364822	112366821	ENSG00000226469	ADAM1B
7	156056241	156056496	ENSG00000270584	RP11-362B23.1
2	29195280	29195387	ENSG00000200283	Y_RNA
5	122846130	122846231	ENSG00000202105	Y_RNA
7	156225217	156228527	ENSG00000228569	AC073133.2
16	29550583	29550686	ENSG00000239193	snoU13
17	40835205	40851484	ENSG00000267765	CTD-3193K9.3
7	73400322	73403097	ENSG00000261467	RP11-731K22.1
12	77252495	77272840	ENSG00000175183	CSRP2
16	29610500	29610586	ENSG00000266758	MIR3680-2
7	156230483	156238282	ENSG00000233878	AC073133.1
5	36606457	36688436	ENSG00000079215	SLC1A3
3	50388126	50395891	ENSG00000114395	CYB561D2
6	108025308	108145521	ENSG00000146285	SCML4
2	29304136	29304217	ENSG00000263957	AC105398.1
5	122971804	122973097	ENSG00000235275	KRT18P16
16	29624425	29624961	ENSG00000260727	SLC7A5P1
17	40866317	40866661	ENSG00000239671	CTD-3193K9.1
7	73473906	73476614	ENSG00000232415	CTB-51J22.1
5	123556272	123556770	ENSG00000250862	HMGB1P29
2	113531492	113542167	ENSG00000115008	IL1A
3	42717684	42717983	ENSG00000240203	RN7SL567P
16	29630106	29647649	ENSG00000260133	CA5AP1
7	73605528	73605624	ENSG00000207741	MIR590
7	43648055	43769316	ENSG00000106603	COA1
3	42744145	42748154	ENSG00000230970	HHATL-AS1
14	101798853	101800668	ENSG00000258460	RP11-168L7.1
3	9834766	9877085	ENSG00000250151	ARPC4-TTLL3
7	73672856	73672946	ENSG00000252538	RNU6-1070P
1	24958207	24999758	ENSG00000133226	SRRM1
7	73901758	73901870	ENSG00000238391	RNA5SP233
14	101872324	101874259	ENSG00000259023	LINC00524
16	29635838	29636146	ENSG00000260514	RP11-368N21.1
7	73985677	73985754	ENSG00000252378	AC004851.1
3	42774067	42788260	ENSG00000173811	CCDC13-AS1
7	156264890	156433286	ENSG00000182648	LINC01006
14	101908413	101910652	ENSG00000259082	RP11-168L7.3
16	29742372	29742725	ENSG00000222375	RN7SKP127
5	123641923	123740772	ENSG00000253807	LINC01170
10	135075907	135090372	ENSG00000151651	ADAM8
7	74021239	74021625	ENSG00000273069	RP5-1186P10.2
17	40904898	40905817	ENSG00000214578	HMGN2P15
16	29756568	29759620	ENSG00000260719	AC009133.17
5	27472399	27496508	ENSG00000250337	LINC01021
14	77940740	77965210	ENSG00000100593	ISM2
3	42812104	42815127	ENSG00000225611	RP11-70C1.1
16	29793246	29794294	ENSG00000262756	AC009133.21
7	74103273	74143339	ENSG00000232729	AC083884.8
5	123731296	123736088	ENSG00000251421	CTC-369A16.2
14	73430353	73430716	ENSG00000239544	RP11-109N23.1
3	115521235	117716095	ENSG00000185565	LSAMP
3	42846696	42893920	ENSG00000235288	RP11-70C1.3
16	29817817	29819053	ENSG00000259952	AC009133.15
17	73747675	73761792	ENSG00000108479	GALK1
14	73507329	73507622	ENSG00000241487	RN7SL586P
12	56862301	56864763	ENSG00000176422	SPRYD4
1	52521797	52556388	ENSG00000134717	BTF3L4
14	73525139	73526123	ENSG00000258813	RP11-109N23.4
16	29819966	29823306	ENSG00000238045	AC009133.14
9	131445703	131458679	ENSG00000119335	SET
3	42850906	42949597	ENSG00000273328	RP11-141M3.5
17	40905932	40913275	ENSG00000197291	RAMP2-AS1
7	142000747	142001255	ENSG00000226660	TRBV2
16	66335712	66335843	ENSG00000201999	RNA5SP428
5	123731640	123736348	ENSG00000251662	CTC-369A16.3
3	42930853	42931798	ENSG00000236459	HNRNPA1P22
16	66442427	66446038	ENSG00000246898	LINC00920
16	29820250	29831687	ENSG00000261962	AC009133.20
14	101913979	101923454	ENSG00000259166	RP11-1029J19.2
7	74155796	74156460	ENSG00000232210	PHBP15
14	73534816	73535326	ENSG00000258448	RP11-109N23.5
2	98140412	98141439	ENSG00000235833	AC159540.14
20	9966774	10037410	ENSG00000132623	ANKEF1
3	42975744	42978277	ENSG00000206552	KRBOX1-AS1
19	44711700	44741421	ENSG00000131115	ZNF227
14	73656471	73656712	ENSG00000259109	RP4-687K1.2
16	66484901	66485254	ENSG00000260146	CTD-2258A20.3
17	72209653	72258155	ENSG00000141540	TTYH2
HSCHR6_MHC_COX	33166523	33168208	ENSG00000226936	B3GALT4
3	169484709	169487683	ENSG00000184378	ACTRT3
14	73710726	73712687	ENSG00000258376	RP4-647C14.2
16	29829301	29832573	ENSG00000261690	AC009133.12
16	66503699	66515133	ENSG00000261656	CTD-2258A20.5
7	138391040	138484305	ENSG00000105929	ATP6V0A4
12	110969120	111021125	ENSG00000196850	PPTC7
7	142008365	142008871	ENSG00000237702	TRBV3-1
5	123791066	123795791	ENSG00000248600	CTD-2308B18.4
14	102018558	102026768	ENSG00000258498	DIO3OS
X	19930978	19988416	ENSG00000173681	CXorf23
3	50388323	50405354	ENSG00000272104	XXcos-LUCA11.5
14	73713526	73713588	ENSG00000252839	RNU6-419P
17	69093916	69198318	ENSG00000260785	CASC17
16	66543340	66543951	ENSG00000260755	RP11-403P17.3
14	73738890	73740789	ENSG00000258944	RP4-647C14.3
2	29319709	29320391	ENSG00000229224	AC105398.3
16	66583183	66585092	ENSG00000261519	Y_RNA
19	19431490	19469563	ENSG00000129933	MAU2
7	142013007	142013489	ENSG00000211710	TRBV4-1
13	39540062	39565203	ENSG00000133115	STOML3
5	123795605	123796242	ENSG00000251214	CTD-2308B18.1
16	66613886	66614619	ENSG00000260650	RP11-403P17.2
10	51023142	51023608	ENSG00000229870	RP11-507K13.6
14	73929129	73943880	ENSG00000251393	RP1-240K6.3
2	29726773	29726859	ENSG00000266310	AC106899.1
2	202152994	202222121	ENSG00000155749	ALS2CR12
16	66754800	66765688	ENSG00000260465	RP11-63M22.2
2	29903895	29904189	ENSG00000242699	RN7SL516P
Y	9638762	9650854	ENSG00000224075	TTTY22
7	74112305	74306731	ENSG00000160828	STAG3L2
16	66772166	66773229	ENSG00000260558	RP11-63M22.1
7	142020496	142021363	ENSG00000211734	TRBV5-1
2	30113237	30115220	ENSG00000230737	AC106870.1
19	8943074	8954016	ENSG00000170948	MBD3L1
12	112430800	112431679	ENSG00000258373	SLC25A3P2
16	66785655	66788643	ENSG00000246777	RP11-61A14.4
2	98253060	98254266	ENSG00000228970	UBTFL6
7	121721774	121721835	ENSG00000252003	RNU7-154P
2	30122463	30130065	ENSG00000197644	AC106870.2
22	19929130	19957498	ENSG00000093010	COMT
14	73957644	73960105	ENSG00000170468	AC005280.1
6	43612783	43640336	ENSG00000172426	RSPH9
16	66875336	66887351	ENSG00000258122	RP11-61A14.1
3	43078613	43078943	ENSG00000232375	RP11-136C24.1
7	121799354	121802297	ENSG00000226636	RP5-1049N15.2
17	18713269	18714253	ENSG00000265478	CTD-2145A24.3
Y	9650924	9655122	ENSG00000228379	AC010891.2
2	30273932	30366670	ENSG00000233862	AC016907.3
16	66921918	66922834	ENSG00000261705	RP11-61A14.2
14	73957669	73960096	ENSG00000255242	C14orf169
5	102421704	102455855	ENSG00000145723	GIN1
5	123805284	123805594	ENSG00000250438	CTD-2308B18.2
17	18739020	18745677	ENSG00000250111	AC107982.4
14	73983937	73987352	ENSG00000258443	RP3-414A15.11
17	79632066	79633665	ENSG00000204237	OXLD1
16	66923072	66924996	ENSG00000261088	RP11-61A14.3
HSCHR6_MHC_COX	33168491	33178914	ENSG00000204221	WDR46
5	123828468	123872041	ENSG00000248296	CTD-2308B18.3
9	32384618	32454767	ENSG00000122729	ACO1
12	112438543	112438789	ENSG00000257624	RP1-128M12.3
7	142028121	142028610	ENSG00000211706	TRBV6-1
16	66976615	66997159	ENSG00000265408	RP11-361L15.4
17	18743931	18744231	ENSG00000264485	RN7SL627P
12	112475403	112475519	ENSG00000266370	MIR3657
3	183353356	183402265	ENSG00000114796	KLHL24
17	18762667	18764779	ENSG00000264273	CTD-2145A24.4
14	73989582	73997314	ENSG00000258695	RP3-414A15.2
16	67053422	67053718	ENSG00000265918	RN7SL543P
Y	9669027	9684305	ENSG00000229208	RBMY2NP
16	67236224	67236298	ENSG00000207948	MIR328
14	74005925	74006485	ENSG00000258408	NT5CP2
12	8754762	8765467	ENSG00000111732	AICDA
16	67295011	67297687	ENSG00000262691	CTC-277H1.7
5	27986282	27986392	ENSG00000221721	AC010455.1
X	52255219	52260363	ENSG00000204379	XAGE1A
7	142032006	142032527	ENSG00000211707	TRBV7-1
2	30288990	30289079	ENSG00000221383	AC016907.1
16	67355561	67355890	ENSG00000201201	RN7SKP118
HSCHR6_MHC_QBL	30657119	30675200	ENSG00000206481	MDC1
7	121856401	121858491	ENSG00000234418	RP11-560I19.1
16	67424594	67424753	ENSG00000239194	RNU1-123P
14	74037863	74038371	ENSG00000258524	NT5CP1
12	112501713	112503559	ENSG00000258323	RP1-267L14.3
7	121874585	121874957	ENSG00000213302	RP11-560I19.2
12	112506908	112507013	ENSG00000200688	Y_RNA
7	142045252	142045816	ENSG00000211745	TRBV4-2
5	28213466	28214666	ENSG00000250079	RP11-560A7.1
12	112587164	112587276	ENSG00000200135	Y_RNA
19	42724423	42732353	ENSG00000167625	ZNF526
21	40752170	40800454	ENSG00000182093	WRB
Y	9707273	9708390	ENSG00000231874	TSPY18P
5	159488808	159546430	ENSG00000170234	PWWP2A
14	74083412	74100644	ENSG00000258603	RP3-414A15.10
6	28192664	28201260	ENSG00000137185	ZSCAN9
10	26986588	27035727	ENSG00000148459	PDSS1
12	112694604	112696895	ENSG00000257494	RP3-521E19.2
17	79633394	79640934	ENSG00000185298	CCDC137
14	100111447	100146906	ENSG00000182218	HHIPL1
7	142099455	142099977	ENSG00000229200	TRBV7-8
7	121943712	121950131	ENSG00000230316	FEZF1-AS1
12	47581595	47581674	ENSG00000263838	MIR4698
2	30299959	30301138	ENSG00000225943	AC016907.2
16	67464570	67465367	ENSG00000261320	RP11-297D21.2
14	74098179	74098723	ENSG00000258972	NDUFB8P1
10	71962586	71993667	ENSG00000180817	PPA1
11	14299472	14386052	ENSG00000133818	RRAS2
16	67466595	67468931	ENSG00000203401	AC009061.1
2	178092323	178257425	ENSG00000116044	NFE2L2
7	142104121	142104553	ENSG00000211732	TRBV6-9
16	1578689	1605581	ENSG00000131634	TMEM204
12	133033746	133036610	ENSG00000256783	RP11-503G7.1
16	67515217	67521153	ENSG00000270049	RP11-297D21.4
7	142111393	142111859	ENSG00000211731	TRBV5-7
2	30410300	30410432	ENSG00000207187	SNORA64
12	47599681	47610239	ENSG00000247774	PCED1B-AS1
15	67435072	67439277	ENSG00000259202	RP11-342M21.2
14	74126267	74126363	ENSG00000251907	RNU6-240P
10	51117659	51117988	ENSG00000230166	RP11-526K21.2
Y	25820526	25821539	ENSG00000226873	CDY14P
14	74164806	74167054	ENSG00000258660	RP4-693M11.3
11	924894	1012239	ENSG00000183020	AP2A2
2	30432861	30433173	ENSG00000231712	AC104698.2
7	142119820	142120321	ENSG00000253291	TRBV7-7
1	208057594	208084747	ENSG00000174059	CD34
10	51211725	51212022	ENSG00000270568	RP11-592B15.8
12	133038828	133039442	ENSG00000256875	RP11-503G7.2
15	102161847	102192594	ENSG00000184277	TM2D3
13	39584003	39612252	ENSG00000120685	PROSER1
10	51214507	51216406	ENSG00000214986	FAM25D
14	74225450	74225522	ENSG00000264741	MIR4505
5	28286496	28287772	ENSG00000249785	CTD-2061E9.1
17	4460222	4464113	ENSG00000167741	GGT6
2	219124219	219128582	ENSG00000179921	GPBAR1
19	56111388	56114504	ENSG00000171443	ZNF524
7	142124137	142124565	ENSG00000253534	TRBV6-8
14	74254063	74269973	ENSG00000259065	RP5-1021I20.1
17	73083822	73102257	ENSG00000170190	SLC16A5
2	30481193	30482893	ENSG00000256261	AC104698.1
5	159614374	159665742	ENSG00000170231	FABP6
GL000193.1	49252	88375	ENSG00000215689	MGC39584
19	56116771	56128635	ENSG00000261221	ZNF865
3	178957530	178984790	ENSG00000171121	KCNMB3
GL000193.1	86545	86855	ENSG00000229510	AC018692.2
15	67493371	67547533	ENSG00000103591	AAGAB
19	42734338	42746777	ENSG00000105723	GSK3A
5	28624764	28624870	ENSG00000252867	RNU6-909P
19	56132108	56135967	ENSG00000179922	ZNF784
1	52608046	52812358	ENSG00000157077	ZFYVE9
5	28782785	28809356	ENSG00000250453	CTD-2134P3.1
19	8959520	9092018	ENSG00000181143	MUC16
12	56864736	56882198	ENSG00000135423	GLS2
2	30569525	30575297	ENSG00000235997	AC109642.1
HSCHR6_MHC_COX	32097222	32100578	ENSG00000234729	AGER
3	103257479	103259331	ENSG00000240107	RP11-628J14.1
10	77360998	78319925	ENSG00000148655	C10orf11
5	28808645	28809362	ENSG00000270495	CTD-2134P3.2
3	103349505	103349756	ENSG00000243195	TUBBP11
3	103773552	103773640	ENSG00000265076	AC016970.1
11	5684425	5959849	ENSG00000132256	TRIM5
3	103781883	103782426	ENSG00000214405	RP11-40M23.1
2	30655219	30655314	ENSG00000221377	AC073255.1
3	133317019	133380737	ENSG00000163781	TOPBP1
7	39872885	39873392	ENSG00000231198	AC004987.10
19	56146382	56154835	ENSG00000213015	ZNF580
2	98280680	98319527	ENSG00000228486	LINC01125
7	39894093	39894655	ENSG00000175741	RWDD4P2
1	150898739	150937213	ENSG00000143379	SETDB1
17	73772515	73781974	ENSG00000132475	H3F3B
5	28897892	28898381	ENSG00000271035	CTD-2269E23.3
17	4487294	4511614	ENSG00000188176	SMTNL2
7	39927972	39928261	ENSG00000242855	RN7SL496P
7	39987121	39989354	ENSG00000259826	RP11-467D6.1
14	35554673	35591723	ENSG00000092020	PPP2R3C
17	69294297	69294359	ENSG00000238759	RNU7-155P
3	169490619	169507504	ENSG00000085274	MYNN
2	30969310	30969567	ENSG00000230118	AC092569.2
HSCHR6_MHC_APD	31776526	31786115	ENSG00000224979	LSM2
17	69307309	69307383	ENSG00000222563	RNU6-305P
3	129693148	129696781	ENSG00000170893	TRH
6	31745295	31763730	ENSG00000204394	VARS
17	69592479	69593420	ENSG00000225818	AC118653.2
4	53179	88099	ENSG00000197701	ZNF595
7	40146887	40147053	ENSG00000273444	RP5-1147A1.2
5	28925707	28927696	ENSG00000162685	LSP1P3
7	156426049	156426481	ENSG00000234450	AC005534.6
10	97593265	97633515	ENSG00000240527	RP11-429G19.3
7	40155284	40155542	ENSG00000270577	RP5-1147A1.1
7	156446879	156450387	ENSG00000224903	AC005534.8
6	37450696	37467698	ENSG00000198937	CCDC167
10	97759535	97760000	ENSG00000227805	RP11-248J23.5
7	40167720	40167831	ENSG00000199273	Y_RNA
16	1662326	1727909	ENSG00000007545	CRAMP1L
19	56146825	56156988	ENSG00000171425	ZNF581
7	40191212	40193750	ENSG00000248711	AC006023.8
10	97824072	97824156	ENSG00000266407	MIR3157
7	156664772	156664912	ENSG00000206938	RNU4-31P
7	156737415	156738339	ENSG00000230033	RP5-1121A15.3
2	31209805	31214292	ENSG00000234579	AC009305.1
10	97872504	97872608	ENSG00000200728	RNU6-271P
12	112704881	112705198	ENSG00000201428	RN7SKP71
7	40577726	40586527	ENSG00000203446	AC004988.1
Y	9743204	9745748	ENSG00000187657	TSPY13P
3	9849770	9896822	ENSG00000214021	TTLL3
7	40815157	40824816	ENSG00000227658	AC005160.3
2	31258419	31258510	ENSG00000216093	AC009305.2
14	27244701	27291313	ENSG00000257845	RP11-626P14.1
12	112739674	112740467	ENSG00000213152	RPL7AP60
5	82767284	82878122	ENSG00000038427	VCAN
10	97889472	97965044	ENSG00000177853	ZNF518A
7	41004266	41019537	ENSG00000232458	AC005029.1
HSCHR6_MHC_COX	31685771	31694945	ENSG00000230685	CLIC1
2	31456880	31492313	ENSG00000013016	EHD3
5	28927136	28927391	ENSG00000226400	CTD-2269E23.2
12	112759563	112760893	ENSG00000257658	RP3-521E19.3
3	50392180	50397041	ENSG00000126062	TMEM115
7	41141202	41173105	ENSG00000224017	AC005022.1
GL000193.1	92420	92496	ENSG00000220823	AC018692.1
GL000193.1	95248	95324	ENSG00000255783	AC018692.3
17	27400528	27507430	ENSG00000196535	MYO18A
GL000193.1	96645	96721	ENSG00000256974	AC018692.4
7	41706766	41744933	ENSG00000236310	AC005027.3
17	69617119	69617577	ENSG00000228118	LOC124685
Y	9748407	9749571	ENSG00000239225	TTTY23
2	31451178	31451276	ENSG00000201671	RNA5SP90
GL000193.1	169660	169941	ENSG00000264723	Metazoa_SRP
12	47631517	47672804	ENSG00000257925	RP11-493L12.3
12	69235068	69237017	ENSG00000257181	RP11-611O2.5
7	41733514	41818986	ENSG00000224116	INHBA-AS1
Y	9789162	9797032	ENSG00000234950	RBMY2OP
GL000193.1	175230	175324	ENSG00000252127	SNORA70
12	69235726	69236164	ENSG00000256664	RP11-611O2.3
5	29001867	29003464	ENSG00000249226	SUCLG2P4
7	121968523	122080410	ENSG00000240499	RP5-1101C3.1
19	9203855	9204889	ENSG00000170929	OR1M1
12	47641907	47651322	ENSG00000258181	RP11-493L12.4
17	8150936	8173809	ENSG00000178921	PFAS
17	70017992	70030233	ENSG00000228639	AC005152.3
HSCHR6_MHC_SSTO	32142859	32152743	ENSG00000228892	AGPAT1
2	97202480	97218375	ENSG00000196843	ARID5A
8	144661867	144681711	ENSG00000104529	EEF1D
7	42152964	42153219	ENSG00000213721	HMGN2P30
17	41017939	41026386	ENSG00000260105	AOC4P
16	67572460	67574009	ENSG00000261396	CTD-2012K14.2
12	113132839	113132981	ENSG00000221560	MIR1302-1
19	9212945	9213982	ENSG00000170923	OR7G2
12	47735397	47735872	ENSG00000258116	RP11-493L12.6
7	42701325	42746046	ENSG00000238284	AC027269.2
12	113345433	113455556	ENSG00000257452	RP1-71H24.1
Y	22918050	22942918	ENSG00000157828	RPS4Y2
17	70026432	70034889	ENSG00000256124	LINC01152
16	67576026	67576866	ENSG00000259945	CTD-2012K14.3
7	42834505	42842093	ENSG00000229161	TCP1P1
11	111944810	111955874	ENSG00000150776	C11orf57
X	52380351	52387001	ENSG00000185751	XAGE2
19	56152428	56164527	ENSG00000173581	CCDC106
Y	9860098	9871796	ENSG00000236718	RBMY2QP
16	67576207	67576475	ENSG00000260894	CTD-2012K14.4
7	42869271	42884037	ENSG00000231539	AC010132.10
12	47739949	47740080	ENSG00000199566	SNORA64
19	9225274	9226439	ENSG00000161807	OR7G1
2	31513628	31514470	ENSG00000213620	AL121657.4
7	42940871	42942238	ENSG00000261019	RP11-111K18.2
16	67583117	67597861	ENSG00000261386	CTD-2012K14.6
12	47747537	47763718	ENSG00000257924	RP11-493L12.5
12	47757969	47758052	ENSG00000264906	MIR4494
7	42958340	42959683	ENSG00000234983	AC010132.11
14	77972340	78083116	ENSG00000100596	SPTLC2
12	47808791	47813962	ENSG00000257906	RP1-90J4.1
X	20024831	20135035	ENSG00000184368	MAP7D2
19	9236688	9237626	ENSG00000170920	OR7G3
12	113453412	113453903	ENSG00000258159	RP1-71H24.4
HSCHR6_MHC_APD	31788760	31794206	ENSG00000226704	HSPA1L
22	31460091	31500743	ENSG00000183963	SMTN
7	156799001	156799826	ENSG00000235029	MNX1-AS2
12	47856870	47857404	ENSG00000258369	RP1-90J4.2
9	131464802	131483197	ENSG00000160447	PKN3
7	156803499	156809120	ENSG00000243479	MNX1-AS1
2	219128850	219134980	ENSG00000127837	AAMP
6	108188960	108279393	ENSG00000025796	SEC63
2	31747550	31806136	ENSG00000049319	SRD5A2
12	47878472	47879505	ENSG00000257807	RP1-90J4.3
2	25012603	25016251	ENSG00000184924	PTRHD1
16	68771128	68869451	ENSG00000039068	CDH1
4	264464	299110	ENSG00000186777	ZNF732
11	2904443	2907111	ENSG00000129757	CDKN1C
7	156850403	156851208	ENSG00000236102	RP4-639J15.1
12	69305701	69305762	ENSG00000252770	RNU7-4P
12	47986991	47987223	ENSG00000257905	RP3-432I18.1
HSCHR6_MHC_DBB	29624714	29640106	ENSG00000234623	MOG
12	69307584	69307802	ENSG00000257289	RP11-611O2.6
7	156880649	156881237	ENSG00000229365	RP4-639J15.2
HSCHR6_MHC_COX	31499694	31502076	ENSG00000227587	ATP6V1G2
5	95087023	95158709	ENSG00000173221	GLRX
12	69350186	69350266	ENSG00000263910	AC133749.1
12	48099868	48136077	ENSG00000257433	RP1-197B17.3
7	156985062	156985526	ENSG00000225224	RP4-814D15.2
2	113587328	113594480	ENSG00000125538	IL1B
12	69351157	69351457	ENSG00000257336	PRELID2P1
HSCHR6_MHC_APD	31794605	31797087	ENSG00000235941	HSPA1A
13	39612443	39624246	ENSG00000188811	NHLRC3
19	9251056	9274100	ENSG00000130803	ZNF317
12	69511348	69511432	ENSG00000252547	AC139931.1
5	39105358	39107350	ENSG00000269215	AC008964.1
7	156990294	156991205	ENSG00000236018	RP4-814D15.1
12	69605903	69618022	ENSG00000258140	RP11-324P9.1
17	73437240	73496171	ENSG00000177728	KIAA0195
7	157055716	157055923	ENSG00000224629	RP5-1142J19.2
7	157074230	157075380	ENSG00000229660	RP5-1142J19.1
6	37600284	37667082	ENSG00000112139	MDGA1
12	69678177	69679265	ENSG00000257818	RP11-1143G9.2
12	77415027	77459360	ENSG00000165891	E2F7
12	69747273	69748005	ENSG00000257764	RP11-1143G9.4
6	28212401	28227011	ENSG00000187626	ZKSCAN4
17	49254786	49337524	ENSG00000011258	MBTD1
4	175558065	175750465	ENSG00000145451	GLRA3
HSCHR6_MHC_APD	31806879	31809393	ENSG00000232804	HSPA1B
15	102193801	102264807	ENSG00000185418	TARSL2
21	40777770	40817731	ENSG00000157578	LCA5L
Y	23544840	23548246	ENSG00000183146	CYorf17
7	42993734	43099149	ENSG00000232006	AC005537.2
12	69794683	69794978	ENSG00000266185	RN7SL804P
7	142131412	142131918	ENSG00000211728	TRBV5-6
7	43136331	43136443	ENSG00000201933	Y_RNA
12	69816436	69816775	ENSG00000241765	RP11-159A18.1
HSCHR6_MHC_DBB	30611130	30631079	ENSG00000233418	DHX16
7	43157495	43202786	ENSG00000181211	HECW1-IT1
12	69843250	69854504	ENSG00000257507	RP11-956E11.1
14	74265718	74265821	ENSG00000238330	snoU13
3	43128971	43129560	ENSG00000227245	RP11-136C24.2
7	142139278	142139815	ENSG00000211727	TRBV7-6
16	67595314	67596212	ENSG00000259804	CTD-2012K14.7
3	43252233	43252363	ENSG00000222331	AC104434.1
5	29070603	29070717	ENSG00000252601	SNORA18
1	1246965	1260071	ENSG00000127054	CPSF3L
3	43356443	43356745	ENSG00000241939	RN7SL517P
16	67648284	67649245	ENSG00000237718	AC009095.4
20	10199478	10288066	ENSG00000132639	SNAP25
14	74289262	74296838	ENSG00000258586	RP5-1021I20.2
3	43388415	43389135	ENSG00000271941	RP11-188P20.3
16	67772491	67773825	ENSG00000270165	RP11-167P11.2
1	208195587	208417665	ENSG00000076356	PLXNA2
5	29104987	29105545	ENSG00000248687	RP11-42L13.2
3	43391136	43393454	ENSG00000234617	SNRK-AS1
7	77166592	77269388	ENSG00000127947	PTPN12
16	67889858	67890014	ENSG00000262141	CTC-479C5.11
7	43190494	43190593	ENSG00000264069	MIR3943
7	142143652	142144084	ENSG00000253188	TRBV6-7
2	31557187	31637581	ENSG00000158125	XDH
3	43513969	43514088	ENSG00000251811	Y_RNA
7	43234020	43234081	ENSG00000252983	RNU7-35P
17	41026687	41050751	ENSG00000213373	LINC00671
14	74307223	74307312	ENSG00000270576	RP5-1021I20.7
3	43526464	43527372	ENSG00000223916	RP11-353H3.1
16	67911560	67911643	ENSG00000221526	AC040162.1
7	43247361	43247465	ENSG00000223258	RNU6-575P
6	10748027	10979553	ENSG00000153157	SYCP2L
14	74324764	74324868	ENSG00000223300	Y_RNA
16	67916364	67920270	ENSG00000263126	CTC-479C5.10
3	43820453	43821474	ENSG00000235886	RP4-672N11.1
5	29105675	29106968	ENSG00000270430	RP11-42L13.3
7	43278665	43288867	ENSG00000228680	AC004692.4
16	67977450	67978423	ENSG00000267660	CTC-479C5.17
5	39284364	39424970	ENSG00000113600	C9
Y	23673224	23687672	ENSG00000242875	RBMY1B
11	111955524	111957522	ENSG00000150779	TIMM8B
7	142148928	142149399	ENSG00000211725	TRBV5-5
11	61008514	61018920	ENSG00000256713	PGA5
16	68036335	68038855	ENSG00000262962	KARSP3
HSCHR6_MHC_APD	31813742	31818898	ENSG00000234728	C6orf48
14	74362867	74404817	ENSG00000258891	RP5-1021I20.5
X	123094062	123556514	ENSG00000101972	STAG2
8	19674651	19709594	ENSG00000104613	INTS10
6	41902671	42018095	ENSG00000112576	CCND3
16	68047339	68049814	ENSG00000263201	CTC-479C5.6
16	29874914	29879371	ENSG00000214725	CDIPT-AS1
7	142161931	142162407	ENSG00000211724	TRBV6-6
5	29143610	29172465	ENSG00000259786	CTD-2118P12.1
16	68051613	68051720	ENSG00000202336	RNU6-359P
7	142168380	142169045	ENSG00000230099	TRBV5-4
17	33791268	33864880	ENSG00000205045	SLFN12L
17	41043355	41043452	ENSG00000252039	RNU6-287P
17	41084865	41084959	ENSG00000200510	RNY4P2
14	74371970	74372339	ENSG00000270140	RP5-1021I20.6
17	41092592	41092719	ENSG00000212149	SNORA40
19	48618702	48673860	ENSG00000105486	LIG1
11	2909010	2924970	ENSG00000254827	SLC22A18AS
14	74373019	74373130	ENSG00000199472	Y_RNA
16	1682260	1736716	ENSG00000261732	LA16c-431H6.6
13	39917029	40177665	ENSG00000183722	LHFP
7	142176329	142176790	ENSG00000253409	TRBV7-4
3	130064359	130203688	ENSG00000172752	COL6A5
HG79_PATCH	136335502	136346383	ENSG00000260502	CACFD1
14	74498500	74549566	ENSG00000259114	AC005484.5
3	104221544	104222110	ENSG00000243635	RP11-281P11.1
3	106044584	106045140	ENSG00000244652	RP11-93B21.1
3	106234744	106234845	ENSG00000200610	Y_RNA
3	106407525	106407626	ENSG00000200361	Y_RNA
5	124043520	124046430	ENSG00000249112	RP11-43D2.2
3	66429221	66551687	ENSG00000144749	LRIG1
2	31752012	31788534	ENSG00000228563	AL133247.2
7	142180515	142181016	ENSG00000211721	TRBV6-5
16	68089682	68089787	ENSG00000221789	AC130462.1
3	106555658	106959488	ENSG00000242759	LINC00882
16	68111243	68156174	ENSG00000261864	RP11-67A1.2
7	142206511	142207011	ENSG00000229769	TRBV10-2
2	31876450	31876931	ENSG00000270422	AL133247.3
19	42738735	42759284	ENSG00000268643	AC006486.9
7	142223820	142224284	ENSG00000211720	TRBV11-1
5	29380403	29396088	ENSG00000248391	CTD-2010I22.2
16	68123352	68123446	ENSG00000201850	Y_RNA
14	74641159	74641454	ENSG00000239910	RN7SL530P
9	32455300	32526322	ENSG00000107201	DDX58
16	29930957	29933226	ENSG00000260114	CTD-2574D22.4
16	68223190	68223324	ENSG00000212445	SNORA48
14	74659292	74659526	ENSG00000258513	RP5-892G5.2
10	7830092	7849778	ENSG00000165629	ATP5C1
10	123716603	123734732	ENSG00000107672	NSMCE4A
16	29938157	29940254	ENSG00000247735	CTD-2574D22.2
16	68233698	68234884	ENSG00000262514	RP11-96D1.9
11	111957497	111990353	ENSG00000204370	SDHD
2	32018892	32029049	ENSG00000223647	AL133249.1
16	30107751	30115437	ENSG00000250616	RP11-455F5.3
2	25016005	25045245	ENSG00000138092	CENPO
7	142231573	142232090	ENSG00000211717	TRBV10-1
19	42746927	42749125	ENSG00000204957	AC006486.1
19	9296279	9299493	ENSG00000188000	OR7D2
16	68243345	68243681	ENSG00000240435	RPS12P27
14	74755830	74761128	ENSG00000258559	AC005519.4
19	9324526	9325542	ENSG00000174667	OR7D4
1	52811395	52831865	ENSG00000154222	CC2D1B
2	32035264	32035357	ENSG00000238448	AL121652.2
7	142239537	142240058	ENSG00000211716	TRBV9
5	29600783	29600975	ENSG00000248418	UBL5P1
14	74772128	74772766	ENSG00000258737	SUB1P2
15	42867857	43013179	ENSG00000159433	STARD9
19	9361606	9362820	ENSG00000237521	OR7E24
2	32047660	32048505	ENSG00000237007	KRT18P52
HSCHR6_MHC_QBL	30677512	30682738	ENSG00000183311	TUBB
6	168227602	168372703	ENSG00000130396	MLLT4
7	142242281	142242747	ENSG00000211715	TRBV5-3
10	103825147	103827792	ENSG00000166189	HPS6
10	50117528	50143242	ENSG00000165383	LRRC18
17	70030248	70053871	ENSG00000254148	RP11-84E24.2
14	74844521	74845121	ENSG00000177776	RPS2P2
19	42751724	42759309	ENSG00000105722	ERF
19	44732882	44809199	ENSG00000159917	ZNF235
17	18811592	18812178	ENSG00000235672	AC090286.2
16	1728257	1752281	ENSG00000206053	HN1L
19	41256542	41271294	ENSG00000077312	SNRPA
7	142247109	142247615	ENSG00000211714	TRBV7-3
17	18847312	18847386	ENSG00000212618	snoMBII-202
5	29796045	29796375	ENSG00000250984	CTD-2011G17.1
19	9404951	9420514	ENSG00000196110	ZNF699
17	18854938	18857462	ENSG00000196893	AC090286.4
15	60639333	60695082	ENSG00000182718	ANXA2
14	74938633	74939063	ENSG00000270000	RP3-449M8.9
2	32048087	32048175	ENSG00000265267	AL121652.3
12	69978502	69978603	ENSG00000264405	MIR3913-1
17	70033455	70217977	ENSG00000234899	SOX9-AS1
7	142250703	142251158	ENSG00000211713	TRBV6-4
13	40229764	40365802	ENSG00000133103	COG6
HSCHR19_1_CTG3	20959110	20990226	ENSG00000262037	CTD-2626G11.1
14	74940710	74941567	ENSG00000259005	RP3-449M8.6
10	50222290	50323554	ENSG00000165633	VSTM4
10	30598730	30663377	ENSG00000107951	MTPAP
5	29848791	29849325	ENSG00000249744	CTD-2057J6.2
7	142326363	142327046	ENSG00000211746	TRBV19
6	17102489	17131603	ENSG00000230873	STMND1
17	18889461	18889647	ENSG00000263045	RP11-28B23.1
14	74946836	74946907	ENSG00000265649	MIR4709
2	32048482	32048886	ENSG00000242272	AK2P2
17	18965225	18965807	ENSG00000265185	SNORD3B-1
14	74949688	74950138	ENSG00000258769	RAP1AP
10	95517566	95557916	ENSG00000108231	LGI1
HSCHR6_MHC_APD	31836794	31842041	ENSG00000228691	NEU1
10	103867317	103880210	ENSG00000198728	LDB1
7	142334163	142334913	ENSG00000211747	TRBV20-1
17	34851477	34899284	ENSG00000141140	MYO19
2	32078045	32078492	ENSG00000273165	RP11-1057B6.1
6	24544332	24646383	ENSG00000137261	KIAA0319
7	142353468	142353964	ENSG00000211749	TRBV23-1
HSCHR19_1_CTG3	21112510	21139919	ENSG00000262562	ZNF85
9	131483148	131486406	ENSG00000160446	ZDHHC12
12	70107413	70132348	ENSG00000247131	RP11-588G21.2
5	29881816	29883052	ENSG00000233787	CTD-2057J6.1
11	111957627	112064528	ENSG00000255292	SDHD
14	75018884	75026751	ENSG00000258425	CTD-2207P18.1
17	18966762	18967449	ENSG00000262074	SNORD3B-2
2	32144931	32145018	ENSG00000221326	AL121652.1
5	29948935	29949237	ENSG00000223136	RN7SKP207
10	34398488	35104253	ENSG00000148498	PARD3
2	32238130	32238437	ENSG00000271228	CTC-336P14.1
10	82009466	82013395	ENSG00000204038	AL359195.1
17	70068474	70089622	ENSG00000226101	AC007461.2
21	40817781	40887433	ENSG00000185437	SH3BGR
12	132434508	132565005	ENSG00000183495	EP400
5	30248457	30249000	ENSG00000250587	RP11-136H13.1
19	44754318	44779470	ENSG00000159915	ZNF233
7	43313758	43314181	ENSG00000213717	AC004692.5
2	172949468	172954405	ENSG00000144355	DLX1
6	52916789	52965671	ENSG00000112146	FBXO9
7	43548327	43562141	ENSG00000231638	AC011738.4
17	36686251	36762183	ENSG00000017373	SRCIN1
7	43618487	43618571	ENSG00000252308	AC011738.1
10	82031576	82049440	ENSG00000151224	MAT1A
2	32313373	32313460	ENSG00000263802	AL121655.1
7	43806889	43807198	ENSG00000229497	AC005189.6
11	2920951	2946476	ENSG00000110628	SLC22A18
16	30118996	30121862	ENSG00000261367	RP11-455F5.4
2	32390115	32390826	ENSG00000272716	RP11-563N4.1
7	43958296	43959653	ENSG00000237972	TUBG1P
17	70319264	70636611	ENSG00000227036	LINC00511
22	19957419	20004331	ENSG00000099889	ARVCF
16	30194826	30196278	ENSG00000261416	RP11-455F5.5
7	43980494	44058774	ENSG00000214783	POLR2J4
5	30365512	30365791	ENSG00000250118	RP11-136H13.2
12	111051832	111087235	ENSG00000204852	TCTN1
19	9434448	9461838	ENSG00000188321	ZNF559
2	32426669	32429068	ENSG00000229816	DDX50P1
7	43798279	43846939	ENSG00000106605	BLVRA
5	31053672	31054260	ENSG00000241668	RPL19P11
5	31066077	31066239	ENSG00000253940	CTD-2127O16.2
7	157098487	157098765	ENSG00000266453	RN7SL142P
7	112402437	112430647	ENSG00000146802	TMEM168
20	47662849	47713489	ENSG00000124207	CSE1L
7	157258925	157292410	ENSG00000234210	AC006372.4
19	56165512	56186081	ENSG00000063244	U2AF2
2	32439525	32439631	ENSG00000201113	RNU6-647P
7	157294016	157296271	ENSG00000223872	AC006372.5
16	30205213	30215631	ENSG00000213599	SLX1A-SULT1A3
2	32546707	32548071	ENSG00000272754	AL133245.2
15	34525460	34630261	ENSG00000140199	SLC12A6
5	31094084	31267717	ENSG00000254138	RP11-152K4.2
17	33875144	33885117	ENSG00000236320	SLFN14
10	97949122	97949975	ENSG00000229417	NPM1P25
7	157305988	157309535	ENSG00000233191	AC006372.6
7	157367028	157367114	ENSG00000207960	MIR153-2
HSCHR19_1_CTG3	21209842	21223406	ENSG00000263249	ZNF430
7	157531702	157533148	ENSG00000231515	AC006003.3
19	19496635	19619740	ENSG00000167491	GATAD2A
17	18981088	18991191	ENSG00000230197	RP11-160E2.17
10	98052442	98066452	ENSG00000229418	RP11-35J23.1
12	121837844	121868389	ENSG00000170633	RNF34
7	157647221	157658784	ENSG00000233038	AC011899.9
17	25783670	25953461	ENSG00000141068	KSR1
5	159678659	159772403	ENSG00000135083	CCNJL
HSCHR19_1_CTG3	20857729	20879339	ENSG00000261927	CTD-2542C24.4
15	67547138	67794598	ENSG00000103599	IQCH
19	44830708	44871377	ENSG00000062370	ZNF112
HSCHR19_1_CTG3	20988332	20988414	ENSG00000264682	AC008463.1
GL000225.1	183252	183364	ENSG00000238850	U2
21	40928369	41045064	ENSG00000183778	B3GALT5
17	41127706	41129292	ENSG00000267230	RP11-376M2.2
HSCHR19_1_CTG3	20998050	21005050	ENSG00000262975	CTD-2542C24.1
7	157661230	157661846	ENSG00000272839	RP11-452C13.1
7	43991509	44058750	ENSG00000273432	RP5-1165K10.2
17	41149933	41150024	ENSG00000200127	Y_RNA
7	157820065	157823820	ENSG00000231980	AC011899.10
17	41181274	41184051	ENSG00000267267	CTD-3199J23.4
17	18985750	18988147	ENSG00000265746	KYNUP2
6	28227098	28228736	ENSG00000189134	NKAPL
17	41231319	41231797	ENSG00000240828	RPL21P4
15	43015757	43029324	ENSG00000140326	CDAN1
12	70297813	70637140	ENSG00000257815	RP11-611E13.2
5	132332677	132362296	ENSG00000155329	ZCCHC10
9	131492065	131534693	ENSG00000160445	ZER1
HSCHR19_1_CTG3	21027635	21036574	ENSG00000263102	CTC-352P4.1
17	41277627	41305688	ENSG00000198496	NBR2
16	30225730	30226020	ENSG00000261444	RP11-347C12.9
17	33901814	33905882	ENSG00000108733	PEX12
16	30229541	30233251	ENSG00000261203	RP11-347C12.8
HSCHR19_1_CTG3	21150279	21154362	ENSG00000262059	KRT18P40
X	52511761	52516905	ENSG00000183461	XAGE1C
1	25071848	25170815	ENSG00000169504	CLIC4
17	18994382	18995138	ENSG00000263394	RP11-160E2.19
19	41277553	41292590	ENSG00000268975	MIA-RAB4B
10	51253146	51371338	ENSG00000244393	RP11-592B15.3
X	20142636	20159962	ENSG00000173674	EIF1AX
17	19015313	19015949	ENSG00000262202	SNORD3D
21	40969074	40984748	ENSG00000184809	C21orf88
7	148504475	148581413	ENSG00000106462	EZH2
6	28249314	28270326	ENSG00000137338	PGBD1
17	19044330	19047002	ENSG00000262319	CTC-457L16.2
3	9879533	9886286	ENSG00000156990	RPUSD3
3	43731605	43775863	ENSG00000011198	ABHD5
17	19053592	19054599	ENSG00000266664	RP11-160E2.21
12	88886570	88974628	ENSG00000049130	KITLG
2	190526111	190535557	ENSG00000138381	ASNSD1
17	19064102	19065587	ENSG00000262292	RP11-160E2.11
16	30234230	30346695	ENSG00000183604	RP11-347C12.2
6	17281577	17294106	ENSG00000112183	RBM24
6	35704809	35716856	ENSG00000157343	ARMC12
2	172964167	172967628	ENSG00000115844	DLX2
21	41117334	41174023	ENSG00000183067	IGSF5
5	159774758	159797648	ENSG00000145861	C1QTNF2
16	68246304	68255574	ENSG00000260891	RP11-96D1.5
7	44001189	44012924	ENSG00000241057	AC004985.12
5	130581186	130734140	ENSG00000158985	CDC42SE2
16	68258616	68261637	ENSG00000263276	RP11-96D1.10
10	98319942	98320679	ENSG00000235677	NPM1P26
HSCHR6_MHC_APD	31842327	31858180	ENSG00000235336	SLC44A4
16	68259872	68263048	ENSG00000262160	RP11-96D1.11
7	44024593	44029806	ENSG00000239556	AC004951.5
14	27278623	27305664	ENSG00000257185	RP11-626P14.2
Y	25824651	25824982	ENSG00000227915	TCEB1P16
16	68270748	68271570	ENSG00000261469	RP11-96D1.6
10	98379133	98379240	ENSG00000202047	RNA5SP324
17	79648204	79650954	ENSG00000214087	ARL16
22	31500758	31516055	ENSG00000198832	SELM
10	98380634	98381464	ENSG00000227032	RP11-34E5.4
16	68290065	68294346	ENSG00000260441	RP11-96D1.7
16	1756184	1820318	ENSG00000138834	MAPK8IP3
7	44043645	44047465	ENSG00000228434	AC004951.6
17	19067522	19077749	ENSG00000266311	AC007952.4
16	30087299	30096698	ENSG00000149923	PPP4C
12	133179736	133187037	ENSG00000204583	LRCOL1
16	68318126	68318221	ENSG00000252026	RNU6-1262P
14	27305934	27629626	ENSG00000258081	RP11-384J4.2
10	98502924	98503030	ENSG00000207287	RNU6-1274P
16	68347142	68347243	ENSG00000238343	snoU13
16	68350704	68352939	ENSG00000259797	RP11-96D1.3
10	98510045	98510675	ENSG00000236552	RPL13AP5
7	44053161	44058769	ENSG00000272655	POLR2J4
9	32540542	32552551	ENSG00000197579	TOPORS
17	19070209	19072981	ENSG00000261987	KYNUP1
17	46180719	46200436	ENSG00000002919	SNX11
16	68363290	68363432	ENSG00000222177	RNU4-30P
3	118619404	118864915	ENSG00000144847	IGSF11
14	27342339	27383949	ENSG00000257612	RP11-384J4.1
16	68508456	68508567	ENSG00000199263	Y_RNA
16	68511140	68511473	ENSG00000241334	RPL35AP33
17	19091329	19092027	ENSG00000263934	SNORD3A
10	98588426	98588521	ENSG00000207976	MIR607
7	44066550	44081491	ENSG00000228903	RASA4CP
10	98675390	98675659	ENSG00000232875	HMGN2P35
2	75061108	75120486	ENSG00000159399	HK2
Y	25827587	25840726	ENSG00000169763	PRYP3
14	27377848	27377931	ENSG00000265165	MIR4307
14	27396859	27396981	ENSG00000222899	AL110292.1
13	41111138	41111323	ENSG00000269120	AL133318.1
11	5710919	5758319	ENSG00000132274	TRIM22
8	41510739	41754280	ENSG00000029534	ANK1
5	102455853	102548500	ENSG00000145725	PPIP5K2
21	41239243	41301322	ENSG00000183036	PCP4
14	27727923	28314492	ENSG00000258932	CTD-3006G17.2
13	41129804	41240734	ENSG00000150907	FOXO1
3	193809350	193826963	ENSG00000229964	RP11-135A1.3
6	47199268	47277641	ENSG00000146072	TNFRSF21
1	209757062	209787283	ENSG00000008118	CAMK1G
2	231191899	231268447	ENSG00000185404	SP140L
11	14464986	14521573	ENSG00000129083	COPB1
3	193848405	193848990	ENSG00000232874	RP11-135A1.2
9	32552997	32573160	ENSG00000165264	NDUFB6
7	43906157	43946188	ENSG00000270617	URGCP-MRPS24
GL000233.1	28800	28881	ENSG00000239624	CU013544.1
3	193863463	193863756	ENSG00000242201	RN7SL215P
GL000233.1	35214	35296	ENSG00000240688	CU013544.2
GL000233.1	35452	35534	ENSG00000265117	CU013544.3
3	193920805	193967942	ENSG00000225742	RP11-513G11.4
10	51253787	51262426	ENSG00000272225	RP11-592B15.9
6	76458909	76629254	ENSG00000196586	MYO6
14	28081794	28108842	ENSG00000258548	LINC00645
10	51255380	51255495	ENSG00000222100	RNA5SP316
5	95187936	95195837	ENSG00000236882	C5orf27
3	193965437	193975561	ENSG00000238097	RP11-513G11.3
7	43906157	43909492	ENSG00000062582	MRPS24
10	51287081	51371070	ENSG00000225784	RP11-592B15.4
6	28292470	28324048	ENSG00000235109	ZSCAN31
17	4534197	4545589	ENSG00000161905	ALOX15
11	61025762	61062896	ENSG00000167992	VWCE
19	41277553	41283395	ENSG00000261857	MIA
12	70340323	70340861	ENSG00000257241	RP11-611E13.3
13	41303432	41345309	ENSG00000102738	MRPS31
12	70574118	70595784	ENSG00000257139	RP11-320P7.2
16	68877507	69119083	ENSG00000103047	TANGO6
5	113696642	113832337	ENSG00000080709	KCNN2
12	70612912	70615642	ENSG00000257613	RP11-320P7.1
17	41296973	41297272	ENSG00000267681	CTD-3199J23.6
HSCHR6_MHC_SSTO	32153001	32155440	ENSG00000227277	RNF5
12	70837564	70837703	ENSG00000222405	RNU4-65P
2	155554811	155714863	ENSG00000162989	KCNJ3
17	41316200	41322420	ENSG00000267002	RP11-242D8.1
12	70840240	70841365	ENSG00000268721	RP11-588H23.5
4	175750819	175899331	ENSG00000168594	ADAM29
10	92500578	92617671	ENSG00000148680	HTR7
4	331603	378653	ENSG00000131127	ZNF141
17	18872102	18908117	ENSG00000188522	FAM83G
10	45869661	45941561	ENSG00000012779	ALOX5
12	70861860	70932859	ENSG00000258168	RP11-588H23.3
12	113491867	113492240	ENSG00000242461	RPS15AP32
12	113594570	113594666	ENSG00000199899	Y_RNA
Y	9873804	9875984	ENSG00000243643	TSPY20P
7	122316634	122316865	ENSG00000225795	RP11-395G17.1
12	113596556	113596917	ENSG00000233796	AC089999.1
19	42772689	42799949	ENSG00000079432	CIC
14	75081396	75083350	ENSG00000258976	CTD-2207P18.2
9	32566787	32568619	ENSG00000241043	GVQW1
9	131549483	131572711	ENSG00000107021	TBC1D13
12	113616228	113616324	ENSG00000201208	Y_RNA
7	122321344	122321757	ENSG00000235459	RPS26P31
Y	9904163	9906760	ENSG00000225685	TSPY5P
HG79_PATCH	136346630	136354672	ENSG00000261768	SLC2A6
7	142364198	142364710	ENSG00000211750	TRBV24-1
5	95220802	95297775	ENSG00000118985	ELL2
2	25042038	25142708	ENSG00000138031	ADCY3
7	142374104	142375550	ENSG00000270672	MTRNR2L6
12	113623429	113629966	ENSG00000257286	RP11-545P7.4
10	72007085	72043432	ENSG00000148734	NPFFR1
14	75124752	75125293	ENSG00000258439	RP11-173A8.2
6	43639040	43655528	ENSG00000096080	MRPS18A
9	32629452	32635667	ENSG00000122728	TAF1L
12	113909808	113918429	ENSG00000257935	RP11-82C23.2
7	142378572	142379076	ENSG00000211751	TRBV25-1
2	202241930	202316302	ENSG00000115993	TRAK2
7	122489800	122490406	ENSG00000227573	RP5-1166A24.1
Y	9925635	9927195	ENSG00000235193	AC006987.4
9	32783497	32787397	ENSG00000188133	TMEM215
Y	9928019	9928137	ENSG00000251766	RNA5SP518
14	75178654	75178748	ENSG00000222604	SNORA7
12	114040596	114040658	ENSG00000238487	RNU7-114P
X	20168029	20285523	ENSG00000177189	RPS6KA3
Y	9928411	9928816	ENSG00000235691	AC006987.5
7	122709303	122743643	ENSG00000226680	RP11-61D3.1
1	52838501	52870131	ENSG00000085840	ORC1
10	82095861	82116511	ENSG00000170788	DYDC1
12	114117264	114211488	ENSG00000249550	RP11-438N16.1
13	41363548	41384247	ENSG00000102743	SLC25A15
19	41284121	41302847	ENSG00000167578	RAB4B
7	122870174	122870795	ENSG00000223595	LYPLA1P1
1	150933059	150947479	ENSG00000143418	CERS2
14	28102411	28102484	ENSG00000264657	hsa-mir-3171
14	28459211	28459321	ENSG00000223164	AL445384.1
12	133300531	133300643	ENSG00000201469	RNA5SP379
4	419604	492945	ENSG00000182903	ZNF721
14	28733596	28735180	ENSG00000197358	BNIP3P1
3	106567518	106568107	ENSG00000239997	FCF1P3
12	133321742	133322315	ENSG00000256108	RP13-672B3.5
3	106613199	106614565	ENSG00000241787	MTND4P16
3	9908398	9921938	ENSG00000187288	CIDEC
Y	9930484	9930602	ENSG00000252289	RNA5SP519
7	123096683	123099910	ENSG00000232524	RP11-332K15.1
Y	10007397	10007923	ENSG00000226975	AC006987.6
12	133402287	133402772	ENSG00000232888	RPS11P5
21	41382926	42219065	ENSG00000171587	DSCAM
3	106614576	106615255	ENSG00000239632	RP11-52L11.9
3	106615330	106615668	ENSG00000242214	MTND3P6
5	159820155	159827104	ENSG00000221886	C5orf54
7	43915493	43966010	ENSG00000106608	URGCP
3	106615738	106616518	ENSG00000242836	RP11-52L11.7
15	102277302	102285913	ENSG00000259658	RP11-89K11.1
Y	25862069	25872955	ENSG00000236620	XKRYP3
3	106616518	106617115	ENSG00000249580	RP11-52L11.6
12	133411960	133412086	ENSG00000252079	RNU6-327P
14	28787347	28887818	ENSG00000257869	CTD-2591A6.2
Y	25880340	25882396	ENSG00000224866	USP9YP25
14	28959116	28959568	ENSG00000240179	RPL26P3
10	90033621	90344287	ENSG00000184719	RNLS
3	106617736	106619438	ENSG00000243658	MTND5P16
14	29061429	29082829	ENSG00000258175	RP11-412H8.2
3	106619440	106619702	ENSG00000240034	MTND6P6
1	209788215	209825811	ENSG00000196878	LAMB3
12	133464428	133465169	ENSG00000236617	RP11-46H11.12
3	106619701	106619928	ENSG00000250630	RP11-52L11.4
12	133476570	133476954	ENSG00000255703	RP11-46H11.2
15	102345902	102346876	ENSG00000184140	OR4F6
3	106619915	106620812	ENSG00000239586	MTND1P16
22	31518717	31530682	ENSG00000185133	INPP5J
Y	25886405	25892840	ENSG00000232424	USP9YP29
3	106621020	106621370	ENSG00000240796	MTND2P14
3	133464800	133497850	ENSG00000091513	TF
14	78138747	78174363	ENSG00000100601	ALKBH1
3	106726415	106726517	ENSG00000252626	RNU6-1308P
15	102358366	102359350	ENSG00000182854	OR4F15
7	138482695	138522846	ENSG00000214128	TMEM213
3	193994471	194005157	ENSG00000228271	RP11-513G11.2
7	158325410	158325505	ENSG00000207637	MIR595
3	106823758	106825847	ENSG00000239455	RP11-561O4.1
2	157180944	157198860	ENSG00000153234	NR4A2
7	158330187	158332571	ENSG00000225365	AC078942.1
14	100150641	100193638	ENSG00000036530	CYP46A1
15	102462245	102463298	ENSG00000177693	OR4F4
12	133488056	133489173	ENSG00000250790	RP11-46H11.3
10	50339199	50342053	ENSG00000172538	FAM170B
15	43030932	43213007	ENSG00000128881	TTBK2
3	194014254	194030592	ENSG00000214145	LINC00887
7	158383321	158383812	ENSG00000232715	LINC01022
19	19623227	19626838	ENSG00000178093	TSSK6
7	158384308	158384388	ENSG00000265598	MIR5707
19	9434850	9493293	ENSG00000270011	ZNF559-ZNF177
3	179040779	179053323	ENSG00000121864	ZNF639
7	158415880	158416141	ENSG00000224324	THAP5P1
15	20083769	20093074	ENSG00000215567	RP11-79C23.1
17	41320187	41320266	ENSG00000267595	RP11-242D8.2
5	159828648	159848718	ENSG00000164609	SLU7
7	158512421	158512852	ENSG00000228030	AC019084.7
4	176554085	176923815	ENSG00000150625	GPM6A
17	41321897	41322094	ENSG00000267340	RP11-242D8.3
Y	10009199	10010334	ENSG00000231411	AC006987.7
HSCHR17_4_CTG4	39078948	39093886	ENSG00000263309	KRT23
12	55413729	55423798	ENSG00000123307	NEUROD4
3	194192652	194192814	ENSG00000271483	RP11-384A12.1
7	158799213	158822886	ENSG00000231419	LINC00689
3	194208183	194239008	ENSG00000233058	LINC00884
Y	23673258	23711212	ENSG00000234414	RBMY1A1
Y	10011462	10011816	ENSG00000226061	PCMTD1P1
14	29062985	29063125	ENSG00000257662	EIF4A1P12
Y	10027986	10029907	ENSG00000237447	CDC27P2
3	194217046	194222232	ENSG00000244675	AC108676.1
17	41368960	41383338	ENSG00000236383	LINC00854
20	10381657	10414870	ENSG00000125863	MKKS
3	194254232	194254312	ENSG00000252053	RNU6-1101P
15	20088867	20088969	ENSG00000201241	RNU6-978P
12	114227347	114227612	ENSG00000257231	RP11-438N16.2
3	194283707	194284730	ENSG00000232873	AC046143.6
16	30290569	30290672	ENSG00000239114	snoU13
16	30366762	30367848	ENSG00000260219	RP11-347C12.10
16	69139467	69152622	ENSG00000103044	HAS3
3	9932238	9936033	ENSG00000171135	JAGN1
13	41506056	41635576	ENSG00000120690	ELF1
16	30430946	30431080	ENSG00000199787	SNORA42
19	44833848	44905774	ENSG00000267173	CTC-512J12.6
16	30465318	30465418	ENSG00000202476	Y_RNA
Y	10033981	10034093	ENSG00000251966	AC010970.1
17	49337889	49375297	ENSG00000011260	UTP18
16	30482908	30483024	ENSG00000222701	Y_RNA
Y	10036113	10036711	ENSG00000225840	AC010970.2
3	194304740	194310989	ENSG00000231770	TMEM44-AS1
16	30488501	30500674	ENSG00000261346	RP11-297C4.2
Y	10037764	10037915	ENSG00000251705	RNA5-8SP6
16	30491909	30492667	ENSG00000260487	RP11-297C4.3
Y	13262741	13262939	ENSG00000271365	RP1-85D24.3
22	20004537	20053449	ENSG00000183597	TANGO2
17	18923986	18950950	ENSG00000154016	GRAP
2	69871557	70053596	ENSG00000196975	ANXA4
12	114370374	114375060	ENSG00000257359	RP11-780K2.1
16	30494456	30494516	ENSG00000251706	RNU7-61P
Y	13263065	13263272	ENSG00000271309	RP1-85D24.2
16	30510087	30510875	ENSG00000261332	RP11-297C4.1
Y	13263395	13263563	ENSG00000270570	RP1-85D24.1
12	114514938	114517707	ENSG00000257603	RP11-100F15.1
16	30515240	30515322	ENSG00000266305	MIR4518
19	44886459	44905774	ENSG00000267508	ZNF285
2	27193480	27250064	ENSG00000084764	MAPRE3
14	78174414	78227447	ENSG00000119705	SLIRP
2	204103663	204163009	ENSG00000119004	CYP20A1
17	73106047	73126360	ENSG00000125449	ARMC7
3	183415606	183530413	ENSG00000163872	YEATS2
2	73518058	73520833	ENSG00000135625	EGR4
2	178257372	178408564	ENSG00000018510	AGPS
1	52870236	52886511	ENSG00000134748	PRPF38A
9	131580753	131584956	ENSG00000167136	ENDOG
X	153656978	153664862	ENSG00000071553	ATP6AP1
14	102095321	102098867	ENSG00000258919	RP11-1029J19.4
10	98680459	98680548	ENSG00000221465	AL162502.1
11	1012821	1036706	ENSG00000184956	MUC6
10	98752207	98755716	ENSG00000231025	RP11-175O19.4
14	102100791	102197445	ENSG00000258404	RP11-1029J19.5
5	39371780	39462402	ENSG00000153071	DAB2
3	44283378	44373590	ENSG00000173769	TOPAZ1
14	102144280	102144717	ENSG00000241494	RP11-796G6.1
Y	13340359	13340440	ENSG00000263502	AC134878.2
14	102262892	102276658	ENSG00000259088	CTD-2017C7.2
Y	13340551	13340633	ENSG00000252855	AC134878.1
10	98862513	98863504	ENSG00000234855	RP11-453E2.2
12	114518186	114551294	ENSG00000257997	RP11-100F15.2
14	102269564	102269668	ENSG00000207208	RNU6-790P
7	123098042	123098148	ENSG00000207338	RNU6-296P
20	10415951	10617477	ENSG00000149346	SLX4IP
14	102299772	102305868	ENSG00000256705	CTD-2017C7.1
2	190539016	190625919	ENSG00000151687	ANKAR
19	19626545	19644285	ENSG00000186010	NDUFA13
7	123224913	123265011	ENSG00000230442	RP11-390E23.3
Y	13462594	13463857	ENSG00000258567	DUX4L16
16	68569418	68569561	ENSG00000201164	RNU4-36P
12	120532899	120555306	ENSG00000111737	RAB35
16	68607685	68623415	ENSG00000260084	RP11-615I2.1
19	44921685	44952766	ENSG00000167383	ZNF229
Y	13470597	13471863	ENSG00000259154	DUX4L17
16	68664126	68664257	ENSG00000252040	snoU109
16	68664754	68664871	ENSG00000252640	snoU109
10	99034769	99037854	ENSG00000231398	RP11-375N9.2
2	200134223	200335989	ENSG00000119042	SATB2
10	99068895	99069715	ENSG00000237169	RP11-452K12.3
7	123389122	123391220	ENSG00000272686	RP11-390E23.6
7	123430659	123430765	ENSG00000201104	RNU6-11P
7	123454193	123469306	ENSG00000228211	HYALP1
1	209848765	209849733	ENSG00000123689	G0S2
10	99094321	99102770	ENSG00000225850	RP11-452K12.4
13	41635410	41658137	ENSG00000120688	WBP4
9	131581930	131592100	ENSG00000198917	C9orf114
16	30097114	30103208	ENSG00000149922	TBX6
14	29142447	29142933	ENSG00000258282	BTF3P2
7	123572186	123572513	ENSG00000225583	RP4-630C24.1
5	34998206	35048198	ENSG00000113492	AGXT2
12	55523465	55524586	ENSG00000170605	OR9K2
4	492989	533985	ENSG00000174227	PIGG
11	14515329	14665181	ENSG00000129084	PSMA1
19	56186592	56221224	ENSG00000063245	EPN1
14	29198289	29234483	ENSG00000257126	RP11-966I7.1
6	47445525	47594999	ENSG00000198087	CD2AP
7	123634676	123667713	ENSG00000241345	RP4-630C24.3
9	32972604	33025166	ENSG00000137074	APTX
2	97258907	97308524	ENSG00000114982	KANSL3
1	209859510	209908295	ENSG00000117594	HSD11B1
17	26904588	26926297	ENSG00000076382	SPAG5
12	55614809	55615759	ENSG00000179919	OR10A7
20	10618332	10654694	ENSG00000101384	JAG1
12	50478755	50494495	ENSG00000066117	SMARCD1
12	77949297	77950568	ENSG00000268519	AC073528.1
12	55640982	55642086	ENSG00000197706	OR6C74
7	123672259	124035172	ENSG00000242593	RP5-921G16.1
16	30546073	30548465	ENSG00000235560	AC002310.12
14	29252697	29254993	ENSG00000257056	RP11-966I7.2
3	194353652	194366130	ENSG00000229334	AC046143.3
2	115199876	116603328	ENSG00000175497	DPP10
12	55688072	55689016	ENSG00000188324	OR6C6
16	30548523	30549552	ENSG00000260494	AC002310.10
16	1820287	1821731	ENSG00000103024	NME3
10	50362773	50396630	ENSG00000204161	C10orf128
19	44979854	45004576	ENSG00000167384	ZNF180
6	168396921	168445769	ENSG00000125337	KIF25
16	30583571	30595181	ENSG00000239791	AC002310.7
HSCHR6_MHC_QBL	30685021	30700042	ENSG00000206480	FLOT1
3	186256230	186264491	ENSG00000213139	CRYGS
16	30597228	30619914	ENSG00000260167	RP11-146F11.5
3	44038388	44038935	ENSG00000271192	RP4-555D20.3
5	70196492	70214357	ENSG00000172058	SERF1A
2	111160511	111230652	ENSG00000257207	LIMS3
16	30598983	30599241	ENSG00000261588	AC002310.17
11	67056018	67069956	ENSG00000172932	ANKRD13D
3	44039573	44040641	ENSG00000272121	RP4-555D20.4
3	44112579	44112678	ENSG00000252980	RNU6-367P
7	74306894	74366314	ENSG00000123965	PMS2P5
16	69151913	69166487	ENSG00000168802	CHTF8
19	41284147	41314103	ENSG00000171570	RAB4B-EGLN2
14	75310727	75322378	ENSG00000259606	RP11-316E14.6
3	44155704	44155802	ENSG00000207954	MIR138-1
7	142423173	142423688	ENSG00000211752	TRBV27
19	9435021	9493293	ENSG00000188629	ZNF177
14	75340387	75340957	ENSG00000258587	RP11-316E14.2
3	9944296	9958086	ENSG00000163701	IL17RE
12	71065698	71066636	ENSG00000257302	FAHD2P1
7	142428484	142428984	ENSG00000211753	TRBV28
X	21392536	21672813	ENSG00000149970	CNKSR2
14	75471422	75475184	ENSG00000258646	RP11-950C14.3
3	50400233	50541675	ENSG00000007402	CACNA2D2
12	71300697	71300798	ENSG00000207387	Y_RNA
6	37787275	38122400	ENSG00000156639	ZFAND3
12	71401553	71425863	ENSG00000257265	CTD-2021H9.1
16	30626577	30627000	ENSG00000260678	RP11-146F11.4
7	142448053	142448741	ENSG00000232869	TRBV29-1
7	159024125	159026067	ENSG00000229435	PIP5K1P2
16	30635606	30636035	ENSG00000261680	RP11-146F11.3
12	71427902	71498306	ENSG00000257454	CTD-2021H9.2
14	75487464	75487570	ENSG00000206924	RNU6-689P
HSCHR6_MHC_COX	31502098	31514044	ENSG00000234530	NFKBIL1
6	35744371	35747329	ENSG00000196748	CLPSL2
16	30638297	30638499	ENSG00000260113	RP11-146F11.2
2	173292082	173371181	ENSG00000091409	ITGA6
2	111222628	111230511	ENSG00000256671	LIMS3L
17	4574679	4607632	ENSG00000141456	PELP1
HSCHR6_MHC_APD	31858893	31876828	ENSG00000232045	EHMT2
7	142457319	142460923	ENSG00000204983	PRSS1
16	30686621	30686723	ENSG00000252074	RNU6-416P
18	29704840	30050447	ENSG00000141441	GAREM
22	31530795	31536593	ENSG00000100078	PLA2G3
3	44379611	44450943	ENSG00000179152	TCAIM
HSCHR6_MHC_DBB	33146132	33150126	ENSG00000229802	SLC39A7
15	43235095	43398311	ENSG00000159459	UBR1
12	71976073	71977632	ENSG00000257761	RP11-186F10.2
HG79_PATCH	136100292	136103978	ENSG00000261585	LCN1P1
7	138516126	138666064	ENSG00000122778	KIAA1549
19	56219798	56249768	ENSG00000185792	NLRP9
8	94741584	94753245	ENSG00000183808	RBM12B
2	73612886	73837920	ENSG00000116127	ALMS1
17	41447213	41466567	ENSG00000188825	LINC00910
11	5757681	5758768	ENSG00000181023	OR56B1
HSCHR17_4_CTG4	39114796	39123271	ENSG00000262164	KRT39
11	5775923	5776959	ENSG00000181074	OR52N4
14	75583129	75583303	ENSG00000258978	HIF1AP1
HG306_PATCH	112831997	113149158	ENSG00000262279	NCAM1
14	75593856	75603633	ENSG00000259138	RP11-950C14.7
HG79_PATCH	136125799	136131098	ENSG00000272453	CTD-2612A24.1
10	82104501	82127829	ENSG00000133665	DYDC2
HG79_PATCH	136178005	136178098	ENSG00000262937	Y_RNA
14	75668784	75668872	ENSG00000252013	RNU4ATAC14P
11	5798864	5799897	ENSG00000181009	OR52N5
HG79_PATCH	136193329	136194004	ENSG00000261016	LCN1P2
21	42539728	42654445	ENSG00000182240	BACE2
14	75726114	75738653	ENSG00000258820	RP11-293M10.2
3	186263862	186288332	ENSG00000113838	TBCCD1
HG79_PATCH	136213263	136213359	ENSG00000262546	Y_RNA
19	41304901	41314338	ENSG00000269858	EGLN2
HG79_PATCH	136214525	136215000	ENSG00000259879	RP11-244N20.7
11	5809084	5810046	ENSG00000181001	OR52N1
14	75758809	75761016	ENSG00000119660	RP11-293M10.4
HG79_PATCH	136224931	136225005	ENSG00000266834	SNORD24
22	31556168	31603005	ENSG00000138942	RNF185
10	51339438	51339770	ENSG00000236787	RP11-592B15.6
HG79_PATCH	136225630	136225703	ENSG00000265941	SNORD36
11	5841544	5842578	ENSG00000180988	OR52N2
3	106959539	107045811	ENSG00000243701	LINC00883
14	75761107	75763341	ENSG00000259687	RP11-293M10.5
HG79_PATCH	136225991	136226063	ENSG00000266284	SNORD36
4	113066553	113116412	ENSG00000174749	C4orf32
16	30103635	30108236	ENSG00000090238	YPEL3
HG79_PATCH	136226382	136226447	ENSG00000265651	SNORD36
10	51383526	51383726	ENSG00000223182	SNORA74
HG79_PATCH	136344395	136346293	ENSG00000260299	RP13-100B2.4
Y	13477233	13478499	ENSG00000259029	DUX4L18
10	51532102	51532572	ENSG00000228326	RP11-109G10.2
20	11008408	11010014	ENSG00000125899	C20orf187
7	142494049	142494098	ENSG00000211764	TRBJ2-1
12	114535487	114536028	ENSG00000257300	HAUS8P1
8	94752349	94753001	ENSG00000212998	RBM12B-AS1
19	19627036	19648390	ENSG00000250067	YJEFN3
10	127512115	127542264	ENSG00000107949	BCCIP
10	51535126	51535474	ENSG00000230553	RP11-481A12.2
Y	13488005	13489271	ENSG00000258991	DUX4L19
14	75890386	75894444	ENSG00000259319	RP11-293M10.6
6	168456425	168482237	ENSG00000153303	FRMD1
16	1821891	1823156	ENSG00000074071	MRPS34
19	56270380	56274541	ENSG00000223638	RFPL4A
19	45116940	45140081	ENSG00000216588	IGSF23
12	114542347	114543736	ENSG00000257915	GLULP5
10	51611024	51611224	ENSG00000223111	SNORA74
6	35748794	35761452	ENSG00000204140	CLPSL1
5	132387654	132442141	ENSG00000170606	HSPA4
7	142494244	142494294	ENSG00000211765	TRBJ2-2
3	44158791	44163857	ENSG00000261786	RP4-555D20.2
Y	13491303	13493369	ENSG00000270455	PABPC1P5
7	142494381	142494426	ENSG00000211766	TRBJ2-2P
19	56280507	56284545	ENSG00000229292	RFPL4AL1
14	76041231	76045931	ENSG00000224721	AC007182.6
12	72033135	72033263	ENSG00000212461	SNORA17
3	44379433	44380044	ENSG00000271937	RP11-424N24.2
7	142494531	142494579	ENSG00000211767	TRBJ2-3
3	106991458	107101007	ENSG00000239828	RP11-446H18.5
3	44462619	44465499	ENSG00000225873	LINC00694
10	95653730	95715819	ENSG00000176273	SLC35G1
20	47729878	47804904	ENSG00000124214	STAU1
14	76062148	76062549	ENSG00000242951	RP11-507E23.1
18	29765032	29800367	ENSG00000141434	MEP1B
7	112459202	112579971	ENSG00000164603	C7orf60
4	113152893	113191203	ENSG00000138660	AP1AR
3	44556708	44556793	ENSG00000264774	AC099669.1
7	142494682	142494731	ENSG00000211768	TRBJ2-4
17	79650356	79670168	ENSG00000185359	HGS
9	131595221	131644773	ENSG00000171097	CCBL1
1	209929377	209955668	ENSG00000009790	TRAF3IP3
3	44566236	44567297	ENSG00000214825	EI24P3
14	76070516	76070621	ENSG00000201096	RNA5SP387
14	76280845	76314041	ENSG00000259103	RP11-270M14.4
5	135468534	135524435	ENSG00000113658	SMAD5
12	114676775	114679575	ENSG00000257476	RP11-139B1.1
5	114460459	114516243	ENSG00000152503	TRIM36
11	5862158	5863182	ENSG00000205409	OR52E6
7	142494803	142494850	ENSG00000211769	TRBJ2-5
7	142494923	142494975	ENSG00000211770	TRBJ2-6
17	41473361	41473459	ENSG00000252882	RNU6-1137P
10	90346510	90366733	ENSG00000204022	LIPJ
14	76304500	76305457	ENSG00000242488	RP11-270M14.1
11	5877904	5878964	ENSG00000183269	OR52E8
11	112013974	112034840	ENSG00000150782	IL18
3	44598849	44727145	ENSG00000236869	RP11-944L7.4
5	143191726	143200284	ENSG00000158497	HMHB1
3	44621430	44622518	ENSG00000214820	MPRIPP1
14	102309731	102310459	ENSG00000259161	CTD-2017C7.3
20	11871371	11907257	ENSG00000132640	BTBD3
11	5905501	5906527	ENSG00000180974	OR52E4
7	142495140	142495186	ENSG00000211771	TRBJ2-7
14	102414684	102415762	ENSG00000271780	RP11-1017G21.5
3	44658620	44666289	ENSG00000233509	ZNF197-AS1
2	231280657	231408805	ENSG00000067066	SP100
3	44708904	44710856	ENSG00000272077	RP11-348P10.2
13	41701705	41706882	ENSG00000165572	KBTBD6
7	142498725	142500432	ENSG00000211772	TRBC2
11	5968570	5969591	ENSG00000184478	OR56A3
14	102418753	102419400	ENSG00000272444	RP11-1017G21.6
3	44750803	44752378	ENSG00000235805	SOCS5P3
14	102435701	102435938	ENSG00000259013	RP11-1017G21.3
14	76437267	76437930	ENSG00000258876	RP11-270M14.5
3	44834507	44834597	ENSG00000238958	AC098649.1
3	169511216	169530774	ENSG00000171757	LRRC34
3	44903380	44903473	ENSG00000207783	MIR564
7	142510271	142511084	ENSG00000237254	TRBV30
14	102502652	102532565	ENSG00000258959	RP11-1017G21.4
1	150954493	150968110	ENSG00000143412	ANXA9
3	44940670	44942417	ENSG00000235845	RP11-272D20.2
13	41763969	41768702	ENSG00000120696	KBTBD7
12	114845996	114850636	ENSG00000255399	TBX5-AS1
14	76480022	76480486	ENSG00000258578	RP11-98L12.2
3	44979165	44979974	ENSG00000227123	RPL12P44
2	111271389	111334762	ENSG00000183054	RGPD6
5	95726119	95769847	ENSG00000175426	PCSK1
3	45075966	45076080	ENSG00000252410	RNU5B-3P
14	102543520	102543810	ENSG00000240457	RN7SL472P
14	102807306	102807406	ENSG00000265677	AL137229.1
3	45201266	45201667	ENSG00000224094	RPS24P8
14	102825136	102825239	ENSG00000239061	snoU13
1	52873954	53019159	ENSG00000134744	ZCCHC11
14	102968013	102968116	ENSG00000212330	RNU6-244P
3	45266617	45267519	ENSG00000178550	AC010170.1
7	112718386	112727833	ENSG00000164604	GPR85
5	143537723	143550278	ENSG00000145817	YIPF5
14	103005981	103006063	ENSG00000266015	MIR4309
14	103011591	103022163	ENSG00000259230	CTD-2555C10.3
3	45296902	45297112	ENSG00000202268	U3
18	30252634	30353025	ENSG00000197705	KLHL14
3	45525466	45551037	ENSG00000232455	LARS2-AS1
16	1823208	1831709	ENSG00000197774	EME2
HSCHR6_MHC_SSTO	32155615	32158971	ENSG00000237405	AGER
14	103049227	103049514	ENSG00000239224	RN7SL546P
14	103128577	103129045	ENSG00000230988	RP11-661D19.1
3	45633747	45633819	ENSG00000251927	AC099539.1
14	103161725	103161832	ENSG00000202459	Y_RNA
3	45720535	45730626	ENSG00000230530	LIMD1-AS1
17	37921198	38020441	ENSG00000161405	IKZF3
14	103236377	103241128	ENSG00000259508	RP11-661D19.3
12	121866900	122018920	ENSG00000089094	KDM2B
14	103255828	103255928	ENSG00000238853	snoU13
19	45147098	45166850	ENSG00000073008	PVR
16	30709030	30710379	ENSG00000261840	RP11-146F11.1
19	56296770	56348166	ENSG00000179873	NLRP11
14	103332193	103332300	ENSG00000206969	RNU6-1316P
14	103345958	103346075	ENSG00000211990	AL117209.1
16	69152757	69154331	ENSG00000263203	CHTF8
HSCHR6_MHC_COX	31695130	31720011	ENSG00000254405	MSH5-SAPCD1
14	103399911	103403514	ENSG00000259515	RP11-365N19.2
3	194358234	194358393	ENSG00000272707	RP11-534C12.1
16	30712658	30712756	ENSG00000222287	RNU6-1043P
14	103507806	103508431	ENSG00000213176	RPL13P6
3	194370319	194370419	ENSG00000266447	AC046143.2
16	30721858	30721986	ENSG00000206755	SNORA30
14	103561060	103565222	ENSG00000259444	RP11-736N17.8
3	194387894	194387945	ENSG00000221718	AC046143.1
16	30751988	30762702	ENSG00000260899	RP11-2C24.4
17	73780681	73821886	ENSG00000132478	UNK
3	194426277	194427693	ENSG00000233987	AC106706.1
14	103587184	103589344	ENSG00000259717	LINC00677
13	41790505	41837742	ENSG00000120662	MTRF1
14	103606012	103608296	ENSG00000259374	RP11-736N17.4
16	30789770	30791473	ENSG00000262026	RP11-2C24.6
11	112038095	112043282	ENSG00000150783	TEX12
17	73126320	73127890	ENSG00000125458	NT5C
HSCHR6_MHC_COX	31527243	31529513	ENSG00000238130	LTA
14	103614934	103615745	ENSG00000259535	RPL21P12
11	67070919	67080078	ENSG00000172830	SSH3
7	150754297	150773614	ENSG00000164889	SLC4A2
8	94767072	94831462	ENSG00000164953	TMEM67
14	103650541	103651376	ENSG00000259525	GCSHP2
3	145679542	145681410	ENSG00000240095	RP11-88H10.3
6	52991762	53013627	ENSG00000137270	GCM1
18	30349758	30354376	ENSG00000228835	AC012123.1
12	78224685	78606790	ENSG00000067798	NAV3
19	9523272	9546254	ENSG00000174652	ZNF266
17	70339081	70351277	ENSG00000264026	RP11-1124B17.1
3	145777372	145779466	ENSG00000261051	RP11-274H2.5
14	103653558	103655365	ENSG00000251533	LINC00605
HSCHR17_4_CTG4	39134095	39143514	ENSG00000262845	KRT40
17	70422080	70424993	ENSG00000263680	RP11-57A1.1
10	45950035	46090354	ENSG00000165406	MARCH8
3	145781829	145822991	ENSG00000243415	RP11-274H2.2
17	70623370	70623763	ENSG00000243514	RPL32P33
14	103669523	103669601	ENSG00000239117	AL161669.1
17	70638870	70640629	ENSG00000263893	CTD-3010D24.3
14	103674085	103674126	ENSG00000270705	RP11-736N17.9
14	103707829	103708309	ENSG00000242837	RPL21P13
17	70659962	70660291	ENSG00000200783	RN7SKP180
11	112041253	112071394	ENSG00000272790	AP002884.3
17	33905065	34053436	ENSG00000006125	AP2B1
3	145784131	145786972	ENSG00000240032	RP11-274H2.3
14	103745560	103746292	ENSG00000270938	RAP2CP1
17	70710522	70710610	ENSG00000222545	AC080037.1
7	142552792	142568847	ENSG00000106123	EPHB6
17	70814975	70815111	ENSG00000252274	SCARNA24
3	146060783	146066267	ENSG00000243596	RP11-758I14.2
17	70835178	70835857	ENSG00000264196	RP11-171G2.1
14	103749270	103749805	ENSG00000240624	RP11-45P15.2
3	118864997	118878889	ENSG00000163424	C3orf30
17	71064009	71064427	ENSG00000266501	RP11-766H1.1
3	146109150	146134390	ENSG00000241358	RP11-758I14.3
17	71159174	71159498	ENSG00000265469	POLR3KP2
17	71161116	71192732	ENSG00000264860	RP11-143K11.5
14	29269290	29299410	ENSG00000257748	RP11-966I7.3
17	71171622	71172772	ENSG00000260248	RP11-143K11.1
HSCHR6_MHC_COX	31854934	31857319	ENSG00000237900	ZBTB12
HSCHR17_4_CTG4	39149809	39150512	ENSG00000263101	KRTAP3-3
12	55714346	55715408	ENSG00000205330	OR6C1
15	67813406	67819628	ENSG00000189227	C15orf61
22	31608225	31676066	ENSG00000182541	LIMK2
HSCHR17_4_CTG4	39155572	39156273	ENSG00000263296	KRTAP3-2
3	146289264	146289370	ENSG00000199812	RNU6-428P
3	146307389	146308112	ENSG00000241457	PLSCR5-AS1
14	29299450	29437606	ENSG00000258038	CTD-2384A14.1
HSCHR17_4_CTG4	39164900	39175703	ENSG00000262068	KRTAP3-1
20	584441	591042	ENSG00000125878	TCF15
HSCHR6_MHC_COX	31866341	31866586	ENSG00000257320	AL662834.1
3	146627472	147088443	ENSG00000243620	RP11-649A16.1
3	45784167	45784460	ENSG00000244357	RN7SL145P
16	69165194	69265033	ENSG00000141076	CIRH1A
16	1826713	1843701	ENSG00000162032	SPSB3
3	45925132	45925605	ENSG00000236930	RP11-852E15.1
3	146639710	146643005	ENSG00000242671	RP11-232M24.1
HSCHR17_4_CTG4	39182405	39183581	ENSG00000261862	KRTAP1-5
6	135604670	135818914	ENSG00000135541	AHI1
3	45944679	45944790	ENSG00000201635	Y_RNA
3	46064788	46065648	ENSG00000226933	NRBF2P2
HSCHR17_4_CTG4	39186076	39186483	ENSG00000263242	KRTAP1-4
19	48673949	48700877	ENSG00000185453	C19orf68
3	46183850	46185169	ENSG00000229515	FLT1P1
3	194429150	194502897	ENSG00000237222	AC090505.6
11	1074875	1104419	ENSG00000198788	MUC2
HSCHR17_4_CTG4	39190263	39191234	ENSG00000262347	KRTAP1-3
12	133548924	133549476	ENSG00000256563	NANOGNBP2
X	21673609	21676448	ENSG00000185915	KLHL34
12	133571776	133571888	ENSG00000252269	RNU4ATAC12P
HSCHR17_4_CTG4	39196936	39197838	ENSG00000262808	KRTAP1-1
21	42676139	42729358	ENSG00000183844	FAM3B
Y	25887089	25887252	ENSG00000252681	RNU1-97P
20	627259	634014	ENSG00000271303	SRXN1
6	53132196	53213947	ENSG00000012660	ELOVL5
12	133606975	133613808	ENSG00000246394	RP11-386I8.6
3	194476318	194478151	ENSG00000234805	AC090505.5
12	55725485	55726420	ENSG00000205329	OR6C3
3	137980279	138048728	ENSG00000181322	NME9
HSCHR17_4_CTG4	39202918	39203693	ENSG00000261852	KRTAP2-1
HSCHR6_MHC_DBB	33150329	33152518	ENSG00000225312	HSD17B8
11	6007122	6008215	ENSG00000183313	OR52L1
3	194485967	194489441	ENSG00000230401	AC090505.4
4	176986985	177103978	ENSG00000150627	WDR17
16	30116131	30125177	ENSG00000102886	GDPD3
Y	25897335	25897907	ENSG00000232910	RAB9AP1
12	55758895	55759833	ENSG00000187857	OR6C75
X	52528159	52533303	ENSG00000204376	XAGE1D
X	21724090	21776281	ENSG00000091482	SMPX
3	194548619	194553321	ENSG00000238031	AC090505.1
HSCHR17_4_CTG4	39210879	39211741	ENSG00000262731	KRTAP2-1
11	6023216	6024424	ENSG00000183389	OR56A4
20	627270	656444	ENSG00000270299	RP5-850E9.3
3	194815317	194816786	ENSG00000233303	XXYLT1-AS1
HSCHR17_4_CTG4	39215722	39216596	ENSG00000262862	KRTAP2-3
12	55794214	55795289	ENSG00000205328	OR6C65
3	194855235	194855309	ENSG00000265333	MIR3137
11	6047901	6048971	ENSG00000180934	OR56A1
3	194867459	194867732	ENSG00000244314	RN7SL36P
6	38136227	38607924	ENSG00000183826	BTBD9
20	642240	656823	ENSG00000215397	SCRT2
12	55820038	55820976	ENSG00000185821	OR6C76
3	194868600	194873519	ENSG00000230266	XXYLT1-AS2
4	113195698	113207059	ENSG00000145365	TIFA
17	40731531	40762641	ENSG00000141699	FAM134C
19	48675575	48790865	ENSG00000178150	ZNF114
11	6128914	6130065	ENSG00000180919	OR56B4
2	113670548	113676459	ENSG00000125571	IL37
10	99152954	99153304	ENSG00000231508	RP11-452K12.6
12	55845998	55846936	ENSG00000179695	OR6C2
3	194935516	194935622	ENSG00000206600	RNU6-25P
11	6149840	6150706	ENSG00000180913	OR56B3P
12	72102951	72104154	ENSG00000257515	RP11-498M15.1
10	99160872	99179281	ENSG00000231970	RP11-452K12.7
17	41489795	41489898	ENSG00000251763	RNU6-470P
12	55862984	55863922	ENSG00000184954	OR6C70
11	6173006	6173818	ENSG00000180909	OR52B1P
11	112046190	112095422	ENSG00000197580	BCO2
17	41522075	41528568	ENSG00000267151	MIR2117
10	99180952	99181064	ENSG00000200737	Y_RNA
10	99242426	99242530	ENSG00000264677	AL355490.2
11	6190560	6191638	ENSG00000255307	OR52B2
HSCHR6_MHC_COX	31900979	31907413	ENSG00000239754	CFB
14	29326590	29327907	ENSG00000258065	RP11-30H9.1
10	99588235	99609555	ENSG00000227356	LINC00866
20	740724	749131	ENSG00000101276	SLC52A3
10	99635569	99635654	ENSG00000265398	AL139239.1
6	168693510	168720434	ENSG00000164488	DACT2
11	6220376	6221489	ENSG00000175485	OR52W1
10	100011780	100016332	ENSG00000230928	RP11-34A14.3
9	131644391	131680318	ENSG00000136802	LRRC8A
12	55886147	55887100	ENSG00000205327	OR6C68
10	100154975	100155064	ENSG00000221419	MIR1287
10	100191049	100191117	ENSG00000264610	MIR4685
11	6226796	6232362	ENSG00000180878	C11orf42
X	21857754	21903542	ENSG00000012174	MBTPS2
10	100772860	100773709	ENSG00000236818	ARL5AP2
12	55944983	55946028	ENSG00000179626	OR6C4
1	209955661	209957904	ENSG00000162757	C1orf74
7	43966037	43995735	ENSG00000078967	UBE2D4
5	130759614	130970929	ENSG00000158987	RAPGEF6
10	100807396	100808076	ENSG00000234109	RPL7P36
2	27255778	27264563	ENSG00000119777	TMEM214
18	30517366	31021065	ENSG00000166960	CCDC178
17	18996287	19000150	ENSG00000228157	AC007952.5
9	33025209	33039905	ENSG00000086061	DNAJA1
12	120565007	120632513	ENSG00000089154	GCN1L1
10	103892787	103910082	ENSG00000148840	PPRC1
HG306_PATCH	113185251	113254266	ENSG00000262377	TTC12
10	92631473	92668312	ENSG00000148688	RPP30
HSCHR6_MHC_DBB	30634431	30645937	ENSG00000234000	PPP1R18
1	209959036	209979465	ENSG00000117595	IRF6
2	219135115	219211516	ENSG00000127838	PNKD
15	67835047	68099461	ENSG00000137764	MAP2K5
14	29370442	29370553	ENSG00000207164	Y_RNA
14	100204030	100408397	ENSG00000066629	EML1
14	29406095	29497969	ENSG00000258028	RP11-148E17.1
20	814358	838106	ENSG00000125898	FAM110A
12	55968199	55969128	ENSG00000179615	OR2AP1
10	135093135	135125841	ENSG00000130640	TUBGCP2
6	17393447	17558023	ENSG00000112186	CAP2
HSCHR17_4_CTG4	39221598	39222361	ENSG00000263091	KRTAP2-4
14	29445042	29448130	ENSG00000257523	CTD-2384A14.2
Y	13551375	13552752	ENSG00000270242	RP11-295P22.1
11	67118248	67124443	ENSG00000175482	POLD4
HSCHR17_4_CTG4	39240638	39241794	ENSG00000266286	AC037482.2
11	6232565	6255941	ENSG00000051009	FAM160A2
12	56030644	56031638	ENSG00000175398	OR10P1
Y	13629403	13629913	ENSG00000271375	RP11-295P22.2
Y	13901758	13903233	ENSG00000234385	RCC2P1
HSCHR17_4_CTG4	39254169	39254756	ENSG00000261968	AC037482.3
12	114942681	114942992	ENSG00000222982	RN7SKP216
14	29451509	29451616	ENSG00000252065	RNU6-864P
Y	13947443	13947512	ENSG00000265161	AC011293.1
12	114986659	114987657	ENSG00000255830	RP11-385N17.3
14	29734031	29850501	ENSG00000257522	RP11-562L8.1
Y	14043242	14044475	ENSG00000215583	ASS1P6
14	103798011	103798704	ENSG00000259775	RP11-45P15.4
6	168841831	169073984	ENSG00000112562	SMOC2
14	103804186	103804311	ENSG00000272533	SNORA28
19	9577183	9609283	ENSG00000198028	ZNF560
14	103830576	103831157	ENSG00000259428	HMGB3P26
14	103840370	103841253	ENSG00000243904	RP11-600F24.1
X	21874105	21876845	ENSG00000230797	YY2
14	103878456	103879098	ENSG00000244691	RP11-600F24.2
12	56075330	56078395	ENSG00000170439	METTL7B
14	76702160	76729817	ENSG00000258454	RP11-361H10.3
10	101190948	101197874	ENSG00000224934	RP11-441O15.3
20	853296	896977	ENSG00000101280	ANGPT4
14	76747286	76776409	ENSG00000258402	RP11-516J2.1
7	99704693	99717464	ENSG00000106290	TAF6
14	76814398	76814481	ENSG00000212061	AC016543.1
8	19759228	19824769	ENSG00000175445	LPL
14	76821072	76821352	ENSG00000263880	RN7SL747P
17	71239232	71240845	ENSG00000265010	RP11-661C3.2
14	76961706	77193055	ENSG00000259124	RP11-187O7.3
17	71509824	71514909	ENSG00000264985	RP11-449L23.2
10	90424198	90438571	ENSG00000182333	LIPF
14	77100057	77100371	ENSG00000271423	CYCSP1
10	101286107	101290934	ENSG00000257582	RP11-129J12.2
17	71515985	71517546	ENSG00000265780	RP11-449L23.3
14	77101118	77102004	ENSG00000242952	RP11-187O7.1
17	71637165	71639245	ENSG00000264750	RP11-277J6.2
4	177105789	177116822	ENSG00000150628	SPATA4
14	77156482	77157085	ENSG00000258566	RP11-99E15.3
17	71658707	71659987	ENSG00000265935	RP11-277J6.3
14	77177001	77227731	ENSG00000258569	RP11-99E15.2
10	101286838	101288018	ENSG00000228778	RP11-129J12.1
17	19030782	19062489	ENSG00000189152	GRAPL
17	71733993	71752696	ENSG00000263574	CTD-2532D12.4
14	77240627	77247861	ENSG00000259081	RP11-488C13.6
10	101361537	101361637	ENSG00000238588	snoU13
16	30832389	30833431	ENSG00000260082	RP11-2C24.5
10	101380812	101381675	ENSG00000260475	RP11-85A1.3
10	95753746	96092580	ENSG00000138193	PLCE1
9	131683174	131704320	ENSG00000175287	PHYHD1
14	77245295	77248592	ENSG00000258610	RP11-488C13.7
1	150969025	150980851	ENSG00000143409	FAM63A
10	101411746	101413662	ENSG00000229278	RP11-483F11.7
12	56915713	56984745	ENSG00000076067	RBMS2
17	71746469	71824659	ENSG00000177338	LINC00469
14	77248083	77253067	ENSG00000258301	RP11-488C13.5
17	19092978	19093558	ENSG00000264940	SNORD3C
10	101457164	101457706	ENSG00000233690	EBAG9P1
16	30886543	30906541	ENSG00000260083	MIR4519
11	67131639	67141648	ENSG00000175505	CLCF1
14	77352720	77353093	ENSG00000241081	RP11-488C13.1
1	210001352	210030910	ENSG00000117597	DIEXF
14	77356606	77356956	ENSG00000223174	RN7SKP17
6	108362613	108487058	ENSG00000081087	OSTM1
17	19107138	19117358	ENSG00000236022	RP11-160E2.16
14	77388183	77390992	ENSG00000259058	RP11-488C13.4
19	19627036	19646885	ENSG00000258674	CTC-260F20.3
2	32090129	32236299	ENSG00000162959	MEMO1
4	113206665	113363776	ENSG00000073331	ALPK1
19	9638667	9649303	ENSG00000130818	ZNF426
14	77425981	77432145	ENSG00000258602	RP11-7F17.7
16	30886587	30886644	ENSG00000265991	MIR4519
16	30887087	30906537	ENSG00000262721	AC106782.20
X	21958691	22025798	ENSG00000102172	SMS
17	71782941	71796932	ENSG00000234721	AC125421.1
16	30905224	30905306	ENSG00000211591	MIR762
17	25950390	25967803	ENSG00000266728	AC015688.3
22	31677579	31688520	ENSG00000100100	PIK3IP1
16	30915669	30921529	ENSG00000230447	CTF2P
4	177134824	177198722	ENSG00000164122	ASB5
13	41885341	41951166	ENSG00000172766	NAA16
17	71827711	71832158	ENSG00000265927	CTD-2532D12.5
16	30930640	30934590	ENSG00000260852	FBXL19-AS1
10	72058729	72142382	ENSG00000172731	LRRC20
21	42733870	42781317	ENSG00000183486	MX2
17	71890888	71908017	ENSG00000266765	CTD-2582D11.1
10	78629359	79398353	ENSG00000156113	KCNMA1
20	939095	982907	ENSG00000101282	RSPO4
11	61066923	61110068	ENSG00000167986	DDB1
HG388_HG400_PATCH	111782965	111784816	ENSG00000262852	HSPB2
16	30959707	30967832	ENSG00000261487	AC135048.13
HSCHR6_MHC_DBB	33154182	33158409	ENSG00000228520	RING1
17	72039591	72150351	ENSG00000266357	RP11-101O21.1
16	31054471	31061201	ENSG00000260911	RP11-196G11.2
HG388_HG400_PATCH	111783459	111797594	ENSG00000262978	HSPB2-C11orf52
16	31076816	31080567	ENSG00000261124	AC135050.5
1	1260136	1264277	ENSG00000224051	GLTPD1
10	27035522	27150016	ENSG00000136754	ABI1
16	31120551	31120634	ENSG00000252809	AC135050.1
16	31129399	31130068	ENSG00000262766	RP11-196G11.4
15	20104587	20104812	ENSG00000258463	RP11-173D3.3
14	65381079	65411309	ENSG00000258289	CHURC1
19	19649057	19657468	ENSG00000160161	CILP2
15	20172667	20173605	ENSG00000258706	SLC20A1P3
HSCHR5_2_CTG1	12574969	12824618	ENSG00000262032	CT49
16	31142754	31143198	ENSG00000261385	RP11-388M20.2
HG388_HG400_PATCH	111788755	111797595	ENSG00000262600	C11orf52
15	20178035	20178471	ENSG00000259337	IGHV1OR15-2
16	31176969	31177248	ENSG00000263343	RP11-388M20.7
16	31185894	31186143	ENSG00000262366	NDUFA3P6
14	35591052	35743271	ENSG00000100890	KIAA0391
15	20251549	20253247	ENSG00000259769	RP11-1360M22.2
19	9671029	9695209	ENSG00000197961	ZNF121
HSCHR6_MHC_APD	32052787	32065237	ENSG00000229341	TNXB
2	27714750	27718112	ENSG00000115226	FNDC4
16	31193832	31194606	ENSG00000260304	RP11-388M20.6
15	20278952	20279587	ENSG00000258397	RP11-173D3.2
12	56546040	56553431	ENSG00000196465	MYL6B
12	114988567	114988654	ENSG00000265632	AC069240.1
15	20300988	20301282	ENSG00000239471	RN7SL584P
16	31207452	31208284	ENSG00000260060	RP11-388M20.1
12	115025999	115026607	ENSG00000258244	OSTF1P1
15	20333998	20353206	ENSG00000258410	RP11-173D3.1
16	31237281	31238481	ENSG00000261925	RP11-388M20.9
Y	14077914	14108092	ENSG00000235649	MXRA5P1
5	70220768	70249769	ENSG00000172062	SMN1
9	33041762	33076665	ENSG00000122692	SMU1
15	20359029	20366079	ENSG00000258780	BMS1P15
12	115059566	115060727	ENSG00000258254	RP11-162N7.1
16	1832902	1839192	ENSG00000095906	NUBP2
17	61780205	61829457	ENSG00000125695	RP11-51F16.8
Y	14365457	14366162	ENSG00000236477	RPS24P1
15	20433873	20482756	ENSG00000258628	RP11-492D6.3
19	48684027	48759203	ENSG00000105483	CARD8
12	115095754	115095867	ENSG00000199220	Y_RNA
HSCHR6_MHC_COX	33178689	33187788	ENSG00000237335	PFDN6
HSCHR6_MHC_QBL	30700508	30701863	ENSG00000206478	IER3
12	115151616	115205762	ENSG00000257817	RP4-601P9.2
10	127524906	127585005	ENSG00000089876	DHX32
Y	14373025	14378737	ENSG00000232226	ARSFP1
12	115175509	115175603	ENSG00000252459	SNORA27
X	52541053	52546197	ENSG00000204375	XAGE1E
12	115206479	115209656	ENSG00000257517	RP4-601P9.1
15	20487997	20496839	ENSG00000259156	CHEK2P2
HSCHR6_MHC_APD	32127476	32133491	ENSG00000238056	PRRT1
Y	14394177	14394465	ENSG00000243980	RN7SL702P
11	112097088	112140678	ENSG00000150787	PTS
12	115515130	115517958	ENSG00000257958	RP11-25E2.1
20	1093906	1160596	ENSG00000125818	PSMF1
19	45165545	45187631	ENSG00000186567	CEACAM19
5	143550396	143865249	ENSG00000183775	KCTD16
Y	14442350	14443562	ENSG00000232730	FAM8A4P
HG388_HG400_PATCH	111797867	111893307	ENSG00000262277	DIXDC1
12	115700975	115708401	ENSG00000257519	RP11-116D17.2
5	159848829	159855748	ENSG00000164611	PTTG1
11	67159176	67165881	ENSG00000172613	RAD9A
19	19672522	19729725	ENSG00000105717	PBX4
Y	14460540	14468226	ENSG00000224060	ARSEP1
3	146671746	146671865	ENSG00000251800	U3
3	146714394	146714500	ENSG00000207156	RNU6-505P
2	204192942	204312446	ENSG00000138443	ABI2
3	146994555	146995039	ENSG00000239412	RPL21P71
3	107046677	107048044	ENSG00000241218	RP11-446H18.1
17	61822610	61853711	ENSG00000108588	CCDC47
12	115737393	115738513	ENSG00000271579	RP11-116D17.3
3	147104754	147105240	ENSG00000241202	ZIC4-AS1
15	20549989	20564419	ENSG00000258654	RP11-509A17.3
4	177241115	177253396	ENSG00000129128	SPCS3
Y	14474827	14499123	ENSG00000225117	ARSDP1
3	147308783	147309622	ENSG00000240804	NPM1P28
3	147561910	147564444	ENSG00000239661	RP11-78O22.1
1	53068044	53074723	ENSG00000116157	GPX7
15	20557339	20557434	ENSG00000239083	snoU13
12	116007469	116019544	ENSG00000258108	RP11-1028N23.3
12	72187635	72193407	ENSG00000257410	RP11-2H8.2
15	20563361	20563434	ENSG00000265002	AC026495.1
3	147629193	147629288	ENSG00000221431	AC092925.1
2	202252581	202345569	ENSG00000082146	STRADB
12	116014481	116015420	ENSG00000258280	RP11-1028N23.2
12	72228814	72229176	ENSG00000257991	RP11-2H8.3
3	147657791	147724542	ENSG00000239922	RP11-71N10.1
1	210111538	210337636	ENSG00000143469	SYT14
15	43398423	43513481	ENSG00000166947	EPB42
12	72243008	72244208	ENSG00000257802	MRS2P2
Y	14475147	14532255	ENSG00000206159	GYG2P1
14	103991347	103995409	ENSG00000260285	RP11-600F24.7
6	169615875	169654139	ENSG00000186340	THBS2
6	33387847	33421466	ENSG00000197283	SYNGAP1
14	104016682	104016743	ENSG00000252469	RNU7-160P
14	104019758	104028214	ENSG00000258851	RP11-894P9.2
7	123914733	123927598	ENSG00000243574	RP11-264K23.1
14	104033742	104033882	ENSG00000201184	RNU4-68P
5	32124810	32174456	ENSG00000113384	GOLPH3
14	104042305	104042396	ENSG00000264904	AL139300.1
7	123977434	123989914	ENSG00000241324	RP5-921G16.2
14	104148699	104150352	ENSG00000246451	RP11-894P9.1
10	30722866	30750762	ENSG00000107968	MAP3K8
22	31721790	31742218	ENSG00000100105	PATZ1
HSCHR19_3_CTG3	22362752	22379435	ENSG00000262942	ZNF676
12	116019866	116077539	ENSG00000257407	RP11-1028N23.4
7	124116425	124117009	ENSG00000230268	SSU72P8
10	50507187	50535537	ENSG00000177354	C10orf71
14	65381203	65529368	ENSG00000257365	FNTB
HSCHR19_3_CTG3	22311550	22313125	ENSG00000262774	ZNF92P2
14	77433863	77434108	ENSG00000266553	RN7SL356P
12	116030409	116030788	ENSG00000241656	UBA52P7
HSCHR19_3_CTG3	22320733	22321783	ENSG00000262856	PCGF7P
14	77435026	77435488	ENSG00000243225	RP11-7F17.1
1	53099016	53135355	ENSG00000182183	FAM159A
12	116155530	116155816	ENSG00000240205	RN7SL865P
18	31158579	31331156	ENSG00000141431	ASXL3
12	116193067	116237741	ENSG00000257781	RP11-110L15.1
4	76439156	76475683	ENSG00000174796	THAP6
3	141882414	141944449	ENSG00000175066	GK5
HSCHR6_MHC_DBB	33195972	33217749	ENSG00000228425	VPS52
3	195001452	195003470	ENSG00000229325	ACAP2-IT1
3	183533664	183543382	ENSG00000180834	MAP6D1
4	177604689	177713881	ENSG00000150630	VEGFC
7	148700154	148725733	ENSG00000155660	PDIA4
3	195070393	195070759	ENSG00000227433	AC069213.4
11	112118876	112131583	ENSG00000188771	PLET1
2	113730780	113743242	ENSG00000136688	IL36G
3	195140165	195140275	ENSG00000207368	Y_RNA
HSCHR17_4_CTG4	39258173	39258880	ENSG00000262520	KRTAP4-16P
17	47787694	47866542	ENSG00000121104	FAM117A
HSCHR17_4_CTG4	39262003	39263159	ENSG00000262121	KRTAP4-9
12	133610089	133610542	ENSG00000255807	PTP4A1P2
3	133502877	133544616	ENSG00000144867	SRPRB
15	20587869	20711433	ENSG00000180229	HERC2P3
Y	25908985	25911730	ENSG00000232845	TRAPPC2P9
HSCHR17_4_CTG4	39273915	39275094	ENSG00000263229	KRTAP4-11
11	112130988	112132117	ENSG00000268472	AP002884.2
12	72439929	72451157	ENSG00000258115	RP11-89M22.3
19	19734477	19739739	ENSG00000064547	LPAR2
HSCHR17_4_CTG4	39279811	39280887	ENSG00000263236	KRTAP4-12
12	133664099	133664201	ENSG00000200066	Y_RNA
7	44040488	44049721	ENSG00000136206	SPDYE1
11	6255995	6265659	ENSG00000132259	CNGA4
12	133692278	133698926	ENSG00000271963	CTD-2140B24.6
12	72647288	72668687	ENSG00000236333	TRHDE-AS1
HSCHR17_4_CTG4	39007052	39019534	ENSG00000264450	RP5-1110E20.1
Y	25917379	25944297	ENSG00000237302	OFD1P11Y
1	53152508	53164038	ENSG00000162377	COA7
Y	14482123	14482230	ENSG00000252586	AC002992.1
Y	14551845	14619171	ENSG00000227447	XGPY
1	1266694	1270686	ENSG00000169962	TAS1R3
12	133702065	133702538	ENSG00000240991	RPL23AP67
6	42018251	42055199	ENSG00000137413	TAF8
12	116248164	116323942	ENSG00000257683	RP11-110L15.2
12	116290453	116290523	ENSG00000200112	SNORD56
12	133793796	133794261	ENSG00000255919	AC226150.3
16	30125426	30134827	ENSG00000102882	MAPK3
Y	25954968	25955206	ENSG00000231540	TCEB1P9
Y	14649708	14656818	ENSG00000226863	SHROOM2P1
12	133814921	133815024	ENSG00000239190	RNU6-717P
10	46111043	46168228	ENSG00000172671	ZFAND4
12	133815041	133815135	ENSG00000238443	Y_RNA
Y	26001669	26003238	ENSG00000223362	CDY15P
12	116398992	116400538	ENSG00000258034	RP11-493P1.2
2	45878484	46415129	ENSG00000171132	PRKCE
12	116520375	116520481	ENSG00000200665	RNU6-1188P
7	112756773	112758668	ENSG00000214194	LINC00998
Y	14730915	14746333	ENSG00000233774	MED14P1
12	89741009	89747048	ENSG00000139318	DUSP6
Y	26063388	26063870	ENSG00000231026	XKRYP4
4	25863452	25931435	ENSG00000250317	SMIM20
12	116586365	116586459	ENSG00000207967	MIR620
Y	26066052	26067657	ENSG00000224571	USP9YP13
3	107048277	107048809	ENSG00000272597	RP11-446H18.6
20	1161205	1166059	ENSG00000125895	TMEM74B
3	107084029	107084134	ENSG00000220989	AC063944.1
9	131703757	131719300	ENSG00000251184	RP11-101E3.5
17	49707674	50237377	ENSG00000154975	CA10
3	107149777	107182759	ENSG00000273125	RP11-115H18.1
Y	26081100	26086248	ENSG00000226369	USP9YP11
10	72164135	72188374	ENSG00000148730	EIF4EBP2
4	76481258	76491095	ENSG00000174792	C4orf26
6	108487262	108510013	ENSG00000112333	NR2E1
X	153665266	153671814	ENSG00000203879	GDI1
9	131707809	131709898	ENSG00000175283	DOLK
14	77507407	77535846	ENSG00000246548	RP11-7F17.5
Y	26092074	26098440	ENSG00000227871	USP9YP12
9	33104080	33167354	ENSG00000086062	B4GALT1
3	179065480	179112719	ENSG00000171109	MFN1
16	69221032	69342955	ENSG00000168807	SNTB2
19	45202421	45213986	ENSG00000213892	CEACAM16
Y	26092765	26092918	ENSG00000251917	RNU1-86P
22	31742875	31744670	ENSG00000213888	AC005003.1
20	1184098	1188918	ENSG00000215595	C20orf202
17	72270386	72311023	ENSG00000171595	DNAI2
Y	26102716	26106365	ENSG00000231423	RAB9AP5
21	42792231	42831141	ENSG00000157601	MX1
1	53192126	53293014	ENSG00000162378	ZYG11B
3	107559075	107600847	ENSG00000241469	LINC00635
3	118866222	118906654	ENSG00000251012	RP11-484M3.5
15	34633917	34635378	ENSG00000182117	NOP10
10	72192071	72207707	ENSG00000156574	NODAL
1	1270656	1284730	ENSG00000107404	DVL1
12	71031853	71314623	ENSG00000153233	PTPRR
17	26934982	26941218	ENSG00000167524	SGK494
10	72194585	72196314	ENSG00000197604	AC022532.1
16	1840414	1844972	ENSG00000099769	IGFALS
4	76503215	76555900	ENSG00000138769	CDKL2
22	31795509	31924726	ENSG00000185721	DRG1
17	72206119	72209481	ENSG00000246731	CTD-2514K5.2
HSCHR6_MHC_APD	32132559	32151099	ENSG00000236649	PPT2
20	1206700	1277065	ENSG00000244588	RAD21L1
10	72238577	72328205	ENSG00000107719	PALD1
3	118892364	118924000	ENSG00000114638	UPK1B
17	72253035	72258159	ENSG00000264272	CTD-2514K5.4
20	12989627	13147411	ENSG00000172296	SPTLC3
17	73131343	73164376	ENSG00000189159	HN1
X	79270255	79287268	ENSG00000122145	TBX22
11	6280966	6293357	ENSG00000110148	CCKBR
X	22050559	22269427	ENSG00000102174	PHEX
8	20002366	20040717	ENSG00000036565	SLC18A1
6	31765173	31774761	ENSG00000204392	LSM2
10	51623417	51732824	ENSG00000214982	PARGP1
15	34635516	34649938	ENSG00000184507	NUTM1
3	147795946	147805816	ENSG00000241131	RP11-639B1.1
1	210406144	210419976	ENSG00000082497	SERTAD4
9	131709978	131769375	ENSG00000095319	NUP188
22	20067755	20099400	ENSG00000128191	DGCR8
3	147798620	147798709	ENSG00000221457	AC092958.1
3	147810962	147845020	ENSG00000241792	RP11-501O2.1
17	19111897	19114672	ENSG00000263206	KYNUP3
10	51654977	51655307	ENSG00000229464	RP11-481A12.6
2	182818968	182996125	ENSG00000150722	PPP1R1C
10	101548321	101549167	ENSG00000227351	NANOGP6
3	147878698	147944393	ENSG00000244650	RP11-501O2.3
11	112831997	113149158	ENSG00000149294	NCAM1
10	51732523	51741813	ENSG00000178440	LINC00843
3	147884131	147885085	ENSG00000205412	HNRNPA1P20
17	19199909	19209574	ENSG00000235397	EPN2-AS1
10	51739425	51739540	ENSG00000222108	RNA5SP317
17	19237621	19239440	ENSG00000265263	RP11-135L13.4
3	147913516	147997885	ENSG00000243347	RP11-501O2.4
10	51780942	51827563	ENSG00000235618	RP11-324H6.5
10	101686767	101718138	ENSG00000227695	DNMBP-AS1
17	19247819	19247887	ENSG00000221540	MIR1180
3	147998678	148117743	ENSG00000242440	RP11-501O2.5
6	169857307	170102159	ENSG00000184465	WDR27
17	19315099	19316431	ENSG00000265126	CTB-187M2.2
14	78183942	78227550	ENSG00000100603	SNW1
15	20721492	20725870	ENSG00000258488	RP11-467L19.8
17	19322348	19327670	ENSG00000227078	AC004448.2
12	56078352	56109827	ENSG00000135424	ITGA7
3	148413781	148413991	ENSG00000241993	RPL38P1
17	46210802	46507637	ENSG00000141293	SKAP1
17	19323592	19323655	ENSG00000265335	snoMe28S-Am2634
7	44078770	44081905	ENSG00000235314	LINC00957
3	148542569	148543174	ENSG00000244089	HMGB1P30
10	51784895	51787123	ENSG00000226631	SLC9A3P3
15	20750883	20754751	ENSG00000258797	RP11-467L19.6
17	19342456	19364308	ENSG00000235979	AC004448.5
7	44104507	44105678	ENSG00000239775	AC017116.11
3	148568720	148677899	ENSG00000240521	RP11-680B3.2
10	51910363	51912047	ENSG00000233011	SLC9A3P1
19	19740285	19754476	ENSG00000089639	GMIP
10	52024738	52026575	ENSG00000225137	DYNC1I2P1
12	72825502	72825855	ENSG00000257287	RP11-98E6.1
3	148703655	148705455	ENSG00000241627	UBQLN4P1
15	43415477	43477344	ENSG00000137842	TMEM62
7	44150448	44150511	ENSG00000264652	MIR4649
12	73004458	73005096	ENSG00000257723	CHCHD3P2
10	72357104	72362531	ENSG00000180644	PRF1
7	44165351	44165472	ENSG00000252848	RNA5SP230
17	19349246	19350169	ENSG00000189343	RPS2P46
10	52232574	52234006	ENSG00000225303	RP11-512N4.2
15	20767700	20781019	ENSG00000181984	GOLGA8CP
3	148804119	148820610	ENSG00000239718	HLTF-AS1
14	104153913	104154464	ENSG00000270108	RP11-73M18.6
9	33218363	33248565	ENSG00000122711	SPINK4
7	44507441	44507939	ENSG00000146677	AC004453.8
10	52345310	52345463	ENSG00000251950	RMRPP4
3	148812140	148812249	ENSG00000201031	Y_RNA
14	104160853	104161387	ENSG00000269910	RP11-73M18.10
10	52350412	52350472	ENSG00000238523	RNU7-107P
3	148817286	148817602	ENSG00000240511	MED28P2
5	159990127	160279221	ENSG00000118322	ATP10B
14	104160897	104161507	ENSG00000269940	RP11-73M18.7
3	9958758	9975314	ENSG00000163702	IL17RC
7	44543372	44543478	ENSG00000200456	RNU6-1097P
14	104162690	104163500	ENSG00000269958	RP11-73M18.8
7	44550624	44550931	ENSG00000225443	AC004938.5
7	113091127	113091457	ENSG00000236294	TSRM
HG306_PATCH	112830002	112834182	ENSG00000261999	RP11-629G13.1
7	44640631	44641086	ENSG00000271586	RP11-52M17.1
14	104179904	104180586	ENSG00000269963	RP11-73M18.9
HSCHR6_MHC_DBB	30646089	30649462	ENSG00000236843	NRM
5	36876861	37066515	ENSG00000164190	NIPBL
20	1246960	1289972	ENSG00000101298	SNPH
14	104192065	104192162	ENSG00000253096	Y_RNA
HG306_PATCH	112848075	112848142	ENSG00000263285	U7
14	104229140	104229614	ENSG00000270591	RP11-73M18.11
10	118380465	118404654	ENSG00000165862	PNLIPRP2
HG306_PATCH	113140254	113144623	ENSG00000262033	NCAM1-AS1
14	104263609	104263685	ENSG00000202275	SNORD51
15	34651106	34659479	ENSG00000176454	LPCAT4
16	1845621	1877195	ENSG00000063854	HAGH
14	104314058	104324386	ENSG00000258735	LINC00637
12	113796371	113827203	ENSG00000151176	PLBD2
HG306_PATCH	113149159	113185159	ENSG00000262659	RP11-839D17.3
14	104320703	104346448	ENSG00000258534	CTD-2134A5.4
14	104341392	104343815	ENSG00000258914	CTD-2134A5.3
10	82167585	82192753	ENSG00000122378	FAM213A
14	104447135	104447220	ENSG00000264439	AL136001.1
13	42031695	42045018	ENSG00000102760	RGCC
14	104479979	104480268	ENSG00000242894	RN7SL634P
19	45250962	45263301	ENSG00000069399	BCL3
14	104583742	104583851	ENSG00000207568	MIR203
17	72303349	72305929	ENSG00000266106	RP11-647F2.2
3	195249885	195250019	ENSG00000252620	RNU6ATAC24P
17	72303826	72303947	ENSG00000252785	AC103809.1
1	53308183	53360670	ENSG00000203995	ZYG11A
17	72413733	72413843	ENSG00000200021	RNA5SP448
3	195270871	195277400	ENSG00000223711	AC091633.3
2	190611386	190627953	ENSG00000128694	OSGEPL1
17	8191081	8198661	ENSG00000125434	SLC25A35
17	72545538	72548876	ENSG00000236770	AC079325.5
7	44084239	44109055	ENSG00000136279	DBNL
20	13202418	13281298	ENSG00000101230	ISM1
17	72556855	72563482	ENSG00000231027	AC079325.6
3	195281428	195281901	ENSG00000236844	AC091633.2
10	123748689	124014060	ENSG00000138162	TACC2
2	3383446	3488865	ENSG00000171853	TRAPPC12
2	75185619	75197255	ENSG00000115350	POLE4
7	148766735	148787874	ENSG00000197362	ZNF786
17	72595979	72603368	ENSG00000261222	CTD-2006K23.1
3	195288085	195288450	ENSG00000236425	AC090018.1
9	33247818	33264761	ENSG00000107262	BAG1
15	20776218	20776496	ENSG00000242443	RN7SL759P
3	195341818	195347104	ENSG00000224769	AC069213.1
15	20777370	20777452	ENSG00000221354	AC131280.1
17	72668851	72673739	ENSG00000264659	CTD-2006K23.2
15	20798818	20804500	ENSG00000258916	SPATA31E2P
3	195366861	195367331	ENSG00000272792	RP11-141C7.4
4	76567966	76649709	ENSG00000138757	G3BP2
3	195377017	195378343	ENSG00000271662	RP11-141C7.3
15	20832122	20832668	ENSG00000258707	RP11-467L19.11
17	25956824	25976586	ENSG00000168961	LGALS9
3	195382436	195384798	ENSG00000229178	AC069513.4
X	22291065	22292574	ENSG00000175809	ZNF645
15	20844768	20845194	ENSG00000270685	IGHV1OR15-6
10	30900718	30918691	ENSG00000151033	LYZL2
17	73823306	73840798	ENSG00000092929	UNC13D
6	38643701	38670917	ENSG00000124767	GLO1
17	19360393	19361712	ENSG00000231477	CTB-187M2.1
1	210501596	210849638	ENSG00000054392	HHAT
X	23018087	23020204	ENSG00000184735	DDX53
15	20862967	20893737	ENSG00000258590	NBEAP1
HSCHR17_4_CTG4	39077682	39132305	ENSG00000262487	AC004231.2
17	19374432	19396273	ENSG00000263726	CTB-187M2.3
HSCHR17_4_CTG4	39160860	39161139	ENSG00000262616	KRTAP3-4P
12	69080514	69136785	ENSG00000111581	NUP107
17	19400256	19400841	ENSG00000228331	RPL17P43
HSCHR17_4_CTG4	39228430	39228825	ENSG00000262376	KRTAP2-5P
3	148947143	149009587	ENSG00000240216	CPHL1P
14	104603487	104604235	ENSG00000258748	CTD-2223O18.1
17	19460524	19461224	ENSG00000266079	SNORA59B
15	20935076	20961512	ENSG00000260409	RP11-403B2.7
14	104689921	104754406	ENSG00000258913	RP11-260M19.2
X	23352133	23422489	ENSG00000165186	PTCHD1
3	46352082	46353413	ENSG00000236736	UQCRC2P1
3	46406446	46448550	ENSG00000223552	RP11-24F11.2
Y	14774265	14804162	ENSG00000233864	TTTY15
3	46591996	46592047	ENSG00000264306	AC104304.2
14	104842867	104845288	ENSG00000258598	RP11-260M19.1
3	46667272	46667698	ENSG00000256354	AC104304.1
11	14515329	14541890	ENSG00000256206	PSMA1
3	107602095	107647754	ENSG00000240423	LINC00636
5	144851362	145214932	ENSG00000186314	PRELID2
17	61850963	61896677	ENSG00000198231	DDX42
10	50572237	50603497	ENSG00000165606	DRGX
12	116606850	116607063	ENSG00000257979	SNRPGP18
3	107844668	107857457	ENSG00000271856	RP11-861A13.4
12	116612307	116619100	ENSG00000258337	RP11-115H15.2
HSCHR6_MHC_QBL	30838342	30857525	ENSG00000215522	DDR1
20	13246709	13619587	ENSG00000089123	TASP1
12	116693688	116693793	ENSG00000263768	AC060226.1
3	108039239	108039325	ENSG00000221724	AC078855.1
12	116806569	116827276	ENSG00000258346	RP11-148B3.2
2	157291802	157470247	ENSG00000115159	GPD2
3	108044367	108045661	ENSG00000243188	HNRNPA1P17
5	82933624	83017432	ENSG00000145681	HAPLN1
3	183547173	183602721	ENSG00000175193	PARL
11	6340176	6341877	ENSG00000170955	PRKCDBP
7	113516832	113715975	ENSG00000154415	PPP1R3A
10	101779351	101779456	ENSG00000238472	snoU13
18	56148479	56296189	ENSG00000198796	ALPK2
10	90484301	90512543	ENSG00000204021	LIPK
3	138066539	138124375	ENSG00000158186	MRAS
10	101874174	101874980	ENSG00000232230	TPM4P1
4	113434672	113437328	ENSG00000178403	NEUROG2
16	69333585	69354614	ENSG00000260914	RP11-343C2.11
5	114546527	114598569	ENSG00000164219	PGGT1B
10	101902822	101903752	ENSG00000270623	RP11-316M21.9
1	150980896	151008189	ENSG00000143363	PRUNE
12	73121703	73122624	ENSG00000258235	RP11-12K6.2
12	8789942	8815484	ENSG00000197614	MFAP5
X	23682379	23704516	ENSG00000123131	PRDX4
3	149002569	149051440	ENSG00000244468	RP11-206M11.7
20	47835884	47860614	ENSG00000124228	DDX27
12	73184231	73184425	ENSG00000216084	AC131213.1
13	42140973	42535256	ENSG00000102763	VWA8
3	149074956	149075332	ENSG00000243822	RP11-2G17.1
3	195384933	195460422	ENSG00000242086	LINC00969
5	135548999	135732730	ENSG00000069018	TRPC7
7	124120578	124121449	ENSG00000213296	RP5-1106E3.1
12	73509737	73537638	ENSG00000258294	RP11-314D7.1
X	52673140	52683950	ENSG00000187754	SSX7
11	14665269	14892350	ENSG00000152270	PDE3B
16	69345259	69358949	ENSG00000132612	VPS4A
7	124287773	124287876	ENSG00000207214	RNU6-102P
21	42836478	42903043	ENSG00000184012	TMPRSS2
6	47624172	47665533	ENSG00000164393	GPR111
17	19463424	19501235	ENSG00000262769	RP11-1113L8.1
10	50663414	50747584	ENSG00000225830	ERCC6
7	124569927	124819369	ENSG00000224897	POT1-AS1
HSCHR6_MHC_APD	32143703	32147402	ENSG00000240389	EGFL8
17	19483256	19499371	ENSG00000228983	AC025627.7
2	113763038	113765621	ENSG00000136694	IL36A
15	60711808	60771359	ENSG00000128915	NARG2
19	45281126	45303891	ENSG00000142273	CBLC
1	53361656	53392884	ENSG00000121310	ECHDC2
6	170102233	170106401	ENSG00000185127	C6orf120
2	64119280	64246206	ENSG00000143952	VPS54
19	56347944	56393220	ENSG00000160505	NLRP4
Y	14913906	14915763	ENSG00000228411	CDY4P
12	50497602	50505102	ENSG00000167588	GPD1
17	19485429	19485588	ENSG00000263107	RP11-1113L8.2
X	52725946	52736239	ENSG00000241476	SSX2
10	101949793	101950504	ENSG00000236308	RP11-316M21.7
12	116866057	116866123	ENSG00000264037	MIR4472-2
11	67165654	67188654	ENSG00000172531	PPP1CA
17	19504173	19504658	ENSG00000266179	RP11-1113L8.6
6	108532426	108582464	ENSG00000112335	SNX3
10	101989424	101993757	ENSG00000227492	RP11-316M21.6
12	116955663	116956625	ENSG00000258018	RP11-148B3.1
9	33264940	33281977	ENSG00000086065	CHMP5
17	72743458	72745051	ENSG00000266036	MIR3615
17	72744752	72744838	ENSG00000264624	MIR3615
22	31832963	31892094	ENSG00000184708	EIF4ENIF1
10	101996913	101997059	ENSG00000212464	SNORA12
10	118423207	118429775	ENSG00000165863	C10orf82
17	72966799	72971823	ENSG00000263586	RP11-309N17.4
22	20099389	20104915	ENSG00000099899	TRMT2A
10	102008028	102008852	ENSG00000230224	PHBP9
10	102018328	102018434	ENSG00000207362	RNU6-422P
14	104867280	104867385	ENSG00000222761	RNU6-684P
10	102095320	102106147	ENSG00000231188	RP11-34D15.2
14	104917316	104917770	ENSG00000213159	CEND1P1
17	73027192	73027281	ENSG00000252545	RNU6-362P
4	26165077	26436541	ENSG00000168214	RBPJ
17	73037830	73038102	ENSG00000239607	RN7SL573P
17	73056586	73056715	ENSG00000270993	RP11-1112G13.3
10	31109136	31320866	ENSG00000183621	ZNF438
10	102121397	102123376	ENSG00000256545	AL139819.1
17	73070401	73075644	ENSG00000232724	AC111186.1
10	102133372	102143125	ENSG00000235823	LINC00263
17	19505153	19505569	ENSG00000271900	RP11-1113L8.7
5	32227100	32313115	ENSG00000150712	MTMR12
6	170104001	170124151	ENSG00000130024	PHF10
17	19505572	19506521	ENSG00000227225	MTND1P14
10	102158109	102158203	ENSG00000212325	Y_RNA
17	73085957	73086069	ENSG00000206713	Y_RNA
10	102172691	102173178	ENSG00000273030	RP11-285F16.1
17	73134511	73137445	ENSG00000265800	RP11-649A18.5
6	24650205	24667261	ENSG00000111802	TDP2
17	19506587	19506658	ENSG00000242752	TRNAQ41P
19	9715356	9732075	ENSG00000171469	ZNF561
10	102666931	102667037	ENSG00000222072	Y_RNA
17	73141356	73142641	ENSG00000263786	RP11-649A18.4
17	19507110	19508361	ENSG00000228725	MTND2P12
17	73141765	73141857	ENSG00000252042	Y_RNA
3	67048727	67061634	ENSG00000163376	KBTBD8
2	190635049	190649097	ENSG00000128699	ORMDL1
17	73161681	73163344	ENSG00000265242	RP11-649A18.7
7	74311936	74312037	ENSG00000239069	Y_RNA
2	27719709	27746554	ENSG00000084734	GCKR
12	57610578	57620232	ENSG00000182379	NXPH4
4	113460492	113558151	ENSG00000138658	C4orf21
7	74320406	74331163	ENSG00000184616	AC004166.6
11	14899553	14913798	ENSG00000186104	CYP2R1
6	47653600	47689757	ENSG00000153294	GPR115
5	83236373	83680611	ENSG00000164176	EDIL3
18	56338618	56417371	ENSG00000172175	MALT1
16	69354043	69373570	ENSG00000213380	COG8
17	47865917	47906458	ENSG00000136504	KAT7
16	1876968	1890208	ENSG00000180185	FAHD1
11	14926543	15103888	ENSG00000175868	CALCB
X	23720370	23784592	ENSG00000123130	ACOT9
2	32602699	32604667	ENSG00000230046	BIRC6-AS1
1	25226002	25291612	ENSG00000020633	RUNX3
8	20054878	20084330	ENSG00000147416	ATP6V1B2
6	108616098	108847999	ENSG00000135537	LACE1
11	6411655	6416228	ENSG00000166311	SMPD1
12	48220637	48231681	ENSG00000257488	RP5-1057I20.2
7	74572445	74587848	ENSG00000165178	NCF1C
6	43737921	43754224	ENSG00000112715	VEGFA
18	31431064	31804916	ENSG00000101746	NOL4
12	31433518	31479992	ENSG00000139146	FAM60A
12	48276432	48295308	ENSG00000205537	RP11-89H19.1
10	102670860	102672496	ENSG00000272572	RP11-179B2.2
10	102727445	102727892	ENSG00000273476	RP11-108L7.14
12	48399060	48405010	ENSG00000258203	RP1-228P16.3
2	219138915	219157309	ENSG00000135926	TMBIM1
19	56403065	56443702	ENSG00000173572	NLRP13
1	210856555	211307457	ENSG00000143473	KCNH1
8	94870035	94938294	ENSG00000164951	PDP1
17	26941458	26972472	ENSG00000007202	KIAA0100
17	46605888	46608359	ENSG00000120094	HOXB1
11	14988214	14993900	ENSG00000110680	CALCA
15	68112042	68126899	ENSG00000188779	SKOR1
5	114602885	114632528	ENSG00000164221	CCDC112
2	106361354	106510730	ENSG00000071051	NCK2
3	186285192	186315061	ENSG00000090520	DNAJB11
HSCHR6_MHC_APD	32147333	32157217	ENSG00000236873	AGPAT1
2	183004763	183387919	ENSG00000115252	PDE1A
3	108262214	108262722	ENSG00000241634	RP11-381E24.1
3	108293412	108293545	ENSG00000202379	SNORA70
5	132532147	132948255	ENSG00000053108	FSTL4
3	108444287	108444383	ENSG00000241777	RP11-148O7.2
2	73867959	73869520	ENSG00000144035	NAT8
7	44824649	44826939	ENSG00000228596	AC013436.6
17	46618256	46623441	ENSG00000173917	HOXB2
Y	26113711	26116841	ENSG00000228465	TRAPPC2P10
7	44888015	44889167	ENSG00000234183	AC004854.4
16	1883984	1934295	ENSG00000162039	MEIOB
Y	26118927	26141228	ENSG00000232585	OFD1P12Y
HSCHR6_MHC_DBB	31228737	31232108	ENSG00000228299	HLA-C
19	56459198	56499995	ENSG00000179709	NLRP8
11	67171386	67177560	ENSG00000175463	TBC1D10C
HSCHR6_MHC_COX	33181041	33188786	ENSG00000224841	RGL2
Y	26153058	26153384	ENSG00000234081	TCEB1P10
12	48405087	48419252	ENSG00000257985	RP1-228P16.4
Y	26196025	26197634	ENSG00000231375	CDY17P
10	118430703	118502085	ENSG00000165868	HSPA12A
6	28317691	28336947	ENSG00000189298	ZKSCAN3
10	72432559	72522197	ENSG00000138316	ADAMTS14
6	170140210	170151655	ENSG00000184786	TCTE3
12	48448596	48449374	ENSG00000240399	RP1-228P16.1
3	108737757	108737963	ENSG00000221633	U3
Y	26223946	26225959	ENSG00000237467	USP9YP35
21	43159529	43187266	ENSG00000183421	RIPK4
3	108820303	108829189	ENSG00000239314	MORC1-AS1
7	124673507	124675355	ENSG00000186676	EEF1GP1
12	48475102	48475211	ENSG00000222635	RNU6-1203P
Y	26227851	26236493	ENSG00000229250	USP9YP31
12	48478833	48479204	ENSG00000226138	RP1-228P16.7
9	131769315	131790582	ENSG00000148341	SH3GLB2
2	231577560	231685790	ENSG00000135932	CAB39
3	108855561	108868973	ENSG00000241224	RP11-59E19.1
12	48554028	48554661	ENSG00000258051	RP11-474C8.3
12	48562630	48563442	ENSG00000257885	RP11-474C8.4
19	9731967	9756572	ENSG00000267106	C19orf82
2	73956231	73964527	ENSG00000144034	TPRKB
Y	26250254	26252165	ENSG00000232205	CDY18P
3	108895285	108896212	ENSG00000261364	RP11-59E19.4
9	33290509	33371155	ENSG00000086102	NFX1
12	48565373	48567136	ENSG00000257848	RP11-474C8.5
7	77325760	77412339	ENSG00000187257	RSBN1L
Y	26288505	26303990	ENSG00000235981	AC023274.4
17	19508767	19509246	ENSG00000224254	AC025627.4
19	45312328	45324673	ENSG00000187244	BCAM
17	19519102	19537138	ENSG00000231625	CTD-2104P17.1
17	36827961	36831187	ENSG00000179294	C17orf96
19	56511092	56573179	ENSG00000171487	NLRP5
8	95139399	95229531	ENSG00000079112	CDH17
5	35048861	35230794	ENSG00000113494	PRLR
12	73552970	73602097	ENSG00000258123	RP11-314D7.2
Y	26314334	26320641	ENSG00000223698	GOLGA6L11P
19	19756007	19774502	ENSG00000105726	ATP13A1
20	13694969	13765532	ENSG00000089048	ESF1
3	169539710	169555563	ENSG00000188306	LRRIQ4
6	28346732	28367511	ENSG00000158691	ZSCAN12
3	67410884	67705038	ENSG00000172340	SUCLG2
Y	26325463	26329652	ENSG00000242854	DNM1P24
14	29859552	29905618	ENSG00000258107	RP11-260G13.1
3	158680024	159615155	ENSG00000250588	IQCJ-SCHIP1
6	33422356	33425325	ENSG00000213588	ZBTB9
Y	26328624	26329218	ENSG00000230977	AC023274.6
Y	26329581	26333378	ENSG00000244231	CSPG4P2Y
17	46626232	46682274	ENSG00000120093	HOXB3
15	20944008	20944114	ENSG00000238478	RNU6-498P
10	102734742	102734841	ENSG00000207551	MIR608
15	20964640	20980123	ENSG00000259383	RP11-403B2.6
Y	26332656	26338017	ENSG00000172342	CSPG4P3Y
10	102740264	102745371	ENSG00000236662	RP11-108L7.4
17	19552686	19553248	ENSG00000264932	Y_RNA
10	135121979	135166033	ENSG00000198546	ZNF511
15	20978413	20980200	ENSG00000259443	RP11-403B2.5
10	102819786	102820762	ENSG00000273162	RP11-108L7.15
1	25549170	25558993	ENSG00000117614	SYF2
11	15133970	15268754	ENSG00000188487	INSC
15	20980793	20981327	ENSG00000258420	RP11-403B2.3
5	40679600	40693837	ENSG00000171522	PTGER4
15	21018628	21020287	ENSG00000259089	GRAMD4P5
10	102896232	102899468	ENSG00000226740	RP11-31L23.3
19	9759330	9785776	ENSG00000171466	ZNF562
15	21031783	21031969	ENSG00000259214	RP11-810K23.7
10	102936080	102953904	ENSG00000237579	RP11-324L3.1
12	57623110	57628718	ENSG00000182199	SHMT2
15	21038124	21038198	ENSG00000265322	MIR3118-6
Y	26355714	26361728	ENSG00000172332	AC012005.2
15	21060580	21060686	ENSG00000238489	RNU6-749P
Y	24026223	24064214	ENSG00000242389	RBMY1E
15	21095535	21095935	ENSG00000261048	RP11-810K23.9
10	102940901	102941708	ENSG00000270973	RP11-324L3.5
17	36861795	36886056	ENSG00000108292	MLLT6
3	46692000	46692080	ENSG00000251967	SNORD77
HSCHR6_MHC_SSTO	32159380	32164831	ENSG00000224952	PBX2
19	56598732	56632649	ENSG00000142409	ZNF787
3	169556967	169587718	ENSG00000114248	LRRC31
15	21098712	21099309	ENSG00000261554	RP11-810K23.10
10	103911933	103923627	ENSG00000166197	NOLC1
6	33540329	33548019	ENSG00000030110	BAK1
15	21106770	21106938	ENSG00000258799	RP11-810K23.5
10	102989351	103029905	ENSG00000227128	LBX1-AS1
17	44839872	44910520	ENSG00000108379	WNT3
15	21122015	21140987	ENSG00000270831	NF1P1
6	170151718	170181680	ENSG00000130023	ERMARD
HG388_HG400_PATCH	111895537	111935113	ENSG00000263032	DLAT
1	211431719	211489727	ENSG00000117625	RCOR3
Y	26356114	26360978	ENSG00000239533	GOLGA2P2Y
17	66970629	67057205	ENSG00000154258	ABCA9
5	160715436	160976050	ENSG00000145864	GABRB2
14	65381203	65528521	ENSG00000125954	CHURC1-FNTB
1	1288069	1297157	ENSG00000162576	MXRA8
6	28399707	28411279	ENSG00000187987	ZSCAN23
3	186330712	186339107	ENSG00000145192	AHSG
15	21145581	21145662	ENSG00000266545	MIR5701-1
Y	26357107	26357382	ENSG00000242425	RN7SL818P
16	1961464	1968441	ENSG00000162040	HS3ST6
3	44481262	44519162	ENSG00000185219	ZNF445
Y	26378973	26385131	ENSG00000225491	UBE2Q2P4Y
15	21145767	21198632	ENSG00000258710	CT60
7	113726382	114333827	ENSG00000128573	FOXP2
3	46839613	46839880	ENSG00000238013	RP11-427P5.2
3	130279178	130396999	ENSG00000206384	COL6A6
20	1290619	1309883	ENSG00000125775	SDCBP2
Y	26422392	26423173	ENSG00000224827	LINC00265-2P
3	46850849	46854048	ENSG00000226074	PRSS44
6	47749718	47800516	ENSG00000124818	OPN5
6	26104104	26104518	ENSG00000197061	HIST1H4C
19	56643968	56672262	ENSG00000167685	ZNF444
3	47053032	47054636	ENSG00000236409	NRADDP
4	619373	664571	ENSG00000133256	PDE6B
17	73267450	73269976	ENSG00000263843	RP11-649A18.12
15	21166004	21166910	ENSG00000258855	OR11J2P
14	77514515	77552789	ENSG00000258473	RP11-7F17.4
17	73314159	73315410	ENSG00000257073	AC011933.1
3	47130098	47130169	ENSG00000251938	snoU13
3	47205987	47288091	ENSG00000227398	KIF9-AS1
14	77535523	77542687	ENSG00000258819	RP11-7F17.3
15	21174611	21175544	ENSG00000258494	OR11J5P
Y	26424484	26427287	ENSG00000233740	CICP2
16	1988211	1993327	ENSG00000198736	MSRB1
17	73334908	73335228	ENSG00000228007	AC011933.2
15	21224717	21226180	ENSG00000259698	KIAA0125P2
15	21258333	21260031	ENSG00000259025	RP11-810K23.6
17	73340486	73369743	ENSG00000265987	RP11-16C1.3
2	190642909	190643157	ENSG00000231145	AC013468.1
Y	26424828	26437493	ENSG00000248792	LINC00266-2P
3	108897012	108904104	ENSG00000214381	LINC00488
5	40714577	40756077	ENSG00000113638	TTC33
17	73367028	73369817	ENSG00000264853	RP11-16C1.2
14	77639418	77639995	ENSG00000258552	RP11-463C8.5
17	73390204	73391044	ENSG00000265342	RP11-16C1.1
14	77667369	77667483	ENSG00000201384	SNORA32
X	153672473	153679002	ENSG00000071859	FAM50A
15	21286141	21286776	ENSG00000258771	RP11-854K16.2
14	77732561	77732633	ENSG00000221754	MIR1260A
Y	26542751	26549673	ENSG00000234399	RBMY2XP
17	73402150	73402243	ENSG00000264511	MIR3678
15	21308174	21308467	ENSG00000243059	RN7SL400P
14	77817615	77817902	ENSG00000266628	RN7SL137P
7	77423045	77427897	ENSG00000135211	TMEM60
17	73405167	73405269	ENSG00000223217	RNU6-938P
15	34671269	34880704	ENSG00000175265	GOLGA8A
15	21333027	21335424	ENSG00000260986	RP11-854K16.3
12	31477250	31478879	ENSG00000177340	AC024940.1
14	77825766	77826259	ENSG00000258510	RP11-493G17.4
17	73428071	73428168	ENSG00000202332	Y_RNA
17	44910567	44964096	ENSG00000158955	WNT9B
15	21365634	21372686	ENSG00000258684	BMS1P16
1	53392901	53517375	ENSG00000116171	SCP2
17	73492726	73492837	ENSG00000265636	AC100787.1
HSCHR6_MHC_APD	32157475	32159914	ENSG00000223767	RNF5
17	73675554	73676047	ENSG00000264829	RP11-474I11.8
14	77932627	77932779	ENSG00000212371	SNORA46
17	19565313	19565403	ENSG00000252349	SNORA31
12	132568828	132613029	ENSG00000185684	EP400NL
14	78013911	78014212	ENSG00000240233	RN7SL587P
17	19622372	19625741	ENSG00000262681	RP11-311F12.1
17	73679623	73680879	ENSG00000264270	RP11-474I11.7
14	78119170	78119398	ENSG00000258668	COX6CP11
17	19640995	19641855	ENSG00000264785	RP11-311F12.2
15	21893090	21903057	ENSG00000258883	RP11-32B5.2
2	70056774	70108528	ENSG00000087338	GMCL1
15	21936560	21938111	ENSG00000237161	RP11-32B5.1
14	35591755	35786680	ENSG00000258790	KIAA0391
X	79591003	79700810	ENSG00000174016	FAM46D
7	74602783	74653438	ENSG00000232561	GTF2IP1
1	151009046	151020076	ENSG00000163141	BNIPL
10	118609023	118671299	ENSG00000188316	ENO4
HSCHR6_MHC_COX	31530756	31533525	ENSG00000204490	TNF
15	21941147	21968151	ENSG00000247765	RP11-32B5.7
15	21950659	21950765	ENSG00000207289	RNU6-1235P
10	92671853	92681033	ENSG00000148677	ANKRD1
15	21987458	21987995	ENSG00000258415	RP11-32B5.4
15	22015703	22016791	ENSG00000258712	CXADRP2
X	23801290	23804343	ENSG00000130066	SAT1
15	22025293	22025752	ENSG00000258767	RP11-32B5.5
3	133543083	133614680	ENSG00000154917	RAB6B
15	22026731	22026974	ENSG00000258848	GRAMD4P6
15	22049274	22049348	ENSG00000265793	MIR3118-4
15	68346517	68483096	ENSG00000033800	PIAS1
7	44921347	44921399	ENSG00000264326	MIR4657
15	22071734	22071840	ENSG00000200790	RNU6-631P
7	44924552	44925992	ENSG00000272768	RP4-673M15.1
15	22117083	22118114	ENSG00000258585	RP11-928F19.2
7	44959268	44959928	ENSG00000230160	AC004854.5
6	28471073	28495992	ENSG00000198704	GPX6
7	74619641	74620426	ENSG00000223981	PHBP6
7	44998598	45000508	ENSG00000260997	RP4-647J21.1
13	42614176	42830714	ENSG00000102780	DGKH
3	47292013	47292116	ENSG00000239128	snoU13
7	74653079	74653184	ENSG00000231091	AC138783.13
16	1993975	2007607	ENSG00000140986	RPL3L
20	1316228	1317555	ENSG00000203630	AL136531.1
3	47420579	47422489	ENSG00000260236	RP11-708J19.1
15	22133181	22152165	ENSG00000258997	NF1P2
17	19658557	19659520	ENSG00000230607	AC005722.4
3	47507839	47507938	ENSG00000238350	snoU13
17	41522875	41522981	ENSG00000252279	RNU6-406P
7	74696066	74704116	ENSG00000205509	AC138783.11
3	47541331	47541897	ENSG00000271161	RP11-708J19.2
17	19743439	19743828	ENSG00000231096	AC015726.1
10	46222648	46288409	ENSG00000172661	FAM21C
17	41550953	41551058	ENSG00000252729	RNU6-971P
10	127585108	127698161	ENSG00000203780	FANK1
7	124791380	124793665	ENSG00000224899	RP11-3B12.5
17	41553566	41554033	ENSG00000237888	AC087650.1
12	31535157	31744031	ENSG00000170456	DENND5B
3	47542573	47542672	ENSG00000272110	Y_RNA
17	19799903	19800600	ENSG00000270091	RP11-78O7.2
3	47581504	47581590	ENSG00000266443	AC099778.1
14	35747839	35786699	ENSG00000100902	PSMA6
3	149095565	149104370	ENSG00000240541	TM4SF1-AS1
3	47601721	47602014	ENSG00000244732	RN7SL870P
7	124800028	124800601	ENSG00000205898	RP11-3B12.4
12	73597595	73600615	ENSG00000257682	RP11-314D7.3
17	19832685	19833050	ENSG00000266126	RP11-209D14.4
3	47643205	47646167	ENSG00000214773	RP11-717D12.1
12	74042446	74042819	ENSG00000243164	RP11-166B14.1
6	35762759	35765088	ENSG00000137392	CLPS
17	19911364	19912547	ENSG00000261033	RP11-209D14.2
3	47705116	47705424	ENSG00000235695	RP11-395P16.1
4	178163693	178169927	ENSG00000249008	RP11-487E13.1
12	74072968	74073076	ENSG00000252415	RNU6-1012P
7	74702428	74714647	ENSG00000189011	AC138783.12
12	74154469	74192507	ENSG00000257750	RP11-295G12.1
17	19959600	19959943	ENSG00000225681	AC005730.2
6	53362139	53481768	ENSG00000001084	GCLC
7	45022622	45026560	ENSG00000232956	SNHG15
7	124812272	125019375	ENSG00000237764	RP11-3B12.2
12	74158059	74158193	ENSG00000201809	U8
9	131798900	131834361	ENSG00000148343	FAM73B
17	20015137	20016303	ENSG00000225014	KCTD9P1
12	74293650	74293732	ENSG00000272231	AC136188.1
14	105055358	105056184	ENSG00000259037	RP11-614O9.1
Y	15042075	15060090	ENSG00000234059	CASKP1
12	74300720	74313117	ENSG00000257587	RP11-711C17.1
17	20029701	20029801	ENSG00000212186	RNU6-258P
12	74411555	74411636	ENSG00000264155	AC090015.1
17	20088395	20226286	ENSG00000263494	AC004702.2
15	43477316	43487396	ENSG00000166946	CCNDBP1
12	74432866	74439608	ENSG00000258332	RP11-711C17.2
15	22156766	22156847	ENSG00000264902	MIR5701-2
7	124869633	124904345	ENSG00000219445	RP11-3B12.3
17	41622153	41687706	ENSG00000267747	RP11-392O1.4
20	1349622	1373806	ENSG00000088832	FKBP1A
4	178230990	178284097	ENSG00000109674	NEIL3
15	22185845	22186733	ENSG00000258786	RP11-928F19.3
11	61100682	61120767	ENSG00000149476	DAK
17	41757641	41783252	ENSG00000267440	CTC-501O10.1
12	113830250	113864106	ENSG00000135094	SDS
12	74526946	74796315	ENSG00000251138	RP11-81H3.2
7	124940558	124940932	ENSG00000213291	RP11-420H19.3
17	41795682	41797804	ENSG00000267253	RP11-209M4.1
7	148799876	148823438	ENSG00000204947	ZNF425
15	22195622	22199970	ENSG00000261841	RP11-928F19.5
12	116971227	116974323	ENSG00000196668	LINC00173
17	41825568	41825631	ENSG00000215964	AC055813.1
15	22268269	22269196	ENSG00000261406	OR11J1P
17	41860172	41862050	ENSG00000267604	RP5-905N1.2
3	169629360	169656963	ENSG00000187033	SAMD7
6	108881038	109005977	ENSG00000118689	FOXO3
7	124985023	124985431	ENSG00000234071	RP11-420H19.1
12	89813495	89919801	ENSG00000139323	POC1B
14	78149545	78150332	ENSG00000239272	RPL21P10
17	40761694	40767252	ENSG00000131462	TUBG1
6	35773070	35801651	ENSG00000197753	LHFPL5
14	78162934	78163720	ENSG00000258917	ZMYND19P1
11	67182439	67193078	ENSG00000172508	CARNS1
5	40759481	40798476	ENSG00000132356	PRKAA1
7	124985879	124986251	ENSG00000227847	RP11-420H19.2
14	78287373	78287485	ENSG00000199440	Y_RNA
21	43218385	43299591	ENSG00000141956	PRDM15
14	78526285	78526621	ENSG00000258421	FRDAP
15	22278010	22413497	ENSG00000259176	RP11-69H14.6
17	45000483	45105003	ENSG00000108433	GOSR2
2	113779668	113810444	ENSG00000136696	IL36B
16	30194148	30200397	ENSG00000102879	CORO1A
14	78644146	78644264	ENSG00000199454	RNA5SP388
14	78697624	78697962	ENSG00000239438	RP11-332E19.1
6	26107640	26108364	ENSG00000187475	HIST1H1T
6	31777396	31783437	ENSG00000204390	HSPA1L
X	79926353	80065187	ENSG00000165288	BRWD3
2	75273590	75426826	ENSG00000115353	TACR1
2	27760253	27790011	ENSG00000233438	AC109829.1
17	41991801	42000369	ENSG00000267166	RP11-527L4.5
HSCHR6_MHC_DBB	30657847	30675928	ENSG00000225589	MDC1
4	76649777	76735382	ENSG00000138768	USO1
14	105119885	105122124	ENSG00000258736	RP11-982M15.7
17	42004931	42009990	ENSG00000267420	RP11-527L4.6
6	26115101	26124154	ENSG00000180596	HIST1H2BC
14	105127457	105131895	ENSG00000260792	RP11-982M15.8
14	105144031	105144086	ENSG00000265291	MIR4710
14	29945990	29946118	ENSG00000212518	RNU11-5P
7	125071401	125106455	ENSG00000227869	RP11-807H17.1
6	76630832	76782395	ENSG00000112706	IMPG1
14	30122015	30127122	ENSG00000257120	CTD-2503I6.1
10	72530995	72545157	ENSG00000166220	TBATA
2	178413726	178417742	ENSG00000196659	TTC30B
14	30174505	30174608	ENSG00000264797	AL356756.1
3	108943976	108944074	ENSG00000252889	RNU6-1236P
7	77428122	77586818	ENSG00000006576	PHTF2
14	30281122	30281224	ENSG00000252686	RNU6-1234P
16	2009509	2011976	ENSG00000140990	NDUFB10
3	108960354	108961972	ENSG00000239288	RP11-59E19.3
14	30409951	30449418	ENSG00000257904	RP11-269C4.2
17	42102389	42102591	ENSG00000221044	U3
3	109082894	109083081	ENSG00000241257	RP11-397K18.1
17	42193280	42197963	ENSG00000267638	RP11-546M21.6
22	20103461	20114878	ENSG00000099901	RANBP1
3	149101966	149103587	ENSG00000243885	RP11-278L15.2
3	109115463	109116717	ENSG00000244561	RP11-702L6.1
Y	26631479	26632610	ENSG00000227439	TTTY17B
17	19041448	19041895	ENSG00000214844	AC007952.1
17	79670387	79674556	ENSG00000262814	MRPL12
3	109128525	109128931	ENSG00000230618	H3F3AP3
Y	26640856	26641730	ENSG00000224210	TRIM60P5Y
7	74712847	74712948	ENSG00000202021	Y_RNA
19	48799714	48825151	ENSG00000105479	CCDC114
3	149150831	149151061	ENSG00000240246	RP11-167H9.1
14	30421603	30766249	ENSG00000248975	CTD-2251F13.1
17	72322349	72351959	ENSG00000196169	KIF19
3	109128837	109214014	ENSG00000228980	RP11-702L6.4
2	178477720	178483694	ENSG00000197557	TTC30A
Y	26646410	26647652	ENSG00000232003	ZNF736P12Y
7	74765876	74789332	ENSG00000230195	AC118138.2
7	142568956	142583507	ENSG00000165125	TRPV6
2	27799389	27805588	ENSG00000221843	C2orf16
3	149179969	149182617	ENSG00000241929	RP11-278L15.3
4	178351924	178363657	ENSG00000038002	AGA
Y	15195704	15207719	ENSG00000224035	SFPQP1
3	149182626	149182988	ENSG00000239408	RP11-278L15.4
6	170591294	170599561	ENSG00000198719	DLL1
3	149212447	149213782	ENSG00000244503	RP11-278L15.6
10	118643742	118886097	ENSG00000187164	KIAA1598
17	42213251	42213357	ENSG00000212446	RNU6-131P
1	211499957	211548288	ENSG00000082512	TRAF5
3	109190176	109190659	ENSG00000244196	PPIAP15
3	149243418	149243513	ENSG00000252581	RNU6-1098P
17	19059040	19062424	ENSG00000197665	AC007952.6
12	116985911	116992186	ENSG00000258102	RP11-809C9.2
7	74855312	74864233	ENSG00000224804	AC004878.2
3	109216492	109216576	ENSG00000252541	AC092905.1
3	149366784	149367971	ENSG00000241985	WWTR1-IT1
2	190649107	190742355	ENSG00000064933	PMS1
3	44540462	44552128	ENSG00000178917	ZNF852
17	42253341	42264085	ENSG00000267080	ASB16-AS1
3	109321675	109321744	ENSG00000265956	MIR4445
6	26124373	26139344	ENSG00000180573	HIST1H2AC
12	117037075	117041390	ENSG00000258249	RP11-497G19.3
7	74856621	74857439	ENSG00000249595	AC004878.7
3	149374807	149379151	ENSG00000241313	WWTR1-AS1
7	74862851	74863847	ENSG00000254977	AC004878.8
14	30524416	30525160	ENSG00000240201	RP11-269C4.1
10	52365750	52365953	ENSG00000230036	AL596137.1
10	90521163	90537999	ENSG00000204020	LIPN
2	231729354	231743963	ENSG00000135916	ITM2C
7	74910311	74918380	ENSG00000205508	AC004878.5
HSCHR6_MHC_APD	32160089	32163445	ENSG00000231268	AGER
10	52384711	52401211	ENSG00000226200	RP11-50E11.3
3	149496796	149496895	ENSG00000251854	RNU6-507P
3	149635129	149635236	ENSG00000252172	RNU6-720P
3	149656784	149657586	ENSG00000239351	NPM1P29
2	25166505	25194963	ENSG00000115137	DNAJC27
Y	26716349	26753172	ENSG00000235412	TTTY4B
11	6416355	6440644	ENSG00000166313	APBB1
Y	26796955	26797681	ENSG00000240566	AC010153.3
6	31783291	31785723	ENSG00000204389	HSPA1A
12	48624881	48677993	ENSG00000258234	RP11-370I10.2
12	48727538	48727684	ENSG00000258273	RP11-370I10.4
17	73780602	73780688	ENSG00000263565	MIR4738
X	52780318	52790617	ENSG00000157950	SSX2B
10	52389292	52390835	ENSG00000231588	RP11-50E11.2
12	48744728	48836194	ENSG00000257735	RP11-370I10.6
17	73814896	73816136	ENSG00000266980	RP11-552F3.4
10	52415727	52420232	ENSG00000231345	RP11-564C4.6
X	23851470	23926057	ENSG00000184831	APOO
20	13765596	13799067	ENSG00000101247	NDUFAF5
Y	15265842	15274125	ENSG00000235462	TAB3P1
1	1309110	1310875	ENSG00000175756	AURKAIP1
10	52436503	52446086	ENSG00000232706	NUTM2HP
12	113860042	113876081	ENSG00000139410	SDSL
2	75696428	75796848	ENSG00000115363	EVA1A
3	47810601	47810701	ENSG00000266457	AC026318.1
3	68053359	68594776	ENSG00000183662	FAM19A1
12	117099387	117135870	ENSG00000257883	RP11-497G19.1
3	47891045	47891119	ENSG00000221585	MIR1226
2	106679702	106694615	ENSG00000119147	C2orf40
12	117136141	117140935	ENSG00000257654	RP11-497G19.2
Y	15342765	15343320	ENSG00000223915	DPPA2P1
12	117193200	117193679	ENSG00000239374	RP11-407P2.1
12	132621139	132628880	ENSG00000185163	DDX51
12	112842994	112856642	ENSG00000089009	RPL6
3	44596685	44624975	ENSG00000196345	ZKSCAN7
HSCHR6_MHC_COX	31535744	31537711	ENSG00000204487	LTB
Y	15398518	15399258	ENSG00000215414	PSMA6P1
4	178649911	178911904	ENSG00000231171	LINC01098
10	52455352	52455741	ENSG00000226168	RP11-564C4.4
3	9975506	9987097	ENSG00000163703	CRELD1
2	73989311	74007284	ENSG00000144048	DUSP11
12	117219910	117220013	ENSG00000201382	RNU6-558P
16	69362524	69364498	ENSG00000258429	PDF
12	117346117	117346432	ENSG00000240100	RP11-240G22.1
10	52465140	52468666	ENSG00000230011	CTSLP4
17	79670401	79687569	ENSG00000262660	SLC25A10
8	95261481	95274578	ENSG00000164949	GEM
Y	15779840	15779936	ENSG00000252694	AC006371.1
3	68780917	68981761	ENSG00000163377	FAM19A4
2	118572226	118589955	ENSG00000088205	DDX18
Y	15863536	16027704	ENSG00000241859	KALP
2	27805897	27858041	ENSG00000243943	ZNF512
2	27265232	27293490	ENSG00000084693	AGBL5
12	48749575	48750397	ENSG00000257763	OR5BK1P
5	145239296	145252531	ENSG00000204928	GRXCR2
12	48779200	48780048	ENSG00000258024	OR5BT1P
16	69362547	69368774	ENSG00000272617	RP11-343C2.12
1	211649864	211666259	ENSG00000198570	RD3
12	48788293	48789175	ENSG00000257792	OR5BJ1P
HSCHR6_MHC_SSTO	32165411	32170168	ENSG00000234508	GPSM3
16	69368994	69390209	ENSG00000260371	RP11-343C2.9
6	28493702	28502729	ENSG00000224586	GPX5
12	48810933	48811120	ENSG00000273434	OR8S21P
12	48835813	48836730	ENSG00000226413	OR8T1P
16	69369179	69385633	ENSG00000259900	RP11-343C2.7
12	48877070	48894744	ENSG00000258121	RP11-722P11.4
5	136310987	136934068	ENSG00000152377	SPOCK1
12	48881729	48882191	ENSG00000240443	RPS10P20
12	48953665	48956739	ENSG00000198678	OR5BS1P
2	200625267	200715896	ENSG00000226124	FTCDNL1
12	49021671	49022565	ENSG00000224709	OR11M1P
9	33384765	33402643	ENSG00000165269	AQP7
1	211744910	211752084	ENSG00000170385	SLC30A1
14	78227173	78236085	ENSG00000197734	C14orf178
12	56989380	57030600	ENSG00000076108	BAZ2A
3	149694542	149697142	ENSG00000242791	RP11-651P23.5
19	56662314	56663250	ENSG00000204533	AC024580.1
8	20103676	20161474	ENSG00000061337	LZTS1
5	145316142	145461354	ENSG00000156463	SH3RF2
3	47973298	47973404	ENSG00000199591	Y_RNA
10	50723151	50747086	ENSG00000243251	PGBD3
3	48001817	48002571	ENSG00000224895	VPS26BP1
3	149699965	149701095	ENSG00000224831	RP11-651P23.4
17	19118928	19240028	ENSG00000072134	EPN2
6	170599791	170716153	ENSG00000112584	FAM120B
4	183065140	183724177	ENSG00000218336	TENM3
19	56687389	56697144	ENSG00000197487	GALP
3	48080757	48080980	ENSG00000270285	RP11-1029M24.4
3	149702182	149702584	ENSG00000182000	RP11-651P23.2
3	48136293	48136595	ENSG00000265078	RN7SL664P
16	69373333	69377014	ENSG00000132603	NIP7
17	79670404	79688042	ENSG00000183048	SLC25A10
1	151020216	151024462	ENSG00000143443	C1orf56
3	48162159	48162705	ENSG00000236768	RP11-1029M24.1
3	149717432	149718477	ENSG00000241947	HNRNPA1P24
2	200775979	200820658	ENSG00000178074	C2orf69
6	35800743	35889119	ENSG00000096063	SRPK1
3	48202666	48202907	ENSG00000235627	SNRPFP4
19	48824766	48833810	ENSG00000142227	EMP3
9	131843379	131852717	ENSG00000167130	DOLPP1
3	149757001	149931513	ENSG00000243944	RP11-167H9.4
3	48221818	48221879	ENSG00000253056	RNU7-128P
20	47854483	47894963	ENSG00000124201	ZNFX1
16	2012053	2014861	ENSG00000140988	RPS2
3	48223037	48223216	ENSG00000231884	NDUFB1P1
7	45143948	45144081	ENSG00000206838	SNORA5A
3	48238054	48238106	ENSG00000265483	MIR4443
17	50939481	50976948	ENSG00000226364	AC102948.2
8	95384188	95487337	ENSG00000197275	RAD54B
2	32092878	32264881	ENSG00000162961	DPY30
7	45144505	45144641	ENSG00000201772	SNORA5C
3	48297840	48298428	ENSG00000229759	MRPS18AP1
22	31884674	32014572	ENSG00000198089	SFI1
X	23925918	23957624	ENSG00000165182	CXorf58
7	45145567	45145698	ENSG00000200656	SNORA5B
3	48330077	48330184	ENSG00000199476	Y_RNA
19	9800600	9811452	ENSG00000224689	ZNF812
20	1422807	1454487	ENSG00000088833	NSFL1C
3	48332283	48332865	ENSG00000228638	FCF1P2
1	211836114	211848960	ENSG00000117650	NEK2
7	45431225	45431804	ENSG00000234359	ELK1P1
17	51062880	51065012	ENSG00000227011	C17orf112
3	48357850	48357949	ENSG00000252466	MIR2115
10	52486707	52487729	ENSG00000213667	PGGT1BP1
11	67195931	67202872	ENSG00000175634	RPS6KB2
3	48421324	48421620	ENSG00000265053	RN7SL321P
7	45500311	45581781	ENSG00000225537	AC073325.1
10	103012578	103023307	ENSG00000229649	RP11-107I14.4
10	52582452	52584285	ENSG00000229711	RP11-449O16.2
3	48481762	48488060	ENSG00000244380	RP11-24C3.2
7	45574122	45574280	ENSG00000226999	AC073325.2
10	103027694	103027765	ENSG00000252844	SNORD112
10	103067286	103067475	ENSG00000222238	RNU2-43P
10	52722753	52723118	ENSG00000236944	CCDC58P2
3	48529745	48529838	ENSG00000264209	AC104448.1
1	53527854	53551174	ENSG00000174348	PODN
10	103070775	103071262	ENSG00000225208	RP11-107I14.2
3	48616335	48616410	ENSG00000211535	MIR711
10	52724030	52724980	ENSG00000261368	RP11-96B5.4
3	48681627	48681713	ENSG00000263898	MIR4793
10	103082242	103083151	ENSG00000230967	RP11-107I14.5
10	52822339	52828313	ENSG00000223502	RP11-96B5.3
10	72575717	72640930	ENSG00000166224	SGPL1
10	103124602	103124792	ENSG00000222414	RNU2-59P
2	122484521	122494499	ENSG00000155438	NIFK
10	103131609	103131709	ENSG00000239091	snoU13
14	21484922	21539031	ENSG00000165795	NDRG2
10	50723247	50747584	ENSG00000258838	ERCC6-PGBD3
14	78745915	78749719	ENSG00000258723	RP11-332E19.2
10	103361174	103361254	ENSG00000263436	MIR3158-2
HSCHR6_MHC_SSTO	32169488	32198715	ENSG00000234876	NOTCH4
19	56700939	56709289	ENSG00000197213	ZSCAN5B
14	78864221	78864302	ENSG00000239163	AC007056.1
14	79084209	79084318	ENSG00000221178	AC008045.1
2	113816215	113822959	ENSG00000136695	IL36RN
8	21547915	21669869	ENSG00000168546	GFRA2
17	51900239	51902573	ENSG00000141200	KIF2B
6	109169619	109295186	ENSG00000118690	ARMC2
6	78171948	78173490	ENSG00000135312	HTR1B
X	24001837	24045303	ENSG00000174010	KLHL15
19	9862669	9903856	ENSG00000196605	ZNF846
14	35870717	35873955	ENSG00000100906	NFKBIA
7	45763379	45808617	ENSG00000214765	SEPT7P2
2	106709759	106810795	ENSG00000115652	UXS1
2	200794698	200820459	ENSG00000162971	TYW5
6	78400375	78636691	ENSG00000269964	MEI4
19	56713670	56720821	ENSG00000204532	ZSCAN5C
HSCHR6_MHC_COX	31907416	31914421	ENSG00000231044	NELFE
16	69377151	69385712	ENSG00000157315	TMED6
5	145463949	145483932	ENSG00000173261	PLAC8L1
12	102090725	102137918	ENSG00000111666	CHPT1
12	117415247	117425142	ENSG00000257279	RP11-231I16.1
13	42846289	42897396	ENSG00000023516	AKAP11
4	113558120	113578748	ENSG00000174720	LARP7
1	151023447	151042801	ENSG00000197622	CDC42SE1
12	117537286	117579896	ENSG00000258285	RP11-103B5.2
5	136953189	137071779	ENSG00000146021	KLHL3
X	24072833	24096088	ENSG00000130741	EIF2S3
6	28539407	28583989	ENSG00000232040	SCAND3
2	32288680	32382706	ENSG00000021574	SPAST
10	90562487	90580303	ENSG00000173239	LIPM
6	170844205	170862429	ENSG00000008018	PSMB1
12	74564225	74565610	ENSG00000258320	RP11-274M17.1
12	74642417	74677449	ENSG00000257183	RP11-274M17.3
9	33441152	33447609	ENSG00000165272	AQP3
12	74668732	74669011	ENSG00000257113	RP11-274M17.2
12	74686104	74686876	ENSG00000257364	RP11-81H3.1
6	26156559	26157343	ENSG00000168298	HIST1H1E
HSCHR6_MHC_COX	31541313	31544094	ENSG00000226182	LST1
6	79577189	79656157	ENSG00000146243	IRAK1BP1
19	56732681	56879752	ENSG00000131848	ZSCAN5A
Y	26805484	26806553	ENSG00000232976	TRIM60P10Y
17	8191815	8193410	ENSG00000108961	RANGRF
6	26158349	26171577	ENSG00000158373	HIST1H2BD
3	109366954	109529708	ENSG00000242029	RP11-457K10.1
16	30204255	30205627	ENSG00000169627	BOLA2B
15	68483043	68498417	ENSG00000129007	CALML4
12	56551945	56557280	ENSG00000092841	MYL6
11	113185251	113254266	ENSG00000149292	TTC12
17	61896793	61907372	ENSG00000108592	FTSJ3
3	109420303	109421065	ENSG00000271249	RP11-424I3.1
1	211916799	212004114	ENSG00000123684	LPGAT1
4	183811213	183839089	ENSG00000129187	DCTD
3	109634823	109635787	ENSG00000214380	RP11-457K10.2
12	117683356	117683969	ENSG00000257465	TCEB1P32
Y	26829804	26831082	ENSG00000226270	ZNF736P2Y
12	117890817	117894791	ENSG00000255686	RP11-227B21.2
1	53552855	53608289	ENSG00000162383	SLC1A7
12	118327259	118328813	ENSG00000256071	RP11-465L8.1
Y	26837938	26839079	ENSG00000227837	TRIM60P11Y
16	69389464	69442474	ENSG00000132604	TERF2
12	118604604	118604676	ENSG00000221280	AC026366.1
11	15987995	16761138	ENSG00000110693	SOX6
12	118683877	118684807	ENSG00000240342	RPS2P5
Y	27131348	27132623	ENSG00000223978	ZNF736P1Y
15	22297499	22298480	ENSG00000258721	OR11H3P
6	26183958	26184454	ENSG00000197697	HIST1H2BE
Y	16192955	16198480	ENSG00000235451	PNPLA4P1
12	118813155	118814080	ENSG00000270482	RP11-131L12.2
Y	16364065	16364171	ENSG00000266220	AC010723.2
15	22318882	22319785	ENSG00000259324	OR11K1P
12	119083120	119086529	ENSG00000255714	RP11-121J20.1
3	9987226	9994078	ENSG00000163704	PRRT3
6	31795512	31798031	ENSG00000204388	HSPA1B
X	52825184	52827141	ENSG00000204363	SPANXN5
Y	16388092	16389369	ENSG00000223517	AC010723.1
17	20193570	20193671	ENSG00000252971	RNU6-1057P
3	169684423	169716161	ENSG00000008952	SEC62
3	44607051	44635665	ENSG00000273303	RP11-944L7.5
7	125557925	125573886	ENSG00000197462	AC005276.1
15	22332815	22333350	ENSG00000258652	OR4Q1P
12	119175769	119176316	ENSG00000241590	RPL17P37
10	82213922	82292879	ENSG00000108219	TSPAN14
7	125680283	125680354	ENSG00000221418	AC003968.1
7	126019024	126064239	ENSG00000241921	AC000370.2
13	43136872	43182149	ENSG00000120659	TNFSF11
4	76781020	76823724	ENSG00000156194	PPEF2
15	22344660	22345900	ENSG00000261277	OR4H6P
19	9920943	9938492	ENSG00000127452	FBXL12
21	43305221	43373999	ENSG00000157617	C2CD2
9	131857089	131873468	ENSG00000095321	CRAT
17	20224477	20306870	ENSG00000154898	CCDC144CP
3	44619715	44641186	ENSG00000144792	ZNF660
7	126151189	126152933	ENSG00000227249	AC000374.1
17	4613784	4624794	ENSG00000141480	ARRB2
10	92979908	93044088	ENSG00000180628	PCGF5
15	22348678	22348778	ENSG00000238960	snoU13
15	22413569	22414386	ENSG00000259435	OR4N3P
3	158680717	158984096	ENSG00000214216	IQCJ
X	52841228	52847325	ENSG00000171405	XAGE5
15	22433890	22436177	ENSG00000260739	RP11-2F9.4
15	22440227	22440848	ENSG00000223877	RP11-2F9.3
7	126508821	126510586	ENSG00000224981	AC000367.1
10	96075004	96122716	ENSG00000173145	NOC3L
15	22466058	22466493	ENSG00000271288	IGHV1OR15-3
15	22482836	22483268	ENSG00000270356	IGHV1OR15-4
5	160974069	161129599	ENSG00000145863	GABRA6
15	68486139	68522056	ENSG00000260007	RP11-315D16.2
15	22490343	22490685	ENSG00000271507	RP11-603B24.6
12	8834196	8935691	ENSG00000166532	RIMKLB
15	22513229	22513280	ENSG00000221641	MIR1268A
17	52976748	53039310	ENSG00000141198	TOM1L1
15	22546089	22546799	ENSG00000259098	RP11-603B24.2
12	120634489	120639038	ENSG00000089157	RPLP0
3	142025449	142166904	ENSG00000114127	XRN1
15	22566922	22570823	ENSG00000258732	RP11-603B24.1
15	22646603	22647417	ENSG00000259501	RP11-467N20.1
1	151030234	151040970	ENSG00000213190	MLLT11
15	22675148	22675241	ENSG00000263930	MIR4509-1
1	53662101	53679869	ENSG00000157184	CPT2
7	192969	300711	ENSG00000177706	FAM20C
6	31802385	31807541	ENSG00000204387	C6orf48
15	22691016	22693200	ENSG00000259689	ABCB10P1
4	666225	668127	ENSG00000169020	ATP5I
6	170863390	170881958	ENSG00000112592	TBP
6	38683117	38998301	ENSG00000124721	DNAH8
3	44626380	44689963	ENSG00000186448	ZNF197
15	22704721	22715604	ENSG00000185182	GOLGA8DP
15	68499330	68549549	ENSG00000128973	CLN6
14	30907198	31042835	ENSG00000257636	RP11-1103G16.1
3	179116990	179169378	ENSG00000114450	GNB4
11	61116217	61129771	ENSG00000162144	CYB561A3
5	85913721	85916779	ENSG00000127184	COX7C
14	31010982	31011394	ENSG00000258350	SYF2P1
6	42068856	42110357	ENSG00000188112	C6orf132
2	202352148	202483901	ENSG00000155754	ALS2CR11
10	53004654	53005566	ENSG00000231132	RP11-40C11.2
7	138710452	138720775	ENSG00000146858	ZC3HAV1L
17	38024417	38034149	ENSG00000186075	ZPBP2
10	53025085	53025212	ENSG00000266591	AC022537.1
10	53059333	53059415	ENSG00000207813	MIR605
16	30205208	30208882	ENSG00000132207	SLX1A
10	53062326	53066469	ENSG00000235279	RP11-539E19.2
13	43355686	43365683	ENSG00000179813	FAM216B
10	53079586	53080420	ENSG00000213659	RSU1P3
14	105147483	105151269	ENSG00000256050	RP11-982M15.6
14	31152251	31152804	ENSG00000258648	UBE2CP1
10	53399503	53399592	ENSG00000216022	AC068062.1
14	105156428	105157621	ENSG00000258858	RP11-982M15.5
14	31204132	31291908	ENSG00000258558	RP11-159L20.2
3	48701209	48706607	ENSG00000228350	RP11-148G20.1
14	105235686	105236608	ENSG00000258430	RP11-982M15.2
10	53990502	54073888	ENSG00000236671	PRKG1-AS1
19	19779605	19794318	ENSG00000181896	ZNF101
3	48709888	48710166	ENSG00000271973	RP11-572O6.1
14	105287538	105290055	ENSG00000258701	LINC00638
1	53679771	53686289	ENSG00000162384	C1orf123
22	20116979	20135530	ENSG00000099904	ZDHHC8
3	118930579	118959950	ENSG00000121578	B4GALT4
3	48885005	48889414	ENSG00000224424	PRKAR2A-AS1
1	212113741	212208884	ENSG00000143493	INTS7
X	24167290	24234372	ENSG00000005889	ZFX
14	65405870	65409531	ENSG00000176153	GPX2
6	33551515	33556803	ENSG00000204188	GGNBP1
17	73496342	73511664	ENSG00000177303	CASKIN2
8	95390605	95449180	ENSG00000265817	FSBP
3	10004221	10052800	ENSG00000125037	EMC3
X	52891557	52897099	ENSG00000171402	XAGE3
19	45349432	45392485	ENSG00000130202	PVRL2
3	49017351	49021418	ENSG00000235236	RP13-131K19.1
14	36003248	36006260	ENSG00000168348	INSM2
3	49022482	49027421	ENSG00000223343	RP13-131K19.2
6	42123144	42147794	ENSG00000048545	GUCA1A
20	47980414	48099184	ENSG00000158445	KCNB1
HSCHR6_MHC_DBB	29640126	29648836	ENSG00000223852	ZFP57
3	49022918	49023396	ENSG00000273211	RP13-131K19.7
7	74916804	74928928	ENSG00000188073	PMS2P10
5	145492601	145562223	ENSG00000133706	LARS
X	153686621	153701989	ENSG00000130827	PLXNA3
HSCHR6_MHC_DBB	31441226	31443933	ENSG00000268637	CR753820.1
3	49057581	49057667	ENSG00000199032	MIR425
2	25264999	25378243	ENSG00000084710	EFR3B
3	149768516	149769243	ENSG00000240477	RP11-63E16.1
17	45000499	45124520	ENSG00000262633	RP11-156P1.2
9	33461439	33473928	ENSG00000165271	NOL6
3	149795281	149797904	ENSG00000243321	snoU13
12	74931925	74932413	ENSG00000257386	RP11-56G10.2
15	22705928	22706010	ENSG00000221000	AC116165.1
15	22706884	22707162	ENSG00000241034	RN7SL545P
14	65412532	65439494	ENSG00000139998	RAB15
13	43460524	43566407	ENSG00000133106	EPSTI1
12	75050341	75050640	ENSG00000257323	RP11-361A23.1
3	49058051	49058142	ENSG00000207605	MIR191
3	149868325	149868731	ENSG00000241143	RPL32P9
7	148823508	148880116	ENSG00000197024	ZNF398
15	22747313	22782336	ENSG00000259596	RP11-566K19.3
6	109307640	109416022	ENSG00000080546	SESN1
7	138728266	138794465	ENSG00000105939	ZC3HAV1
3	49066749	49067139	ENSG00000272434	RP13-131K19.6
17	34890847	34895159	ENSG00000184886	PIGW
3	149919961	149942977	ENSG00000241048	RP11-167H9.5
3	49120666	49120963	ENSG00000241461	RN7SL182P
1	151043054	151098018	ENSG00000143458	GABPB2
17	45055523	45056614	ENSG00000179673	RPRML
12	49048165	49048301	ENSG00000221491	SNORA34
3	149956306	149957996	ENSG00000244541	RP11-167H9.6
HSCHR6_MHC_DBB	31447882	31461098	ENSG00000224378	MICB
14	79161664	79164465	ENSG00000258719	RP11-232C2.3
X	52920336	52937587	ENSG00000179304	FAM156B
12	49050431	49050565	ENSG00000206612	SNORA2A
3	49177519	49198284	ENSG00000270441	RP11-694I15.7
12	49061240	49061376	ENSG00000207313	SNORA2B
15	68570141	68588203	ENSG00000169018	FEM1B
14	79169958	79176277	ENSG00000258874	RP11-232C2.2
10	72642037	72648541	ENSG00000166228	PCBD1
12	49159977	49161106	ENSG00000257653	RP11-579D7.2
16	69458428	69500169	ENSG00000103018	CYB5B
14	79210741	79220221	ENSG00000258478	RP11-232C2.1
1	1321091	1334708	ENSG00000221978	CCNL2
3	149983199	150005160	ENSG00000243550	RP11-483E7.1
14	79538475	79541110	ENSG00000258829	CTD-2243E23.1
10	54148872	54149248	ENSG00000213657	RP11-346D6.4
16	2016824	2018976	ENSG00000179580	RNF151
20	48120411	48184683	ENSG00000124212	PTGIS
7	74927121	74927222	ENSG00000199641	Y_RNA
10	31607424	31818742	ENSG00000148516	ZEB1
14	79666325	79667975	ENSG00000258419	RP11-588P7.1
21	43406940	43430496	ENSG00000173276	ZBTB21
12	89913185	89920039	ENSG00000257594	GALNT4
14	79713011	79715366	ENSG00000258662	RP11-588P7.2
7	74936533	74944219	ENSG00000205506	AC004878.6
10	54170895	54173252	ENSG00000227972	PRKRIRP3
5	14581884	14615116	ENSG00000145569	FAM105A
12	113899839	113910085	ENSG00000089116	LHX5
10	54210634	54230293	ENSG00000231131	RP11-346D6.6
3	133646992	133648656	ENSG00000221972	C3orf36
10	54316462	54515169	ENSG00000228651	RP11-556E13.1
19	9938568	9940791	ENSG00000198258	UBL5
1	53692564	53704282	ENSG00000162385	MAGOH
15	60780483	61521518	ENSG00000069667	RORA
7	126621021	126621832	ENSG00000230820	AC000362.1
10	54612367	54612463	ENSG00000201196	Y_RNA
10	54733248	54735575	ENSG00000227121	RP11-319F12.2
17	36884086	36884451	ENSG00000269094	AC006449.1
5	114856608	114880591	ENSG00000145780	FEM1C
12	132628993	132637013	ENSG00000184967	NOC4L
10	103382616	103382722	ENSG00000222051	RNU6-1165P
10	103464409	103468158	ENSG00000224817	RP11-190J1.3
7	227554	229557	ENSG00000249852	AC145676.2
17	36886488	36891297	ENSG00000230055	CISD3
10	103578835	103588536	ENSG00000226009	KCNIP2-AS1
4	184020446	184241930	ENSG00000151718	WWC2
10	103712362	103712461	ENSG00000222430	Y_RNA
7	302918	304070	ENSG00000269396	AC187652.1
3	133651540	133771028	ENSG00000174640	SLCO2A1
10	103845233	103845487	ENSG00000224302	RP11-302K17.3
5	70264310	70320941	ENSG00000249437	NAIP
10	103849725	103849819	ENSG00000229629	RP11-302K17.4
3	150329049	150329664	ENSG00000271711	RP11-392O18.2
14	105297175	105297508	ENSG00000239365	RPS26P49
19	48835613	48867494	ENSG00000161558	TMEM143
3	150421351	150437933	ENSG00000240137	RP11-103G8.2
17	34900737	34946278	ENSG00000005955	GGNBP2
6	170884383	170893780	ENSG00000071994	PDCD2
5	133291201	133304478	ENSG00000113583	C5orf15
14	105302331	105303221	ENSG00000196183	RPS2P4
22	20135950	20138399	ENSG00000234409	AC006547.14
HSCHR6_MHC_APD	32163854	32169304	ENSG00000225987	PBX2
19	56751773	56758863	ENSG00000267908	ZSCAN5D
12	49165758	49165820	ENSG00000264201	MIR4701
3	150437784	150438623	ENSG00000244668	RP11-103G8.1
14	105309000	105312253	ENSG00000258811	CTD-3051D23.1
X	24483338	24557954	ENSG00000067992	PDK3
12	49182930	49184318	ENSG00000257660	RP11-579D7.4
8	21766384	21771371	ENSG00000147443	DOK2
3	150479724	150480325	ENSG00000244265	SIAH2-AS1
20	13829893	13977089	ENSG00000101251	SEL1L2
16	2022038	2032934	ENSG00000183751	TBL3
3	50595462	50608458	ENSG00000088543	C3orf18
7	536895	559933	ENSG00000197461	PDGFA
3	150570271	150798513	ENSG00000239265	CLRN1-AS1
10	135138927	135150475	ENSG00000130643	CALY
7	126698142	126698238	ENSG00000207692	MIR592
2	111395275	111435691	ENSG00000169679	BUB1
19	19821280	19843906	ENSG00000105708	ZNF14
19	56784138	56821819	ENSG00000267710	AC006116.20
7	126855181	126869975	ENSG00000236340	AC000099.1
6	10748027	10930656	ENSG00000272162	RP11-637O19.3
3	150608423	150756605	ENSG00000243273	RP11-166N6.2
7	126935674	126936257	ENSG00000236105	AC000110.1
7	126990182	126991577	ENSG00000224138	AC000123.4
17	45195069	45266788	ENSG00000004897	CDC27
12	50505762	50514240	ENSG00000178449	COX14
7	127116937	127125858	ENSG00000226770	AC000124.1
6	53512699	53530506	ENSG00000124743	KLHL31
19	45393826	45406946	ENSG00000130204	TOMM40
10	103862019	103862089	ENSG00000253068	SNORD112
10	104020987	104021063	ENSG00000251989	AL160011.1
Y	27164646	27165450	ENSG00000230819	ZNF736P5Y
18	56529832	56653712	ENSG00000074657	ZNF532
10	104196269	104196341	ENSG00000202569	MIR146B
12	49194359	49194869	ENSG00000271547	RP11-579D7.8
22	20228938	20270769	ENSG00000040608	RTN4R
12	49203694	49203799	ENSG00000207467	Y_RNA
12	49285913	49286011	ENSG00000199394	RNU6-600P
HSCHR6_MHC_DBB	29688037	29703789	ENSG00000235220	HLA-F
3	138153428	138200528	ENSG00000158220	ESYT3
12	49297201	49297596	ENSG00000239617	RP11-302B13.1
10	104209574	104220863	ENSG00000269609	RP11-18I14.10
12	49321722	49321816	ENSG00000201678	Y_RNA
2	32390933	32449448	ENSG00000152683	SLC30A6
2	122494679	122525429	ENSG00000211460	TSN
6	26188938	26189304	ENSG00000188987	HIST1H4D
HG388_HG400_PATCH	111934733	111944997	ENSG00000262740	PIH1D2
13	43597339	43683045	ENSG00000120675	DNAJC15
19	19896648	19932560	ENSG00000081665	ZNF506
8	95499921	95565757	ENSG00000164944	KIAA1429
Y	27209230	27246039	ENSG00000228296	TTTY4C
16	30205754	30215631	ENSG00000261052	SULT1A3
5	114914339	114961876	ENSG00000243414	TICAM2
19	56887413	56904914	ENSG00000018869	ZNF582
14	80077761	80099654	ENSG00000259106	RP11-242P2.2
14	80128009	80257606	ENSG00000258637	RP11-242P2.1
8	144680074	144682485	ENSG00000179886	TIGD5
6	26197068	26199521	ENSG00000197409	HIST1H3D
14	31260304	31260695	ENSG00000243855	RP11-114O13.1
15	22751742	22752819	ENSG00000259184	RP11-566K19.4
2	178487980	178973066	ENSG00000128655	PDE11A
14	31288920	31289120	ENSG00000240513	RP11-829H16.1
14	80359423	80440512	ENSG00000258416	RP11-526N18.1
HSCHR6_MHC_SSTO	32267412	32346296	ENSG00000232106	C6orf10
3	186353758	186370930	ENSG00000090512	FETUB
15	22777713	22789974	ENSG00000259400	ELMO2P1
10	72972327	73062621	ENSG00000107731	UNC5B
14	31290625	31291049	ENSG00000213867	RP11-829H16.2
18	32073254	32471808	ENSG00000134769	DTNA
14	80677762	80921812	ENSG00000258766	DIO2-AS1
12	114254543	114404176	ENSG00000122965	RBM19
14	31345385	31359014	ENSG00000258525	RP11-829H16.3
15	23095170	23115256	ENSG00000259344	RP11-566K19.6
14	81288868	81289140	ENSG00000258452	RP11-757H14.2
6	33588142	33664351	ENSG00000096433	ITPR3
6	47845764	48036425	ENSG00000244694	PTCHD4
14	81448332	81449982	ENSG00000258915	RP11-114N19.2
HG388_HG400_PATCH	111620189	111620258	ENSG00000264197	AP001781.1
14	81467510	81468130	ENSG00000271705	RPL17P3
3	159557650	159615149	ENSG00000151967	SCHIP1
17	36890150	36906070	ENSG00000056661	PCGF2
14	81469669	81469989	ENSG00000271656	RP11-114N19.5
HG388_HG400_PATCH	111639392	111649074	ENSG00000262083	RP11-108O10.2
Y	27314746	27315988	ENSG00000236379	ZNF736P4Y
6	10762956	10838764	ENSG00000111837	MAK
14	81498873	81499748	ENSG00000259167	NMNAT1P1
14	31433553	31433828	ENSG00000258886	HIGD1AP17
15	23096869	23105332	ENSG00000259425	RP11-566K19.5
14	81573377	81636758	ENSG00000258999	RP11-114N19.3
HG388_HG400_PATCH	111687938	111699936	ENSG00000263261	ALG9-IT1
14	31483852	31483948	ENSG00000207952	MIR624
2	231772033	231825781	ENSG00000135898	GPR55
14	81669039	81669178	ENSG00000221303	SNORA79
HG388_HG400_PATCH	111734977	111735183	ENSG00000263274	GNG5P3
14	31487652	31488002	ENSG00000258968	RP11-829H16.5
4	667369	675822	ENSG00000215375	MYL5
14	81712638	81712907	ENSG00000205579	DYNLL1P1
8	144686083	144691943	ENSG00000104524	PYCRL
1	25568728	25664704	ENSG00000117616	C1orf63
14	31580775	31581445	ENSG00000258640	RPL21P5
X	24576204	24690794	ENSG00000102230	PCYT1B
HG388_HG400_PATCH	111759922	111760194	ENSG00000262958	RPL37AP8
21	43483068	43563563	ENSG00000177398	UMODL1
13	43787654	44361044	ENSG00000120658	ENOX1
Y	27329790	27330920	ENSG00000223641	TTTY17C
HG388_HG400_PATCH	111799123	111799231	ENSG00000261954	5S_rRNA
14	81725909	81726583	ENSG00000270343	UNGP3
15	23116383	23116940	ENSG00000270628	RP11-26F2.2
14	31612145	31612254	ENSG00000207440	RNU6-541P
14	31713967	31714067	ENSG00000202402	Y_RNA
HG388_HG400_PATCH	111816367	111817615	ENSG00000262129	RP11-708L7.7
14	81799305	81799705	ENSG00000242163	RP11-299L17.1
12	50523575	50561288	ENSG00000139624	CERS5
Y	27412731	27419678	ENSG00000227633	RBMY2YP
14	31717834	31771945	ENSG00000257831	RP11-596D21.1
15	23128188	23145997	ENSG00000259480	RP11-26F2.1
HG388_HG400_PATCH	111900558	111901090	ENSG00000262501	PPIHP1
19	48867652	48879633	ENSG00000105467	SYNGR4
14	81879314	81879583	ENSG00000258605	RP11-299L17.4
14	31727814	31727915	ENSG00000199291	Y_RNA
10	135160650	135166187	ENSG00000165828	PRAP1
HG388_HG400_PATCH	111903222	111903321	ENSG00000262805	U6
14	31779519	31779590	ENSG00000263784	AL136418.1
14	81908331	81916501	ENSG00000258675	RP11-299L17.3
14	31889492	31922089	ENSG00000250365	CTD-2213F21.2
15	23157871	23158157	ENSG00000230856	AC138649.1
22	20301799	20307603	ENSG00000128185	DGCR6L
6	26199079	26199471	ENSG00000196866	HIST1H2AD
14	82071691	82089405	ENSG00000258977	RP11-799P8.1
4	26483022	26492084	ENSG00000163394	CCKAR
19	56909335	56947404	ENSG00000198440	ZNF583
15	23181938	23182642	ENSG00000259174	RP11-1180F24.1
14	82127772	82129218	ENSG00000258841	RP11-226P1.3
10	103986085	103989346	ENSG00000119915	ELOVL3
15	23187728	23208737	ENSG00000187667	WHAMMP3
2	231860836	231889770	ENSG00000173699	SPATA3
5	133307606	133340824	ENSG00000213585	VDAC1
1	53711217	53793742	ENSG00000157193	LRP8
15	23263708	23263986	ENSG00000244736	RN7SL495P
15	23264866	23264948	ENSG00000239124	AC091565.1
12	8975068	9039597	ENSG00000166535	A2ML1
6	95124	95454	ENSG00000271530	RP1-24O22.5
11	16634679	16778428	ENSG00000110696	C11orf58
3	130397779	130465673	ENSG00000196455	PIK3R4
6	105919	106856	ENSG00000220212	OR4F1P
10	50817141	50901925	ENSG00000070748	CHAT
10	103989943	104001231	ENSG00000107859	PITX3
1	151104161	151119104	ENSG00000143434	SEMA6C
6	131910	144885	ENSG00000170590	LINC00266-3
6	142272	145083	ENSG00000217929	CICP18
3	69024365	69063112	ENSG00000163378	EOGT
5	114914339	114961858	ENSG00000251201	TMED7-TICAM2
7	127284739	127292066	ENSG00000240790	AC073934.6
15	23282281	23378228	ENSG00000140181	HERC2P2
6	167607	170631	ENSG00000218577	RP3-416J7.1
7	127497905	127498541	ENSG00000240579	RP11-20L24.1
HSCHR6_MHC_APD	32169884	32174641	ENSG00000237052	GPSM3
3	133784147	133969689	ENSG00000163785	RYK
12	69139886	69187508	ENSG00000175782	SLC35E3
22	32014477	32058418	ENSG00000241878	PISD
6	181466	205484	ENSG00000263667	RP3-416J7.4
7	127721913	127722012	ENSG00000207588	MIR593
7	74945134	74957275	ENSG00000198632	AC004878.3
7	127847924	127847996	ENSG00000207705	MIR129-1
10	93170096	93274586	ENSG00000165338	HECTD2
7	127904579	127904942	ENSG00000272915	RP11-62J1.4
1	212208919	212280742	ENSG00000143476	DTL
12	132680924	132905935	ENSG00000182870	GALNT9
6	203313	206392	ENSG00000205653	RP3-416J7.5
7	127930057	127930144	ENSG00000221429	AC018635.1
13	44398045	44453827	ENSG00000151773	CCDC122
7	127946702	127947731	ENSG00000242261	RP11-62J1.3
HSCHR6_MHC_SSTO	32367231	32381497	ENSG00000224242	BTNL2
12	71441182	71512027	ENSG00000258053	CTD-2021H9.3
6	524171	525581	ENSG00000230433	RP1-20B11.2
14	105324129	105325173	ENSG00000258593	CTD-3051D23.4
7	127984135	127984196	ENSG00000238750	RNU7-27P
7	74955146	74955247	ENSG00000202178	Y_RNA
14	36007558	36278510	ENSG00000174373	RALGAPA1
19	9945933	9960358	ENSG00000127445	PIN1
14	105370679	105371541	ENSG00000259067	CTD-3051D23.3
11	61129473	61136981	ENSG00000149483	TMEM138
7	74966356	74974606	ENSG00000205505	AC006014.10
6	669081	670307	ENSG00000219712	RP11-532F6.2
11	67202981	67205538	ENSG00000213402	PTPRCAP
6	42123279	42131156	ENSG00000214732	RP1-139D8.6
10	54798045	54798304	ENSG00000231399	SNRPEP8
14	105559946	105565341	ENSG00000257556	RP11-44N21.1
10	55050832	55070825	ENSG00000226296	RP11-71J2.1
6	708592	711405	ENSG00000272463	RP11-532F6.3
10	55217957	55218048	ENSG00000252161	RNA5SP318
14	105579027	105579201	ENSG00000258154	RP11-44N21.2
18	56806709	56826068	ENSG00000166562	SEC11C
10	55526160	55526374	ENSG00000233805	RP11-449J3.3
14	105618531	105647531	ENSG00000257622	RP11-44N21.4
6	711533	750729	ENSG00000271727	RP11-532F6.4
10	56107723	56107774	ENSG00000263921	AC013737.1
5	114949205	114968689	ENSG00000134970	TMED7
10	56212183	56212271	ENSG00000252252	RNU6-687P
12	49354521	49354619	ENSG00000238395	snoU13
6	761675	780648	ENSG00000271911	RP11-532F6.5
12	49369326	49369429	ENSG00000200303	RNU6-940P
10	56245990	56415811	ENSG00000234173	RP11-257I14.1
14	105840955	105841308	ENSG00000242085	RPS20P33
9	33524392	33573007	ENSG00000230453	ANKRD18B
15	68594050	68724501	ENSG00000137809	ITGA11
12	49388933	49390117	ENSG00000258283	RP11-386G11.3
6	774747	780214	ENSG00000272485	RP11-284J1.1
9	131873229	131911225	ENSG00000119383	PPP2R4
6	905462	909594	ENSG00000260982	RP5-1077H22.2
12	49392150	49412988	ENSG00000257913	RP11-386G11.5
10	56359438	56360443	ENSG00000224697	NEFMP1
10	104005289	104142656	ENSG00000107862	GBF1
6	958563	962511	ENSG00000229796	RP5-1077H22.1
10	56367634	56367717	ENSG00000221594	MIR548F1
3	49289562	49289697	ENSG00000270538	RP11-3B7.7
10	104242796	104243316	ENSG00000273262	RP11-18I14.11
10	56624434	56628882	ENSG00000236958	RP11-264A11.1
3	49307565	49307672	ENSG00000199546	Y_RNA
6	1026729	1027460	ENSG00000270937	RP5-856G1.1
10	104285722	104286001	ENSG00000242311	RN7SL21P
3	49311553	49311619	ENSG00000264633	MIR4271
10	57007515	57356993	ENSG00000236744	RP11-168O22.1
6	1186753	1186855	ENSG00000238438	snoU13
12	49483991	49487095	ENSG00000257346	RP11-386G11.8
10	104332514	104332982	ENSG00000228657	RP11-170J3.2
3	49402578	49404439	ENSG00000235908	RHOA-IT1
6	1384025	1385301	ENSG00000261730	RP4-668J24.2
10	57228087	57228982	ENSG00000223800	RP11-598C10.2
10	104351281	104351387	ENSG00000207029	RNU6-43P
3	49460379	49461864	ENSG00000235261	NICN1-AS1
6	1507557	1507851	ENSG00000243439	RN7SL352P
4	26578059	26756973	ENSG00000109680	TBC1D19
6	1513933	1515524	ENSG00000218027	RP11-157J24.1
10	57265979	57272977	ENSG00000228048	RP11-598C10.1
17	73872453	73875627	ENSG00000267801	RP11-552F3.9
16	69598997	69738569	ENSG00000102908	NFAT5
7	45813194	45822756	ENSG00000234536	AC096582.7
3	49504548	49504661	ENSG00000201301	RNA5SP130
19	45409011	45412650	ENSG00000130203	APOE
6	1528599	1529146	ENSG00000272279	RP11-157J24.2
10	57327499	57327602	ENSG00000238355	snoU13
17	73893141	73896229	ENSG00000267342	RP11-552F3.10
3	49586739	49591799	ENSG00000226913	BSN-AS2
10	57427101	57428110	ENSG00000236993	GAPDHP21
7	148892577	148923339	ENSG00000170265	ZNF282
HSCHR6_MHC_APD	32173961	32183518	ENSG00000238196	NOTCH4
17	73939913	73941223	ENSG00000267615	RP11-552F3.13
6	42152139	42162654	ENSG00000112599	GUCA1B
13	44453420	44468068	ENSG00000179630	LACC1
5	161274197	161326975	ENSG00000022355	GABRA1
3	150618941	150621181	ENSG00000244382	RP11-373I8.1
7	45829184	45829287	ENSG00000212450	RNU6-241P
10	57506311	57506668	ENSG00000270541	RP11-478B11.2
12	71518865	71835678	ENSG00000127324	TSPAN8
3	49677916	49679202	ENSG00000235120	BSN-AS1
7	45854201	45854862	ENSG00000272556	RP11-638I8.1
X	24712036	25015103	ENSG00000101868	POLA1
10	58355723	58355791	ENSG00000238707	SNORD2
17	73975312	74002080	ENSG00000261408	TEN1-CDK3
3	150635484	150635582	ENSG00000222079	AC020636.1
3	49721913	49722416	ENSG00000259970	AC099668.5
10	59064239	59064319	ENSG00000264747	MIR3924
7	45855815	45858615	ENSG00000235955	CICP20
3	150905886	150906010	ENSG00000199994	RNA5SP145
3	150953732	150953822	ENSG00000266798	AC078816.1
10	59272917	59273185	ENSG00000235810	RP11-550A9.1
22	20366206	20368028	ENSG00000183038	GGTLC3
11	67205519	67211292	ENSG00000172725	CORO1B
3	49795916	49796089	ENSG00000239576	COX6CP14
5	14664773	14699820	ENSG00000154124	FAM105B
12	89913185	89920039	ENSG00000259075	POC1B-GALNT4
3	150987228	150987917	ENSG00000239570	SETP11
3	49812718	49813047	ENSG00000244730	RP13-1056D16.2
7	45856156	45860663	ENSG00000226838	AC096582.8
10	59715055	59716938	ENSG00000223841	RP11-448K10.1
19	48885827	48894810	ENSG00000105438	KDELR1
12	79257773	79845788	ENSG00000067715	SYT1
7	45858181	45858696	ENSG00000251378	AC096582.9
6	49398073	49430904	ENSG00000146085	MUT
6	2245982	2482256	ENSG00000250903	GMDS-AS1
7	45883233	45883339	ENSG00000202350	RNU6-326P
20	48249482	48330415	ENSG00000158470	B4GALT5
7	46009256	46019790	ENSG00000237471	AC073115.6
8	144694788	144700218	ENSG00000104522	TSTA3
7	46014976	46015037	ENSG00000239004	RNU7-76P
3	10068098	10143614	ENSG00000144554	FANCD2
7	46030504	46040497	ENSG00000229628	AC073115.7
17	73841780	73852588	ENSG00000132471	WBP2
9	33617760	33618504	ENSG00000205274	TRBV20OR9-2
2	64319786	64371588	ENSG00000197329	PELI1
12	69186125	69187743	ENSG00000251695	AC124890.1
7	46037139	46037670	ENSG00000233952	FTLP15
2	200820040	200873263	ENSG00000162972	C2orf47
5	102594403	102614361	ENSG00000181751	C5orf30
HSCHR6_MHC_QBL	30865549	30871471	ENSG00000221974	GTF2H4
16	30215637	30220392	ENSG00000258130	RP11-347C12.3
22	20456003	20461786	ENSG00000196622	RIMBP3
13	44717679	44735393	ENSG00000139656	SMIM2
9	33629119	33629584	ENSG00000183938	TRBV21OR9-2
14	82194124	82209482	ENSG00000258718	RP11-226P1.2
12	75057554	75057921	ENSG00000188646	RP11-361A23.2
13	44947801	44971850	ENSG00000151778	SERP2
12	75121818	75122631	ENSG00000257998	RP11-361A23.3
9	33638033	33638492	ENSG00000229063	TRBV23OR9-2
22	20692438	20716938	ENSG00000188280	FAM230A
10	135168658	135171529	ENSG00000148803	FUOM
3	109696387	109696614	ENSG00000243945	RP11-696F10.1
17	40811323	40819024	ENSG00000037042	TUBG2
8	21777180	21864096	ENSG00000130227	XPO7
HSCHR6_MHC_APD	32295497	32350672	ENSG00000236672	C6orf10
12	49521565	49541652	ENSG00000258017	RP11-386G11.10
19	48898132	48948188	ENSG00000105464	GRIN2D
3	110246329	110248429	ENSG00000240895	RP11-119D18.1
12	75414749	75438573	ENSG00000257434	RP11-81K13.1
3	110270692	110270812	ENSG00000221206	RNU6ATAC15P
14	105861979	105862477	ENSG00000256498	AL928654.1
16	2028918	2034193	ENSG00000196408	NOXO1
19	45417504	45422606	ENSG00000130208	APOC1
3	110401133	110402001	ENSG00000244722	RP11-179A18.1
12	49526636	49526730	ENSG00000200309	Y_RNA
18	56887400	56898006	ENSG00000134443	GRP
3	110445868	110445968	ENSG00000201426	Y_RNA
12	49627352	49658539	ENSG00000258101	RP11-977B10.2
17	74136637	74150731	ENSG00000267128	RNF157-AS1
14	105883221	105886076	ENSG00000251602	RP11-521B24.3
2	204259068	204400133	ENSG00000173166	RAPH1
12	49658939	49667089	ENSG00000258232	RP11-161H23.5
6	2341684	2341950	ENSG00000236086	HMGN2P28
16	30234258	30265831	ENSG00000198064	RP11-347C12.1
12	75628520	75692288	ENSG00000254451	RP11-560G2.1
3	110612555	110790400	ENSG00000242242	PVRL3-AS1
HSCHR6_MHC_DBB	33217712	33222212	ENSG00000223367	RPS18
7	142605267	142630905	ENSG00000127412	TRPV5
12	49686414	49718359	ENSG00000258334	RP11-161H23.9
6	2409770	2409869	ENSG00000266252	AL031768.1
6	2437783	2438483	ENSG00000272465	RP1-136B1.1
17	8213559	8225829	ENSG00000198844	ARHGEF15
6	2637170	2640235	ENSG00000228718	RP11-145H9.3
6	2854265	2854341	ENSG00000266750	MIR4645
10	59742045	59742753	ENSG00000270192	MRPS35P3
22	20704868	20745048	ENSG00000161133	USP41
12	49783299	49783945	ENSG00000257954	RP11-161H23.10
14	31932001	31932577	ENSG00000239323	CTD-2213F21.1
14	105934130	105936954	ENSG00000257270	RP11-521B24.5
10	59866184	59866640	ENSG00000232115	RP11-123G9.1
6	2854896	2881641	ENSG00000230438	RP11-420G6.4
19	56950694	56989434	ENSG00000198046	ZNF667
17	42276250	42293933	ENSG00000267394	CTB-175E5.7
14	32022564	32027704	ENSG00000258196	CTD-2213F21.4
14	106003198	106003576	ENSG00000230157	ATP5G1P1
10	59972302	59972797	ENSG00000180221	TPT1P10
12	49836207	49836435	ENSG00000257464	RP11-161H23.8
9	33750515	33799230	ENSG00000010438	PRSS3
17	74198725	74198877	ENSG00000267376	ATP5LP6
17	42298769	42301078	ENSG00000260793	RP5-882C2.2
6	17600586	17611950	ENSG00000137414	FAM8A1
3	111185160	111215942	ENSG00000239311	RP11-615J4.3
14	32027713	32030540	ENSG00000257155	CTD-2213F21.3
2	231902205	231914434	ENSG00000204128	C2orf72
3	111197584	111197790	ENSG00000244142	ATP6V0CP2
14	32131244	32131349	ENSG00000223087	RNU6-602P
17	42306128	42307596	ENSG00000267691	SHC1P2
14	32155898	32156004	ENSG00000207412	RNU6-455P
14	106012947	106016031	ENSG00000234402	ELK2BP
HSCHR6_MHC_APD	32371619	32385878	ENSG00000226127	BTNL2
10	59998418	59998521	ENSG00000238970	snoU13
14	32395007	32399352	ENSG00000257472	RP11-159D23.2
10	60064313	60065381	ENSG00000228527	RP11-179B15.5
Y	27524447	27540866	ENSG00000228786	LINC00266-4P
3	111289485	111289901	ENSG00000240787	RP11-615J4.4
6	2910847	2912347	ENSG00000232999	RP1-90J20.10
17	42368226	42368519	ENSG00000239702	RN7SL507P
14	106056273	106056350	ENSG00000263413	AL928742.1
19	48949030	48960279	ENSG00000105447	GRWD1
13	45007655	45151283	ENSG00000102804	TSC22D1
14	32544625	32545999	ENSG00000258655	ARHGAP5-AS1
14	106057407	106057466	ENSG00000266597	AL928742.2
3	111352519	111353936	ENSG00000244720	RP11-402J7.2
Y	27535139	27537958	ENSG00000233652	CICP1
17	42376942	42392683	ENSG00000267750	AC003102.3
6	2917128	2917967	ENSG00000228365	RP1-90J20.2
5	102884556	102898494	ENSG00000112874	NUDT12
2	3501132	3523507	ENSG00000182551	ADI1
14	32671251	32671357	ENSG00000201654	RNU6-7
14	106064028	106066546	ENSG00000227468	AL928742.12
14	32672369	32672475	ENSG00000202337	RNU6-8
6	26199748	26200942	ENSG00000197846	HIST1H2BF
17	42381382	42381570	ENSG00000221496	U3
6	2988201	2991407	ENSG00000244041	LINC01011
17	42384456	42384541	ENSG00000252628	RNU6-453P
17	42405981	42408830	ENSG00000267211	RP5-1067M6.3
5	115140430	115152651	ENSG00000129596	CDO1
5	130761584	131132676	ENSG00000273217	CTC-432M15.3
17	42442382	42443119	ENSG00000267634	RPL7L1P5
Y	27539301	27540203	ENSG00000233944	LINC00265-3P
17	42486429	42486726	ENSG00000240589	RN7SL258P
19	9964394	10047228	ENSG00000105088	OLFM2
17	42673714	42674712	ENSG00000271222	RP11-1072C15.7
5	14704910	14871887	ENSG00000154122	ANKH
Y	27577303	27583462	ENSG00000223636	UBE2Q2P5Y
2	70120692	70132707	ENSG00000124380	SNRNP27
7	74880905	74988262	ENSG00000174368	PMS2P2
17	42722779	42722958	ENSG00000267384	RP11-1072C15.3
3	49843570	49843678	ENSG00000263506	MIR5193
17	38060848	38076107	ENSG00000073605	GSDMB
6	2989960	2999368	ENSG00000224846	RP1-90J20.8
3	49856387	49856486	ENSG00000263651	AC139451.1
20	48429250	48508779	ENSG00000197818	SLC9A8
3	49900819	49901093	ENSG00000264706	RN7SL217P
7	148936742	148952700	ENSG00000170260	ZNF212
17	42723732	42727717	ENSG00000266979	RP11-1072C15.2
3	49910780	49915413	ENSG00000234667	ACTBP13
6	3020388	3022984	ENSG00000270346	RP1-90J20.12
21	43522244	43528644	ENSG00000184385	C21orf128
6	26204858	26206266	ENSG00000198518	HIST1H4E
17	42751057	42753625	ENSG00000267160	RP11-1072C15.4
18	56934267	56941318	ENSG00000134438	RAX
6	3023376	3024006	ENSG00000271361	HTATSF1P2
17	42796232	42796498	ENSG00000264251	RN7SL819P
3	49936735	49941190	ENSG00000230698	CTD-2330K9.2
6	3025025	3027659	ENSG00000261015	RP1-90J20.11
10	60085374	60086790	ENSG00000261076	RP11-179B15.6
17	42797128	42797965	ENSG00000240305	RP11-1072C15.1
10	60475314	60476017	ENSG00000183055	FAM133CP
6	3045618	3046034	ENSG00000232654	FAM136BP
3	50153455	50193518	ENSG00000235016	RP11-493K19.3
10	60628944	60629288	ENSG00000252076	RN7SKP196
17	74221832	74222887	ENSG00000228218	ATF4P3
10	60759386	60761303	ENSG00000237949	LINC00844
11	6452279	6463847	ENSG00000110169	HPX
6	3049069	3049445	ENSG00000217707	SERPINB8P1
17	74315457	74315554	ENSG00000251779	Y_RNA
3	50210759	50210852	ENSG00000207922	MIR566
17	74320277	74320380	ENSG00000238418	snoU13
6	3056124	3056995	ENSG00000229282	RP1-40E16.2
7	128073476	128073767	ENSG00000228700	RP11-155G14.1
17	74333397	74333503	ENSG00000207169	RNU6-24P
Y	24026223	24040673	ENSG00000244395	RBMY1D
Y	27600708	27606719	ENSG00000172297	GOLGA2P3Y
6	3068279	3069128	ENSG00000272277	RP1-40E16.12
17	74341842	74342162	ENSG00000267518	RP11-794C22.2
HSCHR6_MHC_APD	32470408	32484153	ENSG00000230463	HLA-DRB3$0301
14	82207346	82496693	ENSG00000259035	RP11-666E17.1
7	128083503	128083564	ENSG00000238590	RNU7-54P
10	60848461	60848799	ENSG00000226888	RP11-561G1.3
17	74426499	74427206	ENSG00000242931	RPL7P49
14	82243360	82243957	ENSG00000241891	RP11-226P1.1
7	128095894	128133913	ENSG00000273184	RP11-212P7.3
7	74983126	74983227	ENSG00000199870	Y_RNA
6	3088920	3089043	ENSG00000222248	RNA5SP201
14	82382575	82384232	ENSG00000258501	EIF3LP1
6	3138628	3153296	ENSG00000228170	RP1-40E16.11
HSCHR6_MHC_SSTO	32413425	32418635	ENSG00000234794	HLA-DRA
7	128095991	128109251	ENSG00000240758	RP11-155G14.6
17	8243182	8249364	ENSG00000184650	ODF4
6	3177278	3179998	ENSG00000216819	TUBB2BP1
17	74541750	74553765	ENSG00000267546	RP11-666A8.8
2	3579574	3595547	ENSG00000255767	RP13-512J5.1
2	97371666	97405801	ENSG00000114988	LMAN2L
14	82928432	82928532	ENSG00000238978	snoU13
7	74988448	75024657	ENSG00000205583	STAG3L1
14	106067809	106071694	ENSG00000254140	RP11-731F5.1
3	50242679	50258411	ENSG00000188338	SLC38A3
14	83108964	83173169	ENSG00000258743	RP11-406A9.2
10	104402549	104403897	ENSG00000272933	RP11-47A8.5
6	3182978	3195990	ENSG00000230269	RP1-40E16.9
17	46652875	46657473	ENSG00000182742	HOXB4
17	74546033	74546908	ENSG00000267543	RP11-666A8.7
7	128106617	128109225	ENSG00000272601	RP11-155G14.5
22	32072242	32146126	ENSG00000183530	PRR14L
14	78227711	78228033	ENSG00000268208	AC008372.1
14	106110833	106115394	ENSG00000253364	RP11-731F5.2
7	138818490	138876732	ENSG00000105948	TTC26
17	8261731	8263538	ENSG00000198150	AC135178.1
7	128164070	128171123	ENSG00000273270	RP11-212P7.2
6	3311896	3313884	ENSG00000272320	RP11-506K6.4
1	1334902	1337426	ENSG00000224870	RP4-758J18.2
14	83159048	83159399	ENSG00000259032	ENSAP2
11	61159159	61166335	ENSG00000187049	TMEM216
10	104563686	104563788	ENSG00000252994	RNU6-1231P
14	106130970	106136180	ENSG00000253755	IGHGP
6	3594481	3624981	ENSG00000228793	RP1-223B1.1
14	83254822	83262565	ENSG00000258683	RP11-11K13.1
2	3592383	3606206	ENSG00000171865	RNASEH1
10	104592478	104594273	ENSG00000203886	CYP17A1-AS1
5	106712590	107006596	ENSG00000184349	EFNA5
15	43524793	43559055	ENSG00000104055	TGM5
3	111395583	111396280	ENSG00000240766	PLCXD2-AS1
17	8271955	8280029	ENSG00000184619	KRBA2
14	83483450	83484488	ENSG00000258600	RP11-452D21.2
3	111749778	111750496	ENSG00000239439	RFKP2
14	83484545	83505946	ENSG00000258426	RP11-452D21.1
10	104597768	104605230	ENSG00000213061	PFN1P11
2	75873909	75917977	ENSG00000115364	MRPL19
1	53925072	53933161	ENSG00000143006	DMRTB1
14	83514923	83514984	ENSG00000252369	RNU7-51P
14	106138645	106139651	ENSG00000213140	ELK2AP
X	153706028	153707596	ENSG00000196976	LAGE3
6	26216428	26216872	ENSG00000187990	HIST1H2BG
14	84216728	84216845	ENSG00000238561	RNU6ATAC28P
3	111831648	111831745	ENSG00000207940	MIR567
10	104605352	104605707	ENSG00000236937	PTGES3P4
14	84271840	84271984	ENSG00000258549	RP11-22K10.1
6	42174539	42185603	ENSG00000048544	MRPS10
17	8271956	8286505	ENSG00000263809	RP11-849F2.7
4	76831809	76862204	ENSG00000138744	NAAA
10	104628178	104628276	ENSG00000201080	RNU6-372P
16	30362087	30366682	ENSG00000169217	CD2BP2
14	84373216	84381394	ENSG00000258532	RP11-353P15.1
17	46668619	46671323	ENSG00000120075	HOXB5
10	104647631	104647945	ENSG00000235266	RP11-753C18.8
13	45513384	45563618	ENSG00000083635	NUFIP1
HSCHR6_MHC_APD	32679935	32683691	ENSG00000257233	CR936921.1
7	142636440	142637955	ENSG00000165131	C7orf34
10	104674342	104675161	ENSG00000272912	RP11-724N1.1
1	212458879	212535200	ENSG00000066027	PPP2R5A
9	33817565	33920402	ENSG00000107341	UBE2R2
1	25598884	25656936	ENSG00000187010	RHD
10	104884774	104885173	ENSG00000237827	RP11-332O19.2
20	13976015	16033842	ENSG00000172264	MACROD2
17	74547434	74547832	ENSG00000272386	RP11-666A8.12
14	78266426	78401355	ENSG00000063761	ADCK1
3	111852270	111854206	ENSG00000261488	RP11-757F18.5
HSCHR6_MHC_APD	32694039	32700103	ENSG00000233192	HLA-DQA2
10	104935311	104935851	ENSG00000213277	MARCKSL1P1
3	111904327	111904845	ENSG00000244144	RP11-757F18.3
6	79645584	79787953	ENSG00000146247	PHIP
3	112021325	112051638	ENSG00000239482	RP11-90K6.1
1	1337288	1342693	ENSG00000242485	MRPL20
17	74553848	74561430	ENSG00000163597	SNHG16
X	25021811	25034065	ENSG00000004848	ARX
17	8280838	8286531	ENSG00000161970	RPL26
11	16799842	17035990	ENSG00000166689	PLEKHA7
17	46671639	46682354	ENSG00000108511	HOXB6
1	53971910	54199877	ENSG00000174332	GLIS1
3	169755717	169803191	ENSG00000173890	GPR160
19	57019212	57041590	ENSG00000196263	ZNF471
12	49970623	49971288	ENSG00000257964	RP11-133N21.10
12	49986887	49986996	ENSG00000199237	RNU6-834P
22	20748405	20762745	ENSG00000185252	ZNF74
13	45563687	45607746	ENSG00000133114	GPALPP1
12	49987874	49988041	ENSG00000258284	POLR2KP1
X	26156460	26158852	ENSG00000176774	MAGEB18
12	49988931	49989471	ENSG00000257243	RP11-133N21.7
12	75651415	75652414	ENSG00000258112	RP11-404O18.1
16	2031633	2032918	ENSG00000269205	AC005606.1
12	50013117	50013395	ENSG00000258104	HIGD1AP9
12	75699232	75700137	ENSG00000257823	RP11-560G2.2
12	50103020	50103119	ENSG00000257570	RP11-133N21.12
X	26210557	26213763	ENSG00000176746	MAGEB6
12	75877904	75883600	ENSG00000257497	RP11-585P4.5
10	135175984	135187193	ENSG00000127884	ECHS1
3	112115494	112127981	ENSG00000243081	RP11-231E6.1
12	50164743	50164919	ENSG00000257730	LSM6P2
3	112243034	112244048	ENSG00000242525	OR7E100P
2	231921578	232037541	ENSG00000173692	PSMD1
3	112315641	112320749	ENSG00000272761	RP11-572C15.6
21	43619799	43717354	ENSG00000160179	ABCG1
12	50222325	50234926	ENSG00000258057	BCDIN3D-AS1
X	26234286	26236387	ENSG00000188408	MAGEB5
HSCHR6_MHC_APD	32708756	32716212	ENSG00000230675	HLA-DQB2
3	112415755	112416553	ENSG00000242308	RP11-572C15.3
3	112455294	112468166	ENSG00000240893	RP11-572C15.5
14	65472892	65569413	ENSG00000125952	MAX
11	67218772	67220200	ENSG00000175514	GPR152
6	31825436	31830683	ENSG00000204386	NEU1
17	40819932	40829048	ENSG00000068137	PLEKHH3
12	122064455	122080583	ENSG00000182500	ORAI1
5	107194736	107717799	ENSG00000145743	FBXL17
19	10070237	10121147	ENSG00000080573	COL5A3
X	27608499	27766908	ENSG00000189186	DCAF8L2
3	119013220	119139561	ENSG00000031081	ARHGAP31
2	64681103	64688515	ENSG00000119862	LGALSL
6	10873456	10882174	ENSG00000124827	GCM2
11	67219877	67226699	ENSG00000175544	CABP4
19	45445495	45452822	ENSG00000224916	APOC4-APOC2
2	70124820	70170077	ENSG00000059728	MXD1
X	27826107	27841131	ENSG00000177689	MAGEB10
19	19976695	20005483	ENSG00000256771	ZNF253
2	3622795	3628509	ENSG00000171863	RPS7
18	56942388	56985881	ENSG00000166569	CPLX4
12	69201956	69239214	ENSG00000135679	MDM2
HSCHR6_MHC_APD	32764306	32768591	ENSG00000243612	HLA-DOB
X	27996110	27999566	ENSG00000226372	DCAF8L1
15	23388289	23392657	ENSG00000259414	HERC2P7
6	17615269	17706656	ENSG00000124789	NUP153
15	23417958	23421818	ENSG00000259233	RP11-467N20.6
13	45694650	45858237	ENSG00000188342	GTF2F2
19	45445495	45452820	ENSG00000267467	APOC4
7	99717236	99723134	ENSG00000166997	CNPY4
3	138213186	138313380	ENSG00000114107	CEP70
2	202484907	202508293	ENSG00000155755	TMEM237
12	50254990	50259528	ENSG00000257253	RP11-70F11.7
12	50256956	50257286	ENSG00000242041	RP11-70F11.2
1	212537273	212588243	ENSG00000065600	TMEM206
15	23435096	23448420	ENSG00000175676	GOLGA8EP
X	28605516	29974840	ENSG00000169306	IL1RAPL1
3	179280668	179306196	ENSG00000136518	ACTL6A
HSCHR6_MHC_SSTO	32509573	32524536	ENSG00000227357	HLA-DRB4
12	50302665	50305646	ENSG00000258135	RP11-70F11.11
19	20011722	20046384	ENSG00000184635	ZNF93
16	2034208	2037750	ENSG00000127554	GFER
14	32710730	32712299	ENSG00000258619	RP11-134E15.1
18	56995055	57027194	ENSG00000074695	LMAN1
1	1353800	1357149	ENSG00000235098	ANKRD65
X	123480194	123507005	ENSG00000183918	SH2D1A
14	32741061	32741510	ENSG00000259086	RP11-134E15.2
15	68871308	69020145	ENSG00000103647	CORO2B
14	32842543	32887180	ENSG00000258580	RP11-320M16.2
19	45449243	45452822	ENSG00000234906	APOC2
12	71833550	71980090	ENSG00000139292	LGR5
14	32911547	32911843	ENSG00000265770	RN7SL660P
2	201170604	201346986	ENSG00000196141	SPATS2L
14	32953304	32954006	ENSG00000259045	RP11-320M16.1
2	75879126	75938115	ENSG00000005436	GCFC2
14	34446516	34446597	ENSG00000265244	AL358340.1
6	42192669	42419789	ENSG00000124496	TRERF1
14	34509303	34528506	ENSG00000258897	EGLN3-AS1
4	26859300	27027003	ENSG00000109689	STIM2
14	34885893	34886808	ENSG00000223593	AL356806.3
3	112521325	112531666	ENSG00000242770	RP11-180K7.1
15	62144588	62352672	ENSG00000129003	VPS13C
19	20047769	20048639	ENSG00000268461	AC007204.1
14	34955185	34955653	ENSG00000237450	RP11-671J11.1
2	157352597	157352655	ENSG00000268857	AC011308.1
9	131937835	131940540	ENSG00000188483	IER5L
13	45766988	45775175	ENSG00000180332	KCTD4
1	151129105	151132225	ENSG00000163154	TNFAIP8L2
3	112709294	112710000	ENSG00000272844	RP11-484K9.4
19	45453301	45457264	ENSG00000267114	CTB-129P6.11
14	35011023	35011650	ENSG00000259002	RP11-671J11.7
6	28870779	28891766	ENSG00000204713	TRIM27
14	35013705	35015183	ENSG00000258612	RP11-671J11.6
17	46684594	46710934	ENSG00000260027	HOXB7
6	53659295	53788919	ENSG00000137269	LRRC1
X	30233677	30238206	ENSG00000099399	MAGEB2
14	35015920	35016083	ENSG00000206596	RNU1-27P
14	35025432	35025595	ENSG00000206588	RNU1-28P
12	31800094	31826048	ENSG00000139160	METTL20
16	2039661	2044276	ENSG00000127561	SYNGR3
14	35025980	35030504	ENSG00000259135	RP11-671J11.4
X	30248553	30255607	ENSG00000198798	MAGEB3
2	158114110	158170723	ENSG00000136542	GALNT5
14	35037895	35038335	ENSG00000240463	RPS19P3
14	35145097	35145200	ENSG00000253003	RNU6-1261P
HSCHR6_MHC_APD	32773366	32790162	ENSG00000225967	TAP2
14	35163376	35163850	ENSG00000241582	RP11-434O22.2
HSCHR6_MHC_SSTO	32637568	32670792	ENSG00000228080	HLA-DRB1
17	67074843	67138029	ENSG00000154262	ABCA6
14	35209542	35210039	ENSG00000243824	RP11-434O22.1
3	112738379	112902148	ENSG00000240057	RP11-572M11.4
X	30260057	30262293	ENSG00000120289	MAGEB4
14	35270737	35270791	ENSG00000263691	AL355885.1
11	61170121	61197503	ENSG00000149532	CPSF7
1	212606229	212619714	ENSG00000117691	NENF
15	23443616	23443894	ENSG00000242962	RN7SL106P
19	48958766	48969367	ENSG00000182324	KCNJ14
14	35314506	35314566	ENSG00000251726	RNU7-41P
9	132371163	132398209	ENSG00000148335	NTMT1
15	23444768	23444850	ENSG00000238347	AC100757.1
14	35343549	35345665	ENSG00000258738	RP11-73E17.2
19	20107867	20150315	ENSG00000197124	ZNF682
15	23466152	23471888	ENSG00000259325	SPATA31E3P
11	67231824	67236743	ENSG00000172663	TMEM134
15	23499526	23501360	ENSG00000259401	RP11-566K19.8
14	35390064	35451738	ENSG00000258704	RP11-85K15.2
X	30261847	30270155	ENSG00000214107	MAGEB1
12	56556767	56583351	ENSG00000139613	SMARCC2
2	183580999	183659191	ENSG00000077232	DNAJC10
15	23572032	23579274	ENSG00000259145	RP11-566K19.9
19	48969094	48975688	ENSG00000268465	CTC-273B12.7
1	54231133	54304533	ENSG00000058804	NDC1
17	19122674	19125839	ENSG00000230493	AC106017.1
7	99724317	99726118	ENSG00000214309	MBLAC1
15	69070874	69113236	ENSG00000140350	ANP32A
X	52976462	53024651	ENSG00000182646	FAM156A
14	100437786	100610573	ENSG00000196405	EVL
19	45457842	45496599	ENSG00000104853	CLPTM1
10	27280843	27389421	ENSG00000107890	ANKRD26
X	30322323	30327715	ENSG00000169297	NR0B1
3	44690219	44702283	ENSG00000169981	ZNF35
15	23583132	23586995	ENSG00000260399	RP11-529J17.5
3	50606583	50622366	ENSG00000114735	HEMK1
15	23608428	23608706	ENSG00000242502	RN7SL536P
15	23609591	23609673	ENSG00000238737	AC100756.1
15	23675986	23680359	ENSG00000261418	RP11-529J17.3
7	588834	767287	ENSG00000188191	PRKAR1B
1	151129140	151142773	ENSG00000163156	SCNM1
15	23807209	23807278	ENSG00000265673	MIR4508
9	132374504	132383055	ENSG00000179058	C9orf50
7	99746530	99753567	ENSG00000188186	LAMTOR4
13	45911008	45915505	ENSG00000133112	TPT1
15	23812411	23814804	ENSG00000260978	RP11-73C9.1
15	23888695	23890979	ENSG00000179449	AC124309.1
X	30576941	30595961	ENSG00000120280	CXorf21
10	73079015	73123142	ENSG00000198246	SLC29A3
5	37106330	37249530	ENSG00000197603	C5orf42
17	19240867	19281495	ENSG00000108641	B9D1
7	150773711	150777953	ENSG00000164896	FASTK
15	43568478	43594453	ENSG00000159495	TGM7
12	75956982	76377795	ENSG00000258077	RP11-114H23.1
19	20188803	20237885	ENSG00000213988	ZNF90
15	34817408	34880704	ENSG00000215252	GOLGA8B
HSCHR6_MHC_QBL	30865607	30883835	ENSG00000206476	VARS2
19	48972289	48985571	ENSG00000105443	CYTH2
4	76862103	76912115	ENSG00000198301	SDAD1
1	212738676	212794119	ENSG00000162772	ATF3
12	89981828	90103077	ENSG00000070961	ATP2B1
12	75993827	75995331	ENSG00000257777	RP11-25J3.2
16	2047655	2059824	ENSG00000167962	ZNF598
12	76082574	76082876	ENSG00000258245	RP11-114H23.3
12	76082932	76083084	ENSG00000251893	SNORA70
10	104975466	104976557	ENSG00000229256	ST13P13
9	132399171	132404444	ENSG00000148331	ASB6
10	105072193	105072325	ENSG00000212413	RNU11-3P
HSCHR6_MHC_DBB	31478678	31480193	ENSG00000231975	MCCD1
10	105154010	105154158	ENSG00000221767	MIR1307
10	105209953	105210609	ENSG00000273485	RP11-225H22.7
10	105212603	105222452	ENSG00000234699	RP11-225H22.4
9	33921691	34048947	ENSG00000137073	UBAP2
17	79762008	79771889	ENSG00000215644	GCGR
21	43731777	43735761	ENSG00000160180	TFF3
5	40825364	40835437	ENSG00000145592	RPL37
3	50643921	50649262	ENSG00000114737	CISH
22	20778874	20792146	ENSG00000244486	SCARF2
HSCHR6_MHC_COX	31695173	31717835	ENSG00000235222	MSH5
HSCHR6_MHC_DBB	33222842	33224527	ENSG00000235155	B3GALT4
18	57098172	57364612	ENSG00000183287	CCBE1
3	44754135	44765323	ENSG00000196653	ZNF502
1	1361508	1363167	ENSG00000205116	TMEM88B
5	115163893	115177555	ENSG00000145782	ATG12
20	48519928	48532080	ENSG00000158480	SPATA2
5	32354456	32444867	ENSG00000056097	ZFR
1	1370241	1378262	ENSG00000179403	VWA1
21	43766466	43771237	ENSG00000160181	TFF2
16	69740899	69760854	ENSG00000181019	NQO1
17	20226314	20226650	ENSG00000266839	U6
12	122089024	122110537	ENSG00000139714	MORN3
12	31824071	31882108	ENSG00000151743	AMN1
7	75010915	75011015	ENSG00000201138	Y_RNA
X	30671476	30748725	ENSG00000198814	GK
7	75021229	75024708	ENSG00000146722	AC006014.8
15	24022584	24022690	ENSG00000206616	RNU6-741P
16	30368423	30381585	ENSG00000169221	TBC1D10B
15	24157556	24186863	ENSG00000261622	RP11-484P15.1
20	14303634	14318262	ENSG00000125848	FLRT3
HSCHR6_MHC_DBB	33224810	33235233	ENSG00000226916	WDR46
15	24220319	24248582	ENSG00000260232	PWRN4
9	132427920	132484875	ENSG00000167157	PRRX2
3	44771088	44778575	ENSG00000186446	ZNF501
15	24407901	24415095	ENSG00000260551	PWRN2
21	43782391	43786703	ENSG00000160182	TFF1
HSCHR6_MHC_APD	32792101	32796087	ENSG00000230669	PSMB8
7	75039605	75046066	ENSG00000223705	NSUN5P1
5	40841286	40860275	ENSG00000132357	CARD6
1	212797789	212800120	ENSG00000162771	FAM71A
3	50648951	50686720	ENSG00000114738	MAPKAPK3
15	43619974	43622803	ENSG00000168806	LCMT2
9	132500610	132515326	ENSG00000148344	PTGES
4	675618	683230	ENSG00000169026	MFSD7
14	35390071	35390212	ENSG00000258493	RP11-73E17.3
20	48552948	48570429	ENSG00000124226	RNF114
1	212859760	212873327	ENSG00000123685	BATF3
1	1385069	1405538	ENSG00000215915	ATAD3C
7	766338	829190	ENSG00000164818	HEATR2
7	148959262	148994393	ENSG00000204946	ZNF783
HSCHR6_MHC_SSTO	32656765	32656819	ENSG00000258023	BX296568.1
7	44102326	44105186	ENSG00000164708	PGAM2
5	86512423	86534822	ENSG00000233828	AC008394.1
2	124782864	125672864	ENSG00000155052	CNTNAP5
15	43622872	43646096	ENSG00000168803	ADAL
9	132565432	132573560	ENSG00000136816	TOR1B
16	2059927	2070756	ENSG00000183971	NPW
2	27293340	27294641	ENSG00000228474	OST4
1	151132224	151138424	ENSG00000163155	LYSMD1
14	106170301	106170939	ENSG00000253701	AL928768.3
14	106178260	106178329	ENSG00000264024	AL901608.1
HSCHR6_MHC_COX	33189081	33203772	ENSG00000112493	TAPBP
14	106185955	106188864	ENSG00000253692	IGHEP1
15	24451931	24471001	ENSG00000260780	RP11-580I1.1
22	20783528	20850170	ENSG00000099910	KLHL22
14	106251842	106252168	ENSG00000270371	RP11-417P24.1
15	24480225	24521976	ENSG00000261621	RP11-580I1.2
19	20278037	20311299	ENSG00000256229	ZNF486
14	106323682	106323741	ENSG00000265612	hsa-mir-4539
14	106323742	106323801	ENSG00000266706	AL122127.5
14	106323912	106323971	ENSG00000265517	AL122127.2
15	24483292	24485339	ENSG00000260959	RP11-350A1.2
14	106324334	106324411	ENSG00000264473	hsa-mir-4538
15	24544896	24545785	ENSG00000261598	RP11-107D24.2
14	106324504	106324581	ENSG00000263751	AL122127.1
2	46520806	46613836	ENSG00000116016	EPAS1
8	41786997	41909508	ENSG00000083168	KAT6A
14	106324723	106324792	ENSG00000266408	AL122127.4
19	57050317	57068169	ENSG00000196867	ZFP28
14	106325653	106325722	ENSG00000264781	hsa-mir-4537
15	24686274	24693114	ENSG00000260760	PWRN3
21	43791999	43816955	ENSG00000160183	TMPRSS3
14	106325958	106326024	ENSG00000265714	AL122127.3
14	106329626	106329675	ENSG00000237111	IGHJ3P
14	106331003	106331062	ENSG00000237547	IGHJ2P
7	44111846	44122139	ENSG00000122678	POLM
9	132575223	132586413	ENSG00000136827	TOR1A
5	130977407	131132710	ENSG00000217128	FNIP1
3	159706537	159713806	ENSG00000168811	IL12A
12	50305736	50324103	ENSG00000257771	RP11-70F11.8
1	1407143	1433228	ENSG00000160072	ATAD3B
7	149128454	149158214	ENSG00000196453	ZNF777
1	212899495	212965124	ENSG00000117697	NSL1
3	13978756	14124311	ENSG00000180438	TPRXL
15	24738284	24897277	ENSG00000259905	PWRN1
19	20718631	20748615	ENSG00000237440	ZNF737
11	113258513	113271140	ENSG00000170209	ANKK1
10	73156691	73575702	ENSG00000107736	CDH23
11	6469843	6495689	ENSG00000110171	TRIM3
15	35043233	35047166	ENSG00000159248	GJD2
12	111065646	111142755	ENSG00000122986	HVCN1
5	161494546	161582542	ENSG00000113327	GABRG2
16	30382255	30389312	ENSG00000180209	MYLPF
16	2075357	2089027	ENSG00000065054	SLC9A3R2
6	10980992	11044547	ENSG00000197977	ELOVL2
HSCHR6_MHC_APD	32795520	32830948	ENSG00000242711	PSMB9
18	57567180	57571538	ENSG00000141682	PMAIP1
11	17095936	17099334	ENSG00000110700	RPS13
14	106331834	106331888	ENSG00000227335	IGHJ1P
19	20802867	20844402	ENSG00000188171	ZNF626
20	16252749	16554078	ENSG00000089177	KIF16B
15	35080297	35088340	ENSG00000159251	ACTC1
14	106355942	106362435	ENSG00000244620	AL122127.25
13	45967451	45992590	ENSG00000174032	SLC25A30
20	48599536	48605423	ENSG00000124216	SNAI1
14	106411066	106411245	ENSG00000254279	IGHVII-1-1
5	40909354	40983041	ENSG00000112936	C7
14	106435819	106438358	ENSG00000233988	ADAM6
7	46039220	46040377	ENSG00000221971	TTC4P1
18	58038564	58040001	ENSG00000166603	MC4R
14	106444607	106445233	ENSG00000225200	AB019441.29
7	46184535	46185286	ENSG00000224547	AC023669.2
3	14153580	14166370	ENSG00000163528	CHCHD4
7	46300662	46334067	ENSG00000229459	AC023669.1
19	57078880	57100279	ENSG00000197016	ZNF470
7	46341718	46383219	ENSG00000237760	AC092657.2
7	128171752	128269512	ENSG00000242588	RP11-274B21.1
7	46516055	46517538	ENSG00000240355	AC004869.3
7	46517420	46521176	ENSG00000230680	AC004869.2
7	46674212	46674544	ENSG00000224519	HMGN1P19
20	48697661	48770174	ENSG00000124208	TMEM189-UBE2V1
Y	2654896	2655740	ENSG00000184895	SRY
17	26975374	26989207	ENSG00000132581	SDF2
7	46820971	46823041	ENSG00000242948	EPS15P1
3	119148347	119187677	ENSG00000176142	TMEM39A
5	70330784	70363516	ENSG00000145736	GTF2H2
16	30389427	30411429	ENSG00000180035	ZNF48
1	151142462	151148760	ENSG00000163157	TMOD4
9	132589569	132598142	ENSG00000136819	C9orf78
7	46930223	47089276	ENSG00000232072	AC004901.1
2	3642426	3692048	ENSG00000118004	COLEC11
19	20959110	20991922	ENSG00000160229	ZNF66
14	78708734	80330762	ENSG00000021645	NRXN3
2	219221579	219232822	ENSG00000158428	C2orf62
11	113280318	113346413	ENSG00000149295	DRD2
7	128210295	128210742	ENSG00000213280	RP11-212P7.1
7	47009300	47067079	ENSG00000223829	AC004870.4
7	128267226	128267329	ENSG00000223189	RNU6-177P
18	59000815	59223006	ENSG00000101542	CDH20
17	36905613	36906969	ENSG00000227450	CTB-58E17.5
10	135192695	135205198	ENSG00000148832	PAOX
7	128291239	128292388	ENSG00000243302	RP11-274B21.2
7	47040218	47118726	ENSG00000229192	AC004870.3
HSCHR6_MHC_DBB	31480180	31496536	ENSG00000230624	DDX39B
3	169804520	169899537	ENSG00000173889	PHC3
3	159733811	159749210	ENSG00000242107	LINC01100
4	699537	764428	ENSG00000185619	PCGF3
7	77646393	79082890	ENSG00000187391	MAGI2
HSCHR6_MHC_SSTO	32697728	32726026	ENSG00000232062	HLA-DQA1
17	46688739	46692478	ENSG00000120068	HOXB8
7	47065726	47066168	ENSG00000242552	MRPL42P4
17	36908989	36920484	ENSG00000108294	PSMB3
12	50345295	50356707	ENSG00000257588	RP11-469H8.6
3	159943423	159945999	ENSG00000180044	C3orf80
HSCHR6_MHC_APD	32796593	32805362	ENSG00000227816	TAP1
7	47092391	47093272	ENSG00000214754	AC004870.5
16	69775770	69788843	ENSG00000141101	NOB1
14	84639185	84639950	ENSG00000258762	CTD-2320B12.3
19	57106632	57137849	ENSG00000197951	ZNF71
3	112760237	112760661	ENSG00000243483	RP11-572M11.2
3	50277054	50277416	ENSG00000213600	U73169.1
20	48697661	48732496	ENSG00000244687	UBE2V1
14	106467677	106467967	ENSG00000253780	IGHVIII-2-1
3	159945241	160167617	ENSG00000248710	RP11-432B6.3
3	112769759	112782290	ENSG00000241219	RP11-572M11.1
14	84640135	84641854	ENSG00000258923	CTD-2320B12.1
3	112811291	112811372	ENSG00000238593	AC078785.1
3	112856813	112856888	ENSG00000253076	SNORD112
3	50297735	50300790	ENSG00000230454	U73166.2
3	112861197	112886666	ENSG00000243795	RP11-572M11.3
11	17099277	17229530	ENSG00000011405	PIK3C2A
5	15500305	15939900	ENSG00000183580	FBXL7
3	113079114	113080166	ENSG00000240751	RP11-553D4.2
3	14166440	14185179	ENSG00000170876	TMEM43
7	149169885	149194908	ENSG00000181220	ZNF746
3	44779153	44803154	ENSG00000163807	KIAA1143
17	46698518	46703839	ENSG00000170689	HOXB9
7	47661537	47669491	ENSG00000236078	AC095067.1
16	30389454	30407312	ENSG00000180096	SEPT1
7	47801074	47806370	ENSG00000146666	LINC00525
19	57154513	57167134	ENSG00000268182	SMIM17
5	86563705	86687748	ENSG00000145715	RASA1
11	67250512	67258574	ENSG00000110711	AIP
13	46039060	46110765	ENSG00000136152	COG3
10	127700950	128077024	ENSG00000148848	ADAM12
7	128292895	128293719	ENSG00000230715	RP11-274B21.4
22	32149944	32303012	ENSG00000100150	DEPDC5
19	57174020	57183151	ENSG00000127903	ZNF835
7	128293740	128293989	ENSG00000229413	AC018638.1
Y	2709527	2800041	ENSG00000129824	RPS4Y1
15	35147732	35262040	ENSG00000021776	AQR
10	60896385	60897942	ENSG00000226557	TRAF6P1
7	128294023	128294776	ENSG00000243679	RP11-274B21.3
12	122150658	122220907	ENSG00000188735	TMEM120B
3	113122838	113152839	ENSG00000243849	WDR52-AS1
2	25383722	25391772	ENSG00000115138	POMC
10	61041907	61042595	ENSG00000236556	RP11-443O13.3
7	128296016	128298845	ENSG00000271529	CICP14
10	61311162	61311636	ENSG00000235469	MRPL50P4
7	128307097	128308210	ENSG00000271553	RP11-274B21.10
HSCHR6_MHC_SSTO	32715138	32722385	ENSG00000231939	HLA-DQB1
10	61348908	61371006	ENSG00000235140	RP11-135D11.2
17	8294022	8301144	ENSG00000189051	RNF222
7	128309141	128309946	ENSG00000241493	RP11-274B21.5
6	28911654	28912314	ENSG00000204709	C6orf100
12	76087790	76092596	ENSG00000258088	RP11-114H23.2
6	26217165	26217711	ENSG00000168274	HIST1H2AE
1	212965170	212989968	ENSG00000203705	TATDN3
14	106495898	106495996	ENSG00000253387	IGHVIII-5-1
10	61496753	61513203	ENSG00000227877	LINC00948
12	76118233	76118321	ENSG00000264062	AC131012.1
8	42010464	42029191	ENSG00000070718	AP3M2
X	30845559	30993201	ENSG00000157625	TAB3
12	76319993	76320247	ENSG00000258091	RP11-290L1.6
2	27848506	27851879	ENSG00000176714	CCDC121
16	2089816	2097867	ENSG00000065057	NTHL1
12	76351614	76351910	ENSG00000243420	RN7SL734P
X	123509753	124097666	ENSG00000009694	TENM1
7	142638201	142659768	ENSG00000197993	KEL
15	43650370	43663223	ENSG00000140265	ZSCAN29
12	76358220	76360842	ENSG00000257329	RP11-290L1.5
6	28962562	28973093	ENSG00000197935	ZNF311
12	76357812	76358780	ENSG00000198923	RP11-290L1.7
2	64751465	64820139	ENSG00000119844	AFTPH
6	26225383	26225844	ENSG00000196966	HIST1H3E
12	76424274	76425158	ENSG00000257453	RP11-290L1.3
12	112856155	112947717	ENSG00000179295	PTPN11
12	76426438	76427677	ENSG00000257839	RP11-290L1.2
10	7860467	8058590	ENSG00000165632	TAF3
7	128327342	128327926	ENSG00000270810	RP11-274B21.8
1	54317392	54356407	ENSG00000058799	YIPF1
12	76451318	76451895	ENSG00000257941	RP11-290L1.4
7	128330505	128331771	ENSG00000271344	RP11-274B21.9
Y	27605054	27605329	ENSG00000272042	Metazoa_SRP
3	183637722	183735803	ENSG00000114770	ABCC5
12	76509491	76509880	ENSG00000258304	RP11-453D16.1
Y	27606157	27606239	ENSG00000252471	AC006328.1
7	47996390	47996915	ENSG00000225507	AC069282.6
7	128333504	128333978	ENSG00000239722	IMP3P2
12	76531205	76532390	ENSG00000257872	RP11-453D16.2
7	48700171	48702901	ENSG00000228173	AC091770.3
Y	27624416	27632852	ENSG00000172294	CSPG4P4Y
9	34086385	34127397	ENSG00000198876	DCAF12
7	48886022	48892494	ENSG00000225705	AC004899.3
7	128337493	128337610	ENSG00000201041	RNA5SP242
9	132596977	132644107	ENSG00000136878	USP20
7	128337764	128337798	ENSG00000252866	RNA5SP243
2	219246752	219261617	ENSG00000018280	SLC11A1
19	45504688	45541452	ENSG00000104856	RELB
7	128401391	128401625	ENSG00000244218	RN7SL81P
7	128490216	128502680	ENSG00000242902	RP11-309L24.2
Y	24217903	24242154	ENSG00000169807	PRY2
12	50348422	50349908	ENSG00000257378	RP11-469H8.8
6	26234440	26235216	ENSG00000124575	HIST1H1D
6	11094266	11138964	ENSG00000224531	SMIM13
X	31089360	31090170	ENSG00000132446	FTHL17
6	26240561	26240976	ENSG00000198327	HIST1H4F
17	8316449	8393729	ENSG00000166579	NDEL1
19	57285920	57352097	ENSG00000269699	ZIM2
15	25138894	25138995	ENSG00000238615	snoU13
15	25154076	25154972	ENSG00000241061	RPL5P1
X	53078273	53109797	ENSG00000184194	GPR173
10	50818347	50820765	ENSG00000187714	SLC18A3
11	113558272	113577095	ENSG00000166682	TMPRSS5
12	76533347	76533451	ENSG00000252858	RNU6-1271P
15	25156021	25156272	ENSG00000242088	AC090602.2
Y	27629055	27632852	ENSG00000240450	CSPG4P1Y
19	21106028	21133503	ENSG00000105750	ZNF85
12	76653619	76698911	ENSG00000257219	RP11-54A9.1
2	127413509	127454246	ENSG00000136732	GYPC
18	59475296	59561480	ENSG00000176641	RNF152
6	109416313	109485135	ENSG00000183137	CEP57L1
HSCHR6_MHC_DBB	29791968	29796126	ENSG00000235346	HLA-G
10	50887697	50918307	ENSG00000178645	C10orf53
21	43824008	43867791	ENSG00000160185	UBASH3A
19	48988528	49016446	ENSG00000142235	LMTK3
7	99752043	99756338	ENSG00000146826	C7orf43
10	82297658	82406316	ENSG00000178217	SH2D4B
4	113739265	114304896	ENSG00000145362	ANK2
19	10123925	10132955	ENSG00000080511	RDH8
2	107021446	107084832	ENSG00000153165	RGPD3
1	151142463	151167797	ENSG00000163159	VPS72
3	44803209	44914868	ENSG00000163808	KIF15
X	53111549	53117722	ENSG00000184205	TSPYL2
HSCHR19LRC_LRC_S_CTG1	55379765	55379871	ENSG00000261865	U6
12	122215664	122241309	ENSG00000139725	RHOF
15	25223730	25664609	ENSG00000224078	SNHG14
2	27851114	27874375	ENSG00000198522	GPN1
12	76709531	76709828	ENSG00000223273	RN7SKP172
12	76956074	77009211	ENSG00000257526	RP11-20E24.1
11	6496910	6502666	ENSG00000132254	ARFIP2
7	855528	936072	ENSG00000164828	SUN1
12	76993451	76994250	ENSG00000213272	RP11-613M5.1
3	159974774	160117668	ENSG00000068885	IFT80
19	21203426	21242856	ENSG00000118620	ZNF430
11	67259239	67273734	ENSG00000110697	PITPNM1
5	115177178	115249778	ENSG00000177879	AP3S1
19	49055332	49102682	ENSG00000088002	SULT2B1
12	77013166	77013823	ENSG00000271142	YWHAQP7
12	77054185	77054664	ENSG00000243071	RP11-613M5.2
12	57628686	57634498	ENSG00000185633	NDUFA4L2
HSCHR6_MHC_APD	32885993	32904491	ENSG00000242092	HLA-DMB
8	95558771	95560630	ENSG00000212997	AC023632.1
2	118673054	118771709	ENSG00000125633	CCDC93
15	43661419	43699293	ENSG00000137822	TUBGCP4
4	184239220	184241927	ENSG00000177300	CLDN22
3	50304073	50304803	ENSG00000232352	SEMA3B-AS1
14	65877310	66210839	ENSG00000033170	FUT8
3	186378005	186396029	ENSG00000113905	HRG
X	80369200	80457441	ENSG00000198157	HMGN5
4	184242917	184243579	ENSG00000185758	CLDN24
9	34179003	34252521	ENSG00000165006	UBAP1
19	10196798	10203928	ENSG00000130813	C19orf66
13	46108657	46189874	ENSG00000165837	FAM194B
3	113307595	113309036	ENSG00000239453	SIDT1-AS1
10	96162261	96295687	ENSG00000108239	TBC1D12
7	4897364	4901625	ENSG00000218823	PAPOLB
2	70129482	70129841	ENSG00000268328	AC019206.1
12	57031959	57039798	ENSG00000110955	ATP5B
5	133450402	133487556	ENSG00000081059	TCF7
3	113313723	113313789	ENSG00000265253	MIR4446
4	184365744	184369351	ENSG00000168564	CDKN2AIP
3	113351551	113351827	ENSG00000241529	RN7SL767P
17	34948228	34957235	ENSG00000108272	DHRS11
Y	24314689	24329129	ENSG00000169800	RBMY1F
2	70187226	70189397	ENSG00000244617	ASPRV1
3	113459670	113460101	ENSG00000239280	RP11-271C24.3
15	69110560	69239150	ENSG00000258484	SPESP1
19	49104067	49118111	ENSG00000105523	FAM83E
7	4945620	4998844	ENSG00000136297	MMD2
2	70314585	70316332	ENSG00000169564	PCBP1
10	61815632	61820501	ENSG00000232682	RP11-388P9.2
10	61841499	61841612	ENSG00000202190	Y_RNA
10	62444263	62444967	ENSG00000122872	ARL4P
7	150778167	150780633	ENSG00000164897	TMUB1
10	62494100	62501586	ENSG00000254271	RP11-131N11.4
10	62672523	62672685	ENSG00000223107	RNU2-72P
17	46799084	46799884	ENSG00000159182	PRAC1
10	62776033	62786178	ENSG00000227244	LINC00845
10	63212397	63241714	ENSG00000237233	RP11-809M12.1
11	61196692	61253294	ENSG00000256591	RP11-286N22.8
4	184426147	184432249	ENSG00000168556	ING2
10	63444650	63445146	ENSG00000272592	RP11-63A2.2
3	113465719	113466255	ENSG00000242659	RP11-271C24.2
3	113569084	113569578	ENSG00000240776	RP11-435F17.1
10	63541503	63581004	ENSG00000233643	RP11-491H19.1
3	113604145	113604878	ENSG00000241889	RP11-435F17.3
14	84642763	84643432	ENSG00000259012	CTD-2320B12.2
12	50505980	50559203	ENSG00000272368	RP4-605O3.4
10	63686695	63686777	ENSG00000221272	AC067742.1
10	63875974	63876060	ENSG00000221094	AL671972.1
10	50942689	50970425	ENSG00000197444	OGDHL
12	50579363	50585146	ENSG00000257298	RP3-405J10.3
10	64049280	64063792	ENSG00000234756	RP11-120C12.3
14	85206286	85206396	ENSG00000251895	RNU6-976P
10	64109768	64110048	ENSG00000240940	RN7SL591P
8	95653302	95719694	ENSG00000104413	ESRP1
10	64417945	64418012	ENSG00000263920	AC067751.1
3	69068978	69101484	ENSG00000144747	TMF1
14	85417618	85417717	ENSG00000258506	RP11-688D15.1
10	64500968	64501145	ENSG00000234489	ALDH7A1P4
5	16067248	16180871	ENSG00000183654	MARCH11
13	46276446	46288694	ENSG00000174015	SPERT
14	85464622	85465640	ENSG00000271712	RP11-688D15.2
10	64553322	64565647	ENSG00000238280	RP11-436D10.3
21	43892596	43916464	ENSG00000160188	RSPH1
10	64869899	64870006	ENSG00000199446	RNU6-543P
10	64883698	64885297	ENSG00000224301	RP11-144G16.1
18	32556892	32723434	ENSG00000166974	MAPRE2
1	54356912	54376759	ENSG00000211452	DIO1
6	29011990	29013017	ENSG00000204704	OR2W1
10	64981915	64982805	ENSG00000234369	TATDN1P1
10	65118505	65118864	ENSG00000270421	RP11-351O1.4
11	113603909	113644533	ENSG00000086827	ZW10
1	213003483	213020991	ENSG00000185523	C1orf227
10	65132717	65132808	ENSG00000221063	MIR1296
6	29053985	29055090	ENSG00000204703	OR2B3
4	184560788	184580378	ENSG00000182552	RWDD4
10	65187057	65187713	ENSG00000235816	PRELID1P3
16	30418618	30440920	ENSG00000179965	ZNF771
12	50611445	50612126	ENSG00000257531	RP3-405J10.2
4	28363901	28404486	ENSG00000250038	RP11-180C1.1
13	46354405	46425871	ENSG00000215475	SIAH3
6	29068386	29069658	ENSG00000204702	OR2J1
9	132649466	132805473	ENSG00000187239	FNBP1
10	65224989	65226323	ENSG00000272767	JMJD1C-AS1
3	50304990	50314977	ENSG00000012171	SEMA3B
10	65249221	65249398	ENSG00000224412	RP11-351O1.3
12	50569571	50677329	ENSG00000050405	LIMA1
2	70377012	70475747	ENSG00000115998	C2orf42
6	11102722	11111965	ENSG00000244476	ERVFRD-1
6	29079668	29080603	ENSG00000204701	OR2J3
10	65394077	65394587	ENSG00000232075	MRPL35P2
7	5023349	5112852	ENSG00000272968	RBAK-RBAKDN
11	61197514	61215001	ENSG00000167985	SDHAF2
10	65417834	65418281	ENSG00000270352	RP11-111N20.4
12	57637236	57644976	ENSG00000185482	STAC3
10	65424424	65750328	ENSG00000228566	RP11-170M17.1
HSCHR6_MHC_APD	32899979	32904491	ENSG00000242361	HLA-DMA
12	50613387	50623767	ENSG00000257256	RP3-405J10.4
12	50627925	50627995	ENSG00000221604	MIR1293
12	50650021	50650127	ENSG00000212496	RNU6-1093P
2	27301435	27309271	ENSG00000138080	EMILIN1
4	30722037	31148422	ENSG00000169851	PCDH7
1	213031597	213072705	ENSG00000162769	FLVCR1
17	74557191	74557274	ENSG00000199961	SNORD1B
11	17229700	17371521	ENSG00000070081	NUCB2
8	21881636	21894408	ENSG00000158806	NPM2
7	5085452	5109119	ENSG00000146587	RBAK
17	74565874	74567322	ENSG00000267078	RP11-666A8.9
6	31830969	31846823	ENSG00000204385	SLC44A4
17	74591666	74591854	ENSG00000267084	RP11-666A8.11
3	134074716	134094321	ENSG00000114019	AMOTL2
17	74652402	74652504	ENSG00000199735	RNU6-227P
19	10203014	10213472	ENSG00000130812	ANGPTL6
17	74668024	74669740	ENSG00000261335	RP11-318A15.2
17	74699714	74699809	ENSG00000212418	Y_RNA
17	74732532	74732630	ENSG00000207556	MIR636
5	162864575	162873157	ENSG00000113328	CCNG1
17	74748994	74749097	ENSG00000200257	RNU6-97P
17	74795126	74802035	ENSG00000267065	CTD-2246P4.1
13	46528600	46626894	ENSG00000123200	ZC3H13
17	74846258	74857918	ENSG00000267535	LINC00868
9	34252379	34329198	ENSG00000186638	KIF24
3	186435065	186461743	ENSG00000113889	KNG1
6	11183531	11382581	ENSG00000111859	NEDD9
17	74946399	74965238	ENSG00000267568	RP11-87G24.3
12	77115314	77116066	ENSG00000241045	RPL7P43
12	77150971	77151694	ENSG00000258090	RP11-734E19.1
21	43916118	44001550	ENSG00000160190	SLC37A1
16	69796209	69975644	ENSG00000198373	WWP2
20	48697663	48770335	ENSG00000240849	TMEM189
19	45542298	45574214	ENSG00000104859	CLASRP
12	77271973	77274132	ENSG00000257910	RP11-461F16.3
17	74953105	74954304	ENSG00000267521	RP11-87G24.6
12	77377859	77378449	ENSG00000257199	RP11-669B18.1
17	75076718	75076850	ENSG00000203318	AC015815.5
17	75077629	75077716	ENSG00000203317	AC015815.4
12	77556706	77556805	ENSG00000238769	snoU13
12	77613383	77622473	ENSG00000257677	RP1-81P11.1
17	75082798	75091068	ENSG00000234912	LINC00338
7	128502505	128550773	ENSG00000135253	KCP
20	1451386	1472233	ENSG00000196209	SIRPB2
7	75103973	75115385	ENSG00000242073	AC006014.7
16	30434940	30441396	ENSG00000179958	DCTPP1
7	75123401	75133628	ENSG00000170092	AC018720.10
15	35270542	35280488	ENSG00000198146	ZNF770
HSCHR6_MHC_DBB	33235008	33244107	ENSG00000224782	PFDN6
5	40998119	41071444	ENSG00000171495	MROH2B
22	20850200	20941919	ENSG00000099917	MED15
11	113650469	113651222	ENSG00000228607	CLDN25
1	54382247	54411602	ENSG00000081870	HSPB11
18	59710800	59854351	ENSG00000197563	PIGN
4	35949843	36246131	ENSG00000047365	ARAP2
12	31944123	31945175	ENSG00000188375	H3F3C
15	35270552	35272268	ENSG00000212768	AC114546.1
2	76974845	77820445	ENSG00000176204	LRRTM4
HSCHR6_MHC_APD	33015768	33031962	ENSG00000235844	HLA-DPA1
17	61904512	61909379	ENSG00000087191	PSMC5
15	69222864	69355083	ENSG00000255346	NOX5
17	46802125	46806540	ENSG00000159184	HOXB13
7	75132254	75157478	ENSG00000127957	PMS2P3
1	25664408	25688852	ENSG00000183726	TMEM50A
3	113638069	113639047	ENSG00000240375	VPS26AP1
9	34329504	34343709	ENSG00000164978	NUDT2
7	48942152	48943487	ENSG00000229165	GDI2P1
Y	27632787	27633469	ENSG00000239304	DNM1P48
15	35509546	35838394	ENSG00000134146	DPH6
3	113665852	113666417	ENSG00000273394	RP11-255E6.6
10	83635070	84746935	ENSG00000185737	NRG3
19	10216899	10225456	ENSG00000243207	PPAN-P2RY11
Y	27633431	27633809	ENSG00000233619	AC006328.9
7	5229819	5273457	ENSG00000157954	WIPI2
3	113702884	113703502	ENSG00000270880	RP11-255E6.5
7	48959361	48965612	ENSG00000218305	AC006024.4
17	20244056	20244356	ENSG00000266339	RN7SL17P
12	32112304	32146039	ENSG00000174718	KIAA1551
5	108083523	108532542	ENSG00000151422	FER
3	113822096	113822475	ENSG00000240912	RP11-274J15.2
6	26246886	26247259	ENSG00000124578	HIST1H4G
17	20278682	20280153	ENSG00000214832	UPF3AP2
7	49269733	49294412	ENSG00000234686	AC010971.1
6	53794780	54131078	ENSG00000146147	MLIP
3	113933160	113955051	ENSG00000241490	RP11-553L6.2
12	50678449	50678545	ENSG00000203433	AC008147.2
12	50683977	50684073	ENSG00000203432	AC008147.1
7	49298089	49299442	ENSG00000270763	RP11-122G11.1
12	50684744	50684840	ENSG00000203431	AC140061.11
7	49981847	49984036	ENSG00000223893	AC096568.3
1	213123862	213165379	ENSG00000143494	VASH2
Y	27641798	27648105	ENSG00000197092	GOLGA6L16P
17	20318860	20334321	ENSG00000189423	USP32P3
7	50181136	50182419	ENSG00000228005	AC020743.2
4	778745	819986	ENSG00000168993	CPLX1
5	162866447	162873821	ENSG00000268800	AC112205.1
7	50241835	50243914	ENSG00000231681	AC020743.3
5	16451628	16465901	ENSG00000173545	ZNF622
7	50314386	50315218	ENSG00000235620	AC020743.4
19	57321445	57352096	ENSG00000198300	PEG3
7	50503078	50503184	ENSG00000200815	RNU6-1091P
5	145583113	145718814	ENSG00000091009	RBM27
7	50599457	50611161	ENSG00000226122	AC018705.5
5	162873532	162887146	ENSG00000170584	NUDCD2
6	42531800	42661242	ENSG00000024048	UBR2
9	34366668	34376851	ENSG00000164976	KIAA1161
17	53029263	53046146	ENSG00000166260	COX11
4	184580420	184634745	ENSG00000168538	TRAPPC11
20	1514897	1539489	ENSG00000125900	SIRPD
17	20319105	20320010	ENSG00000237911	SRP68P3
15	25230011	25230320	ENSG00000270704	SNORD64
14	85669193	85705818	ENSG00000259044	RP11-789A21.1
17	20320741	20322363	ENSG00000205217	FAM106B
15	25232072	25232142	ENSG00000239014	SNORD108
14	85738276	85738405	ENSG00000252529	RNU3P3
15	25236633	25236900	ENSG00000271347	RP11-701H24.7
14	85828801	85983278	ENSG00000258902	CTD-2128A3.2
15	25264182	25299063	ENSG00000272846	RP11-701H24.10
17	20336519	20337598	ENSG00000265556	RP11-434D2.2
X	125298337	125300080	ENSG00000198354	DCAF12L2
12	9066492	9094063	ENSG00000111752	PHC1
HSCHR6_MHC_APD	33027107	33038372	ENSG00000236693	HLA-DPB1
13	46627321	46679211	ENSG00000080618	CPB2
14	85853619	85855109	ENSG00000258814	CTD-2128A3.3
1	1447531	1470067	ENSG00000197785	ATAD3A
17	20339650	20350557	ENSG00000230528	NOS2P3
14	85860223	85886418	ENSG00000259107	LINC00911
10	105239360	105277150	ENSG00000235470	RP11-225H22.5
17	46839597	46894576	ENSG00000170703	TTLL6
1	151170425	151222012	ENSG00000143398	PIP5K1A
20	48807376	48809212	ENSG00000172216	CEBPB
19	10216965	10225414	ENSG00000130810	PPAN
12	50688917	50689013	ENSG00000203430	AC140061.10
X	125683369	125686834	ENSG00000198889	DCAF12L1
14	85991477	85996332	ENSG00000205562	RP11-497E19.1
10	105308832	105310721	ENSG00000226431	RP11-416N2.3
19	49110000	49110970	ENSG00000177202	SPACA4
12	50695577	50695673	ENSG00000203428	AC140061.9
10	105368376	105369807	ENSG00000273108	RP11-416N2.4
12	50697570	50697669	ENSG00000203427	AC140061.8
17	73512141	73520820	ENSG00000182173	TSEN54
14	86401054	86596117	ENSG00000258733	CTD-2341M24.1
12	50698425	50698530	ENSG00000203426	AC140061.7
X	125953747	125955769	ENSG00000183631	CXorf64
9	34379017	34397830	ENSG00000164972	C9orf24
6	109487036	109592217	ENSG00000243587	C6orf183
12	50706112	50706217	ENSG00000196082	AC140061.1
10	105432916	105433023	ENSG00000222503	Y_RNA
12	50706430	50706526	ENSG00000203425	AC140061.6
10	105637132	105639519	ENSG00000260461	RP11-541N10.3
12	50707798	50707894	ENSG00000203424	AC140061.5
20	1520790	1600655	ENSG00000260861	RP4-576H24.4
2	158175137	158184225	ENSG00000136541	ERMN
17	20384643	20387304	ENSG00000229586	RP11-434D2.6
14	86481030	86529304	ENSG00000258912	RP11-1079H9.1
12	50710006	50710100	ENSG00000203423	AC140061.4
7	99756867	99766373	ENSG00000197093	GAL3ST4
12	50710653	50710749	ENSG00000203422	AC140061.3
1	54411750	54433841	ENSG00000116212	LRRC42
17	20394636	20394756	ENSG00000263976	YWHAEP3
X	127184943	127186382	ENSG00000123165	ACTRT1
14	86798720	86867629	ENSG00000258994	RP11-26L16.1
12	50711462	50711558	ENSG00000203421	AC140061.2
12	50759435	50759869	ENSG00000244266	RP11-112N23.1
17	20396947	20397468	ENSG00000230088	KRT16P5
15	25272883	25277194	ENSG00000257647	RP11-701H24.3
10	105734277	105734572	ENSG00000266754	RN7SL524P
HSCHR6_MHC_COX	33203791	33207330	ENSG00000229253	ZBTB22
15	25277020	25281637	ENSG00000257151	PWAR6
10	105807847	105807944	ENSG00000216083	MIR936
9	132815705	132902448	ENSG00000148358	GPR107
15	25287065	25287575	ENSG00000270246	SNORD109A
12	147052	147377	ENSG00000268640	AC026369.1
15	25296624	25296718	ENSG00000207063	SNORD116-1
2	32449522	32490923	ENSG00000091106	NLRC4
18	32820994	32847097	ENSG00000186812	ZNF397
2	27309615	27323640	ENSG00000138030	KHK
12	77718421	77966055	ENSG00000231121	RP1-34H18.1
7	150782918	150841523	ENSG00000133612	AGAP3
17	72346906	72348271	ENSG00000268626	AC103809.2
20	49126891	49201299	ENSG00000196396	PTPN1
3	119187785	119213555	ENSG00000163389	POGLUT1
12	77773600	77784644	ENSG00000257835	RP1-97G4.1
Y	2803112	2850547	ENSG00000067646	ZFY
17	72352555	72358085	ENSG00000204347	BTBD17
17	75083297	75083384	ENSG00000203316	AC015815.3
20	1544167	1600707	ENSG00000101307	SIRPB1
17	75085986	75087063	ENSG00000213135	AC015815.6
17	26083792	26127525	ENSG00000007171	NOS2
17	75087901	75088024	ENSG00000203315	AC015815.2
12	102122426	102133250	ENSG00000139351	SYCP3
12	78169563	78177356	ENSG00000258066	RP11-781A6.1
12	175931	287626	ENSG00000120645	IQSEC3
19	49118585	49122793	ENSG00000063177	RPL18
17	75099519	75099654	ENSG00000203314	AC015815.1
X	31115794	33357558	ENSG00000198947	DMD
11	6502677	6505909	ENSG00000132286	TIMM10B
17	75104708	75104798	ENSG00000225646	AC015815.7
12	122242086	122270562	ENSG00000139718	SETD1B
4	843064	926161	ENSG00000178950	GAK
12	78445961	78485517	ENSG00000258225	RP11-136F16.1
17	4634723	4636905	ENSG00000161920	MED11
17	75108843	75108930	ENSG00000228733	AC015815.8
17	75148643	75148756	ENSG00000222808	RNU4-47P
17	36921942	36956379	ENSG00000141720	PIP4K2B
17	75195032	75195625	ENSG00000262870	CYCSP40
17	75253819	75277979	ENSG00000263718	RP11-285E9.6
17	72363546	72368761	ENSG00000257008	GPR142
5	137087075	137090039	ENSG00000177733	HNRNPA0
X	128580480	128657477	ENSG00000102038	SMARCA1
3	10123001	10149915	ENSG00000163705	FANCD2OS
17	75260262	75260858	ENSG00000265121	RP11-285E9.5
12	133049334	133050726	ENSG00000269676	MUC8
17	75369900	75373318	ENSG00000266998	RP11-936I5.1
17	75393066	75393136	ENSG00000264060	MIR4316
17	75438191	75438295	ENSG00000200651	Y_RNA
17	75465150	75467127	ENSG00000267263	RP11-75C10.7
2	173420101	173489823	ENSG00000152256	PDK1
12	51027056	51027159	ENSG00000207136	RNU6-769P
17	75465244	75468852	ENSG00000267016	RP11-75C10.9
12	51050756	51050861	ENSG00000200183	RNU6-238P
12	78524117	78524784	ENSG00000257220	RP11-136F16.2
17	75523080	75532674	ENSG00000267665	RP11-13K12.2
HG998_2_PATCH	139235598	139267507	ENSG00000260789	GPSM1
15	25299357	25299451	ENSG00000207001	SNORD116-2
12	78720460	78753526	ENSG00000258220	RP11-38F22.1
6	26250370	26250835	ENSG00000256316	HIST1H3F
15	25302007	25302101	ENSG00000207014	SNORD116-3
15	25307480	25307574	ENSG00000207191	SNORD116-5
13	46700055	46786006	ENSG00000136167	LCP1
15	25310173	25310268	ENSG00000207442	SNORD116-6
15	25312935	25313029	ENSG00000207133	SNORD116-7
6	79910962	79944406	ENSG00000118418	HMGN3
12	32259769	32536567	ENSG00000151746	BICD1
12	78746299	78876799	ENSG00000258084	RP11-754N21.1
15	25315579	25315673	ENSG00000207093	SNORD116-8
Y	27658448	27673933	ENSG00000235583	AC007562.1
15	25318254	25318348	ENSG00000206727	SNORD116-9
12	133066137	133161774	ENSG00000112787	FBRSL1
5	137203480	137223540	ENSG00000120729	MYOT
16	30454952	30457502	ENSG00000179918	SEPHS2
14	106501831	106502091	ENSG00000254053	IGHVIII-5-2
17	75543022	75559325	ENSG00000267506	RP11-13K12.1
15	25319261	25319362	ENSG00000200661	SNORD116-10
3	10157276	10168874	ENSG00000254999	BRK1
15	25321076	25321167	ENSG00000206609	SNORD116-11
14	106511782	106512231	ENSG00000253763	IGHV3-6
5	16473147	16617167	ENSG00000154153	FAM134B
15	25322198	25322289	ENSG00000207197	SNORD116-12
15	25324205	25324296	ENSG00000207137	SNORD116-13
14	106559546	106559975	ENSG00000254117	IGHV2-10
17	75559450	75564777	ENSG00000267466	RP11-13K12.5
15	25325289	25325380	ENSG00000206621	SNORD116-14
11	113668596	113746292	ENSG00000048028	USP28
14	106576803	106577069	ENSG00000254215	IGHVIII-11-1
17	75718954	75724641	ENSG00000267790	RP11-316M20.1
15	25326434	25326525	ENSG00000207174	SNORD116-15
14	106579014	106579303	ENSG00000254174	IGHV1-12
15	25327915	25328006	ENSG00000207263	SNORD116-16
17	75916180	75916340	ENSG00000238898	RNU1-80P
17	76062339	76062842	ENSG00000267463	UBE2V2P2
15	25328735	25328826	ENSG00000206656	SNORD116-17
11	61248592	61258403	ENSG00000162148	PPP1R32
14	106598995	106599285	ENSG00000253412	IGHVIII-13-1
11	6502715	6530208	ENSG00000265264	TIMM10B
6	26251879	26252303	ENSG00000197459	HIST1H2BH
15	25330532	25330623	ENSG00000206688	SNORD116-18
17	76063028	76063134	ENSG00000238658	RNU6-625P
22	32329507	32341504	ENSG00000128254	C22orf24
14	106602580	106602820	ENSG00000253709	IGHV1-14
15	25331674	25331765	ENSG00000207460	SNORD116-19
17	76101532	76102949	ENSG00000224512	AC021593.1
1	213165524	213189168	ENSG00000174606	ANGEL2
17	79780287	79791178	ENSG00000225663	FAM195B
5	162887209	162918947	ENSG00000072571	HMMR
14	106620270	106620489	ENSG00000253458	IGHVII-15-1
14	106627589	106627721	ENSG00000254210	IGHVIII-16-1
17	38077294	38083854	ENSG00000172057	ORMDL3
3	113950245	113951868	ENSG00000240487	RP11-553L6.3
6	26271146	26271612	ENSG00000256018	HIST1H3G
12	79968759	80084877	ENSG00000177425	PAWR
HSCHR6_MHC_COX	33207945	33218656	ENSG00000227046	DAXX
3	114033348	114035026	ENSG00000259976	RP11-553L6.5
15	36871812	37102449	ENSG00000186073	C15orf41
2	25455845	25565459	ENSG00000119772	DNMT3A
5	108670410	108745695	ENSG00000198961	PJA2
3	10182692	10193904	ENSG00000134086	VHL
HSCHR6_MHC_APD	33028357	33030736	ENSG00000257217	CR759904.1
3	114035322	114035416	ENSG00000207770	MIR568
HSCHR6_MHC_APD	28743697	28743804	ENSG00000273250	AL662890.13
HG998_2_PATCH	139230205	139235225	ENSG00000262075	WI2-2942J8.1
Y	27710269	27712180	ENSG00000237823	CDY19P
HSCHR6_MHC_APD	28751414	28751785	ENSG00000272603	NOL5BP
HSCHR6_MHC_APD	28763753	28763816	ENSG00000273197	AL662890.12
3	114070658	114107825	ENSG00000241560	ZBTB20-AS1
HSCHR6_MHC_APD	28805650	28806787	ENSG00000272793	XXbac-BPG308K3.5
1	54474412	54483856	ENSG00000203985	LDLRAD1
9	34398182	34458568	ENSG00000164970	FAM219A
HSCHR6_MHC_APD	28827406	28831131	ENSG00000272857	XXbac-BPG308K3.6
22	32340447	32353590	ENSG00000128245	YWHAH
HSCHR6_MHC_DBB	30678239	30683464	ENSG00000235067	TUBB
HSCHR6_MHC_APD	28829197	28829828	ENSG00000272613	RPL13P
3	50712672	51421629	ENSG00000088538	DOCK3
20	1609798	1638425	ENSG00000089012	SIRPG
6	26273144	26273622	ENSG00000168242	HIST1H2BI
HSCHR6_MHC_APD	28856613	28857687	ENSG00000236614	ZNF90P2
20	49202645	49308065	ENSG00000042062	FAM65C
HSCHR6_MHC_APD	28864311	28865103	ENSG00000234411	HCG14
3	114172440	114238979	ENSG00000242290	RP11-197K3.1
Y	27725937	27734591	ENSG00000229709	USP9YP36
1	1470554	1475833	ENSG00000205090	TMEM240
HSCHR6_MHC_APD	28883427	28883526	ENSG00000264025	U6
3	114403427	114406456	ENSG00000241295	ZBTB20-AS2
HSCHR6_MHC_APD	28953985	28955266	ENSG00000224642	HCG15
HSCHR6_MHC_APD	28954582	28956357	ENSG00000241408	HCG16
17	76103479	76107880	ENSG00000204282	TNRC6C-AS1
3	114462292	114462372	ENSG00000264623	MIR4796
HSCHR6_MHC_APD	28994502	28995429	ENSG00000236070	OR2AD1P
17	34958001	34965407	ENSG00000129282	MRM1
3	114591961	114595361	ENSG00000239946	ZBTB20-AS3
6	26281283	26285762	ENSG00000158406	HIST1H4H
17	76153484	76155216	ENSG00000267679	EIF5AP2
3	14176717	14189548	ENSG00000268279	RP11-434D12.1
HSCHR6_MHC_APD	29068770	29069708	ENSG00000234305	OR2J1
3	10206549	10285427	ENSG00000134070	IRAK2
3	114649388	114650296	ENSG00000240002	YBX1P3
17	76207699	76207989	ENSG00000267624	RP11-219G17.6
7	114562209	114659256	ENSG00000135272	MDFIC
17	76244574	76250497	ENSG00000267676	THA1P
12	91299399	91348953	ENSG00000197651	CCER1
7	149411872	149431664	ENSG00000133619	KRBA1
HSCHR6_MHC_APD	29092026	29096724	ENSG00000224229	XXbac-BCX196D17.5
3	114819270	114821908	ENSG00000242767	ZBTB20-AS4
HSCHR6_MHC_APD	29105693	29106629	ENSG00000229040	OR2N1P
11	61276272	61278482	ENSG00000204950	LRRC10B
1	1477053	1510249	ENSG00000160075	SSU72
7	44143960	44154161	ENSG00000106624	AEBP1
3	114970043	115004194	ENSG00000242880	RP11-190P13.2
HSCHR6_MHC_APD	29234762	29234916	ENSG00000226799	XXbac-BPG308J9.3
17	76257430	76274573	ENSG00000204277	RP11-219G17.4
HSCHR6_MHC_COX	31544080	31548170	ENSG00000237808	NCR3
10	93388199	93392811	ENSG00000119938	PPP1R3C
14	80663873	80854100	ENSG00000211448	DIO2
HSCHR6_MHC_APD	29236293	29237252	ENSG00000230754	OR2U2P
16	30483979	30534506	ENSG00000005844	ITGAL
3	114997972	114998707	ENSG00000244157	RP11-190P13.1
20	16710606	16722421	ENSG00000125870	SNRPB2
HSCHR6_MHC_APD	29258560	29259502	ENSG00000237690	OR2B4P
11	17373273	17398888	ENSG00000188211	NCR3LG1
10	8095567	8117161	ENSG00000107485	GATA3
17	76311810	76343879	ENSG00000267737	AC061992.2
2	32502979	32541663	ENSG00000119820	YIPF4
Y	27736470	27738492	ENSG00000232064	USP9YP33
17	76356534	76369992	ENSG00000266970	RP11-806H10.4
Y	27764791	27766400	ENSG00000225609	CDY20P
9	132902889	132906498	ENSG00000196979	AL360004.1
12	51137351	51137467	ENSG00000200428	Y_RNA
12	51150675	51151216	ENSG00000271018	RP11-60E8.2
22	32439019	32509016	ENSG00000100170	SLC5A1
X	153712056	153715009	ENSG00000102178	UBL4A
12	51200118	51200220	ENSG00000271490	RP11-60E8.4
12	51235283	51235612	ENSG00000243075	RN7SL519P
12	51241708	51242095	ENSG00000271621	RP11-60E8.3
17	36956687	36981734	ENSG00000108296	CWC25
12	51333710	51333809	ENSG00000199740	Y_RNA
3	14186647	14220283	ENSG00000154767	XPC
9	132934857	132999583	ENSG00000107130	NCS1
12	51342900	51343167	ENSG00000271596	RP11-407N8.4
12	51407917	51408024	ENSG00000272028	U6
6	29141311	29142351	ENSG00000204700	OR2J2
12	51431282	51431385	ENSG00000199903	RNU6-1273P
12	51500600	51500927	ENSG00000244540	RP11-416A17.1
2	107099728	107103848	ENSG00000269000	AC108868.1
6	29274403	29275519	ENSG00000204695	OR14J1
11	6518490	6614988	ENSG00000179532	DNHD1
12	51518411	51519164	ENSG00000257246	RP11-416A17.6
5	109025067	109205326	ENSG00000112893	MAN2A1
19	21264965	21308073	ENSG00000160352	ZNF714
7	75142349	75142450	ENSG00000200874	Y_RNA
7	75209959	75210221	ENSG00000264312	RN7SL642P
6	29323007	29399744	ENSG00000243729	OR5V1
7	75464981	75465459	ENSG00000219039	AC005102.1
7	75544515	75544587	ENSG00000265020	MIR4651
17	20404826	20415670	ENSG00000214822	KRT16P3
11	61282785	61348620	ENSG00000011347	SYT7
5	137223657	137278436	ENSG00000078795	PKD2L2
HSCHR6_MHC_APD	29267101	29267640	ENSG00000257796	CR936918.1
20	1875154	1920543	ENSG00000198053	SIRPA
12	91357456	91398803	ENSG00000083782	EPYC
7	75552073	75552761	ENSG00000235090	RPL7L1P3
10	104153867	104162281	ENSG00000077150	NFKB2
17	4636821	4643217	ENSG00000161921	CXCL16
HSCHR6_MHC_APD	29390471	29399828	ENSG00000242289	OR5V1
10	93558069	93625033	ENSG00000107854	TNKS2
7	75573100	75573234	ENSG00000201643	SNORA14A
11	67273968	67276120	ENSG00000167797	CDK2AP2
HSCHR6_MHC_APD	29412732	29417960	ENSG00000229181	OR12D3
HSCHR6_MHC_APD	29432454	29437664	ENSG00000237421	UBDP1
HSCHR6_MHC_APD	29442883	29443929	ENSG00000229136	MAS1LP1
3	10289707	10322902	ENSG00000157014	TATDN2
2	107418056	107503564	ENSG00000144057	ST6GAL2
HSCHR6_MHC_APD	29457130	29457535	ENSG00000232974	RPS17P1
HG531_PATCH	115079988	115092796	ENSG00000260117	CHAMP1
2	127656472	127659673	ENSG00000237524	AC114783.1
HSCHR6_MHC_APD	29465368	29478414	ENSG00000224753	XXbac-BPG13B8.10
HG531_PATCH	115095034	115099423	ENSG00000260016	LINC01054
19	49122548	49133974	ENSG00000063176	SPHK2
15	25332808	25334043	ENSG00000261069	SNORD116-20
HG531_PATCH	115111642	115112112	ENSG00000260615	WI2-1528O10.1
4	76871883	76878526	ENSG00000268788	AC110615.1
HSCHR6_MHC_APD	29497284	29501432	ENSG00000235788	LINC01015
15	25336933	25337024	ENSG00000207375	SNORD116-23
4	76922428	76928641	ENSG00000138755	CXCL9
15	25339184	25339275	ENSG00000207279	SNORD116-24
15	25342810	25342901	ENSG00000252326	SNORD116-25
16	2097466	2138716	ENSG00000103197	TSC2
15	25344646	25344741	ENSG00000251815	SNORD116-26
2	79252812	79255631	ENSG00000143954	REG3G
12	91444268	91451760	ENSG00000139330	KERA
15	25346722	25346813	ENSG00000251896	SNORD116-27
HSCHR6_MHC_APD	29505568	29506651	ENSG00000227576	GPR53P
15	25351668	25351750	ENSG00000207245	SNORD116-29
17	20410726	20412244	ENSG00000266925	RP11-434D2.7
HSCHR6_MHC_APD	29521110	29522057	ENSG00000226896	OR2I1P
18	32831032	32870196	ENSG00000186814	ZSCAN30
15	25353415	25353499	ENSG00000252277	SNORD116-30
13	46786083	46851501	ENSG00000173988	LRRC63
15	25376125	25376484	ENSG00000270523	RP11-145P16.3
9	133046882	133309510	ENSG00000148357	HMCN2
HSCHR6_MHC_APD	29541800	29542727	ENSG00000229469	OR2H5P
12	133195366	133198972	ENSG00000187848	P2RX2
15	25404368	25404426	ENSG00000212428	SNORD115
17	20415873	20420792	ENSG00000231645	AC025627.9
X	153715645	153719016	ENSG00000126903	SLC10A3
15	25414484	25414823	ENSG00000270814	TMEM261P1
1	54497347	54519177	ENSG00000116209	TMEM59
15	25415870	25415951	ENSG00000201831	SNORD115-1
HSCHR6_MHC_APD	29545351	29545640	ENSG00000225305	TMEM183AP1
15	25417782	25417863	ENSG00000199712	SNORD115-2
19	21324827	21373034	ENSG00000196705	ZNF431
15	25420074	25420155	ENSG00000199970	SNORD115-3
15	25421979	25422060	ENSG00000200680	SNORD115-4
15	25423885	25423966	ENSG00000200503	SNORD115-5
HSCHR6_MHC_APD	29550140	29550223	ENSG00000265634	SNORD33
15	25425644	25425725	ENSG00000200812	SNORD115-6
1	1510355	1511373	ENSG00000215014	AL645728.1
HSCHR6_MHC_APD	29550399	29550916	ENSG00000224053	RPL13AP
5	131142683	131347936	ENSG00000164398	ACSL6
15	25429453	25429534	ENSG00000200726	SNORD115-8
12	72003252	72061505	ENSG00000133858	ZFC3H1
1	1533392	1535476	ENSG00000228594	C1orf233
15	25430778	25430859	ENSG00000199782	SNORD115-9
7	99767229	99774995	ENSG00000213420	GPC2
15	43699407	43802926	ENSG00000067369	TP53BP1
15	25432683	25432763	ENSG00000201943	SNORD115-10
HSCHR6_MHC_APD	29603970	29604253	ENSG00000236971	SUMO2P1
15	25434561	25434642	ENSG00000200486	SNORD115-11
15	25436563	25436644	ENSG00000199453	SNORD115-12
3	10291056	10327480	ENSG00000272410	RP11-438J1.1
1	213224589	213448116	ENSG00000136643	RPS6KC1
15	25440068	25440148	ENSG00000199960	SNORD115-14
17	20422625	20432000	ENSG00000205215	AC015818.3
HSCHR6_MHC_DBB	33237360	33245105	ENSG00000237825	RGL2
15	25442723	25442803	ENSG00000201679	SNORD115-15
12	51550651	51550760	ENSG00000200953	Y_RNA
15	25444595	25444676	ENSG00000200757	SNORD115-16
9	34457412	34520982	ENSG00000122735	DNAI1
12	51556684	51556790	ENSG00000199824	RNU6-199P
15	25446470	25446551	ENSG00000201482	SNORD115-17
HSCHR6_MHC_QBL	30888704	30889526	ENSG00000206465	SFTA2
HSCHR6_MHC_APD	29758890	29765609	ENSG00000206507	HLA-V
12	51815740	51818395	ENSG00000271065	RP11-607P23.1
17	45277812	45301045	ENSG00000198336	MYL4
15	25448374	25448455	ENSG00000200163	SNORD115-18
15	69452923	69564556	ENSG00000138604	GLCE
15	25449504	25449585	ENSG00000199968	SNORD115-19
7	79763271	79848718	ENSG00000127955	GNAI1
15	25451409	25451490	ENSG00000201969	SNORD115-20
Y	3447082	3448082	ENSG00000176679	TGIF2LY
15	25453230	25453310	ENSG00000199833	SNORD115-21
19	57630506	57643294	ENSG00000131864	USP29
15	25455065	25455146	ENSG00000201326	SNORD115-22
19	21473962	21512227	ENSG00000182141	ZNF708
15	25456943	25457024	ENSG00000201331	SNORD115-23
15	25458795	25458876	ENSG00000200398	SNORD115-24
15	25460688	25460769	ENSG00000199489	SNORD115-25
10	118888032	118897812	ENSG00000148704	VAX1
14	87402984	87455469	ENSG00000259061	RP11-736P16.1
15	25465644	25465725	ENSG00000201300	SNORD115-27
8	144718183	144735900	ENSG00000183309	ZNF623
15	25467495	25467575	ENSG00000200801	SNORD115-28
HSCHR6_MHC_APD	29759783	29760757	ENSG00000236225	HCG4
14	87717447	87718023	ENSG00000258496	RP11-1141N12.1
2	32582096	32843966	ENSG00000115760	BIRC6
12	52106253	52107390	ENSG00000257851	HNRNPA3P10
12	52203489	52204384	ENSG00000260122	RP11-923I11.3
14	87790097	87798734	ENSG00000258958	RP11-594C13.2
18	32912176	32925446	ENSG00000172466	ZNF24
HSCHR6_MHC_APD	29768235	29770242	ENSG00000260538	HLA-P
20	49348081	49373332	ENSG00000124171	PARD6B
12	52211683	52213934	ENSG00000261586	RP11-923I11.6
19	57645464	57656570	ENSG00000141946	ZIM3
14	87819414	88039366	ENSG00000258859	RP11-594C13.1
12	52214243	52216199	ENSG00000261308	RP11-923I11.7
12	52217287	52229280	ENSG00000260473	RP11-923I11.4
2	204571198	204603635	ENSG00000178562	CD28
4	184774584	184944679	ENSG00000173320	STOX2
8	42032236	42065242	ENSG00000104368	PLAT
20	1959403	1974732	ENSG00000101327	PDYN
4	76932337	77033955	ENSG00000156219	ART3
19	21541732	21562104	ENSG00000172687	ZNF738
HSCHR6_MHC_APD	29771014	29771810	ENSG00000237554	RPL7AP7
14	106631031	106631449	ENSG00000254046	IGHV1-17
15	25468393	25468474	ENSG00000199704	SNORD115-29
14	106636402	106637113	ENSG00000235506	SLC20A1P2
15	25470350	25470431	ENSG00000200987	SNORD115-30
17	20429415	20429523	ENSG00000266042	AC015818.6
19	57665389	57678811	ENSG00000258873	DUXA
15	25472256	25472337	ENSG00000202188	SNORD115-31
17	76366935	76367216	ENSG00000243870	RN7SL236P
HSCHR6_MHC_APD	29780382	29780513	ENSG00000235714	MICG
15	25474114	25474195	ENSG00000200949	SNORD115-32
17	20433355	20434194	ENSG00000260907	AC008088.4
17	76396016	76396144	ENSG00000200063	SNORA30
HSCHR6_MHC_APD	29793554	29794520	ENSG00000228490	HCG4P7
15	25475985	25476066	ENSG00000200593	SNORD115-33
15	69591286	69700119	ENSG00000137819	PAQR5
17	20435561	20436194	ENSG00000265916	RP11-434D2.9
15	25477534	25477615	ENSG00000199311	SNORD115-34
Y	4868267	5610265	ENSG00000099715	PCDH11Y
8	21899909	21906320	ENSG00000158815	FGF17
HSCHR6_MHC_APD	29794010	29796732	ENSG00000231904	HLA-H
17	76480964	76495428	ENSG00000267432	RP11-559N14.5
2	46656329	46711564	ENSG00000187600	TMEM247
15	25479394	25479475	ENSG00000201992	SNORD115-35
17	20446287	20447436	ENSG00000264981	RP11-434D2.10
2	190744335	191068210	ENSG00000187699	C2orf88
11	17407406	17410878	ENSG00000187486	KCNJ11
17	20446794	20454276	ENSG00000235203	TBC1D3P3
17	76518329	76518910	ENSG00000267770	RP11-559N14.6
6	17759414	17987854	ENSG00000137177	KIF13A
3	14219858	14242619	ENSG00000170860	LSM3
9	133274029	133282639	ENSG00000215428	AL354898.1
17	76528875	76529137	ENSG00000243426	RN7SL454P
HSCHR6_MHC_APD	29802806	29803937	ENSG00000232988	HLA-T
HSCHR6_MHC_SSTO	32795638	32801343	ENSG00000257502	BX248406.1
17	76613471	76628139	ENSG00000267123	CTD-2357A8.3
HSCHR6_MHC_APD	29812771	29813137	ENSG00000235697	DDX39BP1
17	53046088	53241646	ENSG00000166263	STXBP4
HSCHR6_MHC_APD	29814010	29814872	ENSG00000224538	MCCD1P1
17	8377523	8534079	ENSG00000133026	MYH10
HSCHR6_MHC_APD	29832179	29833169	ENSG00000231287	HCG4B
HG946_PATCH	98475800	98500083	ENSG00000261149	TMEM130
3	10327359	10334631	ENSG00000157017	GHRL
HSCHR6_MHC_APD	29832655	29835432	ENSG00000233964	HLA-K
20	49411431	49493714	ENSG00000124243	BCAS4
HSCHR6_MHC_QBL	30898353	30911572	ENSG00000229284	DPCR1
HSCHR6_MHC_SSTO	32799929	32805799	ENSG00000231526	HLA-DQA2
20	2082257	2157684	ENSG00000125834	STK35
19	21579921	21610375	ENSG00000196268	ZNF493
2	158271131	158345473	ENSG00000115165	CYTIP
HSCHR6_MHC_APD	29838543	29838728	ENSG00000227366	HLA-U
2	183698002	183731890	ENSG00000162998	FRZB
19	57702868	57724724	ENSG00000083844	ZNF264
HSCHR6_MHC_APD	29846341	29847333	ENSG00000234831	HCG4P5
12	52242007	52246513	ENSG00000259887	RP11-923I11.5
HSCHR6_MHC_APD	29860828	29862802	ENSG00000235144	HLA-W
12	111157485	111180744	ENSG00000186298	PPP1CC
12	52294349	52295120	ENSG00000258021	RP11-1100L3.4
2	190920423	190927455	ENSG00000138379	MSTN
12	52381441	52381547	ENSG00000206992	RNU6-574P
HSCHR6_MHC_APD	29897440	29897836	ENSG00000235809	DDX39BP2
12	52452243	52453287	ENSG00000259884	RP11-1100L3.8
3	142168077	142297668	ENSG00000175054	ATR
HSCHR6_MHC_APD	29898668	29899545	ENSG00000236203	MCCD1P2
12	52470625	52475868	ENSG00000257663	RP11-1100L3.7
13	46916139	47012325	ENSG00000102445	KIAA0226L
10	118957000	118969810	ENSG00000186795	KCNK18
HSCHR6_MHC_QBL	30941073	30947468	ENSG00000206463	C6orf205
12	52473480	52502045	ENSG00000257542	OR7E47P
12	9092959	9102551	ENSG00000003056	M6PR
17	26989109	27029697	ENSG00000109111	SUPT6H
HSCHR6_MHC_APD	29905242	29966257	ENSG00000236598	NCRNA00171
20	2276647	2321724	ENSG00000125780	TGM3
10	119000604	119038941	ENSG00000165646	SLC18A2
6	54172657	54254950	ENSG00000137251	TINAG
HSCHR6_MHC_SSTO	32814683	32822138	ENSG00000226165	HLA-DQB2
6	109687717	109703762	ENSG00000135535	CD164
3	69103881	69129559	ENSG00000144744	UBA3
20	16729003	16750707	ENSG00000125879	OTOR
19	21587961	21674068	ENSG00000269237	CTD-2561J22.3
11	61447905	61514473	ENSG00000134780	DAGLA
4	185009859	185142383	ENSG00000164303	ENPP6
2	108443388	108507297	ENSG00000196862	RGPD4
15	25481232	25481313	ENSG00000202499	SNORD115-36
15	25483133	25483214	ENSG00000200638	SNORD115-37
1	151227179	151239955	ENSG00000159352	PSMD4
15	25484985	25485066	ENSG00000201907	SNORD115-38
15	25486893	25486974	ENSG00000200564	SNORD115-39
7	5314000	5346501	ENSG00000164638	SLC29A4
15	25488761	25488842	ENSG00000272460	SNORD115-40
9	133320316	133376661	ENSG00000130707	ASS1
19	21679484	21739072	ENSG00000197013	ZNF429
15	25490625	25490706	ENSG00000200478	SNORD115-41
15	25492492	25492573	ENSG00000201143	SNORD115-42
7	50907060	50909689	ENSG00000236046	AC004920.3
12	113008184	113336686	ENSG00000089169	RPH3A
19	45574758	45579846	ENSG00000170684	ZNF296
15	25494345	25494426	ENSG00000202373	SNORD115-43
7	75700787	75704281	ENSG00000230882	AC005077.14
7	50911275	50911429	ENSG00000228085	AC004920.2
15	25496006	25496087	ENSG00000202261	SNORD115-44
19	10222214	10226048	ENSG00000244165	P2RY11
HG946_PATCH	98507245	98642555	ENSG00000261023	TRRAP
7	75716762	75716865	ENSG00000251798	RNU6-863P
15	25509657	25509737	ENSG00000212380	SNORD115-45
15	25513613	25513698	ENSG00000212528	SNORD115-47
7	50934444	51090687	ENSG00000228204	RP4-724E13.2
HSCHR6_MHC_APD	29910349	29911344	ENSG00000223798	HCG4P3
7	75719749	75738097	ENSG00000227038	AC005077.12
12	102139275	102224716	ENSG00000111670	GNPTAB
15	25514930	25515005	ENSG00000201634	SNORD115-48
7	51003047	51003190	ENSG00000201133	SNORA4
15	25523490	25523556	ENSG00000239169	SNORD109B
7	51327126	51327864	ENSG00000231490	RPL7L1P2
15	25590780	25592382	ENSG00000261529	RP13-487P22.1
7	75737752	75738081	ENSG00000241778	AC005077.9
HSCHR6_MHC_APD	29910811	29914184	ENSG00000228524	HLA-J
15	25729978	25823938	ENSG00000235731	AC124997.1
7	75742116	75742214	ENSG00000238935	snoU13
15	25826116	25826269	ENSG00000223628	AC023449.2
7	51449981	51452357	ENSG00000227233	CICP17
HSCHR6_MHC_SSTO	32870615	32874900	ENSG00000239457	HLA-DOB
19	45582453	45594782	ENSG00000142252	GEMIN7
15	25983655	25983767	ENSG00000222123	RNA5SP390
7	51452463	51452868	ENSG00000251564	AC012441.1
15	26063130	26063217	ENSG00000199214	Y_RNA
10	105978547	105978641	ENSG00000208033	MIR609
15	26093894	26093972	ENSG00000266517	MIR4715
7	51454060	51454798	ENSG00000228897	CTD-2021A8.2
10	106028080	106028177	ENSG00000266852	MIR4482-1
15	26110442	26122358	ENSG00000259011	RP11-2C7.1
10	128113566	128359079	ENSG00000154493	C10orf90
17	35294084	35301917	ENSG00000132130	LHX1
10	106071899	106073639	ENSG00000270075	RP11-127L20.5
9	34521038	34523039	ENSG00000168913	ENHO
17	34058668	34070540	ENSG00000141150	RASL10B
10	106083127	106086762	ENSG00000228261	RP11-127L20.3
11	17414432	17498449	ENSG00000006071	ABCC8
15	26147507	26298267	ENSG00000206187	RP11-1084I9.1
19	21905568	21950430	ENSG00000197020	ZNF100
HSCHR6_MHC_QBL	30964801	30993617	ENSG00000258208	AL805909.3
HG946_PATCH	98424030	98424136	ENSG00000262608	U6
12	80167343	80329240	ENSG00000058272	PPP1R12A
HG946_PATCH	98510962	98511041	ENSG00000266022	MIR3609
HSCHR6_MHC_QBL	31021149	31025764	ENSG00000255913	AL805909.1
HG946_PATCH	98514302	98514402	ENSG00000261990	snoU13
HSCHR6_MHC_QBL	31028015	31031837	ENSG00000258191	AL805909.2
HSCHR6_MHC_APD	29936292	29937582	ENSG00000235372	ETF1P1
HSCHR6_MHC_QBL	31071421	31072757	ENSG00000206461	C6orf15
12	299243	323736	ENSG00000111181	SLC6A12
17	79780293	79784533	ENSG00000215621	AC174470.1
HSCHR6_MHC_APD	29993432	29993564	ENSG00000266557	CR759960.1
22	32544993	32555309	ENSG00000205856	C22orf42
HSCHR6_MHC_APD	30016327	30019333	ENSG00000235722	TRIM31-AS1
10	96305547	96373662	ENSG00000119969	HELLS
HSCHR6_MHC_APD	30037417	30037578	ENSG00000265674	SNORA48
HSCHR6_MHC_APD	30091368	30093191	ENSG00000236798	PAIP1P1
6	49431091	49460820	ENSG00000031691	CENPQ
7	51456127	51456811	ENSG00000227080	CTD-2021A8.3
7	51667982	51668269	ENSG00000229478	ROBO2P1
HSCHR6_MHC_APD	30138607	30302143	ENSG00000236729	HCG17
HSCHR6_MHC_QBL	31074948	31100262	ENSG00000206458	PSORS1C1
17	20448684	20453265	ENSG00000267075	RP11-434D2.3
7	51681947	51698566	ENSG00000229403	RP4-718N17.2
20	49505585	49547958	ENSG00000101126	ADNP
17	20457450	20457693	ENSG00000230339	RP11-434D2.8
20	2361554	2413399	ENSG00000166948	TGM6
7	51784354	51784615	ENSG00000242650	RN7SL292P
12	52478528	52486069	ENSG00000272724	RP1-288H2.4
7	52232931	52260609	ENSG00000233960	RP11-153N17.1
17	20458284	20462723	ENSG00000263946	RP11-434D2.11
19	21987752	22034927	ENSG00000198521	ZNF43
3	130569439	130735556	ENSG00000017260	ATP2C1
7	52337133	52337265	ENSG00000253028	SNORA31
2	64858755	64978139	ENSG00000179833	SERTAD2
2	97426639	97477628	ENSG00000158158	CNNM4
2	204732509	204738683	ENSG00000163599	CTLA4
HSCHR6_MHC_APD	30142869	30146845	ENSG00000249434	TRIM26BP
Y	5306691	5312605	ENSG00000269464	AC012067.1
7	52391494	52391585	ENSG00000238506	snoU13
6	26365387	26378546	ENSG00000186470	BTN3A2
7	52959530	52965500	ENSG00000234304	RP11-398K14.1
9	34551430	34590121	ENSG00000122756	CNTFR
5	115298151	115363316	ENSG00000172901	AQPEP
17	34071530	34079897	ENSG00000132139	GAS2L2
17	38097727	38101000	ENSG00000204913	LRRC3C
12	122277433	122301502	ENSG00000158104	HPD
Y	6114264	6117060	ENSG00000168757	TSPY2
7	75742344	75742718	ENSG00000213549	AC005077.8
HSCHR6_MHC_APD	30266817	30303159	ENSG00000235727	HCG18
7	75747043	75761505	ENSG00000224273	AC005077.7
5	95860971	96115299	ENSG00000153113	CAST
7	75803051	75806523	ENSG00000228829	AC005077.5
12	91496406	91505608	ENSG00000139329	LUM
1	54519260	54578192	ENSG00000116205	TCEANC2
10	106111349	106113333	ENSG00000231233	CCDC147-AS1
1	214156524	214214595	ENSG00000117707	PROX1
22	32586422	32600718	ENSG00000128253	RFPL2
10	106159563	106159661	ENSG00000238620	snoU13
19	45582546	45808541	ENSG00000007047	MARK4
7	75918108	75918371	ENSG00000263569	RN7SL212P
2	71680852	71913898	ENSG00000135636	DYSF
10	106234697	106240032	ENSG00000225768	RP11-127O4.3
7	75991085	75991430	ENSG00000213548	AC005522.6
7	53070113	53071122	ENSG00000223970	RP11-598O8.1
7	76099479	76100375	ENSG00000233980	FDPSP2
10	106375860	106376731	ENSG00000237761	RP11-127O4.2
7	76103904	76108173	ENSG00000250614	AC007078.4
7	53255081	53256631	ENSG00000227344	HAUS6P1
10	106424366	106425958	ENSG00000226387	SORCS3-AS1
8	95731931	95806064	ENSG00000156162	DPY19L4
HSCHR6_MHC_COX	31570375	31572212	ENSG00000237727	AIF1
X	153733350	153744566	ENSG00000071889	FAM3A
15	26173293	26173722	ENSG00000258965	RP11-446P9.1
7	76150928	76151391	ENSG00000250778	AC004980.8
4	185308867	185395734	ENSG00000168310	IRF2
19	10225693	10230596	ENSG00000130811	EIF3G
7	53383842	53384433	ENSG00000271194	RP11-476O21.1
10	107294417	107294523	ENSG00000207068	RNU6-463P
7	53433751	53433902	ENSG00000199629	RNU1-14P
10	107445141	107445623	ENSG00000233477	RP11-45P22.2
7	76152922	76153023	ENSG00000238560	Y_RNA
7	53557841	53558132	ENSG00000222154	RN7SKP218
15	26254087	26254221	ENSG00000212604	SNORA48
19	57742377	57746916	ENSG00000105146	AURKC
7	76153832	76162009	ENSG00000230305	AC004980.9
7	53582685	53584809	ENSG00000234105	GS1-278J22.1
15	26295685	26297423	ENSG00000258931	RP11-1084I9.2
10	107446080	107446809	ENSG00000213260	YWHAZP5
7	53626907	53635942	ENSG00000228627	GS1-278J22.2
10	107568533	107578955	ENSG00000229466	RP11-56I23.1
7	76163011	76170884	ENSG00000185040	AC004980.11
15	26360960	26378184	ENSG00000259150	LINC00929
1	25688740	25756683	ENSG00000188672	RHCE
HSCHR6_MHC_SSTO	32879675	32896470	ENSG00000232326	TAP2
10	107900022	107948480	ENSG00000229775	RP11-298H24.1
5	145718587	145720083	ENSG00000091010	POU4F3
HSCHR6_MHC_APD	30327431	30327565	ENSG00000232232	HLA-N
HSCHR6_MHC_APD	30332249	30332336	ENSG00000258374	CR759928.1
HSCHR6_MHC_APD	30335294	30335927	ENSG00000229149	HCG19P
16	69984810	69998141	ENSG00000157322	CLEC18A
HSCHR6_MHC_APD	30339126	30340294	ENSG00000223560	UBQLN1P1
17	38119226	38134019	ENSG00000167914	GSDMA
HSCHR6_MHC_APD	30340493	30340616	ENSG00000257249	CR759890.1
15	26640219	26691921	ENSG00000235160	AC009878.2
15	69706585	69740764	ENSG00000137807	KIF23
17	34083268	34122711	ENSG00000129270	MMP28
HSCHR6_MHC_APD	30344193	30344910	ENSG00000257690	CR759890.4
HSCHR6_MHC_APD	30358535	30358619	ENSG00000258149	CR759890.6
15	26902177	26903910	ENSG00000235518	AC011196.3
HSCHR6_MHC_APD	30368502	30368589	ENSG00000257535	CR759890.2
2	231972944	231989832	ENSG00000135914	HTR2B
1	54569968	54571750	ENSG00000212670	AL161915.1
X	80457442	80554046	ENSG00000131171	SH3BGRL
HSCHR6_MHC_APD	30369017	30369104	ENSG00000257901	CR759890.5
17	76692776	76692879	ENSG00000252391	RNU6-638P
22	32614465	32651328	ENSG00000100191	SLC5A4
15	27096279	27096757	ENSG00000242793	AC135999.2
17	76842035	76842950	ENSG00000267355	RPL9P29
HSCHR6_MHC_APD	30390730	30395334	ENSG00000236727	MICC
17	76851560	76851926	ENSG00000267601	RP11-323N12.5
1	54598747	54619443	ENSG00000157211	CDCP2
15	27210064	27215532	ENSG00000259122	TVP23BP1
6	49467671	49494760	ENSG00000203972	GLYATL3
6	39016574	39055519	ENSG00000112164	GLP1R
3	14444076	14530857	ENSG00000131389	SLC6A6
2	27321757	27341995	ENSG00000138028	CGREF1
HSCHR6_MHC_APD	30403283	30403496	ENSG00000257651	CR759890.3
17	61909444	61920425	ENSG00000108604	SMARCD2
HSCHR6_MHC_APD	30432997	30433120	ENSG00000258070	CR774188.1
HSCHR6_MHC_APD	30485727	30485799	ENSG00000257686	CR759912.3
1	54606897	54665746	ENSG00000256407	RP11-446E24.4
7	79998891	80308593	ENSG00000135218	CD36
10	108309864	108310879	ENSG00000215002	RP11-446H13.2
HSCHR6_MHC_APD	30487452	30487536	ENSG00000257659	CR759912.2
HSCHR6_MHC_APD	30488552	30488639	ENSG00000258025	CR759912.6
HSCHR6_MHC_APD	30492289	30495243	ENSG00000225382	XXbac-BPG249D20.9
X	34147869	34150447	ENSG00000185448	FAM47A
10	108729779	108729908	ENSG00000200626	RNA5SP325
HSCHR6_MHC_APD	30506512	30507598	ENSG00000257416	CR759912.1
1	54635333	54637997	ENSG00000248835	AL357673.1
HSCHR6_MHC_APD	30508918	30509042	ENSG00000258243	CR759912.8
HSCHR6_MHC_APD	30514699	30514919	ENSG00000257945	CR759912.5
X	34645181	34675405	ENSG00000147027	TMEM47
3	10334815	10362862	ENSG00000157020	SEC13
HSCHR6_MHC_APD	30515142	30515229	ENSG00000258094	CR759912.7
6	49518113	49529620	ENSG00000197261	C6orf141
HSCHR6_MHC_APD	30525031	30525152	ENSG00000257693	CR759912.4
HSCHR6_MHC_QBL	31075288	31080647	ENSG00000206460	CDSN
22	32750872	32757148	ENSG00000128276	RFPL3
HSCHR6_MHC_APD	30672830	30673559	ENSG00000236100	RPL7P4
HSCHR6_MHC_APD	30679091	30689207	ENSG00000231860	MDC1-AS1
1	214454445	214510474	ENSG00000143499	SMYD2
20	2442280	2451499	ENSG00000125835	SNRPB
HSCHR6_MHC_APD	31006269	31011068	ENSG00000237108	XXbac-BPG118E17.9
14	106653371	106653661	ENSG00000253883	IGHV3-19
HSCHR6_MHC_APD	31033296	31038966	ENSG00000228147	HCG22
14	106663246	106665214	ENSG00000271201	AB019440.50
X	34960913	34963034	ENSG00000189132	FAM47B
5	145826874	145891524	ENSG00000113649	TCERG1
14	106663421	106663529	ENSG00000221180	AB019440.1
10	109221318	109221427	ENSG00000200079	RNA5SP326
HSCHR6_MHC_QBL	31097761	31099575	ENSG00000206459	PSORS1C2
14	106669468	106669951	ENSG00000253996	IGHVII-20-1
HSCHR6_MHC_APD	31039064	31039247	ENSG00000258103	CT009481.1
9	133454352	133513739	ENSG00000107164	FUBP3
9	34610483	34612101	ENSG00000164967	RPP25L
HSCHR6_MHC_APD	31475776	31475877	ENSG00000266548	Y_RNA
14	106714360	106714821	ENSG00000253957	IGHV3-22
17	4643319	4649411	ENSG00000141497	ZMYND15
HSCHR6_MHC_APD	31498549	31499360	ENSG00000230616	PPIAP9
20	49551404	49575092	ENSG00000000419	DPM1
14	106719955	106720219	ENSG00000253345	IGHVII-22-1
1	54638009	54665709	ENSG00000215883	CYB5RL
14	106721281	106721308	ENSG00000254045	IGHVIII-22-2
7	53723202	53879624	ENSG00000205628	GS1-179L18.1
X	82763269	82764775	ENSG00000196767	POU3F4
10	109517591	109871360	ENSG00000229981	RP11-215N21.1
14	106743406	106744252	ENSG00000238275	HOMER2P2
X	35816459	35821852	ENSG00000189023	MAGEB16
22	32755893	32778039	ENSG00000205853	RFPL3S
2	232063260	232239548	ENSG00000135931	ARMC9
7	53843829	53844017	ENSG00000222355	RNU2-29P
14	106744269	106744975	ENSG00000229084	LINC00226
6	31847536	31865464	ENSG00000204371	EHMT2
Y	27809047	27809373	ENSG00000270535	TCEB1P34
7	53847476	53847956	ENSG00000271306	RP11-678B3.3
HSCHR6_MHC_APD	31507182	31507761	ENSG00000233965	RPL15P4
7	53854860	53854991	ENSG00000232418	RP11-678B3.1
X	83116154	83141705	ENSG00000183035	CYLC1
1	151252500	151254405	ENSG00000232671	RP11-126K1.2
7	53929926	53931032	ENSG00000235454	RP11-678B3.2
HSCHR6_MHC_APD	31515442	31515517	ENSG00000265849	SNORD83
Y	27821207	27843493	ENSG00000225287	OFD1P13Y
17	45331212	45421658	ENSG00000259207	ITGB3
7	53994369	54015437	ENSG00000238131	RP11-806J6.1
19	22115760	22193751	ENSG00000160321	ZNF208
HSCHR6_MHC_APD	31590211	31590484	ENSG00000238126	UQCRHP1
7	54398390	54417542	ENSG00000231427	RP11-436F9.1
14	106745623	106746073	ENSG00000253441	IGHV3-25
HSCHR6_MHC_APD	31736082	31736184	ENSG00000266231	U6
11	61520114	61555990	ENSG00000124920	MYRF
17	27400537	27418537	ENSG00000221995	TIAF1
HSCHR6_MHC_APD	31743441	31744719	ENSG00000236912	SAPCD1-AS1
HSCHR6_MHC_APD	31757947	31758035	ENSG00000264393	Y_RNA
14	106750162	106750402	ENSG00000253367	IGHVIII-25-1
X	128673826	128726538	ENSG00000122126	OCRL
7	54427585	54427688	ENSG00000238354	snoU13
HSCHR6_MHC_APD	31814397	31814459	ENSG00000263864	SNORD48
Y	27845598	27848709	ENSG00000225256	TRAPPC2P5
7	76178677	76257299	ENSG00000205485	AC004980.7
7	54487137	54488021	ENSG00000213673	SLC25A5P3
HSCHR6_MHC_APD	31816211	31816277	ENSG00000266300	SNORD52
14	106765678	106765927	ENSG00000253462	IGHVIII-26-1
HSCHR6_MHC_APD	31862895	31863188	ENSG00000232266	DAQB-331I12.5
X	35937851	36008269	ENSG00000165164	CXorf22
10	65662211	65663005	ENSG00000213609	RP11-170M17.2
14	106770914	106771238	ENSG00000253482	IGHVII-26-2
HSCHR6_MHC_APD	32057628	32057748	ENSG00000266653	5S_rRNA
7	54624663	54639419	ENSG00000224223	GS1-18A18.1
13	47127303	47327175	ENSG00000136141	LRCH1
14	106774086	106774499	ENSG00000254326	IGHV7-27
Y	27856055	27859704	ENSG00000223856	RAB9AP2
7	115575202	115799950	ENSG00000105967	TFEC
HSCHR6_MHC_APD	32304328	32305287	ENSG00000234216	HNRNPA1P2
10	65796105	65797040	ENSG00000226426	RP11-174J11.1
17	76899345	76901106	ENSG00000267491	CTD-2373H9.5
7	54643745	54646487	ENSG00000228735	GS1-18A18.2
14	106785676	106785916	ENSG00000254214	IGHVII-28-1
14	106787368	106787804	ENSG00000253464	IGHV3-29
2	46717889	46769696	ENSG00000250565	ATP6V1E2
Y	27869163	27870333	ENSG00000235004	USP9YP30
7	54688718	54688824	ENSG00000200471	RNU6-1125P
10	65928715	65930611	ENSG00000235489	DBF4P1
17	77128804	77132484	ENSG00000266711	RP11-398J5.1
HSCHR6_MHC_APD	32331634	32331740	ENSG00000266435	U6
7	54724051	54724427	ENSG00000232612	RPL31P35
HSCHR6_MHC_APD	32369260	32372436	ENSG00000235135	HCG23
17	77680985	77681058	ENSG00000266665	MIR4739
14	106798646	106798877	ENSG00000253491	IGHVII-30-1
7	54827118	54872621	ENSG00000234707	RP11-745C15.2
17	77681075	77686081	ENSG00000214105	CTD-2116F7.1
14	106800319	106800757	ENSG00000253587	IGHV3-30-2
HSCHR6_MHC_APD	32438582	32452263	ENSG00000227384	HLA-DRB9
7	54933511	54933717	ENSG00000252054	SNORA73
Y	27869489	27869642	ENSG00000252426	RNU1-107P
5	137273649	137387650	ENSG00000031003	FAM13B
7	55001392	55005877	ENSG00000218586	RP4-791C19.1
X	83318984	83442933	ENSG00000072133	RPS6KA6
9	34613548	34620515	ENSG00000137100	DCTN3
Y	27874637	27879535	ENSG00000231141	TTTY3
HSCHR6_MHC_APD	32468460	32468608	ENSG00000264998	U1
14	106810597	106810633	ENSG00000253149	IGHVII-31-1
15	37181406	37393504	ENSG00000134138	MEIS2
6	49572871	49604552	ENSG00000112077	RHAG
17	77687493	77687588	ENSG00000239173	snoU13
14	106812091	106812517	ENSG00000254289	IGHV3-32
HSCHR6_MHC_APD	32670372	32671202	ENSG00000237577	XXbac-BPG254F23.7
17	77774397	77776326	ENSG00000262768	RP11-353N14.1
14	36295524	36401531	ENSG00000100916	BRMS1L
Y	27876158	27881307	ENSG00000232614	USP9YP9
6	43968317	43973695	ENSG00000181577	C6orf223
7	55247443	55256627	ENSG00000224057	EGFR-AS1
14	106823315	106823594	ENSG00000254203	IGHVII-33-1
19	22235254	22274282	ENSG00000197134	ZNF257
22	32783569	32808242	ENSG00000100220	RTCB
1	151254094	151264656	ENSG00000143373	ZNF687
8	21906506	21940038	ENSG00000158856	DMTN
7	55311940	55313374	ENSG00000237210	RP11-339F13.2
HSCHR6_MHC_APD	32683098	32684035	ENSG00000226343	HLA-DQB3
17	35306175	35414171	ENSG00000108270	AATF
7	55327502	55327949	ENSG00000230564	CALM1P2
18	59854491	59974355	ENSG00000134444	KIAA1468
HSCHR6_MHC_APD	32702571	32702638	ENSG00000264180	MIR3135B
11	6616305	6624850	ENSG00000132275	RRP8
17	34087916	34092098	ENSG00000154768	C17orf50
HSCHR6_MHC_APD	32795470	32797879	ENSG00000233089	TAPSAR1
HSCHR6_MHC_SSTO	32898409	32902343	ENSG00000231631	PSMB8
10	51026325	51130715	ENSG00000227345	PARG
3	138327448	138352218	ENSG00000158234	FAIM
12	91539025	91576900	ENSG00000011465	DCN
2	97481982	97499648	ENSG00000168763	CNNM3
7	55410009	55412651	ENSG00000230936	RP11-775L16.1
1	54649714	54691137	ENSG00000116221	MRPL37
X	36053908	36163187	ENSG00000176034	CHDC2
7	55640864	55656029	ENSG00000223475	RP11-310H4.1
7	55659767	55660886	ENSG00000233977	RP11-310H4.2
HSCHR6_MHC_APD	32830521	32831197	ENSG00000234642	PPP1R2P1
7	55661470	55662699	ENSG00000231394	RP11-310H4.3
7	55705967	55706535	ENSG00000234844	CDC42P2
HSCHR6_MHC_APD	32847757	32847831	ENSG00000237334	HLA-Z
12	78820606	78836732	ENSG00000257879	RP11-90C1.1
HSCHR6_MHC_APD	32888280	32888374	ENSG00000263423	CR936913.1
HSCHR6_MHC_APD	33030638	33031047	ENSG00000231580	RPL32P1
1	1550795	1565990	ENSG00000197530	MIB2
2	46768945	46810260	ENSG00000119729	RHOQ
HSCHR6_MHC_APD	33042924	33048466	ENSG00000234260	HLA-DPA2
16	30535325	30538142	ENSG00000169957	ZNF768
3	115377380	115380126	ENSG00000241596	RP11-326J18.1
3	115556715	115557005	ENSG00000243359	RN7SL815P
HSCHR6_MHC_APD	33054938	33058474	ENSG00000227577	COL11A2P1
2	183773843	183903586	ENSG00000061676	NCKAP1
3	116078871	116088937	ENSG00000240922	LSAMP-AS1
2	65215611	65250999	ENSG00000115902	SLC1A4
9	133539981	133558368	ENSG00000130711	PRDM12
3	116271320	116287111	ENSG00000241397	LINC00903
HSCHR6_MHC_DBB	29899000	29903640	ENSG00000235657	HLA-A
HSCHR6_MHC_APD	33063595	33080224	ENSG00000226071	HLA-DPB2
3	116301401	116301677	ENSG00000241156	RN7SL582P
14	80943330	81425861	ENSG00000100629	CEP128
HSCHR6_MHC_QBL	31102653	31118444	ENSG00000206457	CCHCR1
3	116364592	116365574	ENSG00000198406	BZW1P2
15	62359176	62363116	ENSG00000198535	C2CD4A
17	72420990	72447792	ENSG00000170412	GPRC5C
2	79312156	79315145	ENSG00000172023	REG1B
X	36246735	36403431	ENSG00000205081	CXorf30
16	70147529	70195203	ENSG00000090857	PDPR
16	30537244	30546668	ENSG00000169955	ZNF747
HSCHR6_MHC_APD	33082356	33082482	ENSG00000231895	HLA-DPA3
15	62455734	62457482	ENSG00000205502	C2CD4B
HSCHR6_MHC_APD	33316721	33317416	ENSG00000217281	LYPLA2P1
5	16665395	16936372	ENSG00000145555	MYO10
19	49133287	49140695	ENSG00000105516	DBP
2	27873679	27886676	ENSG00000119760	SUPT7L
3	44903361	44907162	ENSG00000169964	TMEM42
15	27402762	27406466	ENSG00000228740	AC136896.1
20	17206752	17465223	ENSG00000125851	PCSK2
HG299_PATCH	118842417	118852001	ENSG00000262245	FOXR1
14	106825038	106825477	ENSG00000253440	IGHV3-33-2
15	27453236	27453782	ENSG00000214254	AC136896.2
3	119217379	119243937	ENSG00000113845	TIMMDC1
14	106833231	106833664	ENSG00000253325	IGHV7-34-1
15	27525465	27525583	ENSG00000200326	RNA5SP391
15	27585671	27585951	ENSG00000258624	AC145436.1
15	27607456	27611544	ENSG00000261426	AC144833.1
14	106848685	106849142	ENSG00000253240	IGHV3-36
15	27663942	27665881	ENSG00000258970	RP11-100M12.1
2	173600002	173917621	ENSG00000091428	RAPGEF4
9	133569108	133580248	ENSG00000130713	EXOSC2
15	27667527	27673484	ENSG00000259152	RP11-100M12.2
12	57643392	57824788	ENSG00000179912	R3HDM2
14	106852588	106853026	ENSG00000253359	IGHV3-37
15	27728181	27787137	ENSG00000259168	RP11-100M12.3
7	76279718	76280214	ENSG00000214243	AC004980.10
17	34136459	34191619	ENSG00000172660	TAF15
14	106873942	106873995	ENSG00000253989	IGHVIII-38-1
15	27866680	27874435	ENSG00000258594	RP11-30G8.2
14	106881270	106881468	ENSG00000253467	IGHV7-40
15	27929644	27930914	ENSG00000258853	RP11-30G8.1
17	73521161	73571289	ENSG00000073350	LLGL2
HG299_PATCH	118868852	118886501	ENSG00000263192	CCDC84
15	28020767	28021944	ENSG00000232394	AC090696.2
14	106892325	106892465	ENSG00000228757	AB019438.66
15	28140850	28141728	ENSG00000228992	RPL5P32
10	51187938	51192032	ENSG00000174196	FAM21D
14	106896861	106896918	ENSG00000253294	IGHVII-40-1
14	106899044	106899493	ENSG00000253705	IGHV3-41
X	37026432	37029739	ENSG00000198173	FAM47C
15	28560798	28561102	ENSG00000256338	RPL41P2
3	44916100	44956482	ENSG00000163810	TGM4
9	34621376	34628104	ENSG00000205143	ARID3C
HSCHR6_MHC_SSTO	32901828	32937246	ENSG00000243958	PSMB9
14	106916017	106916980	ENSG00000228966	HOMER2P1
15	28577383	28581755	ENSG00000261401	RP11-578F21.3
3	169940153	170023769	ENSG00000163558	PRKCI
21	44073746	44195619	ENSG00000160191	PDE9A
3	51422478	51426828	ENSG00000145050	MANF
11	6624961	6632102	ENSG00000166333	ILK
14	106919183	106919483	ENSG00000254228	IGHV3-42
13	47345391	47371367	ENSG00000139684	ESD
15	28591636	28591793	ENSG00000261561	RP11-536P16.2
19	49141199	49149569	ENSG00000063180	CA11
7	128506633	128508898	ENSG00000239815	RP11-309L24.4
12	50690489	50691718	ENSG00000269529	AC140061.12
17	40830907	40835935	ENSG00000184451	CCR10
7	149461271	149470568	ENSG00000181444	ZNF467
15	28594197	28603226	ENSG00000237850	RP11-483E23.2
2	70436576	70475792	ENSG00000116001	TIA1
17	36991341	36997708	ENSG00000214556	C17orf98
2	79347488	79350545	ENSG00000115386	REG1A
19	57751973	57766503	ENSG00000204524	ZNF805
HG299_PATCH	118886422	118889401	ENSG00000262088	RPS25
6	54711569	54806820	ENSG00000168143	FAM83B
X	37208528	37316548	ENSG00000130962	PRRG1
7	916189	936073	ENSG00000239857	GET4
7	128510821	128512098	ENSG00000272899	RP11-309L24.9
9	34634719	34637806	ENSG00000147955	SIGMAR1
7	128546825	128546943	ENSG00000221401	AC025594.1
7	128552714	128554117	ENSG00000224163	RP11-309L24.6
12	50720013	50790405	ENSG00000185958	FAM186A
7	5346421	5465045	ENSG00000182095	TNRC18
14	66424015	66471241	ENSG00000258847	CTD-2014B16.3
2	191054461	191208919	ENSG00000198130	HIBCH
12	78842775	78934455	ENSG00000257165	RP11-171L9.1
2	204801471	204826300	ENSG00000163600	ICOS
15	62682725	63136830	ENSG00000171914	TLN2
12	79187306	79187894	ENSG00000257564	RP11-123M21.2
14	106928717	106928888	ENSG00000253597	IGHVII-43-1
14	106934226	106934399	ENSG00000253588	IGHVIII-44
12	79198128	79202279	ENSG00000257948	RP11-123M21.1
15	28607942	28610877	ENSG00000261497	RP11-483E23.3
14	106938445	106977000	ENSG00000187156	LINC00221
12	79354038	79439424	ENSG00000257191	RP11-390N6.1
19	57791419	57804937	ENSG00000197714	ZNF460
15	28632351	28632629	ENSG00000241273	RN7SL238P
8	95825539	95893974	ENSG00000164941	INTS8
15	28633515	28633597	ENSG00000221050	AC091304.1
12	79734985	79897176	ENSG00000257894	RP1-78O14.1
15	28648014	28650179	ENSG00000261524	ABCB10P3
17	37004118	37010096	ENSG00000125691	RPL23
15	28671637	28671730	ENSG00000266039	MIR4509-3
2	219262979	219270664	ENSG00000144579	CTDSP1
1	54691105	54879152	ENSG00000157216	SSBP3
14	100612756	100626500	ENSG00000168350	DEGS2
15	28699806	28702929	ENSG00000260159	RP11-483E23.4
HG299_PATCH	118889142	118896164	ENSG00000267619	TRAPPC4
19	49164664	49176338	ENSG00000142233	NTN5
15	28718468	28718594	ENSG00000261365	RP11-483E23.5
HSCHR6_MHC_SSTO	32902901	32911670	ENSG00000224748	TAP1
X	37208583	38546928	ENSG00000250349	TM4SF2
15	28735898	28735991	ENSG00000263964	MIR4509-2
6	55039050	55147418	ENSG00000137252	HCRTR2
19	57831877	57842144	ENSG00000178229	ZNF543
15	28751771	28753954	ENSG00000260053	ABCB10P4
7	149535456	149564568	ENSG00000106479	ZNF862
11	113775399	113817287	ENSG00000149305	HTR3B
10	51224681	51371321	ENSG00000174194	AGAP8
15	28768331	28768413	ENSG00000238607	AC138749.1
15	28769299	28769577	ENSG00000244424	RN7SL829P
15	28791058	28794923	ENSG00000261041	RP11-536P16.4
X	37430822	37543716	ENSG00000147036	LANCL3
13	47405685	47471169	ENSG00000102468	HTR2A
8	144766622	144796068	ENSG00000181135	ZNF707
15	28798718	28806525	ENSG00000227717	RP11-578F21.4
2	111490150	111875799	ENSG00000153093	ACOXL
20	17474550	17549865	ENSG00000125864	BFSP1
22	32809834	32860471	ENSG00000184459	BPIFC
19	57862675	57871266	ENSG00000131845	ZNF304
20	49575363	49577820	ENSG00000124217	MOCS3
18	59992520	60058516	ENSG00000141655	TNFRSF11A
1	214522039	214725792	ENSG00000152104	PTPN14
6	109711418	109762374	ENSG00000185250	PPIL6
10	66380131	66380679	ENSG00000233900	RPL17P35
X	37545012	37591383	ENSG00000047597	XK
19	49199228	49209207	ENSG00000176920	FUT2
9	133589333	133763062	ENSG00000097007	ABL1
10	66522640	66522929	ENSG00000270648	CYP2C61P
19	10244021	10341962	ENSG00000130816	DNMT1
10	66585329	66586336	ENSG00000216740	ANXA2P3
10	66660894	66684276	ENSG00000224714	RP11-179K3.2
20	49620193	49639666	ENSG00000026559	KCNG1
19	57874845	57890933	ENSG00000152433	ZNF547
10	66814218	66814761	ENSG00000270754	NEK4P3
HG299_PATCH	118894824	118901597	ENSG00000262676	SLC37A4
10	66929196	66929627	ENSG00000227173	MYL6P3
19	22361893	22379753	ENSG00000196109	ZNF676
7	128610788	128611087	ENSG00000242241	RN7SL306P
7	76326819	76326971	ENSG00000221249	AC004980.1
7	128668943	128670581	ENSG00000244556	ODCP
7	76531808	76548508	ENSG00000231183	AC007003.1
17	61949372	61951126	ENSG00000213218	CSH2
10	67007790	67008550	ENSG00000233724	RP11-252C24.2
HSCHR6_MHC_COX	28615937	28616005	ENSG00000263778	AL671879.2
7	76597514	76598567	ENSG00000231087	FDPSP7
HSCHR6_MHC_COX	28616026	28622258	ENSG00000249032	LINC00533
7	76597663	76597835	ENSG00000236280	AC114737.3
7	76601996	76606278	ENSG00000225703	AC005522.7
19	22469210	22499978	ENSG00000196350	ZNF729
7	128696073	128696824	ENSG00000230359	TPI1P2
HSCHR6_MHC_COX	28658641	28659004	ENSG00000257832	AL671879.1
7	76607934	76673092	ENSG00000186704	DTX2P1
X	37639264	37672714	ENSG00000165168	CYBB
19	57874879	57876721	ENSG00000256060	TRAPPC2P1
7	128701585	128701688	ENSG00000238733	snoU13
HSCHR6_MHC_COX	28700592	28701479	ENSG00000249814	RPSAP2
15	28810132	28810298	ENSG00000260444	RP11-483E23.7
HSCHR6_MHC_COX	28744522	28744629	ENSG00000263532	AL901607.2
15	28820165	28824546	ENSG00000261581	RP11-665A22.1
6	44081194	44095194	ENSG00000180992	MRPL14
19	22573821	22715287	ENSG00000197360	ZNF98
19	57874934	57909952	ENSG00000268133	AC003002.4
19	49215999	49222978	ENSG00000176909	MAMSTR
17	38137050	38154213	ENSG00000108344	PSMD3
14	66974125	67648520	ENSG00000171723	GPHN
8	42128820	42189973	ENSG00000104365	IKBKB
2	27886338	27917840	ENSG00000163798	SLC4A1AP
7	76610266	76673092	ENSG00000265479	DTX2P1-UPK3BP1-PMS2P11
17	27573881	27581512	ENSG00000108255	CRYBA1
17	53342373	53402426	ENSG00000108924	HLF
11	113845603	113861035	ENSG00000166736	HTR3A
6	80194708	80247175	ENSG00000135338	LCA5
15	43803156	43823818	ENSG00000166963	MAP1A
9	34638130	34651032	ENSG00000213930	GALT
20	17550508	17590564	ENSG00000125868	DSTN
7	5470966	5553429	ENSG00000155034	FBXL18
3	138372860	138553780	ENSG00000051382	PIK3CB
10	27399383	27444195	ENSG00000136758	YME1L1
19	22817126	22850472	ENSG00000229676	ZNF492
13	48510622	48612125	ENSG00000136143	SUCLA2
15	28834638	28930410	ENSG00000206149	HERC2P9
19	57901218	57912786	ENSG00000188785	ZNF548
7	937540	995043	ENSG00000105963	ADAP1
12	32552463	32798984	ENSG00000139132	FGD4
7	55713313	55714644	ENSG00000235207	TUBBP6
7	55724461	55746183	ENSG00000231317	RP11-310H4.6
1	151264273	151300191	ENSG00000143393	PI4KB
19	22939007	22966909	ENSG00000213973	ZNF99
7	44154286	44163957	ENSG00000106628	POLD2
2	27346682	27353680	ENSG00000143994	ABHD1
2	205410516	206484886	ENSG00000116117	PARD3B
3	116428082	116442428	ENSG00000243197	TUSC7
7	55748767	55780945	ENSG00000176826	FKBP9L
12	79742099	79742171	ENSG00000238890	AC078917.1
2	202509593	202563417	ENSG00000082126	MPP4
12	79813037	79813101	ENSG00000221788	MIR1252
12	50786166	50873787	ENSG00000161813	LARP4
22	32870663	32894818	ENSG00000100225	FBXO7
12	79856244	79856330	ENSG00000266390	AC027288.2
12	79874828	79874920	ENSG00000263757	AC027288.1
12	79893899	79894467	ENSG00000257604	RP11-359M6.2
6	44094651	44123256	ENSG00000137216	TMEM63B
6	80341000	80413372	ENSG00000198478	SH3BGRL2
3	116569124	116569214	ENSG00000265433	MIR4447
19	23158270	23185978	ENSG00000269067	ZNF728
3	116640278	116651085	ENSG00000242385	LINC00901
HSCHR6_MHC_COX	28752233	28752604	ENSG00000230574	NOL5BP
17	79791368	79792926	ENSG00000182676	PPP1R27
6	29341200	29343068	ENSG00000112462	OR12D3
3	116683959	116684074	ENSG00000200372	RNU5E-8P
7	55753670	55753774	ENSG00000252857	RNU6-389P
HSCHR6_MHC_COX	28764545	28764608	ENSG00000265950	AL901607.3
3	116745545	116745886	ENSG00000243014	PTMAP8
HSCHR6_MHC_COX	28806290	28807427	ENSG00000237006	XXbac-BPG308K3.5
9	133768815	133769225	ENSG00000188710	QRFP
3	14693271	14714166	ENSG00000154781	CCDC174
8	144788864	144790279	ENSG00000255181	CCDC166
HSCHR6_MHC_COX	28828044	28831792	ENSG00000227966	XXbac-BPG308K3.6
11	61535973	61560274	ENSG00000134825	TMEM258
2	3705785	3750261	ENSG00000151360	ALLC
6	29364416	29365448	ENSG00000168787	OR12D2
19	23258012	23330021	ENSG00000183850	ZNF730
6	29385057	29386003	ENSG00000251608	OR12D1
18	60190240	60254942	ENSG00000141664	ZCCHC2
2	79384132	79386879	ENSG00000172016	REG3A
Y	24454970	24564028	ENSG00000226941	RBMY1J
6	80624529	80657297	ENSG00000118402	ELOVL4
17	77784478	77784573	ENSG00000238331	AC100791.2
15	69745123	69748255	ENSG00000137818	RPLP1
17	77797251	77801503	ENSG00000262772	RP11-353N14.2
19	23404401	23433192	ENSG00000196081	ZNF724P
19	45594654	45651335	ENSG00000104866	PPP1R37
17	77821857	77823909	ENSG00000262343	RP11-353N14.3
6	29393281	29424848	ENSG00000204694	OR11A1
5	162930120	162946342	ENSG00000038274	MAT2B
HG299_PATCH	118914898	118927912	ENSG00000262812	HYOU1
17	77889051	77900524	ENSG00000262585	RP11-353N14.5
8	144798429	144804628	ENSG00000181085	MAPK15
9	133777825	133814673	ENSG00000130720	FIBCD1
17	77893156	77899261	ENSG00000262188	RP11-353N14.4
7	76633979	76635091	ENSG00000242435	UPK3BP1
7	76640868	76645170	ENSG00000241350	PMS2P11
17	77910551	77910992	ENSG00000184247	AC100791.1
17	77965743	77966640	ENSG00000262172	CTD-2529O21.1
7	76642900	76643001	ENSG00000201885	Y_RNA
17	77997693	77999906	ENSG00000261978	CTD-2529O21.2
7	76651635	76661674	ENSG00000186645	SPDYE9P
X	37696010	37706890	ENSG00000165169	DYNLT3
17	78174472	78179748	ENSG00000262580	RP11-334C17.5
11	61560109	61564716	ENSG00000168496	FEN1
X	53220503	53254604	ENSG00000126012	KDM5C
19	23487793	23578362	ENSG00000167232	ZNF91
HSCHR6_MHC_COX	28829830	28830461	ENSG00000226714	RPL13P
7	128706075	128706516	ENSG00000242162	RP11-128A6.3
HSCHR6_MHC_COX	28857440	28858514	ENSG00000235184	ZNF90P2
20	2447858	2489553	ENSG00000256566	RP4-734P14.4
HSCHR6_MHC_COX	28865131	28865921	ENSG00000230004	HCG14
7	128735355	128735865	ENSG00000241102	RP11-286H14.2
1	214776538	214837931	ENSG00000117724	CENPF
7	128736081	128736789	ENSG00000241573	RP11-286H14.1
17	27582854	27621136	ENSG00000108256	NUFIP2
7	128757567	128757881	ENSG00000240416	CYCSP20
HSCHR6_MHC_COX	28884244	28884343	ENSG00000263937	RNU6-1173P
6	39071840	39082965	ENSG00000112167	SAYSD1
18	32946661	32957301	ENSG00000186496	ZNF396
HSCHR6_MHC_COX	28933441	28934771	ENSG00000233505	KRT18P1
7	128766572	128770847	ENSG00000230626	RP11-286H14.4
12	72056789	72074419	ENSG00000173451	THAP2
10	135192720	135193102	ENSG00000268882	AL360181.1
7	128804690	128804802	ENSG00000200629	Y_RNA
7	128808053	128809538	ENSG00000240685	RP11-286H14.6
17	79801035	79818570	ENSG00000185624	P4HB
10	135204338	135233999	ENSG00000254536	RP11-108K14.8
7	128849616	128853386	ENSG00000243230	RP11-286H14.8
20	2462463	2505348	ENSG00000088876	ZNF343
19	57901252	57931362	ENSG00000269533	AC003002.6
7	129045476	129045537	ENSG00000252280	RNU7-16P
10	51371390	51387768	ENSG00000204152	TIMM23B
7	129049954	129050211	ENSG00000238072	RP11-305M3.2
20	50003494	50179370	ENSG00000101096	NFATC2
17	46908350	46943884	ENSG00000136436	CALCOCO2
17	78289451	78290433	ENSG00000262979	CTD-2047H16.2
3	186500994	186507689	ENSG00000156976	EIF4A2
7	129117716	129117942	ENSG00000239919	SNRPGP3
17	78325628	78388968	ENSG00000263069	CTD-2047H16.4
1	54703710	54704736	ENSG00000198711	SSBP3-AS1
11	17515442	17565963	ENSG00000006611	USH1C
2	219283815	219318018	ENSG00000127831	VIL1
Y	27894743	27896353	ENSG00000225326	USP9YP19
X	37850070	37850569	ENSG00000187516	CXorf27
19	45653008	45663408	ENSG00000179846	NKPD1
4	185548850	185570663	ENSG00000164305	CASP3
17	78393218	78393293	ENSG00000264961	MIR4730
Y	27898535	27899017	ENSG00000223406	XKRYP5
17	78427535	78428529	ENSG00000260369	CTD-2526A2.2
18	33023835	33077904	ENSG00000267140	RP11-322E11.6
Y	27959160	27960713	ENSG00000229343	CDY22P
2	3751453	3836122	ENSG00000214866	DCDC2C
3	160117062	160152750	ENSG00000113810	SMC4
6	39156749	39197226	ENSG00000164626	KCNK5
Y	28007090	28007415	ENSG00000232695	TCEB1P17
Y	28018078	28044800	ENSG00000235511	OFD1P18Y
3	179306073	179322442	ENSG00000136522	MRPL47
4	76942273	76944650	ENSG00000169245	CXCL10
10	135207598	135234811	ENSG00000148824	MTG1
Y	28050665	28053397	ENSG00000232914	TRAPPC2P4
22	21061979	21213705	ENSG00000241973	PI4KA
19	45666186	45681495	ENSG00000007255	TRAPPC6A
1	55007930	55104865	ENSG00000162390	ACOT11
HSCHR6_MHC_COX	28941851	28942146	ENSG00000263419	RN7SL257P
Y	28064470	28065042	ENSG00000223655	RAB9AP3
HSCHR6_MHC_COX	28950578	28951859	ENSG00000227380	HCG15
X	37865835	37988072	ENSG00000147041	SYTL5
18	33032194	33077955	ENSG00000153391	INO80C
17	78489015	78489189	ENSG00000262000	CTD-2526A2.5
Y	28069535	28075973	ENSG00000230854	USP9YP20
9	133884469	133969860	ENSG00000050555	LAMC3
5	109218883	109220452	ENSG00000254106	AC011366.3
20	2517253	2622430	ENSG00000149488	TMC2
16	70207225	70221264	ENSG00000157335	CLEC18C
17	78489457	78489612	ENSG00000271340	CTD-2526A2.6
4	76954835	76962568	ENSG00000169248	CXCL11
17	78516003	78516405	ENSG00000213128	RPL32P31
14	106945352	106945763	ENSG00000253465	IGHVIV-44-1
Y	28075126	28075289	ENSG00000252625	RNU1-40P
14	106950148	106950397	ENSG00000253895	IGHVII-44-2
Y	28079980	28082028	ENSG00000227635	USP9YP21
11	61560452	61634826	ENSG00000134824	FADS2
Y	28089415	28100299	ENSG00000237546	XKRYP6
10	67073543	67074728	ENSG00000235356	RP11-428G2.1
1	25757388	25826700	ENSG00000204178	TMEM57
Y	28121660	28134216	ENSG00000172283	PRYP4
12	122326637	122356203	ENSG00000110801	PSMD9
12	79918657	79918950	ENSG00000243714	RN7SL696P
10	67330096	67526299	ENSG00000228065	RP11-222A11.1
12	79933983	79944315	ENSG00000257474	RP11-359M6.1
17	27030215	27038872	ENSG00000167525	PROCA1
6	109761966	109765122	ENSG00000135587	SMPD2
12	79952562	79952946	ENSG00000257956	RP11-359M6.3
12	80083924	80172231	ENSG00000258048	RP11-530C5.1
6	55192267	55267291	ENSG00000187871	GFRAL
17	27717482	27878922	ENSG00000160551	TAOK1
12	80217558	80219276	ENSG00000258044	RP11-530C5.2
10	67469818	67469902	ENSG00000253012	AC022538.1
5	109624934	110074657	ENSG00000186952	TMEM232
10	67839001	67878084	ENSG00000273360	RP11-210G22.1
2	118846028	118868573	ENSG00000125629	INSIG2
10	68254457	68254557	ENSG00000252203	snoR442
10	68374995	68375096	ENSG00000239000	snoU13
10	68812367	68814786	ENSG00000225299	RP11-344A5.1
19	45682003	45685059	ENSG00000189114	BLOC1S3
3	183749332	183757157	ENSG00000186090	HTR3D
10	69093881	69094640	ENSG00000226448	RP11-93L14.1
13	48611703	48621358	ENSG00000136159	NUDT15
10	85899196	85913001	ENSG00000165678	GHITM
9	34646642	34657110	ENSG00000258728	GALT
7	5566782	5603415	ENSG00000075624	ACTB
8	144806103	144815971	ENSG00000180921	FAM83H
11	67286383	67290899	ENSG00000167791	CABP2
17	20467851	20468202	ENSG00000235323	COTL1P2
17	20479980	20482061	ENSG00000264422	RP11-434D2.12
2	201353675	201384507	ENSG00000155729	KCTD18
19	45683080	45705702	ENSG00000267545	AC005779.2
10	110055857	110056290	ENSG00000234544	PTGES3P5
17	20487071	20494493	ENSG00000231258	ZSWIM5P2
10	110307733	110321573	ENSG00000203434	RP11-163F15.1
19	45690646	45720191	ENSG00000266958	AC006126.3
10	110470276	110599121	ENSG00000223381	RP11-655H13.2
17	20492371	20494013	ENSG00000188013	MEIS3P2
14	36767770	36789882	ENSG00000151332	MBIP
10	110607944	110609319	ENSG00000224498	MAPKAPK5P1
GL000247.1	10271	10353	ENSG00000264728	CU442762.3
14	106971752	106971788	ENSG00000253808	IGHVII-46-1
10	110700727	110701068	ENSG00000222436	RN7SKP278
17	20498844	20499021	ENSG00000232889	AC087499.4
GL000247.1	11746	11828	ENSG00000238667	CU442762.2
14	106974509	106974954	ENSG00000229092	IGHV3-47
10	110944651	110944765	ENSG00000252574	RNU5B-6P
GL000247.1	11986	12067	ENSG00000238477	CU442762.1
17	20512775	20512923	ENSG00000226096	AC087499.9
GL000247.1	12803	12884	ENSG00000271726	CU442762.4
10	110999397	110999504	ENSG00000200217	RNU6-839P
6	55299167	55444012	ENSG00000146151	HMGCLL1
17	20515980	20517321	ENSG00000235546	AC087499.5
14	106987143	106987473	ENSG00000253862	IGHVIII-47-1
10	111287877	111288766	ENSG00000232728	PHB2P1
18	33161081	33291798	ENSG00000141429	GALNT1
4	185570767	185616117	ENSG00000164306	PRIMPOL
2	232260254	232265875	ENSG00000156966	B3GNT7
10	111294413	111294748	ENSG00000237242	BTF3P15
19	45715879	45737469	ENSG00000130201	EXOC3L2
14	107020363	107020586	ENSG00000253386	IGHVII-49-1
17	20516225	20536547	ENSG00000227685	AC087499.10
10	111421572	111421808	ENSG00000270333	RP11-566F5.2
13	48627459	48669267	ENSG00000136146	MED4
14	107022105	107022543	ENSG00000253241	IGHV3-50
20	17594323	17662940	ENSG00000125844	RRBP1
10	111440200	111440799	ENSG00000270294	RP11-566F5.1
17	20536347	20536572	ENSG00000266364	RP11-218E15.1
10	111567409	111567887	ENSG00000224907	RP11-451M19.2
14	107039493	107039794	ENSG00000254167	IGHVIII-51-1
2	232316906	232317864	ENSG00000233538	AC017104.2
Y	28137388	28137719	ENSG00000227867	TCEB1P11
10	111629616	111629750	ENSG00000272160	U4
17	20550600	20585112	ENSG00000236504	AC087499.7
14	107040702	107040960	ENSG00000253941	IGHVII-51-2
10	111764012	111764315	ENSG00000263706	RN7SL450P
Y	28140831	28141844	ENSG00000231716	CDY23P
10	111898972	111899184	ENSG00000226734	SNRPGP12
10	111967608	111968349	ENSG00000228417	RP11-549L6.3
15	28924551	28927398	ENSG00000254398	RP11-578F21.2
Y	28148401	28155003	ENSG00000234744	USP9YP26
15	28947708	28947790	ENSG00000238340	AC055876.2
10	112016822	112017601	ENSG00000214067	RP11-549L6.2
HSCHR6_MHC_COX	28951175	28952911	ENSG00000239940	HCG16
15	28948669	28948947	ENSG00000241075	RN7SL719P
15	28964523	28983577	ENSG00000261480	RP11-578F21.6
1	25870071	25895377	ENSG00000157978	LDLRAP1
HSCHR6_MHC_COX	28991069	28991996	ENSG00000227626	OR2AD1P
10	112188598	112255962	ENSG00000273143	RP11-525A16.4
22	32908539	33454358	ENSG00000185666	SYN3
Y	28157582	28158384	ENSG00000233156	HSFY8P
17	37026112	37078023	ENSG00000002834	LASP1
15	28982729	29002537	ENSG00000248334	WHAMMP2
11	67351066	67354131	ENSG00000084207	GSTP1
Y	28201926	28234640	ENSG00000234888	OFD1P15Y
1	215179118	215410436	ENSG00000082482	KCNK2
10	119040000	119134978	ENSG00000165650	PDZD8
10	112193999	112194143	ENSG00000221359	AL355512.1
10	112210387	112210998	ENSG00000237642	HMGB3P5
10	93666346	93669240	ENSG00000174721	FGFBP3
7	149570057	149577784	ENSG00000171130	ATP6V0E2
4	77035812	77069668	ENSG00000138750	NUP54
10	112235255	112235352	ENSG00000264544	AL355512.2
X	38008589	38080696	ENSG00000101955	SRPX
10	112309873	112310612	ENSG00000233518	RPL7P35
Y	28269821	28279455	ENSG00000215507	RBMY2DP
2	32853099	33046118	ENSG00000018699	TTC27
10	69510042	69510983	ENSG00000213606	AKR1B10P1
20	2632791	2639039	ENSG00000101361	NOP56
10	112336118	112336219	ENSG00000239125	snoU13
2	232318242	232348352	ENSG00000115053	NCL
1	55074855	55089229	ENSG00000162391	FAM151A
10	112393589	112393883	ENSG00000263919	RN7SL686P
10	69553528	69554003	ENSG00000225922	RP11-57G10.1
10	112402436	112402543	ENSG00000223302	Y_RNA
15	29008586	29009297	ENSG00000260844	RP11-578F21.9
3	119243140	119278449	ENSG00000121594	CD80
HSCHR16_1_CTG3_1	55849157	55879488	ENSG00000262243	CES1
10	112516214	112516481	ENSG00000252036	RN7SKP288
10	69568260	69568366	ENSG00000212520	RNU6-1250P
16	2138711	2185899	ENSG00000008710	PKD1
X	153759606	153775787	ENSG00000160211	G6PD
10	112520900	112521000	ENSG00000199364	RNA5SP327
15	29033389	29037148	ENSG00000232431	RP11-578F21.10
10	69585068	69585358	ENSG00000239942	RN7SL394P
10	112629501	112631352	ENSG00000232470	RP11-313D6.3
10	69593521	69593839	ENSG00000237141	DNAJC19P1
12	52486269	52498081	ENSG00000257989	RP1-288H2.2
10	69609283	69610504	ENSG00000272892	RP11-57G10.8
HSCHR6_MHC_MANN	28730486	28730593	ENSG00000273400	AL662890.15
15	29034345	29034632	ENSG00000256951	AC055876.1
10	112629626	112631991	ENSG00000203497	PDCD4-AS1
10	69634090	69634672	ENSG00000219932	RPL12P8
17	20613738	20613846	ENSG00000264874	AC087499.8
6	11537938	11583757	ENSG00000205269	TMEM170B
10	112657848	112657913	ENSG00000265827	MIR4680
10	112670354	112672002	ENSG00000270589	RP11-348N5.7
HSCHR6_MHC_MANN	28882558	28891771	ENSG00000237462	TRIM27
11	6627526	6633898	ENSG00000166337	TAF10
15	29034810	29101361	ENSG00000261377	RP11-578F21.12
10	69720459	69721221	ENSG00000226318	RP11-474D14.2
12	111284573	111345339	ENSG00000173093	CCDC63
17	20619794	20640440	ENSG00000226521	AC126365.1
14	35402650	35402749	ENSG00000199980	Y_RNA
10	69730030	69730126	ENSG00000221159	AL356741.1
10	69767477	69767774	ENSG00000266467	RN7SL220P
14	35408530	35409693	ENSG00000226677	IGBP1P1
3	51428731	51435330	ENSG00000179837	RBM15B
2	5832799	5841516	ENSG00000176887	SOX11
10	69769962	69770619	ENSG00000236375	POU5F1P5
14	35613227	35613686	ENSG00000241052	RP11-173D9.1
14	35627110	35628305	ENSG00000259090	RP11-173D9.5
12	52504418	52504488	ENSG00000265009	AC078864.1
19	23708433	23870022	ENSG00000197372	ZNF675
14	35704386	35704857	ENSG00000256243	RPL7AP3
6	80713604	80752244	ENSG00000112742	TTK
12	52507709	52507796	ENSG00000265804	AC078864.2
2	6111712	6114374	ENSG00000272268	DKFZP761K2322
14	35731668	35732242	ENSG00000240392	RPL9P3
12	80272085	80272199	ENSG00000201942	RNA5SP363
10	128593978	129250781	ENSG00000150760	DOCK1
HSCHR6_MHC_DBB	30007934	30067620	ENSG00000257867	CR753815.1
12	80328681	80334448	ENSG00000257557	RP11-84G21.1
6	49660073	49681274	ENSG00000124490	CRISP2
12	80382794	80382998	ENSG00000271496	SNRPGP20
14	100704635	100749129	ENSG00000100811	YY1
12	80422673	80423411	ENSG00000239473	RPL7P38
3	51433298	51534010	ENSG00000145041	VPRBP
9	34650699	34661889	ENSG00000137070	IL11RA
3	117263052	117263158	ENSG00000206889	RNU6-1200P
18	33552046	33559241	ENSG00000141428	C18orf21
12	80462471	80462537	ENSG00000238842	RNU7-106P
3	117391001	117716439	ENSG00000239268	RP11-384F7.2
2	79412357	80875905	ENSG00000066032	CTNNA2
HSCHR6_MHC_MANN	28911662	28912322	ENSG00000231041	C6orf100
10	119301955	119309056	ENSG00000170370	EMX2
12	80496676	80497113	ENSG00000230291	RP11-244J10.1
3	117393189	117393991	ENSG00000240393	RP11-768G7.1
2	6980701	7006766	ENSG00000134326	CMPK2
12	80737295	80737572	ENSG00000222880	RN7SKP261
9	133971863	133998539	ENSG00000126878	AIF1L
14	107042360	107042810	ENSG00000253545	IGHV3-52
10	135234170	135382916	ENSG00000203772	SPRN
12	80954796	80955339	ENSG00000257786	RP11-272K23.4
19	45809672	45826235	ENSG00000104879	CKM
19	57905551	57949825	ENSG00000268533	AC004076.7
HSCHR6_MHC_MANN	28962566	28973097	ENSG00000235589	ZNF311
7	99775186	99819111	ENSG00000066923	STAG3
HSCHR6_MHC_DBB	30017009	30023013	ENSG00000236949	ZNRD1
16	30537244	30546173	ENSG00000261459	ZNF747
14	107055682	107055936	ENSG00000253714	IGHVII-53-1
12	80977462	80987480	ENSG00000257429	RP11-272K23.3
11	67370351	67374177	ENSG00000184224	C11orf72
7	138915102	138992982	ENSG00000157741	UBN2
12	81156933	81164496	ENSG00000257741	RP11-540D4.3
16	30545548	30569600	ENSG00000260869	AC002310.13
14	107057358	107057795	ENSG00000253689	IGHV3-54
7	129124345	129124497	ENSG00000199846	RNU1-72P
14	107062111	107062561	ENSG00000254395	IGHV4-55
7	129244389	129251471	ENSG00000273329	RP11-448A19.1
19	57922531	57933307	ENSG00000186272	ZNF17
14	107065772	107066206	ENSG00000253131	IGHV7-56
19	23921997	23941693	ENSG00000196172	ZNF681
14	107074907	107075186	ENSG00000253759	IGHV3-57
16	30565085	30569819	ENSG00000169951	ZNF764
7	129396106	129396217	ENSG00000212238	RNA5SP244
14	107087202	107087658	ENSG00000253742	IGHV3-60
17	20646646	20657814	ENSG00000187870	RNFT1P3
7	129410223	129410332	ENSG00000207990	MIR182
7	129414532	129414609	ENSG00000199158	MIR96
7	129414745	129414854	ENSG00000207691	MIR183
2	158383279	158485517	ENSG00000123612	ACVR1C
12	9102640	9163356	ENSG00000139187	KLRG1
7	129423210	129425025	ENSG00000242078	RP11-738B7.1
7	129593074	129666391	ENSG00000244036	RP11-306G20.1
22	33197687	33259030	ENSG00000100234	TIMP3
4	185615772	185655287	ENSG00000151725	CENPU
7	129594533	129594634	ENSG00000199516	Y_RNA
7	129601829	129601916	ENSG00000207184	Y_RNA
HSCHR6_MHC_DBB	31494420	31496802	ENSG00000234668	ATP6V1G2
17	72462555	72480933	ENSG00000167851	CD300A
7	129625487	129625587	ENSG00000263557	AC073320.1
17	20674371	20674740	ENSG00000218454	HNRNPA1P19
19	57946697	57956853	ENSG00000186230	ZNF749
7	129667117	129667237	ENSG00000201109	RNA5SP245
HSCHR6_MHC_MANN	29011994	29013021	ENSG00000228652	OR2W1
7	129781571	129782455	ENSG00000229196	RP11-775D22.2
10	112696380	112696991	ENSG00000234118	RPL13AP6
13	48807294	48837063	ENSG00000136156	ITM2B
10	135333910	135374724	ENSG00000130649	CYP2E1
17	45331263	45421658	ENSG00000259753	ITGB3
7	115850547	115898837	ENSG00000135269	TES
17	20678955	20680218	ENSG00000213671	OLA1P2
17	42870567	42871842	ENSG00000267505	CTC-296K1.3
19	23945807	24010937	ENSG00000205246	RPSAP58
HSCHR6_MHC_MANN	29053989	29055094	ENSG00000231319	OR2B3
17	42872115	42875151	ENSG00000267405	CTC-296K1.4
7	55799837	55800124	ENSG00000224971	SUMO2P3
7	129813558	129845201	ENSG00000240571	RP11-775D22.3
12	329789	372039	ENSG00000010379	SLC6A13
10	112748684	112748771	ENSG00000221214	MIR548E
7	55804472	55807289	ENSG00000237799	CICP11
10	112864714	112865006	ENSG00000213247	RP11-479A21.1
17	42961354	42961639	ENSG00000264540	RN7SL405P
19	57949338	57988904	ENSG00000268163	AC004076.9
2	7005937	7038370	ENSG00000134321	RSAD2
HSCHR6_MHC_MANN	29079673	29080608	ENSG00000233636	OR2J3
10	113082536	113083155	ENSG00000237618	BTBD7P2
20	50213053	50385173	ENSG00000054793	ATP9A
17	42980529	42981914	ENSG00000224911	AC015936.3
2	27928653	27938599	ENSG00000205334	AC074091.13
10	113109697	113111861	ENSG00000227851	RP11-381K7.1
7	55832490	55840981	ENSG00000226278	PSPHP1
10	113257949	113258699	ENSG00000230809	RP11-309P22.1
HSCHR6_MHC_MANN	29141320	29142360	ENSG00000226347	OR2J2
17	43025280	43026307	ENSG00000267334	CTD-2534I21.8
7	129895742	129902610	ENSG00000270992	RP11-190G13.4
17	43059882	43060140	ENSG00000267788	CTD-2534I21.9
16	30580667	30584055	ENSG00000229809	ZNF688
7	55857061	55857167	ENSG00000206729	RNU6-1126P
16	70239303	70239683	ENSG00000269746	AC009060.1
17	43148810	43148911	ENSG00000200888	Y_RNA
19	57966542	57967854	ENSG00000178201	VN1R1
7	55865639	55866173	ENSG00000235738	RP11-419M24.2
16	70258261	70258641	ENSG00000269866	FKSG63
7	55865727	55866569	ENSG00000225270	CICP12
17	43227767	43238877	ENSG00000224505	AC002117.1
10	119764427	119806114	ENSG00000107560	RAB11FIP2
HSCHR6_MHC_MANN	29274451	29275567	ENSG00000234100	OR14J1
7	55878472	55879104	ENSG00000229762	RP11-419M24.1
17	43246172	43248951	ENSG00000267288	RP13-890H12.2
10	114067939	114116332	ENSG00000243316	GUCY2GP
7	55944431	55944717	ENSG00000225018	RP11-419M24.5
2	27994584	28210954	ENSG00000243147	MRPL33
7	55945605	55945857	ENSG00000227499	RP11-419M24.4
HSCHR6_MHC_MANN	29323057	29399325	ENSG00000243441	OR5V1
7	55960419	55960689	ENSG00000265676	RN7SL64P
3	183770835	183778459	ENSG00000178084	HTR3C
17	43268298	43299589	ENSG00000267121	CTD-2020K17.1
7	56123058	56123195	ENSG00000206603	SNORA22
19	24097678	24127961	ENSG00000213967	ZNF726
7	56128163	56128295	ENSG00000207168	SNORA15
7	56168352	56168445	ENSG00000238673	snoU13
18	33564350	33647539	ENSG00000141425	RPRD1A
5	137419581	137428054	ENSG00000061492	WNT8A
7	56230838	56231226	ENSG00000230191	RP4-725G10.3
19	57978031	57988938	ENSG00000197128	ZNF772
4	926175	952444	ENSG00000127419	TMEM175
7	56243327	56244105	ENSG00000233028	RP4-725G10.4
1	215740735	215795149	ENSG00000136636	KCTD3
HSCHR6_MHC_MANN	29340936	29417450	ENSG00000224487	OR12D3
7	56296327	56297475	ENSG00000227491	CCNJP1
7	56337476	56337544	ENSG00000265887	AC073136.1
11	6634000	6640692	ENSG00000166340	TPP1
10	69917836	69918165	ENSG00000222371	RN7SKP202
7	56355923	56359118	ENSG00000223559	RP11-700P18.1
14	35760692	35760782	ENSG00000265530	AL121594.1
3	10365707	10749716	ENSG00000157087	ATP2B2
17	43315395	43319101	ENSG00000233175	CTD-2020K17.3
14	35831438	35832834	ENSG00000258860	RP11-561B11.3
HSCHR6_MHC_MANN	29364007	29365039	ENSG00000233481	OR12D2
10	69993008	70002136	ENSG00000233590	RP11-153K11.3
7	56372371	56373219	ENSG00000224155	RP11-700P18.2
14	35857327	35858275	ENSG00000240023	RP11-561B11.1
14	35899466	35899837	ENSG00000259022	DNAJC8P1
17	45400656	45518678	ENSG00000178852	EFCAB13
17	43322553	43326203	ENSG00000233483	CTD-2020K17.4
10	70020314	70021256	ENSG00000234102	KRT19P4
7	56390497	56391294	ENSG00000203462	RP11-814E24.1
17	78576349	78576741	ENSG00000232083	RPL31P7
HSCHR6_MHC_MANN	29384656	29408312	ENSG00000232397	OR10C1
14	35916209	35916831	ENSG00000259017	RP11-561B11.6
7	56407924	56408030	ENSG00000202296	RNU6-1335P
17	20687958	20689038	ENSG00000226549	SCDP1
19	49223844	49243978	ENSG00000105538	RASIP1
14	35937478	35938536	ENSG00000259105	RPS3AP4
7	56428055	56428234	ENSG00000231299	RP11-419M24.6
16	70284134	70285833	ENSG00000223496	EXOSC6
14	35981031	35982295	ENSG00000258783	KRT18P6
4	36283244	36347378	ENSG00000197057	DTHD1
17	20691384	20692897	ENSG00000264215	RP11-283C24.1
14	36225533	36225669	ENSG00000253059	SNORA31
3	51575160	51702683	ENSG00000164080	RAD54L2
14	36235001	36236316	ENSG00000257957	QRSL1P3
17	20692530	20692908	ENSG00000264662	RP11-283C24.2
16	30585061	30597092	ENSG00000197162	ZNF785
17	43325292	43345997	ENSG00000267278	MAP3K14-AS1
7	129959119	129959222	ENSG00000238336	snoU13
17	67143355	67240987	ENSG00000154263	ABCA10
17	20717933	20747570	ENSG00000226981	ABHD17AP6
7	129984255	129984358	ENSG00000239044	snoU13
HSCHR6_MHC_COX	29036212	29036984	ENSG00000225838	OR2P1P
HSCHR6_MHC_MANN	29392863	29424418	ENSG00000237258	OR11A1
7	130121332	130124233	ENSG00000259920	RP11-2E11.5
14	36256065	36256168	ENSG00000238718	snoU13
14	36278418	36278506	ENSG00000266264	AL162311.1
6	39266777	39282329	ENSG00000124780	KCNK17
HSCHR6_MHC_COX	29040961	29041556	ENSG00000226657	SAR1P1
7	130125883	130126024	ENSG00000272701	RP11-2E11.10
14	36288430	36295971	ENSG00000258938	RP11-317N8.5
7	130135635	130138268	ENSG00000270823	hsa-mir-335
HSCHR6_MHC_COX	29065391	29066329	ENSG00000234804	OR2J1
14	36289043	36289426	ENSG00000258300	NUTF2P2
17	20759259	20760630	ENSG00000266369	RP11-344E13.4
10	32094365	32217742	ENSG00000165322	ARHGAP12
2	201374731	201448505	ENSG00000163535	SGOL2
7	130135952	130136045	ENSG00000199043	MIR335
7	130147501	130148123	ENSG00000270953	RP11-2E11.9
14	36343063	36344509	ENSG00000257272	RP11-317N8.3
11	67374323	67380006	ENSG00000167792	NDUFV1
7	130287672	130287790	ENSG00000239021	RNA5SP246
14	36350207	36350915	ENSG00000257307	RP11-317N8.4
7	130330095	130330464	ENSG00000226045	AC009274.6
14	36367188	36532949	ENSG00000258342	RP11-116N8.1
7	130474967	130476483	ENSG00000271522	RP11-36B6.1
17	53469974	53499353	ENSG00000108960	MMD
16	70286198	70323446	ENSG00000090861	AARS
14	36416762	36419250	ENSG00000257614	RP11-116N8.2
7	130507627	130507978	ENSG00000229858	AC016831.5
12	81226312	81226408	ENSG00000207763	MIR617
12	81254734	81255287	ENSG00000258215	RP11-299A16.1
HSCHR6_MHC_MANN	29424528	29431676	ENSG00000224395	OR2H1
3	142315229	142432506	ENSG00000120756	PLS1
12	81329515	81329612	ENSG00000208022	MIR618
12	56109820	56118487	ENSG00000258311	RP11-644F5.10
17	20771746	20905589	ENSG00000233098	RP11-344E13.3
12	81488154	81519624	ENSG00000258026	RP11-543H12.1
HSCHR6_MHC_DBB	31496824	31508774	ENSG00000236196	NFKBIL1
12	81552167	81552240	ENSG00000265227	MIR4699
X	38128416	38186817	ENSG00000156313	RPGR
12	69235977	69365350	ENSG00000135678	CPM
16	30613879	30635333	ENSG00000156853	ZNF689
17	43340488	43394414	ENSG00000006062	MAP3K14
1	55107463	55175939	ENSG00000184313	MROH7
11	113930315	114121398	ENSG00000109906	ZBTB16
14	36523403	36524519	ENSG00000257720	ILF2P2
3	183814852	183824783	ENSG00000186038	HTR3E
17	35441923	35766909	ENSG00000132142	ACACA
10	104162376	104181296	ENSG00000059915	PSD
14	36530232	36536396	ENSG00000257826	RP11-116N8.4
17	78775440	78779432	ENSG00000262833	RP11-28G8.1
HSCHR6_MHC_MANN	29454045	29455309	ENSG00000228377	MAS1L
7	139024203	139031065	ENSG00000164898	C7orf55
17	78914218	78915833	ENSG00000262313	CTD-2561B21.4
3	179322478	179345435	ENSG00000136521	NDUFB5
HSCHR6_MHC_QBL	31110976	31111093	ENSG00000258248	AL773544.3
HSCHR6_MHC_COX	29088661	29093357	ENSG00000232272	XXbac-BCX196D17.5
HG299_PATCH	118865044	118865343	ENSG00000262478	Metazoa_SRP
17	78934566	78935513	ENSG00000262662	CTD-2561B21.3
HSCHR6_MHC_COX	29102326	29103262	ENSG00000224925	OR2N1P
HG299_PATCH	118865534	118868714	ENSG00000262571	RP11-110I1.12
HSCHR6_MHC_COX	29145974	29146909	ENSG00000226610	OR2J4P
17	78940039	78945013	ENSG00000261924	CTD-2561B21.5
HG299_PATCH	118873722	118874156	ENSG00000262948	RPL23AP64
HSCHR6_MHC_QBL	31118773	31124447	ENSG00000206455	TCF19
13	48877887	49056122	ENSG00000139687	RB1
17	78950254	78950748	ENSG00000240270	RPL12P37
10	51464162	51486327	ENSG00000204169	AGAP7
5	32531739	32604185	ENSG00000113387	SUB1
22	33558212	34318829	ENSG00000133424	LARGE
19	57999079	58006048	ENSG00000105136	ZNF419
14	36539633	36634494	ENSG00000257585	LINC00609
X	83572882	83757487	ENSG00000165259	HDX
5	166711804	167691162	ENSG00000145934	TENM2
X	128779240	128788933	ENSG00000171388	APLN
3	119298115	119308792	ENSG00000144843	ADPRH
17	78973309	78973930	ENSG00000263218	CTD-2561B21.7
19	49244109	49250166	ENSG00000182264	IZUMO1
17	78991769	78993811	ENSG00000262873	CTD-2561B21.11
17	78997345	78999303	ENSG00000262098	CTD-2561B21.10
12	56109820	56113871	ENSG00000135441	BLOC1S1
17	79002933	79008501	ENSG00000226137	BAIAP2-AS1
18	33688495	33709348	ENSG00000141424	SLC39A6
10	70184317	70184754	ENSG00000234806	RP11-9E13.4
10	70221164	70221282	ENSG00000199638	RNA5SP319
10	70259289	70259725	ENSG00000226493	RP11-524O24.2
10	120065401	120101840	ENSG00000165669	FAM204A
8	144873090	144897549	ENSG00000180900	SCRIB
X	128872950	128903514	ENSG00000122121	XPNPEP2
10	70262909	70263016	ENSG00000207438	Y_RNA
10	70304246	70304590	ENSG00000214881	TMEM14D
10	70392128	70392484	ENSG00000213025	COX20P1
HSCHR6_MHC_DBB	33245400	33260090	ENSG00000236490	TAPBP
9	34661877	34664045	ENSG00000213927	CCL27
3	44956749	45017677	ENSG00000163812	ZDHHC3
HSCHR6_MHC_DBB	30685747	30700772	ENSG00000206379	FLOT1
10	70434113	70434857	ENSG00000227583	RP11-119F7.3
15	43825660	43882430	ENSG00000168781	PPIP5K1
16	30662038	30667761	ENSG00000156858	PRR14
10	70458257	70460551	ENSG00000260400	RP11-119F7.5
HSCHR6_MHC_COX	29179710	29180647	ENSG00000234092	OR2H4P
5	137450866	137475132	ENSG00000112981	NME5
14	36605314	36645674	ENSG00000259104	PTCSC3
HSCHR6_MHC_COX	29188441	29231555	ENSG00000233950	XXbac-BPG308J9.3
6	39282474	39290744	ENSG00000095981	KCNK16
14	36665686	36665774	ENSG00000212071	AL162511.1
11	114128509	114184007	ENSG00000166741	NNMT
10	70472715	70472835	ENSG00000251926	snoU13
10	70477068	70477552	ENSG00000270494	RP11-119F7.6
HSCHR6_MHC_COX	29193695	29194625	ENSG00000225150	OR2G1P
10	70495477	70495580	ENSG00000195401	Y_RNA
2	127805603	127864931	ENSG00000136717	BIN1
HSCHR16_1_CTG3_1	55892484	56002378	ENSG00000261972	CES5A
10	70514929	70514995	ENSG00000221182	SNORD98
10	70519075	70519171	ENSG00000221184	MIR1254-1
HSCHR6_MHC_COX	29227173	29228549	ENSG00000237366	OR2U1P
HSCHR6_MHC_SSTO	32992302	33010800	ENSG00000241296	HLA-DMB
10	70606561	70606667	ENSG00000200218	RNU6-697P
10	70671409	70671515	ENSG00000206855	RNU6-571P
19	49251268	49258647	ENSG00000174951	FUT1
14	100757448	100772884	ENSG00000197119	SLC25A29
17	53796988	53809482	ENSG00000166292	TMEM100
9	34664160	34666109	ENSG00000187186	RP11-195F19.5
7	56430151	56432963	ENSG00000225371	CICP8
7	56448669	56449005	ENSG00000224370	RP11-814E24.3
7	56469763	56469866	ENSG00000223330	RNU6-1052P
7	56476392	56476903	ENSG00000232944	RP13-492C18.1
2	178977151	179003738	ENSG00000155636	RBM45
9	134000948	134110057	ENSG00000126883	NUP214
6	44126548	44152139	ENSG00000137225	CAPN11
19	24216276	24312654	ENSG00000213096	ZNF254
12	57643392	57690267	ENSG00000258830	RP11-123K3.4
7	56489550	56516068	ENSG00000237268	RP13-492C18.2
17	19281034	19286857	ENSG00000166484	MAPK7
19	49258816	49261587	ENSG00000105550	FGF21
6	55618443	55740362	ENSG00000112175	BMP5
HSCHR6_MHC_COX	29232932	29233891	ENSG00000226844	OR2U2P
12	9220260	9268825	ENSG00000175899	A2M
HSCHR6_MHC_COX	29255202	29256144	ENSG00000231279	OR2B4P
15	29075765	29076328	ENSG00000271616	RP11-578F21.13
4	37245842	37451087	ENSG00000174145	KIAA1239
7	130507964	130508270	ENSG00000240680	AC016831.3
17	27887565	27894155	ENSG00000168792	ABHD15
21	44263204	44299678	ENSG00000160193	WDR4
15	29087381	29093821	ENSG00000261649	GOLGA6L7P
17	27041299	27045447	ENSG00000109113	RAB34
11	114262165	114271139	ENSG00000180425	C11orf71
17	38171614	38174066	ENSG00000108342	CSF3
2	158592958	158732374	ENSG00000115170	ACVR1
8	21946670	21962409	ENSG00000158863	FAM160B2
10	51549498	51562517	ENSG00000138294	MSMB
17	37092685	37123655	ENSG00000204952	FBXO47
X	128913955	128929177	ENSG00000122122	SASH3
12	57810198	57810536	ENSG00000268367	AC126614.1
15	29103028	29103544	ENSG00000270301	WI2-2334D6.1
15	29262399	29269667	ENSG00000259277	RP13-126C7.1
12	57828543	57844611	ENSG00000175189	INHBC
19	29698173	29704448	ENSG00000169021	UQCRFS1
15	29525877	29527341	ENSG00000259299	RP11-37J13.1
15	29526072	29526183	ENSG00000252868	snoZ278
15	29665806	29669160	ENSG00000259690	CTD-3118D7.1
9	34689564	34691274	ENSG00000172724	CCL19
15	29901880	29903416	ENSG00000259814	RP11-300A12.2
17	79099076	79099173	ENSG00000207736	MIR657
17	79099677	79099755	ENSG00000211563	MIR338
15	29904774	29906478	ENSG00000259300	TUBBP8
11	114270752	114284925	ENSG00000076053	RBM7
17	79106996	79107108	ENSG00000221025	MIR1250
15	38214140	38259925	ENSG00000166069	TMCO5A
19	30017406	30055386	ENSG00000187135	VSTM2B
4	37455563	37625117	ENSG00000154274	C4orf19
17	79109571	79110056	ENSG00000263167	RP11-149I9.2
HSCHR6_MHC_SSTO	33006288	33028403	ENSG00000243215	HLA-DMA
17	79139307	79156964	ENSG00000225180	AATK-AS1
15	29967194	29973161	ENSG00000256802	RP11-680F8.1
1	151313116	151319833	ENSG00000143390	RFX5
15	30020390	30021735	ENSG00000259644	RP11-680F8.4
2	7057523	7208417	ENSG00000151692	RNF144A
15	30022917	30023189	ENSG00000234664	HMGN2P5
19	49298319	49314286	ENSG00000105552	BCAT2
15	30114834	30116284	ENSG00000259523	RP11-680F8.3
17	79171193	79174088	ENSG00000262115	RP11-455O6.2
HSCHR6_MHC_COX	29263741	29264280	ENSG00000258059	AL662857.1
7	130524963	130528484	ENSG00000232716	AC016831.6
15	30297408	30298633	ENSG00000259749	CTD-2022H16.2
1	215796236	216596738	ENSG00000042781	USH2A
12	81664454	81706201	ENSG00000257467	RP11-121G22.3
22	35462129	35483380	ENSG00000175329	ISX
17	79202507	79207783	ENSG00000260005	AC027601.1
HSCHR6_MHC_COX	29294120	29295554	ENSG00000229045	DDX6P1
15	30297646	30338051	ENSG00000259647	RP11-143J24.1
15	30336658	30337499	ENSG00000260174	CTD-2022H16.3
HSCHR6_MHC_COX	29381633	29382579	ENSG00000249030	OR12D1
15	30345145	30365267	ENSG00000229389	CTD-2022H16.1
17	79277571	79283048	ENSG00000185168	LINC00482
HSCHR6_MHC_COX	29428950	29434162	ENSG00000227228	UBDP1
4	37592422	37687998	ENSG00000181826	RELL1
X	38211798	38280703	ENSG00000036473	OTC
15	30383854	30384132	ENSG00000239955	RN7SL673P
15	30385012	30385094	ENSG00000221250	AC120045.1
15	30391029	30394296	ENSG00000261792	DNM1P28
12	122326715	122359376	ENSG00000256950	RP11-87C12.2
19	30094924	30108144	ENSG00000105171	POP4
2	27998851	28009186	ENSG00000268656	AC110084.1
HSCHR6_MHC_COX	31575863	31592960	ENSG00000225164	PRRC2A
14	36942493	36983034	ENSG00000229415	SFTA3
9	34709002	34710121	ENSG00000137077	CCL21
HSCHR6_MHC_COX	29439379	29440425	ENSG00000224444	MAS1LP1
17	4675179	4686506	ENSG00000142484	TM4SF5
15	30395923	30423960	ENSG00000178081	ULK4P3
10	128933694	128994422	ENSG00000188916	FAM196A
2	28004231	28113965	ENSG00000171174	RBKS
5	86687311	86708836	ENSG00000134480	CCNH
3	119316689	119348658	ENSG00000144837	PLA1A
5	115358088	115394625	ENSG00000268714	CTD-2287O16.3
Y	24636544	24660784	ENSG00000169789	PRY
5	115387163	115395815	ENSG00000268223	ARL14EPL
X	84258832	84343069	ENSG00000155008	APOOL
19	45836692	45854778	ENSG00000104892	KLC3
5	145892666	145895753	ENSG00000173250	GPR151
22	35653445	35691800	ENSG00000100281	HMGXB4
4	185676749	185747972	ENSG00000151726	ACSL1
10	70725772	70726075	ENSG00000266122	RN7SL373P
17	53828340	53920191	ENSG00000141179	PCTP
10	70750893	70751463	ENSG00000214875	MED28P1
9	34723052	34729464	ENSG00000205108	FAM205A
12	57846106	57853063	ENSG00000139269	INHBE
10	70782534	70783622	ENSG00000229001	ACTBP14
15	30404401	30404533	ENSG00000207432	U8
15	30435925	30436203	ENSG00000241167	RN7SL469P
6	109765265	109787171	ENSG00000135596	MICAL1
HSCHR6_MHC_MANN	29522994	29600557	ENSG00000237051	GABBR1
15	30437080	30437162	ENSG00000221785	AC120045.2
17	4688580	4689728	ENSG00000182853	VMO1
15	30443075	30445612	ENSG00000260897	DNM1P30
11	61567099	61596790	ENSG00000149485	FADS1
10	104178946	104182893	ENSG00000107872	FBXL15
12	92378756	92536690	ENSG00000257242	C12orf79
15	30446113	30446313	ENSG00000261747	RP11-932O9.3
X	38420623	38548169	ENSG00000156298	TSPAN7
5	115420688	115748459	ENSG00000145781	COMMD10
10	70921286	70921662	ENSG00000233163	RP11-259F16.3
14	36683813	36704814	ENSG00000258844	RP11-259K15.2
15	30462766	30472146	ENSG00000259906	RP11-932O9.4
7	938415	1015235	ENSG00000240230	COX19
3	117397540	117409779	ENSG00000241213	RP11-768G7.2
15	30488239	30506743	ENSG00000225930	AC026150.5
14	36700761	36700980	ENSG00000252312	RN7SKP21
1	25943959	26112698	ENSG00000117643	MAN1C1
14	36840370	36841588	ENSG00000188831	DPPA3P2
2	179059208	179264160	ENSG00000079156	OSBPL6
15	30515220	30517767	ENSG00000259993	RP11-261B23.1
3	117509520	117512612	ENSG00000242816	RP11-768G7.3
15	30546605	30546711	ENSG00000206972	RNU6-17P
9	34957484	34982541	ENSG00000122733	KIAA1045
15	30574736	30580592	ENSG00000270955	RP11-261B23.2
3	117723666	118276515	ENSG00000243276	RP11-384F7.1
16	30669752	30682135	ENSG00000156860	FBRS
11	67395409	67397401	ENSG00000167799	NUDT8
8	95891998	95908906	ENSG00000175305	CCNE2
15	30647639	30647743	ENSG00000238783	Y_RNA
15	30649969	30650976	ENSG00000270173	RP11-382B18.4
21	44299754	44333414	ENSG00000160194	NDUFV3
HSCHR6_MHC_DBB	30024813	30028437	ENSG00000227720	PPP1R11
15	30672556	30679190	ENSG00000263070	RP11-382B18.3
15	30677162	30677294	ENSG00000238519	U8
17	4692254	4693685	ENSG00000182327	GLTPD2
17	27893070	27900175	ENSG00000167543	TP53I13
3	14716606	14814541	ENSG00000131379	C3orf20
15	30696552	30696634	ENSG00000221723	AC019322.1
3	118661920	118667088	ENSG00000239877	IGSF11-AS1
7	130538479	130613408	ENSG00000233559	AC016831.7
15	30697514	30697792	ENSG00000240221	RN7SL196P
15	30712486	30712632	ENSG00000271333	RP11-382B18.5
15	30762982	30799826	ENSG00000215302	CTD-3092A11.1
7	130561495	130598069	ENSG00000226380	MIR29A
17	4699439	4701790	ENSG00000142507	PSMB6
3	118945333	119009513	ENSG00000240254	B4GALT4-AS1
11	67398774	67407031	ENSG00000167800	TBX10
2	97490263	97523671	ENSG00000163126	ANKRD23
2	111876955	111926024	ENSG00000153094	BCL2L11
16	2190804	2204166	ENSG00000167964	RAB26
HSCHR6_MHC_SSTO	33026347	33089202	ENSG00000235307	BRD2
7	139025105	139108198	ENSG00000146963	C7orf55-LUC7L2
12	52599368	52604639	ENSG00000257137	C12orf80
5	145967936	146464347	ENSG00000156475	PPP2R2B
HSCHR6_MHC_COX	31717958	31720011	ENSG00000229176	SAPCD1
4	37828255	37864558	ENSG00000169299	PGM2
20	50400581	50419059	ENSG00000101115	SALL4
1	55107459	55207981	ENSG00000271723	MROH7-TTC4
10	70975089	70992246	ENSG00000229261	RP11-227H15.4
11	67410026	67418130	ENSG00000132744	ACY3
X	53262058	53350522	ENSG00000124313	IQSEC2
10	71025098	71027904	ENSG00000231748	RP11-227H15.5
12	389295	498620	ENSG00000073614	KDM5A
10	71060188	71060573	ENSG00000229197	RP11-227H15.7
3	69134095	69155217	ENSG00000144746	ARL6IP5
3	51696709	51738339	ENSG00000164081	TEX264
X	38660685	38665790	ENSG00000165175	MID1IP1
2	191208196	191236391	ENSG00000151689	INPP1
HSCHR6_MHC_COX	29453625	29454030	ENSG00000232302	RPS17P1
11	17568920	17668697	ENSG00000188162	OTOG
6	11712287	11807279	ENSG00000111863	ADTRP
3	119017512	119017859	ENSG00000242829	RPS26P21
3	119033140	119041607	ENSG00000241155	ARHGAP31-AS1
3	119060681	119060787	ENSG00000207310	RNU6-1127P
17	8633252	8648537	ENSG00000161973	CCDC42
3	119216525	119217028	ENSG00000272662	RP11-190C22.8
11	114271404	114314654	ENSG00000255663	RP11-212D19.4
6	49695097	49712150	ENSG00000096006	CRISP3
3	119298059	119298497	ENSG00000272967	RP11-190C22.9
9	34989638	34998897	ENSG00000137094	DNAJB5
3	119354373	119354997	ENSG00000242052	RP11-190C22.1
15	30780166	30782516	ENSG00000270055	CTD-3092A11.2
3	119462986	119469197	ENSG00000239994	RP11-169N13.4
15	30808282	30810070	ENSG00000260784	AC026150.6
3	119510676	119511400	ENSG00000240471	PHBP8
17	20797845	20797951	ENSG00000252483	RNU6-1178P
19	45842445	45842639	ENSG00000268341	L47234.1
17	20805252	20805993	ENSG00000265790	RNASEH1P1
3	119747587	119748715	ENSG00000239835	RP11-767L7.1
15	30832296	30838172	ENSG00000260693	AC026150.8
21	44394620	44453691	ENSG00000160199	PKNOX1
17	20841336	20841657	ENSG00000265099	RP11-344E13.1
15	30852855	30853133	ENSG00000239898	RN7SL796P
12	122355768	122441833	ENSG00000158023	WDR66
3	119760037	119760384	ENSG00000241546	RP11-767L7.2
19	10334520	10341948	ENSG00000267534	S1PR2
15	30854013	30854095	ENSG00000221593	AC026150.2
17	20841851	20885670	ENSG00000264660	RP11-381P6.1
15	30860025	30863292	ENSG00000259890	DNM1P50
3	119813742	119855630	ENSG00000242622	RP11-18H7.1
11	67429633	67448671	ENSG00000132746	ALDH3B2
17	20859995	20861717	ENSG00000244456	AC090774.2
5	70751442	70863649	ENSG00000145734	BDP1
15	30864941	30892918	ENSG00000260128	ULK4P2
17	20884802	20884967	ENSG00000266009	RP11-746M1.2
17	20887215	20887359	ENSG00000263729	RP11-746M1.8
17	20903060	20903636	ENSG00000263986	RP11-746M1.1
17	20978869	20993928	ENSG00000236819	AC087393.1
17	21117644	21133348	ENSG00000235530	AC087294.2
2	201450591	201541787	ENSG00000138356	AOX1
17	21132649	21132941	ENSG00000263815	RN7SL426P
17	21163280	21163813	ENSG00000266563	RP11-64J19.1
1	55181495	55208330	ENSG00000243725	TTC4
12	57853918	57866045	ENSG00000111087	GLI1
7	115927434	116148595	ENSG00000105971	CAV2
3	151193592	151193962	ENSG00000242810	MRPL42P6
17	21348145	21348751	ENSG00000265881	PDLIM1P2
2	25600067	25896503	ENSG00000138101	DTNB
3	151217427	151217594	ENSG00000242119	RP11-312P21.2
17	21359825	21363527	ENSG00000265043	RP11-728E14.3
7	80087987	80141336	ENSG00000214415	GNAT3
3	151283664	151283783	ENSG00000264330	MIR5186
5	140373	190085	ENSG00000153404	PLEKHG4B
17	21360746	21362301	ENSG00000264023	RP11-728E14.2
3	151352138	151352251	ENSG00000222833	AC069067.1
3	151354962	151375754	ENSG00000241151	RP11-454C18.1
11	114310108	114321001	ENSG00000076043	REXO2
17	21407884	21408385	ENSG00000244582	RPL21P120
HSCHR6_MHC_COX	31720750	31732475	ENSG00000227144	VWA7
13	48963707	49018840	ENSG00000139679	LPAR6
3	151469231	151645963	ENSG00000242908	RP11-454C18.2
12	52604714	52617588	ENSG00000258279	LINC00592
12	52622877	52623372	ENSG00000257649	METTL7AP1
14	36874419	36874479	ENSG00000238540	RNU7-93P
3	151477535	151479799	ENSG00000242097	RP11-64D22.1
12	52638832	52641232	ENSG00000257671	RP3-416H24.1
10	120352916	120355160	ENSG00000119973	PRLHR
14	36942412	36988726	ENSG00000257520	RP11-896J10.3
17	21422775	21424530	ENSG00000265265	RP11-822E23.7
12	52644250	52652651	ENSG00000135477	KRT121P
19	10362577	10370721	ENSG00000105364	MRPL4
16	70323566	70369186	ENSG00000157349	DDX19B
6	42664340	42690312	ENSG00000112619	PRPH2
8	21964383	21966932	ENSG00000173566	NUDT18
3	151488216	151502682	ENSG00000240602	RP11-64D22.2
17	4710391	4726729	ENSG00000129219	PLD2
17	43404732	43404863	ENSG00000199953	RNA5SP443
12	56114151	56118489	ENSG00000135437	RDH5
17	43448768	43449423	ENSG00000267446	CTB-39G8.2
17	37219556	37310647	ENSG00000161381	PLXDC1
X	84347293	84364054	ENSG00000184788	SATL1
X	128937264	128977885	ENSG00000188706	ZDHHC9
19	45853095	45874176	ENSG00000104884	ERCC2
17	43474298	43474843	ENSG00000267344	CTB-39G8.3
10	85933494	85945050	ENSG00000188373	C10orf99
17	43494179	43494272	ENSG00000264038	AC091132.2
1	1567474	1570639	ENSG00000189409	MMP23B
17	43530210	43541431	ENSG00000236234	AC091132.1
22	21128167	21142008	ENSG00000099937	SERPIND1
3	151515272	151526037	ENSG00000250271	RP11-64D22.5
17	43547899	43548188	ENSG00000264225	RN7SL730P
10	120433679	120514761	ENSG00000151893	CACUL1
3	151835962	151869513	ENSG00000239941	RP11-246A10.1
3	151980405	151987344	ENSG00000229619	MBNL1-AS1
16	2205699	2228130	ENSG00000131653	TRAF7
17	43578685	43627701	ENSG00000214425	LRRC37A4P
9	35041092	35045988	ENSG00000174038	C9orf131
HSCHR6_MHC_COX	29461863	29474910	ENSG00000232652	XXbac-BPG13B8.10
18	33709407	33757909	ENSG00000134759	ELP2
3	152167061	152167173	ENSG00000201217	Y_RNA
19	49316274	49339935	ENSG00000087076	HSD17B14
7	150845676	150871832	ENSG00000164900	GBX1
3	14860469	14975895	ENSG00000154783	FGD5
3	152175548	152214602	ENSG00000243305	RP11-362A9.3
Y	25119966	25151612	ENSG00000183753	BPY2
HSCHR6_MHC_COX	29493785	29497933	ENSG00000230674	LINC01015
3	152365935	152368236	ENSG00000244545	RP11-788A4.1
3	152518223	152518521	ENSG00000242561	ATP5LP5
3	152557179	152559228	ENSG00000241732	RP11-38P22.2
3	152785067	152785340	ENSG00000241810	HMGN2P13
3	152846863	152847429	ENSG00000241671	RP11-529G21.3
20	50668202	50820847	ENSG00000020256	ZFP64
3	152874300	152879564	ENSG00000244268	RP11-529G21.2
3	152917491	152917806	ENSG00000265813	RN7SL300P
X	39909068	40036582	ENSG00000183337	BCOR
3	153074896	153091975	ENSG00000241220	RP11-292E2.1
14	36988483	36992221	ENSG00000253563	NKX2-1-AS1
3	153094620	153095351	ENSG00000241912	RP11-292E2.2
22	21213271	21245506	ENSG00000099940	SNAP29
5	133484633	133512729	ENSG00000113558	SKP1
13	49063095	49107369	ENSG00000136161	RCBTB2
3	153102723	153697975	ENSG00000238755	RP11-23D24.2
8	21971928	21990897	ENSG00000168453	HR
17	8656424	8661877	ENSG00000183318	SPDYE4
14	37002711	37003743	ENSG00000258467	PHKBP2
7	80371854	80551675	ENSG00000075223	SEMA3C
Y	6733959	6742068	ENSG00000099721	AMELY
9	35042390	35042824	ENSG00000269510	FLJ00273
7	150872785	150884919	ENSG00000146926	ASB10
12	81771821	81866733	ENSG00000258162	RP11-315E17.1
X	84498997	84528368	ENSG00000147180	ZNF711
1	55222571	55230187	ENSG00000162396	PARS2
14	37046748	37047210	ENSG00000243730	RPL29P3
3	153149645	153161320	ENSG00000243012	RP11-292E2.4
3	153189255	153189360	ENSG00000207323	RNU6-901P
19	57999086	58016749	ENSG00000268107	AC003005.4
14	37063044	37063352	ENSG00000201395	RN7SKP257
3	153325166	153325268	ENSG00000200162	Y_RNA
14	37116288	37128006	ENSG00000258661	RP11-964E11.2
9	134133463	134151934	ENSG00000126882	FAM78A
14	37257849	37276368	ENSG00000258690	RP11-81F13.1
3	119829345	119829633	ENSG00000244308	RN7SL762P
14	37278076	37297934	ENSG00000258601	RP11-81F13.2
3	119840756	119841051	ENSG00000244139	RN7SL397P
3	119929167	119929268	ENSG00000206721	Y_RNA
14	37421514	37421596	ENSG00000266327	MIR4503
3	120025573	120026799	ENSG00000240882	RP11-174O3.1
14	37566267	37567768	ENSG00000258827	RP11-537P22.2
3	120068357	120086845	ENSG00000240661	RP11-174O3.3
14	100789674	100796715	ENSG00000140107	SLC25A47
14	37656424	37656519	ENSG00000252746	RNU6-273P
14	37903674	37903778	ENSG00000207046	RNU6-886P
3	120106876	120108162	ENSG00000242613	RP11-174O3.4
19	58011283	58029772	ENSG00000152439	ZNF773
14	38025363	38036300	ENSG00000259087	RP11-356O9.2
3	120203018	120203374	ENSG00000240774	RP11-359H3.4
14	38033252	38048330	ENSG00000258414	RP11-356O9.1
HSCHR6_MHC_SSTO	33111813	33117246	ENSG00000232957	HLA-DOA
1	55245385	55266940	ENSG00000006555	TTC22
3	120231697	120232035	ENSG00000244441	RP11-359H3.1
3	120262892	120263292	ENSG00000196095	AC126182.1
3	120440871	120441158	ENSG00000240452	RP11-567P17.1
10	85954410	85979377	ENSG00000148600	CDHR1
2	219314974	219433084	ENSG00000135913	USP37
3	120441305	120441493	ENSG00000243257	RP11-567P17.2
10	51565108	51590734	ENSG00000138293	NCOA4
2	108602979	108630450	ENSG00000115665	SLC5A7
19	49340354	49371889	ENSG00000105559	PLEKHA4
5	115779312	115910630	ENSG00000092421	SEMA6A
17	21435738	21477781	ENSG00000272780	RP11-822E23.8
9	35056061	35073246	ENSG00000165280	VCP
9	134165081	134184649	ENSG00000160539	PPAPDC3
3	120524713	120525592	ENSG00000213371	NAP1L1P3
3	120552287	120555207	ENSG00000243593	RP11-500K19.1
2	8818975	8824583	ENSG00000115738	ID2
14	107092677	107092791	ENSG00000199480	RNA5SP357
3	120643459	120644005	ENSG00000270782	RP11-500K19.2
17	21436235	21446049	ENSG00000266466	RP11-822E23.2
14	107093723	107093978	ENSG00000254329	IGHVII-60-1
3	120768487	120768562	ENSG00000264477	MIR5682
HSCHR6_MHC_COX	31914409	31925080	ENSG00000225737	SKIV2L
1	216676588	217311097	ENSG00000196482	ESRRG
14	107099145	107099588	ENSG00000253132	IGHV3-62
3	120817955	120818621	ENSG00000243813	RP11-678L1.1
2	65283500	65314138	ENSG00000011523	CEP68
14	107106555	107106789	ENSG00000253747	IGHVII-62-1
19	58038693	58068910	ENSG00000121406	ZNF549
3	121075838	121076787	ENSG00000242103	RP11-10G15.4
14	107108252	107108696	ENSG00000253936	IGHV3-63
3	121212957	121213755	ENSG00000242445	RPL7AP11
3	121310141	121310241	ENSG00000238670	snoU13
6	35911291	35992645	ENSG00000112053	SLC26A8
3	121372843	121373143	ENSG00000243544	RN7SL172P
14	107122108	107122548	ENSG00000253209	IGHV3-65
3	121374322	121374451	ENSG00000222057	RNU4-62P
3	121640945	121641029	ENSG00000263678	AC072031.1
14	107127813	107128060	ENSG00000253169	IGHVII-65-1
3	121744042	121744151	ENSG00000202388	Y_RNA
14	107136620	107137059	ENSG00000253274	IGHV1-67
1	26126667	26144713	ENSG00000162430	SEPN1
14	107139412	107140367	ENSG00000223506	SLC20A1P1
11	67758575	67772452	ENSG00000110057	UNC93B1
2	33172039	33624576	ENSG00000049323	LTBP1
7	44178463	44180931	ENSG00000106631	MYL7
7	149941005	150020814	ENSG00000106526	ACTR3C
3	119355304	119384171	ENSG00000121577	POPDC2
2	70484518	70508323	ENSG00000116005	PCYOX1
HSCHR6_MHC_QBL	31119639	31130942	ENSG00000206454	POU5F1
10	114165977	114169252	ENSG00000232934	RP11-324O2.3
22	21271714	21308037	ENSG00000099942	CRKL
1	55271736	55307925	ENSG00000162398	C1orf177
12	56119107	56123491	ENSG00000135404	CD63
5	137475455	137514675	ENSG00000112983	BRD8
19	58046625	58071231	ENSG00000251369	ZNF550
12	133200348	133263951	ENSG00000177084	POLE
10	114172053	114179765	ENSG00000270599	RP11-324O2.6
10	114308391	114308631	ENSG00000234017	RP11-214N15.5
22	35695268	35743985	ENSG00000100284	TOM1
7	150904923	150924316	ENSG00000033050	ABCF2
10	114393929	114394013	ENSG00000264763	MIR4295
15	70340129	70390515	ENSG00000140332	TLE3
4	77079890	77135046	ENSG00000138760	SCARB2
5	87485450	87565293	ENSG00000164180	TMEM161B
14	107142534	107142579	ENSG00000253820	IGHVII-67-1
14	107143130	107143217	ENSG00000254036	IGHVIII-67-2
11	6642556	6677085	ENSG00000166341	DCHS1
5	167718656	167899308	ENSG00000113645	WWC1
17	8700436	8702667	ENSG00000185156	MFSD6L
12	111348623	111358526	ENSG00000111245	MYL2
4	37892708	38140796	ENSG00000065882	TBC1D1
9	134269480	134375584	ENSG00000130723	PRRC2B
12	81939105	81940229	ENSG00000258375	RP11-617J18.1
4	952675	980683	ENSG00000145214	DGKQ
12	82262147	82262825	ENSG00000257609	RP11-275O18.1
16	2227184	2246526	ENSG00000167971	CASKIN1
12	82347498	82386912	ENSG00000257747	RP11-362A1.1
15	30873387	30873519	ENSG00000207430	U8
15	30899898	30900396	ENSG00000270016	RP11-932O9.8
13	49280951	49283498	ENSG00000152207	CYSLTR2
12	82392411	82392741	ENSG00000258193	RP11-362A1.2
14	36985602	36990354	ENSG00000136352	NKX2-1
15	30904916	30905194	ENSG00000243928	RN7SL628P
15	30906074	30906156	ENSG00000221358	AC026150.1
12	82658722	82658823	ENSG00000221260	AC083810.1
1	55315306	55352891	ENSG00000116133	DHCR24
15	30909161	30909952	ENSG00000269930	RP11-932O9.9
12	82736375	82736489	ENSG00000221121	AC083811.1
1	26137961	26150235	ENSG00000255054	RP1-317E23.6
12	82862235	82862727	ENSG00000257875	RP11-263K4.1
15	30909201	30917976	ENSG00000247728	RP11-932O9.7
15	30935128	30935255	ENSG00000252602	U8
12	82874897	82891339	ENSG00000258170	RP11-263K4.5
15	30941000	30941732	ENSG00000269974	RP11-932O9.10
21	44473301	44497053	ENSG00000160200	CBS
15	30965953	30966046	ENSG00000206846	Y_RNA
3	121964613	121964684	ENSG00000252170	SNORD112
17	72517313	72527613	ENSG00000178789	CD300LB
15	31083776	31094062	ENSG00000103832	GOLGA8UP
3	122000700	122000769	ENSG00000221474	AC068754.1
3	69156023	69172183	ENSG00000163380	LMOD3
3	122036456	122037588	ENSG00000240236	HNRNPA1P23
17	8782233	8869029	ENSG00000141506	PIK3R5
11	17741115	17743678	ENSG00000129152	MYOD1
3	50378537	50383128	ENSG00000235058	ZMYND10-AS1
3	122135054	122162027	ENSG00000272758	RP11-299J3.8
3	50402765	50405628	ENSG00000271858	XXcos-LUCA11.4
11	6702013	6704632	ENSG00000158042	MRPL17
12	9301436	9360966	ENSG00000126838	PZP
6	29407083	29408731	ENSG00000206474	OR10C1
HSCHR6_MHC_COX	29502069	29503152	ENSG00000237698	GPR53P
HSCHR6_MHC_COX	29517602	29518549	ENSG00000229467	OR2I1P
16	30709530	30755602	ENSG00000080603	SRCAP
18	60382672	60647666	ENSG00000081913	PHLPP1
3	122135729	122135859	ENSG00000242531	RP11-299J3.6
15	31092352	31092630	ENSG00000241266	RN7SL82P
10	79550549	79686378	ENSG00000151208	DLG5
HSCHR6_MHC_COX	29538291	29539218	ENSG00000226796	OR2H5P
10	11047259	11378674	ENSG00000048740	CELF2
15	31093509	31093591	ENSG00000221379	AC004460.1
11	61640991	61659523	ENSG00000221968	FADS3
3	122203844	122204083	ENSG00000270901	RP11-592P9.1
3	122379460	122381285	ENSG00000243918	EIF4BP8
15	31107474	31136356	ENSG00000259845	HERC2P10
HSCHR6_MHC_COX	29541841	29542130	ENSG00000225248	TMEM183AP1
HSCHR6_MHC_COX	29546631	29546714	ENSG00000266672	SNORD33
6	29424958	29432105	ENSG00000204688	OR2H1
10	104183002	104192418	ENSG00000107874	CUEDC2
HSCHR6_MHC_COX	29546890	29547407	ENSG00000230181	RPL13AP
11	17756359	17804602	ENSG00000129159	KCNC1
X	40440146	40465889	ENSG00000182220	ATP6AP2
22	21319396	21335649	ENSG00000183773	AIFM3
10	71123311	71123397	ENSG00000221774	AC016821.1
HSCHR6_MHC_COX	29600438	29600721	ENSG00000223771	SUMO2P1
10	71192728	71193127	ENSG00000232734	ATP5G1P7
12	111471828	111788358	ENSG00000111249	CUX2
2	202565277	202645912	ENSG00000003393	ALS2
3	45016733	45077558	ENSG00000075914	EXOSC7
15	31174470	31175434	ENSG00000260382	RP11-540B6.2
11	6789218	6790286	ENSG00000188124	OR2AG2
15	31191683	31192530	ENSG00000261628	RP11-540B6.3
HSCHR6_MHC_COX	29672540	29672962	ENSG00000235507	ZDHHC20P1
10	71283067	71283406	ENSG00000233197	TMEM256P1
15	31218717	31220610	ENSG00000270015	RP11-540B6.6
HSCHR6_MHC_COX	29684743	29685733	ENSG00000233935	HCG4P11
10	71335563	71336910	ENSG00000236154	RP11-343J3.2
11	6806248	6807245	ENSG00000170803	OR2AG1
15	31248451	31248553	ENSG00000212526	RNU6-466P
10	71349636	71350111	ENSG00000230755	RP11-343J3.7
15	31294216	31334505	ENSG00000259720	RP11-348B17.1
HSCHR6_MHC_COX	29688359	29710797	ENSG00000206446	DAQB-335A13.8
19	30155963	30166364	ENSG00000166289	PLEKHF1
HSCHR6_MHC_COX	31732662	31751095	ENSG00000226589	VARS
11	6815756	6817128	ENSG00000184933	OR6A2
1	26145131	26159432	ENSG00000117640	MTFR1L
15	31357235	31357344	ENSG00000207702	MIR211
10	71350339	71351018	ENSG00000235803	RP11-343J3.6
15	31508223	31516648	ENSG00000259448	RP11-16E12.1
14	81421333	81612646	ENSG00000165409	TSHR
7	130614968	130616965	ENSG00000271204	RP11-138A9.1
11	6866883	6867936	ENSG00000166363	OR10A5
7	130621223	130624420	ENSG00000273319	RP11-138A9.2
15	31514202	31523041	ENSG00000259772	RP11-16E12.2
10	71351162	71352687	ENSG00000235524	RP11-343J3.5
17	73870242	73874656	ENSG00000132481	TRIM47
12	80198742	80202321	ENSG00000269531	AC073569.1
1	55446465	55457966	ENSG00000143001	TMEM61
11	6890924	6891976	ENSG00000170790	OR10A2
1	217600334	217804424	ENSG00000092978	GPATCH2
15	31712331	31712865	ENSG00000259179	UBE2CP4
7	130626519	130794935	ENSG00000231721	LINC-PINT
19	30191721	30206364	ENSG00000131943	C19orf12
15	31745404	31746342	ENSG00000259696	RP11-126F18.2
2	80515483	80531874	ENSG00000162951	LRRTM1
14	38189630	38189766	ENSG00000200385	SNORA42
Y	25275502	25345241	ENSG00000188120	DAZ1
1	55464606	55476556	ENSG00000162399	BSND
14	38297003	38297109	ENSG00000201431	RNU6-1277P
15	32057946	32060404	ENSG00000259358	RP11-456J20.1
14	38365265	38371577	ENSG00000259091	LINC00517
15	32220506	32220637	ENSG00000206849	SNORA18
15	32467448	32467552	ENSG00000201084	Y_RNA
13	49550048	49783915	ENSG00000102531	FNDC3A
14	38472318	38474052	ENSG00000258696	CTD-2058B24.3
15	32542503	32548326	ENSG00000271078	RP13-395E19.4
17	43603820	43604112	ENSG00000265821	RN7SL739P
17	43608943	43611204	ENSG00000266918	RP11-798G7.8
3	14989091	15095107	ENSG00000177463	NR2C2
14	38503492	38663486	ENSG00000259048	CTD-2058B24.2
6	29454474	29455738	ENSG00000204687	MAS1L
17	43580626	43612076	ENSG00000131484	RP11-798G7.5
15	32576353	32576459	ENSG00000207257	RNU6-18P
14	38660188	38672128	ENSG00000258649	CTD-2142D14.1
15	32605327	32607855	ENSG00000260211	RP13-395E19.2
14	38716912	38716980	ENSG00000264234	AL161751.1
19	45882892	45909607	ENSG00000104881	PPP1R13L
14	38760157	38781134	ENSG00000259072	RP11-96D24.1
17	43623170	43640596	ENSG00000267198	RP11-798G7.6
HSCHR6_MHC_DBB	33260109	33263646	ENSG00000227780	ZBTB22
15	32651739	32659985	ENSG00000260642	RP11-717I24.1
17	21455772	21455974	ENSG00000266673	RP11-822E23.3
15	32677138	32679685	ENSG00000261491	DNM1P31
7	56549798	56550988	ENSG00000225488	RP11-760D2.1
HSCHR6_MHC_COX	29688427	29688897	ENSG00000241880	RPL23AP1
18	60491423	60492724	ENSG00000215431	AC015989.1
7	139026106	139107345	ENSG00000269955	LUC7L2
17	21469833	21477781	ENSG00000266050	RP11-822E23.6
3	50457212	50457330	ENSG00000202322	RNA5SP131
18	60505640	60505948	ENSG00000269630	AC015989.2
HSCHR6_MHC_DBB	30028370	30033991	ENSG00000235022	RNF39
15	32685591	32685673	ENSG00000221444	AC139426.1
7	56558375	56559328	ENSG00000226485	RBM22P3
HSCHR6_MHC_COX	29703478	29710717	ENSG00000251581	MICE
15	32686547	32686825	ENSG00000241459	RN7SL185P
17	43627147	43636104	ENSG00000267246	RP11-798G7.7
17	73876416	73893084	ENSG00000141569	TRIM65
8	95907995	96128683	ENSG00000156170	NDUFAF6
10	135341026	135342661	ENSG00000268925	AL161645.2
15	38544527	38649450	ENSG00000166068	SPRED1
14	39074459	39075302	ENSG00000271468	RP11-14N4.1
15	32691157	32727434	ENSG00000215304	RP13-395E19.3
7	56560817	56564978	ENSG00000261275	RP11-760D2.11
14	39196479	39197685	ENSG00000258948	KRT8P1
17	43631076	43636436	ENSG00000266504	RP11-798G7.4
X	53401070	53449677	ENSG00000072501	SMC1A
18	60790579	60987361	ENSG00000171791	BCL2
6	33662070	33679504	ENSG00000137288	UQCC2
7	56569977	56570737	ENSG00000231504	NMD3P2
17	43663237	43664295	ENSG00000264070	DND1P1
14	37049784	37051812	ENSG00000136327	NKX2-8
2	158733214	158992666	ENSG00000007001	UPP2
17	43678235	43679706	ENSG00000263503	RP11-707O23.5
11	17809595	18034709	ENSG00000129158	SERGEF
1	55505221	55530525	ENSG00000169174	PCSK9
1	1570603	1590473	ENSG00000248333	CDK11B
7	139137436	139168458	ENSG00000188883	KLRG2
7	56593121	56593806	ENSG00000223740	RP11-760D2.4
17	43685909	43686349	ENSG00000204652	RPS26P8
15	32698798	32727193	ENSG00000261279	ULK4P1
2	65297835	65357240	ENSG00000138069	RAB1A
7	56601923	56605823	ENSG00000233288	RP11-760D2.5
3	153599315	153658625	ENSG00000243486	RP11-217E22.5
1	151336778	151345209	ENSG00000143416	SELENBP1
7	56626914	56627651	ENSG00000224947	VN1R25P
3	153725156	153725291	ENSG00000201398	U8
3	153741624	153742087	ENSG00000240068	RPL21P42
7	56635599	56636551	ENSG00000213650	RP11-760D2.7
17	43697694	43725582	ENSG00000204650	CRHR1-IT1
10	135367404	135382876	ENSG00000171772	SYCE1
HSCHR6_MHC_DBB	33264261	33274971	ENSG00000206206	DAXX
6	29523292	29527702	ENSG00000213886	UBD
1	217804666	218045038	ENSG00000162814	SPATA17
7	56645541	56646559	ENSG00000234716	RP11-760D2.9
14	37126773	37148920	ENSG00000198807	PAX9
17	54188319	54589020	ENSG00000153930	ANKFN1
7	56665072	56666035	ENSG00000213067	RP11-760D2.10
19	30302805	30315215	ENSG00000105173	CCNE1
17	21477034	21477337	ENSG00000264245	RP11-822E23.4
14	39218545	39417477	ENSG00000259070	LINC00639
10	71353797	71354688	ENSG00000231152	MTND2P15
7	56671103	56671246	ENSG00000271047	RP11-760D2.12
17	21481084	21481171	ENSG00000216100	AC138710.1
7	56699432	56700420	ENSG00000229909	TRIM60P16
17	21496060	21497446	ENSG00000263375	RP11-822E23.5
17	21536014	21544603	ENSG00000265019	NCOR1P2
10	71355243	71356192	ENSG00000226794	MTND1P20
15	38746328	38779911	ENSG00000171262	FAM98B
4	114372188	114683083	ENSG00000145349	CAMK2D
9	35073832	35080013	ENSG00000221829	FANCG
20	51588946	52111869	ENSG00000182463	TSHZ2
2	232387871	232395206	ENSG00000171596	NMUR1
X	40488285	40506819	ENSG00000185753	CXorf38
17	47915671	47925379	ENSG00000176358	TAC4
17	21549811	21549979	ENSG00000265233	AC144838.2
18	60994959	61034743	ENSG00000119537	KDSR
17	21560548	21562330	ENSG00000264617	AC144838.3
12	80603233	80772870	ENSG00000165899	OTOGL
19	58082934	58090295	ENSG00000083817	ZNF416
17	21747827	21748211	ENSG00000263725	FTLP13
6	33663196	33663474	ENSG00000269490	SBP1
HG299_PATCH	118874452	118875603	ENSG00000262257	RP11-110I1.11
2	232457575	232458994	ENSG00000177673	C2orf57
HG299_PATCH	118876437	118876644	ENSG00000261858	RP11-110I1.5
HG299_PATCH	118889654	118889722	ENSG00000266629	MIR3656
HG299_PATCH	118914898	118916204	ENSG00000262996	RP11-110I1.14
2	232571517	232571621	ENSG00000269363	MGC4771
6	33689444	33714762	ENSG00000161896	IP6K3
10	124030821	124097677	ENSG00000138152	BTBD16
15	32718489	32718621	ENSG00000206987	U8
3	51741086	51752629	ENSG00000164082	GRM2
15	32728704	32731968	ENSG00000261708	DNM1P32
17	19286755	19290553	ENSG00000166482	MFAP4
15	32737916	32737998	ENSG00000221318	AC135983.1
15	32738879	32739157	ENSG00000243088	RN7SL539P
19	58089824	58105145	ENSG00000171649	ZIK1
HG299_PATCH	118938402	118952681	ENSG00000262342	VPS11
15	32753867	32754010	ENSG00000270789	RP11-632K20.8
3	50707420	50709479	ENSG00000273356	RP11-804H8.6
15	32781468	32783787	ENSG00000261375	RP11-632K20.6
7	76669261	76673093	ENSG00000233448	PMS2P9
7	76670964	76671065	ENSG00000201959	Y_RNA
3	50712511	50712594	ENSG00000272543	MIR4787
11	114392437	114430617	ENSG00000095110	NXPE1
1	218458629	218511325	ENSG00000067533	RRP15
7	76673038	76827943	ENSG00000259628	RP11-467H10.2
20	52105495	52106164	ENSG00000227164	AL354993.1
3	50722982	50723222	ENSG00000228337	RP11-804H8.5
17	34181955	34195895	ENSG00000172653	C17orf66
3	50756913	50757382	ENSG00000213587	RP11-646D13.1
7	76682095	76688757	ENSG00000205482	AC007000.12
3	50824105	50825716	ENSG00000235278	ZNF652P1
2	8865408	8977760	ENSG00000134313	KIDINS220
17	79825597	79829282	ENSG00000141522	ARHGDIA
3	50914143	50915088	ENSG00000240959	ST13P14
2	232571605	232578251	ENSG00000187514	PTMA
12	122457328	122499948	ENSG00000110987	BCL7A
X	84532402	84634748	ENSG00000124429	POF1B
20	52183604	52226446	ENSG00000171940	ZNF217
3	51469985	51470468	ENSG00000270692	RP11-89F17.5
11	6897856	6898850	ENSG00000170782	OR10A4
3	69219141	69591734	ENSG00000114541	FRMD4B
3	51645454	51645578	ENSG00000221015	RNU6ATAC29P
3	51728481	51728598	ENSG00000201595	RNA5SP132
17	21760934	21792968	ENSG00000263609	RP11-1109M24.16
3	122469219	122469322	ENSG00000238480	snoU13
3	122605788	122611243	ENSG00000273033	RP11-67L2.2
3	51851619	51853651	ENSG00000224792	RP11-314A5.3
11	6912721	6913830	ENSG00000166368	OR2D2
7	44183872	44237769	ENSG00000106633	GCK
3	122645843	122645968	ENSG00000221211	AC078794.1
3	122996200	122996751	ENSG00000273454	RP11-797D24.3
17	21793031	21814739	ENSG00000264956	RP11-1109M24.5
3	123002440	123002830	ENSG00000272678	RP11-797D24.4
3	153742190	153839121	ENSG00000243069	ARHGEF26-AS1
17	21804473	21805895	ENSG00000266691	RP11-1109M24.15
3	51812580	51813009	ENSG00000214686	IQCF6
11	6942205	6943264	ENSG00000178358	OR2D3
3	123304389	123363415	ENSG00000239523	MYLK-AS1
17	21821899	21821986	ENSG00000222770	AC138761.1
6	42712219	42714558	ENSG00000124659	TBCC
17	21825297	21826499	ENSG00000178130	FAM27L
19	58111253	58124090	ENSG00000183647	ZNF530
17	21825740	21826073	ENSG00000264811	RP11-1109M24.14
17	21827939	21828263	ENSG00000265567	RP11-1109M24.13
3	123408491	123411254	ENSG00000250174	MYLK-AS2
14	100800125	100843142	ENSG00000140105	WARS
19	10381511	10397291	ENSG00000090339	ICAM1
3	51851620	51864876	ENSG00000229972	IQCF3
3	123434698	123435246	ENSG00000273123	RP11-9N20.3
X	40507558	40595110	ENSG00000180182	MED14
10	120789228	120793854	ENSG00000188613	NANOS1
3	123532924	123533054	ENSG00000207002	SNORA5
3	123780841	123780931	ENSG00000238512	AC117401.1
11	114441313	114466484	ENSG00000137634	NXPE4
3	123851776	123851872	ENSG00000266383	MIR5002
3	123870807	123871910	ENSG00000240622	RPL7P15
2	27353624	27357543	ENSG00000138073	PREB
15	32786204	32792547	ENSG00000254912	RP11-632K20.2
6	42749765	42836298	ENSG00000112624	GLTSCR1L
12	92536286	92539673	ENSG00000133639	BTG1
3	124126538	124126630	ENSG00000252751	RNU6-143P
11	6947635	7005863	ENSG00000149054	ZNF215
3	124415785	124415883	ENSG00000263775	AC080008.1
16	2254249	2259417	ENSG00000167965	MLST8
18	61056423	61089716	ENSG00000119541	VPS4B
17	21832277	21832619	ENSG00000264562	RP11-1109M24.12
19	58125601	58134724	ENSG00000213762	ZNF134
1	218519577	218617961	ENSG00000092969	TGFB2
17	21858203	21859016	ENSG00000266806	RP11-744K17.3
15	32812049	32829127	ENSG00000223509	RP11-632K20.7
17	43699274	43893909	ENSG00000263715	RP11-105N13.4
HSCHR6_MHC_MANN	29522994	29527308	ENSG00000224654	UBD
HSCHR6_MHC_SSTO	33171992	33188198	ENSG00000236177	HLA-DPA1
17	43809069	43810343	ENSG00000265547	RP11-293E1.2
12	114791736	114846247	ENSG00000089225	TBX5
19	30414551	30506611	ENSG00000105176	URI1
17	43810719	43812035	ENSG00000265964	RP11-293E1.1
7	5632439	5646286	ENSG00000075618	FSCN1
2	70508494	70520903	ENSG00000143977	SNRPG
17	43921017	43972966	ENSG00000264589	MAPT-AS1
15	32828248	32879814	ENSG00000261064	RP11-1000B6.3
4	185734773	185742443	ENSG00000251139	RP11-701P16.2
HSCHR6_MHC_MANN	29555313	29556375	ENSG00000227044	OR2H2
15	32885854	32886380	ENSG00000234038	AC123768.3
15	32890499	32891012	ENSG00000180987	AC123768.1
15	32894330	32894608	ENSG00000242480	RN7SL286P
2	84650647	84687169	ENSG00000163541	SUCLG1
4	185939995	185941958	ENSG00000187821	HELT
6	33738979	33756913	ENSG00000161904	LEMD2
11	114549108	114579362	ENSG00000204361	NXPE2
6	80816364	81055987	ENSG00000083123	BCKDHB
6	44187242	44201888	ENSG00000112759	SLC29A1
HSCHR9_1_CTG1	7491857	7493132	ENSG00000263127	RPL4P5
19	49375649	49379314	ENSG00000087074	PPP1R15A
5	191626	195468	ENSG00000185028	LRRC14B
7	139208602	139229730	ENSG00000236279	CLEC2L
19	10397643	10399198	ENSG00000105371	ICAM4
4	972861	987228	ENSG00000145217	SLC26A1
19	58141761	58154147	ENSG00000121417	ZNF211
14	67656110	67695267	ENSG00000172717	FAM71D
6	42847356	42857663	ENSG00000146223	RPL7L1
2	97502348	97523832	ENSG00000213337	ANKRD39
12	82898990	82899967	ENSG00000257837	RP11-263K4.4
11	7020549	7041599	ENSG00000149050	ZNF214
1	55532032	55680786	ENSG00000162402	USP24
12	82906456	82909596	ENSG00000257431	RP11-263K4.3
4	77135193	77204933	ENSG00000189157	FAM47E
4	186064395	186071536	ENSG00000151729	SLC25A4
12	83415669	83415771	ENSG00000252220	RNU6-977P
20	52553316	52687304	ENSG00000064787	BCAS1
3	124442635	124445172	ENSG00000260391	RP11-71H17.7
12	83545110	83545969	ENSG00000213270	RPL6P25
3	124451286	124451363	ENSG00000265981	MIR544B
12	83565369	83566519	ENSG00000258338	RP11-87P13.2
3	124452265	124452601	ENSG00000242199	RP11-71H17.1
12	84054788	84055498	ENSG00000257124	RP11-384P14.1
3	124467422	124468120	ENSG00000272947	RP11-71H17.9
14	39304593	39304992	ENSG00000258680	RP11-506K19.1
2	179296141	179316239	ENSG00000180228	PRKRA
3	45043040	45077563	ENSG00000163815	CLEC3B
17	72537247	72542282	ENSG00000167850	CD300C
14	39442603	39443289	ENSG00000270713	RP11-506K19.2
14	39456485	39456587	ENSG00000199285	Y_RNA
14	39560105	39560305	ENSG00000259121	RP11-545M17.2
12	84577103	84577227	ENSG00000221148	SNORA3
14	39572344	39573016	ENSG00000258651	RP11-545M17.1
19	49384222	49401990	ENSG00000104804	TULP2
HSCHR6_MHC_SSTO	33183349	33194624	ENSG00000226826	HLA-DPB1
12	84665119	84688341	ENSG00000257729	RP11-788H18.1
21	44513066	44527697	ENSG00000160201	U2AF1
10	114431571	114437578	ENSG00000233340	RP11-25C19.3
10	114583249	114587485	ENSG00000260917	RP11-57H14.4
10	114648494	114665870	ENSG00000225292	RP11-57H14.3
11	7041677	7092539	ENSG00000158077	NLRP14
17	72575504	72588422	ENSG00000204345	CD300LD
15	38780304	38857776	ENSG00000172575	RASGRP1
2	232597135	232650982	ENSG00000156973	PDE6D
10	114710405	114711634	ENSG00000233547	RP11-57H14.2
10	114747235	114747624	ENSG00000227560	RP11-139K1.2
10	115113184	115113243	ENSG00000238380	RNU7-165P
10	115242375	115242872	ENSG00000230018	RP11-481H12.1
4	186080819	186130658	ENSG00000164323	KIAA1430
12	84842404	84843657	ENSG00000258358	RP11-228G3.1
10	115470440	115479091	ENSG00000234393	RP11-211N11.5
17	45600308	45700642	ENSG00000141279	NPEPPS
13	49794474	49796513	ENSG00000102539	MLNR
7	56706636	56718389	ENSG00000228303	RP11-10F11.2
HSCHR6_MHC_DBB	31521973	31524245	ENSG00000223919	LTA
9	35088685	35096591	ENSG00000165282	PIGO
10	115580218	115580349	ENSG00000212589	SNORA17
12	85065377	85065805	ENSG00000257296	RP11-701B6.1
11	67798084	67804111	ENSG00000110717	NDUFS8
10	115871173	115871276	ENSG00000253066	RNU6-709P
7	139246316	139477577	ENSG00000064393	HIPK2
16	30759591	30772490	ENSG00000156873	PHKG2
10	115876906	115877310	ENSG00000226582	UBE2V1P5
1	218683438	218699320	ENSG00000228208	C1orf143
3	154047505	154047608	ENSG00000271922	snoU13
18	61143994	61172318	ENSG00000206075	SERPINB5
7	56943078	56949839	ENSG00000233437	RP13-580B18.1
3	154069925	154072588	ENSG00000240048	DDX50P2
14	37147636	37642071	ENSG00000183032	SLC25A21
10	115933864	115933938	ENSG00000238742	MIR2110
10	32297938	32345359	ENSG00000170759	KIF5B
7	57008048	57012060	ENSG00000225244	RP11-220H4.2
3	154229324	154257098	ENSG00000243861	RP11-656A15.1
10	116005833	116006473	ENSG00000230165	CTB-1144G6.5
17	72580818	72590348	ENSG00000182352	C17orf77
22	35776354	35790207	ENSG00000100292	HMOX1
3	154369445	154370212	ENSG00000243154	CTD-2501O3.2
3	154375083	154375352	ENSG00000242151	CTD-2501O3.3
11	115039938	115375675	ENSG00000182985	CADM1
HSCHR6_MHC_MANN	29624321	29639709	ENSG00000230885	MOG
10	116183531	116183826	ENSG00000242912	RN7SL384P
3	154394377	154394908	ENSG00000240601	RPL9P15
10	116261756	116262106	ENSG00000229668	RP11-317F20.2
12	85333303	85333447	ENSG00000258073	RP11-1079J22.1
8	21995533	21999464	ENSG00000168476	REEP4
3	154544805	154578806	ENSG00000243969	RP11-439C8.1
20	17674317	17716516	ENSG00000125888	BANF2
2	159027593	159313265	ENSG00000153237	CCDC148
7	5659678	5821370	ENSG00000011275	RNF216
3	154687072	154688012	ENSG00000243953	RP11-439C8.2
12	85657322	85658235	ENSG00000269916	RP11-193M21.1
6	49753366	49755053	ENSG00000170950	PGK2
3	154876530	154901074	ENSG00000240666	MME-AS1
10	116416269	116416353	ENSG00000238577	snoU13
10	116449902	116450393	ENSG00000228169	PPIAP19
19	45909467	45914024	ENSG00000117877	CD3EAP
16	70333097	70400163	ENSG00000260537	RP11-529K1.3
3	154958734	154960933	ENSG00000241336	RP11-451G4.1
7	80804824	80828431	ENSG00000237896	AC005008.2
6	109783797	109804440	ENSG00000112365	ZBTB24
11	61664773	61687741	ENSG00000167994	RAB3IL1
17	72606026	72619897	ENSG00000186407	CD300E
1	219347186	219386207	ENSG00000143353	LYPLAL1
6	291630	351355	ENSG00000112679	DUSP22
3	183852826	184402546	ENSG00000145191	EIF2B5
Y	6778727	6959724	ENSG00000092377	TBL1Y
13	49822047	49867618	ENSG00000102543	CDADC1
3	155008018	155011564	ENSG00000240045	RP11-451G4.2
3	155008977	155011965	ENSG00000242790	RP11-451G4.3
12	69633317	69668138	ENSG00000111605	CPSF6
3	155027216	155027596	ENSG00000239443	PABPC1P10
3	155093472	155093579	ENSG00000248772	RP11-639F1.1
8	42195972	42229326	ENSG00000070501	POLB
3	155119118	155121188	ENSG00000243518	RP11-639F1.2
3	155149018	155151187	ENSG00000242152	RP11-639F1.3
17	21904124	21904694	ENSG00000266172	RP11-1109M24.11
18	61223393	61234244	ENSG00000166634	SERPINB12
12	85711838	85736690	ENSG00000258815	RP11-408B11.2
HSCHR6_MHC_COX	29710037	29710261	ENSG00000224253	HCG9P5
12	85961656	85962017	ENSG00000257855	RP11-629O19.1
6	49801970	49844809	ENSG00000124812	CRISP1
HSCHR6_MHC_COX	29712118	29712219	ENSG00000263876	Y_RNA
11	7110165	7112379	ENSG00000170748	RBMXL2
HSCHR6_MHC_COX	29712474	29712894	ENSG00000228912	IFITM4P
15	32895488	32895570	ENSG00000221405	AC123768.2
12	72067984	72092748	ENSG00000258064	RP11-293I14.2
2	28112808	28561768	ENSG00000158019	BRE
15	32905934	32907312	ENSG00000244952	RP11-1000B6.5
2	191273081	191373931	ENSG00000151690	MFSD6
17	48046334	48052321	ENSG00000108813	DLX4
HSCHR6_MHC_COX	29753037	29759260	ENSG00000230238	HLA-V
14	39577546	39577911	ENSG00000258591	RP11-545M17.3
15	32948285	32965266	ENSG00000241818	RP11-1000B6.2
HSCHR6_MHC_QBL	31226380	31229751	ENSG00000206452	HLA-C
14	39625946	39627056	ENSG00000241984	RPL7AP2
15	33009471	33011208	ENSG00000259721	RP11-758N13.1
14	39644089	39645084	ENSG00000259083	RP11-407N17.4
11	7260009	7490273	ENSG00000170743	SYT9
X	129040097	129063737	ENSG00000156697	UTP14A
19	49403307	49426629	ENSG00000104805	NUCB1
14	39680985	39681459	ENSG00000258671	RP11-407N17.2
15	33129184	33129527	ENSG00000259392	RP11-758N13.3
14	39684269	39685539	ENSG00000270503	RP11-407N17.6
3	45123770	45187914	ENSG00000163814	CDCP1
HSCHR6_MHC_COX	29753438	29754412	ENSG00000225346	HCG4
14	39734907	39736265	ENSG00000258940	RP11-407N17.5
15	33187401	33187502	ENSG00000238342	snoU13
12	72079867	72097836	ENSG00000139291	TMEM19
15	33262928	33262992	ENSG00000212415	SNORD77
15	33304320	33305269	ENSG00000259686	HNRNPA1P71
HSCHR6_MHC_COX	29761890	29763899	ENSG00000260055	HLA-P
14	39839483	39839960	ENSG00000271424	RP11-647O20.1
6	29523406	29601753	ENSG00000204681	GABBR1
14	39853282	39853350	ENSG00000221645	AL157791.1
16	70380732	70407286	ENSG00000168872	DDX19A
14	39854608	39856306	ENSG00000259100	RP11-1074O12.1
5	32689176	32791819	ENSG00000113389	NPR3
5	167913450	167946304	ENSG00000113643	RARS
14	39944044	39982984	ENSG00000258526	RP11-111A21.1
15	33527753	33539822	ENSG00000215296	TMCO5B
18	61254223	61271873	ENSG00000197641	SERPINB13
9	134378289	134399193	ENSG00000130714	POMT1
14	40855456	40855998	ENSG00000258418	RP11-662J14.1
7	81328322	81399754	ENSG00000019991	HGF
X	40944888	41095832	ENSG00000124486	USP9X
10	120794356	120840316	ENSG00000107581	EIF3A
14	40856762	40858344	ENSG00000258480	RP11-662J14.2
5	146614526	146767415	ENSG00000169302	STK32A
15	33595858	33602860	ENSG00000259446	RP11-489D6.2
12	52668431	52672940	ENSG00000257830	RP11-845M18.7
11	67806483	67818362	ENSG00000110719	TCIRG1
17	19314438	19320589	ENSG00000128482	RNF112
12	52700400	52702155	ENSG00000257829	RP11-845M18.6
12	52774244	52796191	ENSG00000258253	RP3-416H24.4
15	34014693	34014797	ENSG00000200008	Y_RNA
15	34147101	34149010	ENSG00000259408	RP11-3D4.3
12	122516628	122631894	ENSG00000175727	MLXIP
19	10400657	10407454	ENSG00000105376	ICAM5
15	34150918	34157026	ENSG00000259287	RP11-3D4.2
22	21333751	21353327	ENSG00000099949	LZTR1
20	17922241	17949623	ENSG00000089006	SNX5
1	219858769	220131989	ENSG00000196660	SLC30A10
15	34282887	34284249	ENSG00000259505	RP11-74D7.1
2	108863651	108881807	ENSG00000196228	SULT1C3
15	34378112	34378515	ENSG00000243094	RP11-1084A12.1
10	116524547	116539662	ENSG00000228484	RP11-106M7.1
3	119373360	119396301	ENSG00000138495	COX17
15	34547487	34550033	ENSG00000259468	RP11-1084A12.2
10	116569134	116570929	ENSG00000215760	TAF9BP2
15	34606929	34607029	ENSG00000207091	Y_RNA
7	57023492	57023571	ENSG00000264426	MIR4283-2
15	34665742	34666804	ENSG00000259904	RP11-602M11.3
10	116660481	116661125	ENSG00000226428	RP11-106M7.4
7	57032955	57033214	ENSG00000263803	RN7SL816P
15	34665990	34666072	ENSG00000266205	AC025678.1
10	116729219	116729327	ENSG00000252611	RNU6-1121P
15	34674270	34674351	ENSG00000221649	MIR1233-1
22	35796056	35821423	ENSG00000100297	MCM5
7	57059595	57076856	ENSG00000189166	TNRC18P3
10	116754416	116756352	ENSG00000236799	RP11-383C6.2
10	104209594	104211300	ENSG00000120055	C10orf95
12	52801364	52822278	ENSG00000257500	RP11-1020M18.10
11	61717293	61732987	ENSG00000167995	BEST1
10	117579353	117579998	ENSG00000270965	RP11-169K19.1
10	118168768	118168987	ENSG00000205433	SNRPGP6
10	135437399	135440299	ENSG00000225899	FRG2B
12	52807744	52815660	ENSG00000257844	KRT124P
7	57081992	57087980	ENSG00000214668	SLC29A4P1
10	118198980	118199556	ENSG00000227096	HMGB3P8
5	133502861	133561762	ENSG00000272772	CTD-2410N18.5
7	57128297	57129008	ENSG00000229508	PHKG1P4
10	118297695	118297788	ENSG00000200935	RNU6-1090P
7	57215693	57218054	ENSG00000235095	RP11-1217F2.1
10	118336820	118342829	ENSG00000232091	PNLIPP1
1	26145212	26147288	ENSG00000223474	AL020996.1
10	104221149	104236802	ENSG00000138111	TMEM180
7	57235587	57236358	ENSG00000231537	RP11-1217F2.3
17	43985036	43988145	ENSG00000262881	RP11-669E14.4
1	56960419	57110974	ENSG00000162407	PPAP2B
20	52769988	52790512	ENSG00000019186	CYP24A1
HG999_2_PATCH	249074513	249076670	ENSG00000260191	AL672296.1
10	90652	92824	ENSG00000237297	RP11-631M21.6
7	57237113	57238478	ENSG00000225295	MTND4P4
1	26158414	26185903	ENSG00000127423	AUNIP
21	44579176	44582387	ENSG00000228120	AP001631.10
7	116164839	116201233	ENSG00000105974	CAV1
7	57238681	57240478	ENSG00000228440	MTND5P6
17	44112679	44113136	ENSG00000262372	RP11-669E14.6
5	133530025	133561833	ENSG00000113575	PPP2CA
10	126334	132205	ENSG00000232420	IL9RP2
3	170075466	170114623	ENSG00000136603	SKIL
17	44204762	44204817	ENSG00000252698	RNU7-101P
14	41424103	41445082	ENSG00000251363	RP11-129M6.1
7	57241064	57242069	ENSG00000224880	RP11-1217F2.7
HSCHR6_MHC_DBB	30061002	30071204	ENSG00000233573	TRIM31
19	10415479	10420556	ENSG00000220201	ZGLP1
17	44270942	44274089	ENSG00000214401	KANSL1-AS1
9	35099888	35103154	ENSG00000165283	STOML2
19	45910591	45982086	ENSG00000012061	ERCC1
13	49882786	50018262	ENSG00000102547	CAB39L
7	44240567	44253893	ENSG00000106636	YKT6
10	200771	200883	ENSG00000212331	RNA5SP297
10	323124	323248	ENSG00000264248	AL603831.1
7	57245116	57247759	ENSG00000224723	GUSBP10
17	44292436	44292537	ENSG00000238723	Y_RNA
10	327955	328065	ENSG00000201861	RNA5SP298
21	44589118	44592915	ENSG00000160202	CRYAA
17	44320972	44322410	ENSG00000262500	RP11-259G18.2
10	476181	476444	ENSG00000239822	RN7SL754P
12	86041031	86041098	ENSG00000263449	AC021887.1
6	12008995	12165232	ENSG00000095951	HIVEP1
10	483501	487110	ENSG00000233021	RP11-490E15.2
17	44336917	44337972	ENSG00000262539	RP11-259G18.3
12	86175670	86176222	ENSG00000258206	RP13-619I2.2
1	26187701	26197744	ENSG00000182749	PAQR7
7	57253495	57253909	ENSG00000230764	MTND1P4
17	44344403	44346060	ENSG00000261575	RP11-259G18.1
10	674578	677195	ENSG00000225140	RP11-809C18.3
12	86352465	86354725	ENSG00000258178	RP11-18J9.3
HSCHR6_MHC_DBB	28743704	28743811	ENSG00000265299	CR753651.3
7	57254119	57255148	ENSG00000237309	MTND2P6
17	44397045	44397325	ENSG00000265411	RN7SL656P
12	86409475	86410219	ENSG00000257897	RP11-812D23.1
HSCHR6_MHC_DBB	28751414	28751785	ENSG00000230511	NOL5BP
10	687629	687718	ENSG00000263511	MIR5699
HSCHR6_MHC_DBB	28763751	28763814	ENSG00000264228	CR753651.2
6	42858005	42858554	ENSG00000221821	C6orf226
10	35297479	35379570	ENSG00000108094	CUL2
17	44450221	44564507	ENSG00000260075	NSFP1
18	61304493	61311532	ENSG00000206073	SERPINB4
7	57255599	57257847	ENSG00000236692	RP11-1217F2.9
10	709498	712562	ENSG00000242357	RP11-809C18.5
10	714400	715521	ENSG00000272992	RP11-809C18.4
7	57258848	57259634	ENSG00000228851	RP11-1217F2.10
19	10416103	10426691	ENSG00000267673	FDX1L
1	57110995	57181008	ENSG00000162409	PRKAA2
17	40834631	40851832	ENSG00000108797	CNTNAP1
5	146770374	146889619	ENSG00000113657	DPYSL3
1	26210672	26233482	ENSG00000117632	STMN1
10	118429614	118432250	ENSG00000232767	RP11-498B4.5
4	77172874	77232282	ENSG00000272414	FAM47E-STBD1
10	118509416	118510772	ENSG00000228195	RPL5P27
2	191369068	191399448	ENSG00000189362	TMEM194B
21	44834395	44847008	ENSG00000142178	SIK1
10	118592512	118609716	ENSG00000225302	RP11-539I5.1
1	220141943	220220000	ENSG00000136628	EPRS
10	73471458	73497581	ENSG00000214688	C10orf105
3	160150233	160203561	ENSG00000213186	TRIM59
10	118783185	118783362	ENSG00000235742	RP11-5G18.2
10	118918167	118928570	ENSG00000234474	RP11-501J20.2
5	196986	218330	ENSG00000164366	CCDC127
4	186125391	186291339	ENSG00000109762	SNX25
10	118927189	118927285	ENSG00000266782	MIR3663
10	118955679	118956165	ENSG00000236171	RP11-501J20.3
10	118999111	119001434	ENSG00000225936	RP11-501J20.5
HSCHR6_MHC_COX	29764669	29765465	ENSG00000233462	RPL7AP7
12	50898768	51142450	ENSG00000066084	DIP2B
7	76689662	76689796	ENSG00000237815	AC007000.11
4	77172886	77232752	ENSG00000118804	FAM47E-STBD1
17	54671060	54672951	ENSG00000183691	NOG
X	153769414	153796782	ENSG00000073009	IKBKG
7	76701068	76701554	ENSG00000225726	AC007000.10
3	15083967	15106842	ENSG00000131368	MRPS25
14	37641093	37643016	ENSG00000258708	SLC25A21-AS1
7	76713203	76751433	ENSG00000214439	FAM185BP
11	18039111	18063973	ENSG00000129167	TPH1
1	151372010	151374420	ENSG00000159377	PSMB4
7	130739645	130739751	ENSG00000199627	RNU6-1010P
17	72666717	72743474	ENSG00000172794	RAB37
7	76744716	76745509	ENSG00000213542	RP11-467H10.1
7	130927349	130927754	ENSG00000233287	AC009362.2
10	73507316	73533255	ENSG00000107738	C10orf54
7	76875657	76887440	ENSG00000250990	AC073635.5
7	57260401	57261775	ENSG00000227584	MTND4P5
10	124134212	124191867	ENSG00000107679	PLEKHA1
15	34686795	34687132	ENSG00000260639	RP11-602M11.4
7	77045990	77054760	ENSG00000273341	RP5-899E9.1
7	57261964	57263761	ENSG00000230531	MTND5P7
15	34701826	34702795	ENSG00000261081	RP11-1H8.1
7	130994503	131012981	ENSG00000236753	MKLN1-AS
4	980785	998316	ENSG00000127415	IDUA
7	77053000	77053105	ENSG00000238453	snoU13
19	30719197	31204445	ENSG00000198597	ZNF536
1	1592939	1624167	ENSG00000189339	SLC35E2B
15	34781203	34782772	ENSG00000259917	HNRNPLP2
7	77090775	77091456	ENSG00000237620	GCNT1P5
15	34786621	34788101	ENSG00000261559	RP11-1H8.3
7	77286977	77325582	ENSG00000214293	RSBN1L-AS1
18	33767482	33852120	ENSG00000075643	MOCOS
2	206546714	206662857	ENSG00000118257	NRP2
HSCHR6_MHC_MANN	29639729	29648438	ENSG00000232099	ZFP57
15	34820491	34820572	ENSG00000221065	MIR1233-2
10	51592080	51623365	ENSG00000138297	TIMM23
12	32832134	32898486	ENSG00000087470	DNM1L
12	69742121	69748014	ENSG00000090382	LYZ
15	34848071	34849021	ENSG00000259892	RP11-1H8.4
1	57184477	57285369	ENSG00000187889	C1orf168
15	34889659	34889759	ENSG00000252425	SNORA18
15	34943336	34947965	ENSG00000261304	CTD-2125J1.1
7	77525197	77525309	ENSG00000222432	Y_RNA
12	57866038	57882597	ENSG00000123329	ARHGAP9
7	131178723	131182453	ENSG00000273489	RP11-180C16.1
7	77619701	77624488	ENSG00000232756	RP5-1185I7.1
2	108905095	108926371	ENSG00000198203	SULT1C2
7	131204896	131205262	ENSG00000224545	AC008264.4
10	71538718	71539594	ENSG00000230469	RPL5P26
15	35047285	35105124	ENSG00000250007	RP11-814P5.1
7	131346711	131347383	ENSG00000213261	AC093106.7
13	50007495	50020554	ENSG00000215462	AL136218.1
7	131350266	131350617	ENSG00000236238	AC093106.4
HSCHR6_MHC_DBB	28805659	28806796	ENSG00000235460	XXbac-BPG308K3.5
6	42883727	42893573	ENSG00000171611	PTCRA
HSCHR6_MHC_DBB	28827415	28831140	ENSG00000225604	XXbac-BPG308K3.6
19	31640362	31640757	ENSG00000268953	AC020952.1
15	35141338	35142596	ENSG00000259751	RP11-83J16.3
21	44949072	45079374	ENSG00000160207	HSF2BP
7	77976459	77988775	ENSG00000231322	RPL13AP17
10	71572451	71572541	ENSG00000222631	AC025426.1
12	498439	551811	ENSG00000120647	CCDC77
4	77234154	77343021	ENSG00000163749	CCDC158
10	71618970	71619055	ENSG00000266082	AL138925.1
16	2259254	2261951	ENSG00000182685	BRICD5
16	30768744	30774031	ENSG00000196118	C16orf93
10	71754382	71767592	ENSG00000224222	RP11-262I2.2
10	71923441	71923880	ENSG00000229097	CALM2P2
19	31765851	31840453	ENSG00000121297	TSHZ3
10	71958744	71958995	ENSG00000232142	RP11-367H5.8
X	85116185	85302566	ENSG00000188419	CHM
15	35235281	35235595	ENSG00000231409	RP11-83J16.1
10	72149182	72150382	ENSG00000224725	CEP57L1P1
15	35285847	35295422	ENSG00000259181	RP11-463I20.3
10	72245092	72246081	ENSG00000230661	YY1P1
15	35300670	35303392	ENSG00000259587	RP11-463I20.2
7	139476850	139720125	ENSG00000059377	TBXAS1
10	72553986	72554279	ENSG00000231366	RP11-399N22.3
19	58180303	58190520	ENSG00000180532	ZSCAN4
15	35373345	35373714	ENSG00000259665	RP11-323I15.3
1	26286258	26324648	ENSG00000158006	PAFAH2
10	72625245	72626128	ENSG00000237998	RP11-432J9.5
15	35376394	35377311	ENSG00000255192	NANOGP8
7	57264345	57265479	ENSG00000234671	RP11-1217F2.13
10	72689682	72691814	ENSG00000271409	RP11-432J9.3
13	50018429	50069138	ENSG00000136169	SETDB2
2	219433303	219461803	ENSG00000144580	RQCD1
10	72698810	72715398	ENSG00000259267	RP11-432J9.6
12	72148654	72184699	ENSG00000080371	RAB21
7	57268438	57271304	ENSG00000169325	GUSBP12
10	72975557	72975628	ENSG00000216004	AL359832.1
15	35384682	35385413	ENSG00000259397	RP11-323I15.2
17	21906417	21913070	ENSG00000266795	RP11-744K17.9
10	789932	790898	ENSG00000231601	RP11-164C1.2
10	72976981	72977985	ENSG00000237512	UNC5B-AS1
10	978966	988683	ENSG00000229869	RP11-363N22.2
17	21906476	21907067	ENSG00000264939	RP11-1109M24.9
14	21492268	21504435	ENSG00000179636	TPPP2
17	21908843	21909413	ENSG00000266836	RP11-1109M24.8
15	35391223	35461899	ENSG00000259336	RP11-323I15.5
3	179370543	179507189	ENSG00000058056	USP13
7	57277572	57289881	ENSG00000234089	RP11-1217F2.15
16	2261998	2264808	ENSG00000184207	PGP
15	35413774	35414285	ENSG00000259592	PRELID1P4
2	232646381	232673963	ENSG00000144524	COPS7B
17	21911222	21911558	ENSG00000266746	RP11-1109M24.7
10	1068606	1090138	ENSG00000232656	IDI2-AS1
17	21919351	21924060	ENSG00000261020	RP11-744K17.1
15	35474000	35530398	ENSG00000259516	ANP32AP1
17	21934505	21934721	ENSG00000264543	RP11-744K17.7
11	7506619	7532608	ENSG00000183801	OLFML1
7	57294708	57294773	ENSG00000238431	RNU7-157P
7	57472731	57472796	ENSG00000266168	MIR3147
19	58193337	58228669	ENSG00000204519	ZNF551
15	43885252	43897099	ENSG00000237289	CKMT1B
15	35574797	35575181	ENSG00000259710	RP11-150L8.3
19	32836500	32878573	ENSG00000168813	ZNF507
7	57482534	57483429	ENSG00000227182	VN1R28P
7	57484207	57485380	ENSG00000235368	RP11-114G11.2
5	131396222	131398897	ENSG00000164399	IL3
22	35936915	35950048	ENSG00000100302	RASD2
X	41192651	41223725	ENSG00000215301	DDX3X
3	51895645	51897440	ENSG00000184345	IQCF2
HSCHR6_MHC_MANN	29687660	29703415	ENSG00000237508	HLA-F
12	69753483	69784576	ENSG00000127337	YEATS4
3	51906221	51906467	ENSG00000241789	RN7SL504P
1	57320479	57383894	ENSG00000157131	C8A
3	51907612	51909783	ENSG00000235455	IQCF5-AS1
3	51907737	51909600	ENSG00000214681	IQCF5
3	51995228	52008047	ENSG00000254782	RP11-155D18.12
19	58193413	58264943	ENSG00000269026	AC003006.7
2	46808076	46844258	ENSG00000151665	PIGF
21	45079429	45115958	ENSG00000160208	RRP1B
3	52227186	52228801	ENSG00000242849	ALDOAP1
12	9747147	9760482	ENSG00000111796	KLRB1
19	58203868	58204128	ENSG00000268948	AC004017.1
11	18091482	18127638	ENSG00000166788	SAAL1
5	218356	256815	ENSG00000073578	SDHA
20	52824386	52844591	ENSG00000101132	PFDN4
4	37962056	37962746	ENSG00000250254	PTTG2
17	44581312	44586705	ENSG00000266497	RP11-995C19.2
19	58208735	58220579	ENSG00000179909	ZNF154
HSCHR6_MHC_QBL	31311768	31315097	ENSG00000206450	HLA-B
7	78115847	78116345	ENSG00000226230	AC007237.2
17	44614900	44615180	ENSG00000265315	RN7SL199P
6	31865562	31913449	ENSG00000166278	C2
7	78530591	78629614	ENSG00000235751	MAGI2-IT1
17	44636196	44640161	ENSG00000232300	FAM215B
4	38628029	38666430	ENSG00000196355	AC021860.1
16	2273567	2285743	ENSG00000167967	E4F1
HSCHR6_MHC_COX	29774037	29774168	ENSG00000229995	MICG
HSCHR6_MHC_SSTO	33269767	33296554	ENSG00000232541	COL11A2
7	78569166	78570211	ENSG00000251276	MAGI2-AS1
HSCHR6_MHC_COX	29788849	29789829	ENSG00000234681	HCG4P8
HSCHR6_MHC_DBB	28829206	28829837	ENSG00000224158	RPL13P
17	44798948	44799533	ENSG00000213326	RPS7P11
12	111798455	111806925	ENSG00000198324	FAM109A
HSCHR6_MHC_DBB	28945266	28945561	ENSG00000263491	Metazoa_SRP
22	36002811	36033998	ENSG00000198125	MB
HSCHR6_MHC_DBB	28953994	28955275	ENSG00000235405	HCG15
6	42896938	42907025	ENSG00000137161	CNPY3
3	51928892	51937351	ENSG00000173389	IQCF1
HSCHR6_MHC_DBB	28954591	28956327	ENSG00000239675	HCG16
4	38665817	38702663	ENSG00000109787	KLF3
17	44987108	44988878	ENSG00000262031	RP11-63A1.2
17	54869274	54916134	ENSG00000214226	C17orf67
HSCHR6_MHC_DBB	28994471	28995398	ENSG00000225048	OR2AD1P
HSCHR6_MHC_DBB	29039613	29040388	ENSG00000237608	OR2P1P
3	170136653	170578169	ENSG00000013297	CLDN11
HSCHR6_MHC_DBB	29044362	29044957	ENSG00000229179	SAR1P1
10	73085085	73085188	ENSG00000238918	snoU13
HSCHR6_MHC_DBB	29068739	29069677	ENSG00000226192	OR2J1
10	73267910	73271630	ENSG00000223817	CDH23-AS1
19	58231119	58238992	ENSG00000083814	ZNF671
4	1003724	1020685	ENSG00000127418	FGFRL1
2	173940163	174132738	ENSG00000091436	MLTK
10	73604492	73604551	ENSG00000238446	RNU7-38P
HSCHR6_MHC_DBB	29091999	29096697	ENSG00000227448	XXbac-BCX196D17.5
10	73638114	73638865	ENSG00000230526	RP11-472G21.2
10	73813052	73813795	ENSG00000272988	RP11-150D20.5
HSCHR6_MHC_DBB	29105666	29106602	ENSG00000236771	OR2N1P
15	35590450	35591641	ENSG00000259585	RP11-150L8.4
HSCHR6_MHC_DBB	29149313	29150248	ENSG00000228483	OR2J4P
10	73940616	73940747	ENSG00000200294	SNORA36
19	10416103	10426685	ENSG00000167807	CTD-2369P2.10
11	116618886	116643704	ENSG00000137656	BUD13
HSCHR6_MHC_COX	29817322	29817471	ENSG00000224118	MICF
10	73949699	73950334	ENSG00000226701	RP11-570G20.1
15	35664457	35664565	ENSG00000265102	MIR3942
3	155155329	155155612	ENSG00000272096	Metazoa_SRP
HSCHR6_MHC_COX	29846611	29847577	ENSG00000226152	HCG4P7
3	155166973	155175542	ENSG00000239508	PLCH1-AS1
10	73980510	73980610	ENSG00000200170	Y_RNA
HSCHR6_MHC_DBB	29183062	29184005	ENSG00000229441	OR2H4P
16	70413338	70473140	ENSG00000157350	ST3GAL2
15	35688422	35688645	ENSG00000259688	RP11-139F4.2
10	74034673	74035738	ENSG00000269926	RP11-442H21.2
10	74151722	74151827	ENSG00000202513	RNU6-805P
3	155203592	155204910	ENSG00000242925	PLCH1-AS2
HSCHR6_MHC_COX	29847067	29849789	ENSG00000226893	HLA-H
12	52995251	53009089	ENSG00000257495	RP11-641A6.2
10	74261504	74262714	ENSG00000226163	RP11-167P22.3
15	35692892	35693969	ENSG00000259411	HNRNPA1P45
8	95938200	95961639	ENSG00000164938	TP53INP1
3	155375549	155376401	ENSG00000239212	RPL6P7
10	74320022	74320214	ENSG00000230609	RP11-167P22.4
3	160212783	160283376	ENSG00000186432	KPNA4
3	155478406	155479006	ENSG00000241307	RP11-674E16.1
3	15111580	15140670	ENSG00000131381	ZFYVE20
3	155705093	155705965	ENSG00000240489	SETP14
15	35838396	36151202	ENSG00000248079	DPH6-AS1
12	53026650	53028240	ENSG00000258120	KRT128P
HSCHR6_MHC_COX	29855863	29856994	ENSG00000227027	HLA-T
10	74336482	74336553	ENSG00000238766	AL513185.1
19	10426147	10431354	ENSG00000267303	CTD-2369P2.12
10	74342561	74342842	ENSG00000272536	Metazoa_SRP
12	53086389	53090572	ENSG00000257700	RP11-641A6.3
10	74396255	74396523	ENSG00000231471	HMGN2P34
3	52273274	52275113	ENSG00000243224	RP5-1157M23.2
15	36067001	36067190	ENSG00000259217	RP11-702M1.2
6	82201156	82462491	ENSG00000112773	FAM46A
12	53109351	53112824	ENSG00000257402	KRT126P
15	36219057	36219124	ENSG00000265098	MIR4510
10	74402769	74404408	ENSG00000238215	RP11-167P22.5
15	36231368	36544458	ENSG00000259639	RP11-184D12.1
12	86993355	87232775	ENSG00000258185	RP11-202H2.1
12	53124209	53126649	ENSG00000257616	RP11-641A6.5
5	131409483	131411859	ENSG00000164400	CSF2
7	78638304	78641593	ENSG00000226978	MAGI2-AS2
12	53129050	53129926	ENSG00000258036	KRT125P
12	115108059	115121969	ENSG00000135111	TBX3
1	57394883	57431813	ENSG00000021852	C8B
19	58258164	58269527	ENSG00000152443	ZNF776
12	9817565	9848413	ENSG00000069493	CLEC2D
7	78659556	78659661	ENSG00000212545	RNU6-337P
17	54911460	54946036	ENSG00000153933	DGKE
10	85980254	85985345	ENSG00000204033	LRIT2
22	36023040	36031181	ENSG00000268818	AL049747.1
7	78754055	78755066	ENSG00000229110	AC006355.3
18	33877677	34360018	ENSG00000134775	FHOD3
19	10426888	10444316	ENSG00000161847	RAVER1
7	78972582	78972688	ENSG00000212482	RNU6-530P
15	70946893	71055932	ENSG00000137831	UACA
7	78982726	78983708	ENSG00000222024	AC004945.1
22	36044442	36064456	ENSG00000221963	APOL6
9	35104109	35116338	ENSG00000005238	FAM214B
Y	9175073	9177893	ENSG00000233803	TSPY4
20	53092136	53267710	ENSG00000101134	DOK5
13	50069746	50103123	ENSG00000136147	PHF11
14	37667118	38021566	ENSG00000151338	MIPOL1
2	65454887	65498387	ENSG00000138071	ACTR2
8	96146032	96168912	ENSG00000175895	PLEKHF2
3	119421869	119485949	ENSG00000183833	MAATS1
7	79082198	79100524	ENSG00000234456	MAGI2-AS3
12	87138845	87138925	ENSG00000264077	AC010196.1
12	87563762	87564206	ENSG00000242850	RPL23AP68
18	47225	73545	ENSG00000173213	RP11-683L23.1
12	88140344	88140460	ENSG00000258205	RP11-248E9.1
10	1088233	1088295	ENSG00000238924	RNU7-163P
7	131387028	131387412	ENSG00000236395	AC093106.6
12	88143919	88144090	ENSG00000257648	CYCSP30
10	1205708	1210612	ENSG00000229205	LINC00200
8	96257147	96281429	ENSG00000156172	C8orf37
7	131438505	131439011	ENSG00000236281	AC093106.5
6	35995488	36079013	ENSG00000112062	MAPK14
12	88147191	88147224	ENSG00000258173	RP11-248E9.4
22	36113919	36125530	ENSG00000128313	APOL5
7	131537439	131537533	ENSG00000252811	AC008085.1
HSCHR6_MHC_DBB	29191799	29234885	ENSG00000235273	XXbac-BPG308J9.3
7	131577375	131578374	ENSG00000233263	AC009518.2
X	85403462	86087607	ENSG00000126733	DACH2
19	58281023	58331307	ENSG00000083828	ZNF586
7	131578581	131578833	ENSG00000236386	AC009518.3
X	53449639	53458059	ENSG00000158423	RIBC1
10	74413923	74414034	ENSG00000201881	Y_RNA
HSCHR6_MHC_DBB	29197053	29197983	ENSG00000224990	OR2G1P
10	85991349	86001217	ENSG00000148602	LRIT1
7	131582400	131633712	ENSG00000224865	AC009518.4
19	32895915	32896466	ENSG00000269093	AC007773.3
7	131600994	131601081	ENSG00000252849	snosnR60_Z15
5	118173017	118324240	ENSG00000169570	DTWD2
7	131771025	131772751	ENSG00000229532	AC105443.2
8	97154562	97173020	ENSG00000156466	GDF6
HSCHR6_MHC_DBB	30094214	30106840	ENSG00000227458	TRIM40
7	131948911	131956028	ENSG00000225144	AC018643.4
12	88175940	88178345	ENSG00000258128	MKRN9P
11	7534529	7678358	ENSG00000166387	PPFIBP2
7	132037093	132052735	ENSG00000223436	AC011625.1
12	53140380	53142092	ENSG00000257343	RP11-641A6.8
3	155737435	155755475	ENSG00000174930	VN2R1P
19	49436939	49448226	ENSG00000104808	DHDH
7	132437783	132437886	ENSG00000201009	SNORD46
12	53142560	53143911	ENSG00000257675	RP11-641A6.9
7	132443730	132445392	ENSG00000225881	AC009365.4
3	155761944	155762737	ENSG00000242017	ALG1L15P
12	88189510	88195805	ENSG00000257912	RP11-248E9.5
12	53145762	53147605	ENSG00000257125	KRT127P
3	155829221	155831987	ENSG00000242537	RP11-294L13.1
12	53157189	53157677	ENSG00000258071	ARL2BPP2
12	88210263	88211608	ENSG00000257940	RP11-248E9.6
7	132515453	132534353	ENSG00000227197	AC009518.8
3	155893641	155894700	ENSG00000227709	RP11-118D22.3
7	57544872	57545601	ENSG00000270957	RP11-1324A7.2
12	53176434	53176623	ENSG00000257404	RP11-153F5.2
7	57659500	57669810	ENSG00000233601	NCOR1P3
12	53231187	53231523	ENSG00000257389	RP11-153F5.3
1	26346375	26362955	ENSG00000158008	EXTL1
4	186285032	186317053	ENSG00000109771	LRP2BP
7	132767589	132767692	ENSG00000272393	U6
7	57688185	57704895	ENSG00000243981	RP11-368M16.3
12	53279213	53280169	ENSG00000241146	RPL7P41
10	1403196	1403832	ENSG00000233052	RP11-398B16.2
16	2285817	2288712	ENSG00000167968	DNASE1L2
7	132854174	132855272	ENSG00000237821	AC083873.4
10	74480787	74480858	ENSG00000266719	MIR4676
17	48067369	48072588	ENSG00000064195	DLX3
7	132947395	132947485	ENSG00000238844	AC083875.1
HSCHR6_MHC_COX	29865828	29866194	ENSG00000233241	DDX39BP1
10	74526318	74526810	ENSG00000272627	RP11-354E23.5
10	1568832	1599179	ENSG00000205696	ADARB2-AS1
7	132999763	133000167	ENSG00000235429	AC083875.2
HSCHR6_MHC_COX	29867067	29867931	ENSG00000231998	MCCD1P1
12	53345492	53345579	ENSG00000265039	AC107016.2
10	74677399	74678292	ENSG00000215086	NPM1P24
2	219472488	219501907	ENSG00000115556	PLCD4
12	53346500	53346686	ENSG00000225410	AC107016.1
19	32896449	32976801	ENSG00000178904	DPY19L3
HSCHR6_MHC_COX	29885238	29886228	ENSG00000227956	HCG4B
12	53405888	53407705	ENSG00000257475	RP11-983P16.2
7	133412121	133412487	ENSG00000235967	COX5BP3
10	86004809	86019716	ENSG00000148604	RGR
HSCHR6_MHC_MANN	29791677	29795834	ENSG00000235680	HLA-G
11	61727190	61735132	ENSG00000167996	FTH1
10	74765591	74766353	ENSG00000213700	RPL17P50
15	36338283	36341730	ENSG00000259245	RP11-684B21.1
7	133417246	133418348	ENSG00000226205	AC007790.4
HSCHR6_MHC_COX	29885712	29888489	ENSG00000232331	HLA-K
8	144898514	144912029	ENSG00000179950	PUF60
8	97238148	97247862	ENSG00000156467	UQCRB
7	133969252	133970807	ENSG00000231098	AC008154.4
17	34198495	34207797	ENSG00000161570	CCL5
21	45138975	45182188	ENSG00000160209	PDXK
10	2047667	2056542	ENSG00000234962	LINC00700
15	36633940	36636367	ENSG00000259395	RP11-475A13.2
9	134399188	134406655	ENSG00000130717	UCK1
7	134030823	134035543	ENSG00000229177	AC008154.5
10	74824884	74825225	ENSG00000232646	RP11-344N10.4
12	53408380	53448222	ENSG00000257337	RP11-983P16.4
HSCHR6_MHC_COX	29891600	29891785	ENSG00000223352	HLA-U
15	36731173	36763217	ENSG00000259737	RP11-475A13.1
18	61314813	61391127	ENSG00000206072	SERPINB11
HSCHR6_MHC_COX	29899399	29900391	ENSG00000223708	HCG4P5
10	74831053	74833766	ENSG00000237768	RP11-344N10.2
7	134101042	134117205	ENSG00000273297	RP11-38M8.1
HSCHR6_MHC_COX	29913886	29915860	ENSG00000232011	HLA-W
10	74842252	74842353	ENSG00000201047	Y_RNA
3	155933349	155945672	ENSG00000240596	KCNAB1-AS2
10	74857802	74861055	ENSG00000272630	RP11-344N10.5
1	1634169	1655766	ENSG00000008128	CDK11A
3	156158946	156164694	ENSG00000242370	KCNAB1-AS1
15	36864186	36864413	ENSG00000270500	COX6CP4
7	134368896	134372742	ENSG00000224375	AC009276.4
HSCHR6_MHC_COX	29928092	29929754	ENSG00000237395	MICD
15	36905675	36906399	ENSG00000261635	RP11-618N24.1
3	156241529	156242036	ENSG00000272990	RP11-305K5.1
7	134419649	134419945	ENSG00000230101	TUBB3P2
3	51967446	51975957	ENSG00000114767	RRP9
3	156389651	156392167	ENSG00000243926	TIPARP-AS1
15	36909290	36911466	ENSG00000261315	LARP4P
3	52302292	52302379	ENSG00000199150	MIRLET7G
3	52322599	52333083	ENSG00000242797	GLYCTK-AS1
15	36918875	36919976	ENSG00000260582	TPST2P1
8	22004338	22014597	ENSG00000168481	LGI3
15	36933387	36961298	ENSG00000261191	RP11-16L14.2
3	52328235	52328324	ENSG00000207926	MIR135A1
X	41306687	41334963	ENSG00000188937	NYX
3	52407668	52408898	ENSG00000239557	RP11-168J18.6
7	57688991	57689857	ENSG00000270749	RP11-368M16.10
19	49458072	49465055	ENSG00000087088	BAX
15	37090797	37110660	ENSG00000223518	CSNK1A1P1
7	57698431	57698818	ENSG00000229627	RP11-368M16.4
3	52585862	52585959	ENSG00000252768	RNU6-856P
3	52594586	52594723	ENSG00000221518	RNU6ATAC16P
7	57710087	57710825	ENSG00000230796	RP11-368M16.9
3	52722898	52722977	ENSG00000252787	SNORD19B
7	57710227	57710560	ENSG00000237639	RP11-368M16.5
3	52723264	52723331	ENSG00000212493	SNORD19
3	52724760	52724843	ENSG00000238862	SNORD19B
7	57712442	57713165	ENSG00000233962	RP11-368M16.8
3	52725394	52725469	ENSG00000222345	SNORD19
2	191511472	191557492	ENSG00000138386	NAB1
14	21500977	21502054	ENSG00000255472	RP11-998D10.1
15	37144841	37145059	ENSG00000212511	U3
3	52726752	52726828	ENSG00000212452	SNORD69
7	57712581	57712914	ENSG00000236261	RP11-368M16.6
3	52768751	52769029	ENSG00000270941	RP5-966M1.5
15	37168580	37179236	ENSG00000259280	RP11-122D10.1
12	80799774	81072802	ENSG00000139304	PTPRQ
22	36134783	36424473	ENSG00000100320	RBFOX2
2	97525453	97536494	ENSG00000168758	SEMA4C
7	57714528	57715098	ENSG00000234085	RP11-368M16.7
3	52787542	52788706	ENSG00000271137	RP5-966M1.4
14	21500979	21502944	ENSG00000206150	RNASE13
Y	9195406	9218479	ENSG00000229549	TSPY8
7	57830325	57830652	ENSG00000227015	RP11-548K12.6
3	45265958	45267770	ENSG00000249992	TMEM158
HSCHR10_1_CTG5	45798102	45811056	ENSG00000262351	OR13A1
15	37343029	37343131	ENSG00000206676	Y_RNA
15	37391540	37392374	ENSG00000259460	RP11-128A17.1
14	21510385	21512393	ENSG00000165799	RNASE7
15	37546080	37547153	ENSG00000270304	RP11-597G23.1
1	220230824	220263804	ENSG00000162813	BPNT1
HSCHR10_1_CTG5	45885738	45957624	ENSG00000262552	ALOX5
16	2289396	2302301	ENSG00000167969	ECI1
20	54572496	54580528	ENSG00000054803	CBLN4
12	111843752	111889427	ENSG00000111252	SH2B3
6	109814059	110012420	ENSG00000155085	AK9
18	61322431	61329197	ENSG00000057149	SERPINB3
14	21525981	21526614	ENSG00000173431	RNASE8
16	30773066	30787628	ENSG00000103549	RNF40
4	38773860	38784611	ENSG00000174123	TLR10
4	186317175	186321782	ENSG00000186352	ANKRD37
15	37657228	37783009	ENSG00000259434	RP11-720L8.1
11	116648436	116658766	ENSG00000109917	ZNF259
15	37782892	37783304	ENSG00000243122	RP11-25H11.1
14	41765489	41767937	ENSG00000258385	RP11-629F19.1
14	41818497	41818570	ENSG00000221695	AL390335.1
17	21934719	21938362	ENSG00000266885	RP11-744K17.2
15	38276967	38354541	ENSG00000259225	RP11-1008C21.1
17	21934958	21935393	ENSG00000265705	RP11-744K17.8
3	45429998	45590913	ENSG00000011376	LARS2
12	56137064	56150911	ENSG00000135414	GDF11
17	22018943	22020035	ENSG00000266529	RP11-846F4.1
17	22023889	22024656	ENSG00000243655	RP11-846F4.12
19	58315209	58326281	ENSG00000178935	ZNF552
20	54823788	54824871	ENSG00000124089	MC3R
12	72233487	72320629	ENSG00000121749	TBC1D15
17	22024064	22025022	ENSG00000264168	MTND1P15
7	134813196	134814437	ENSG00000223500	AC083862.6
13	50106082	50159719	ENSG00000136144	RCBTB1
5	131527531	131631008	ENSG00000072682	P4HA2
7	134853155	134854299	ENSG00000272941	RP11-134L10.1
22	21353393	21356485	ENSG00000184436	THAP7
14	42024865	42025258	ENSG00000258901	CTD-2298J14.1
6	12290596	12297427	ENSG00000078401	EDN1
17	22025225	22026263	ENSG00000263914	RP11-846F4.5
HSCHR6_MHC_DBB	29230503	29231879	ENSG00000233168	OR2U1P
15	38361682	38365160	ENSG00000236914	RP11-1008C21.2
1	57460451	59012406	ENSG00000173406	DAB1
7	134883153	134887108	ENSG00000231794	AC009542.2
HSCHR6_MHC_DBB	31525488	31528257	ENSG00000228849	TNF
14	42057064	42074059	ENSG00000258636	CTD-2298J14.2
17	22026650	22028896	ENSG00000240103	RP11-846F4.6
14	67707826	67802536	ENSG00000072415	MPP5
7	135129209	135129673	ENSG00000227073	SDHDP2
14	42063666	42063794	ENSG00000251858	SNORA31
HSCHR6_MHC_DBB	29236262	29237221	ENSG00000234351	OR2U2P
14	42211842	42212166	ENSG00000258536	RP11-1053O12.1
7	135335720	135336164	ENSG00000271414	RP11-751K21.1
3	52857951	52859330	ENSG00000239799	ITIH4-AS1
17	22028179	22028247	ENSG00000241225	TRNAS30P
17	34245070	34257777	ENSG00000187456	RDM1
HSCHR6_MHC_DBB	29258528	29259470	ENSG00000232469	OR2B4P
14	42421679	42421763	ENSG00000266500	AL138498.1
20	17937623	18039832	ENSG00000125850	OVOL2
HSCHR6_MHC_MANN	29898024	29902665	ENSG00000231834	HLA-A
10	2114039	2123291	ENSG00000226694	RP11-69C17.2
7	135344787	135345401	ENSG00000223718	AC093107.7
17	22029260	22029935	ENSG00000263483	MTATP6P3
3	53087014	53087110	ENSG00000266635	AC096887.1
20	54933971	54943719	ENSG00000124098	FAM210B
10	2140361	2140463	ENSG00000252998	RNU6-889P
HSCHR10_1_CTG5	45966098	46046882	ENSG00000262448	MARCH8
10	2208526	2211654	ENSG00000227912	RP11-69C17.3
7	135350347	135350450	ENSG00000212303	RNU6-1154P
17	22029938	22030718	ENSG00000264316	RP11-846F4.9
7	135389285	135389589	ENSG00000273219	RP11-644N4.1
10	2211334	2231668	ENSG00000231326	RP11-69C17.4
15	38988799	38992239	ENSG00000175779	C15orf53
19	58331087	58370309	ENSG00000268750	CTD-2583A14.10
7	135482754	135482857	ENSG00000222219	AC091736.1
4	38792298	38858438	ENSG00000174125	TLR1
17	22105715	22106030	ENSG00000264930	RP11-846F4.10
17	48133332	48167845	ENSG00000005884	ITGA3
7	135611203	135617629	ENSG00000224746	AC015987.1
HSCHR10_1_CTG5	45652223	45672373	ENSG00000261878	ANKRD30BP3
17	22176022	22191945	ENSG00000264262	RP11-285M22.3
X	129115083	129192058	ENSG00000085185	BCORL1
4	1050038	1107350	ENSG00000178222	RNF212
7	135645451	135645557	ENSG00000199700	RNU6-223P
10	2241581	2241682	ENSG00000212156	RNU6-576P
17	22192161	22192940	ENSG00000265114	RP11-285M22.1
HSCHR10_1_CTG5	45659676	45676875	ENSG00000262853	RP11-445N18.5
10	2347277	2357269	ENSG00000234556	LINC00701
17	22192652	22194158	ENSG00000264431	RP11-285M22.2
10	2488447	2489546	ENSG00000234170	RP11-446F3.2
12	56146247	56211540	ENSG00000205323	SARNP
15	39542885	39547046	ENSG00000175746	C15orf54
17	22203742	22205012	ENSG00000264970	RP11-846F4.11
9	35161999	35405335	ENSG00000198722	UNC13B
15	38431796	38519088	ENSG00000259380	RP11-346D14.1
12	53525134	53525769	ENSG00000258074	VTI1BP3
14	21538429	21558399	ENSG00000165801	ARHGEF40
12	53532329	53532435	ENSG00000238669	RNU6-333P
15	38750961	38751741	ENSG00000259192	AC109631.1
2	112523848	112642267	ENSG00000153107	ANAPC1
12	53535837	53536111	ENSG00000258016	HIGD1AP1
2	84743579	85046713	ENSG00000115423	DNAH6
10	27443753	27475853	ENSG00000120539	MASTL
12	53547056	53548268	ENSG00000257790	RP11-1136G11.6
17	25308720	25309116	ENSG00000263433	RP11-260A9.1
15	38795054	38797182	ENSG00000259326	RP11-102L12.2
12	53553370	53554784	ENSG00000257808	RP11-1136G11.8
15	38816271	38826856	ENSG00000259598	RP11-275I4.1
19	58331099	58370018	ENSG00000269343	ZNF587B
12	53692449	53694098	ENSG00000257605	RP11-680A11.5
17	25316215	25326967	ENSG00000264734	RP11-260A9.6
11	18142502	18160027	ENSG00000179826	MRGPRX3
17	25329687	25330285	ENSG00000264172	PDLIM1P3
17	25346553	25374960	ENSG00000266736	RP11-260A9.4
22	21358030	21360736	ENSG00000269103	AC002472.1
20	17949556	17971765	ENSG00000125871	MGME1
13	50202435	50208008	ENSG00000152213	ARL11
11	18161733	18211042	ENSG00000255470	RP11-113D6.6
4	186320694	186347139	ENSG00000109775	UFSP2
15	39873280	39891667	ENSG00000137801	THBS1
11	18194384	18195827	ENSG00000179817	MRGPRX4
9	134452157	134615461	ENSG00000107263	RAPGEF1
4	38825336	38858438	ENSG00000174130	TLR6
17	44994136	45000400	ENSG00000261886	RP11-63A1.1
17	27900487	27921072	ENSG00000108262	GIT1
11	61735453	61736755	ENSG00000269089	AP003733.1
17	44998490	44998615	ENSG00000210709	RNU6ATAC3P
17	45050383	45050466	ENSG00000264999	MIR5089
11	18230685	18236109	ENSG00000189332	RP11-113D6.10
17	45055847	45131935	ENSG00000263142	LRRC37A17P
5	146967990	147162338	ENSG00000176049	JAKMIP2
14	42728934	42737789	ENSG00000259149	RP11-313C4.1
14	42769954	42770065	ENSG00000222084	AL445074.1
8	42231586	42234750	ENSG00000104371	DKK4
14	42832186	43172858	ENSG00000258394	CTD-2307P3.1
13	50234859	50265611	ENSG00000123179	EBPL
17	73894724	73905899	ENSG00000204316	MRPL38
14	42881776	42998091	ENSG00000258850	RP11-214N1.1
14	43078071	43078780	ENSG00000258505	RP11-90P16.1
14	43126966	43127121	ENSG00000258622	RP11-90P16.2
19	58360099	58400442	ENSG00000204514	ZNF814
6	12717893	13288645	ENSG00000112137	PHACTR1
16	70488324	70514177	ENSG00000157353	FUK
11	18252896	18258440	ENSG00000148965	SAA4
14	43276581	43277315	ENSG00000258934	RP11-97N10.1
17	45061411	45177689	ENSG00000262879	RP11-156P1.3
20	18118517	18123813	ENSG00000232838	PET117
X	153813407	153815075	ENSG00000183678	CTAG1A
14	81641796	81687721	ENSG00000165417	GTF2A1
1	220267444	220321380	ENSG00000067704	IARS2
22	21364097	21383119	ENSG00000099957	P2RX6
18	158383	214629	ENSG00000101557	USP14
4	38869298	38947360	ENSG00000197712	FAM114A1
17	45119191	45119483	ENSG00000263650	RN7SL270P
17	45195868	45195957	ENSG00000221016	AC002558.1
5	118373467	118584833	ENSG00000172869	DMXL1
10	73576055	73611126	ENSG00000197746	PSAP
X	153845865	153847533	ENSG00000184033	CTAG1B
17	45236557	45237359	ENSG00000239291	RP5-867C24.1
3	53098299	53099107	ENSG00000242142	SERBP1P3
HSCHR6_MHC_MANN	30021879	30027881	ENSG00000235176	ZNRD1
3	53243969	53244062	ENSG00000252504	AC097015.1
17	45238441	45239430	ENSG00000262265	RP5-867C24.4
3	53317216	53317319	ENSG00000238565	snoU13
20	18118762	18169031	ENSG00000149474	CSRP2BP
11	18260770	18270190	ENSG00000134339	SAA2
17	45247192	45248415	ENSG00000261872	RP5-867C24.5
15	43891596	44010458	ENSG00000242866	STRC
17	45298008	45298091	ENSG00000252088	snoU13
17	45336724	45336786	ENSG00000238419	RNU7-186P
7	116312444	116438440	ENSG00000105976	MET
4	77356253	77704406	ENSG00000138771	SHROOM3
10	124214169	124216868	ENSG00000254636	ARMS2
3	51976361	51982883	ENSG00000041880	PARP3
X	153880246	153881853	ENSG00000126890	CTAG2
7	99798283	99869855	ENSG00000160844	GATS
17	45380832	45400979	ENSG00000263293	RP11-290H9.4
1	26363743	26372624	ENSG00000158014	SLC30A2
10	74884331	74885163	ENSG00000272599	RP11-152N13.16
11	61891445	61920635	ENSG00000149503	INCENP
7	99815864	99819113	ENSG00000213413	PVRIG
HSCHR10_1_CTG5	45684238	45684344	ENSG00000261956	U6
3	53317447	53381654	ENSG00000162290	DCP1A
10	104238986	104262482	ENSG00000138107	ACTR1A
HSCHR10_1_CTG5	45727474	45742809	ENSG00000262027	CUBNP2
13	50273447	50367057	ENSG00000102753	KPNA3
HSCHR10_1_CTG5	45753633	45754571	ENSG00000262072	OR6D1P
17	19398698	19482347	ENSG00000142494	SLC47A1
1	58881056	59012474	ENSG00000162600	OMA1
HSCHR6_MHC_DBB	30110050	30119038	ENSG00000227472	TRIM10
7	99905325	99919819	ENSG00000214300	SPDYE3
22	36536372	36562225	ENSG00000128284	APOL3
19	45971253	45978437	ENSG00000125740	FOSB
15	39892232	40075031	ENSG00000150667	FSIP1
HSCHR6_MHC_QBL	31357610	31374165	ENSG00000183214	MICA
6	55921388	56258892	ENSG00000124749	COL21A1
3	179512746	179754841	ENSG00000114757	PEX5L
8	22014426	22021992	ENSG00000168484	SFTPC
10	124221041	124274424	ENSG00000166033	HTRA1
1	26377795	26394927	ENSG00000158022	TRIM63
19	49468558	49470135	ENSG00000087086	FTL
16	2303117	2318413	ENSG00000205937	RNPS1
7	57830672	57830879	ENSG00000232161	RP11-548K12.7
7	57832290	57832905	ENSG00000230271	RP11-548K12.5
5	88013975	88199922	ENSG00000081189	MEF2C
12	53835525	53861312	ENSG00000257379	RP11-793H13.8
15	71123863	71146498	ENSG00000166173	LARP6
17	38175350	38217468	ENSG00000008838	MED24
19	10444452	10450499	ENSG00000076662	ICAM3
5	41142336	41261540	ENSG00000039537	C6
5	167956121	167957639	ENSG00000188573	FBLL1
9	134735494	134955295	ENSG00000160563	MED27
14	81727000	81902809	ENSG00000140022	STON2
15	40091233	40213093	ENSG00000166073	GPR176
X	153903529	153979858	ENSG00000160219	GAB3
2	108994367	109004513	ENSG00000198075	SULT1C4
HSCHR6_MHC_MANN	30029681	30033306	ENSG00000236560	PPP1R11
5	167975500	168006605	ENSG00000120137	PANK3
8	42249142	42263415	ENSG00000078668	VDAC3
7	5919458	5925993	ENSG00000122543	OCM
8	97251626	97273838	ENSG00000156469	MTERFD1
2	65537985	65659771	ENSG00000198369	SPRED2
HSCHR10_1_CTG5	45956081	45964632	ENSG00000262212	RP11-67C2.2
1	59041099	59043166	ENSG00000184292	TACSTD2
12	53893946	53894720	ENSG00000270175	RP11-793H13.11
1	26437664	26452034	ENSG00000175087	PDIK1L
12	53907768	53911392	ENSG00000257550	RP11-793H13.3
HSCHR6_MHC_DBB	29267069	29267608	ENSG00000258069	CR753509.1
20	54944445	54967393	ENSG00000087586	AURKA
HSCHR6_MHC_QBL	31456185	31469201	ENSG00000206449	MICB
HSCHR6_MHC_DBB	29297458	29298893	ENSG00000228197	DDX6P1
9	35361056	35361262	ENSG00000268482	AL160274.1
2	232786530	232791113	ENSG00000163273	NPPC
HSCHR6_MHC_DBB	29374189	29399677	ENSG00000230742	OR5V1
HSCHR6_MHC_MANN	30033239	30038860	ENSG00000237733	RNF39
19	58361225	58376480	ENSG00000198466	ZNF587
HSCHR6_MHC_DBB	29384982	29385944	ENSG00000249103	OR12D1
HSCHR6_MHC_DBB	29432307	29437517	ENSG00000233989	UBDP1
14	67761088	67826982	ENSG00000100554	ATP6V1D
11	18287721	18291524	ENSG00000173432	SAA1
1	26485511	26489119	ENSG00000197245	FAM110D
6	82262307	82262537	ENSG00000269494	AL359693.1
10	2495329	2495418	ENSG00000264261	AC024908.1
HSCHR6_MHC_DBB	29442736	29443782	ENSG00000229889	MAS1LP1
HSCHR6_MHC_SSTO	33357416	33379168	ENSG00000236014	VPS52
Y	9236030	9307357	ENSG00000228927	TSPY3
1	59120411	59165764	ENSG00000162601	MYSM1
3	15247659	15294425	ENSG00000131375	CAPN7
9	35490124	35561895	ENSG00000198853	RUSC2
19	45988547	46000319	ENSG00000125744	RTN2
19	58388133	58427959	ENSG00000269476	CTD-2583A14.9
18	34359987	34409158	ENSG00000134779	TPGS2
1	26496362	26498551	ENSG00000142684	ZNF593
6	42928496	42931618	ENSG00000124713	GNMT
18	214520	268050	ENSG00000079134	THOC1
3	170177372	170303863	ENSG00000013293	SLC7A14
9	135037334	135119921	ENSG00000196358	NTNG2
X	41374187	41782716	ENSG00000147044	CASK
13	50486842	50510626	ENSG00000123178	SPRYD7
11	67820326	67888911	ENSG00000110721	CHKA
19	58411664	58427978	ENSG00000173480	ZNF417
12	88214431	88214695	ENSG00000258179	RP11-248E9.7
12	88338662	88344596	ENSG00000240721	RPS4XP15
HSCHR6_MHC_MANN	30065837	30076039	ENSG00000225130	TRIM31
X	53458206	53461320	ENSG00000072506	HSD17B10
3	142442916	142526730	ENSG00000144935	TRPC1
12	88445478	88445555	ENSG00000252747	RNA5SP364
12	88451653	88452355	ENSG00000257752	RP11-474L23.3
17	79845713	79849462	ENSG00000183684	ALYREF
2	27359723	27362278	ENSG00000186143	C2orf53
8	144915764	144924200	ENSG00000185189	NRBP2
4	186347394	186370980	ENSG00000205129	C4orf47
12	88824219	88824327	ENSG00000199245	Y_RNA
3	156431673	156432717	ENSG00000174912	METTL15P1
HSCHR6_MHC_COX	29932391	29935687	ENSG00000236579	HCG9
12	88975416	88975573	ENSG00000252850	RNU1-117P
11	61957688	61961011	ENSG00000168515	SCGB1D1
14	43458404	43458686	ENSG00000259047	RP11-16O13.1
12	89404458	89413456	ENSG00000246363	RP11-13A1.1
3	156465135	156534851	ENSG00000240875	LINC00886
17	73894726	73926210	ENSG00000267426	RP11-552F3.12
HSCHR6_MHC_COX	29950499	29950895	ENSG00000234242	DDX39BP2
14	43744027	43744900	ENSG00000258406	RP11-88E18.1
7	79173227	79174169	ENSG00000226285	AC091813.2
HSCHR6_MHC_COX	29951727	29952604	ENSG00000235340	MCCD1P2
17	8924859	9147317	ENSG00000065320	NTN1
7	79283425	79283543	ENSG00000200786	RNA5SP234
4	77816082	77819002	ENSG00000186212	SOWAHB
12	54026572	54026935	ENSG00000213470	RP11-972K6.1
14	43769466	43769798	ENSG00000259051	HNRNPUP1
7	79541420	79541524	ENSG00000206818	RNU6-849P
18	61420169	61472604	ENSG00000166396	SERPINB7
GL000216.1	88883	88995	ENSG00000238471	U2
7	79725916	79726531	ENSG00000230853	AC004159.1
12	89421534	89422299	ENSG00000257629	RP11-13A1.2
14	44010086	44011029	ENSG00000258828	KRT8P2
12	54144231	54145619	ENSG00000260492	RP11-686F15.3
9	35561828	35563896	ENSG00000215187	FAM166B
7	79875242	79875538	ENSG00000244392	RN7SL869P
3	156527340	156528521	ENSG00000230457	PA2G4P4
17	48638429	48704835	ENSG00000006283	CACNA1G
11	61976140	61981408	ENSG00000124939	SCGB2A1
7	79875725	79941772	ENSG00000234223	AC003988.1
12	89441964	89703330	ENSG00000257156	RP11-13A1.3
19	33071974	33078358	ENSG00000105185	PDCD5
12	54148142	54155888	ENSG00000260030	RP11-686F15.2
12	115800817	115802550	ENSG00000257726	RP11-116D17.1
14	44061345	44061465	ENSG00000258387	RP11-557C9.3
12	89676000	89676062	ENSG00000238302	RNU7-120P
12	54185089	54185131	ENSG00000223213	SNORD81
HSCHR6_MHC_COX	29958301	30019319	ENSG00000229653	NCRNA00171
2	27371872	27376378	ENSG00000163792	TCF23
12	89713141	89713426	ENSG00000257820	MRPS6P4
14	44064339	44065886	ENSG00000258894	RP11-557C9.1
3	156695347	156695614	ENSG00000241879	KLF3P2
1	220321635	220445796	ENSG00000118873	RAB3GAP2
12	54209969	54210263	ENSG00000253053	RN7SKP289
22	36585172	36600886	ENSG00000100336	APOL4
12	54329112	54333427	ENSG00000249641	HOXC13-AS
3	156705906	156706501	ENSG00000239706	RP11-6F2.3
15	71145578	71342414	ENSG00000137821	LRRC49
5	32788945	32791819	ENSG00000181495	AC026703.1
19	10461209	10491352	ENSG00000105397	TYK2
12	89761584	89763078	ENSG00000271327	RP11-1109F11.3
10	2541913	2542762	ENSG00000237500	RP11-526P5.1
12	54350318	54352745	ENSG00000271090	AC012531.23
11	62009682	62012280	ENSG00000124935	SCGB1D2
10	2543975	2609431	ENSG00000235281	RP11-526P5.2
5	168088745	168728133	ENSG00000184347	SLIT3
12	56151059	56221330	ENSG00000257390	RP11-762I7.5
10	2978213	2978633	ENSG00000231743	RP11-89K18.1
7	79947569	79947857	ENSG00000240347	RN7SL35P
10	3052723	3055303	ENSG00000234182	RP11-118K6.2
HSCHR6_MHC_QBL	31474803	31475278	ENSG00000268728	BX001040.1
13	50570024	50594617	ENSG00000204977	TRIM13
7	79959508	80014295	ENSG00000232667	AC004862.6
12	54356092	54368740	ENSG00000228630	HOTAIR
10	3107616	3108193	ENSG00000273001	RP11-118K6.3
17	45486688	45500892	ENSG00000253347	CTD-2026D20.2
7	80006870	80007151	ENSG00000223550	SNRPBP1
1	59246465	59249785	ENSG00000177606	JUN
X	86772752	86925050	ENSG00000102271	KLHL4
14	44464984	44853748	ENSG00000258969	RP11-305B6.3
17	9153788	9479908	ENSG00000170310	STX8
10	3183824	3210164	ENSG00000237399	PITRM1-AS1
14	44546737	44547087	ENSG00000259019	RP11-305B6.2
19	49471382	49496567	ENSG00000104812	GYS1
17	45527934	45569858	ENSG00000228782	MRPL45P2
14	44589413	44589964	ENSG00000259137	RP11-305B6.1
14	44760200	44760921	ENSG00000259148	RP11-322L17.1
17	4736683	4801356	ENSG00000141503	MINK1
10	3266008	3269599	ENSG00000236968	RP11-298E9.5
14	44861734	44862919	ENSG00000259126	RP11-99L13.2
10	3282563	3299402	ENSG00000226762	RP11-298E9.6
10	3308195	3309207	ENSG00000227338	RP11-195B3.1
12	116395711	116715143	ENSG00000123066	MED13L
4	77870856	77961537	ENSG00000138758	SEPT11
10	3529086	3545030	ENSG00000233321	RP11-482E14.1
1	151375200	151431941	ENSG00000143442	POGZ
19	58433252	58446761	ENSG00000196724	ZNF418
17	40852293	40897071	ENSG00000108799	EZH1
12	56211703	56215663	ENSG00000123353	ORMDL2
16	2303738	2312343	ENSG00000167970	AC009065.1
1	26503894	26516377	ENSG00000142675	CNKSR1
9	35605367	35610038	ENSG00000107140	TESK1
3	142534764	142608045	ENSG00000163710	PCOLCE2
17	25384425	25385247	ENSG00000264837	VN1R71P
4	186366336	186392913	ENSG00000168491	CCDC110
17	54965270	54991399	ENSG00000121060	TRIM25
2	159313476	159539391	ENSG00000144283	PKP4
2	179316163	179326117	ENSG00000204311	DFNB59
12	9868456	9885895	ENSG00000184293	CLECL1
2	97541620	97684175	ENSG00000168754	FAM178B
17	25409716	25411062	ENSG00000265646	TUFMP1
6	82879700	82957471	ENSG00000005700	IBTK
HSCHR6_MHC_MANN	30149053	30161680	ENSG00000237046	TRIM40
7	135710509	135769416	ENSG00000230649	AC024084.1
13	50589390	50595058	ENSG00000198553	KCNRG
14	44913950	44949821	ENSG00000258487	RP11-99L13.1
18	61538926	61571124	ENSG00000197632	SERPINB2
7	135777673	136122174	ENSG00000232053	AC009784.3
14	44976610	45007716	ENSG00000258747	RP11-163M18.1
12	9905082	9913497	ENSG00000110848	CD69
2	109065017	109125871	ENSG00000135968	GCC2
17	73905655	73937221	ENSG00000188878	FBF1
14	45036116	45036209	ENSG00000238501	snoU13
11	62037627	62040628	ENSG00000110484	SCGB2A2
14	45232360	45252032	ENSG00000258998	RP11-398E10.1
12	51157493	51214905	ENSG00000123268	ATF1
11	67922330	67981295	ENSG00000110066	SUV420H1
14	45329519	45335450	ENSG00000259000	CTD-2373J19.1
6	33762450	33771788	ENSG00000096395	MLN
17	45634779	45634880	ENSG00000206734	Y_RNA
2	27422455	27435826	ENSG00000138074	SLC5A6
14	45346077	45366280	ENSG00000258633	RP11-857B24.1
17	45681226	45726786	ENSG00000263766	RP11-580I16.2
1	59762310	60233347	ENSG00000172456	FGGY
2	28615315	28640179	ENSG00000075426	FOSL2
17	45759783	45760049	ENSG00000264558	RP11-138C9.1
17	45940708	45942556	ENSG00000264243	RP11-6N17.1
19	33087913	33167503	ENSG00000105186	ANKRD27
17	45956838	45959764	ENSG00000266821	RP11-6N17.2
11	62063754	62066536	ENSG00000197745	SCGB1D4
12	111890018	112037480	ENSG00000204842	ATXN2
11	7686331	7698453	ENSG00000166394	CYB5R2
9	135136743	135230372	ENSG00000107290	SETX
2	191745553	191830278	ENSG00000115419	GLS
17	45968621	45973178	ENSG00000264920	RP11-6N17.4
HSCHR6_MHC_MANN	30164890	30173878	ENSG00000235025	TRIM10
16	2325882	2390747	ENSG00000167972	ABCA3
12	56214744	56224608	ENSG00000135392	DNAJC14
5	33440802	33469644	ENSG00000113407	TARS
17	45974696	46018776	ENSG00000234494	AC003665.1
22	36622256	36636000	ENSG00000128335	APOL2
17	25564885	25568687	ENSG00000265246	RP11-663N22.1
22	21383007	21387129	ENSG00000099960	SLC7A4
13	50656307	51297372	ENSG00000176124	DLEU1
3	51989330	51991509	ENSG00000180929	GPR62
17	25601133	25601503	ENSG00000239223	RPL34P31
7	5938356	5965605	ENSG00000122674	CCZ1
10	51748078	51770259	ENSG00000204149	AGAP6
15	40226347	40327797	ENSG00000128829	EIF2AK4
4	38968365	39034542	ENSG00000121895	TMEM156
15	38834444	38834544	ENSG00000201509	Y_RNA
17	25607508	25607938	ENSG00000213664	RPS16P8
11	62104920	62160882	ENSG00000162174	ASRGL1
7	135814728	135814829	ENSG00000206705	Y_RNA
15	38964048	38981392	ENSG00000259747	RP11-275I4.2
7	135929194	135929282	ENSG00000220982	AC009784.1
7	135947306	135947765	ENSG00000236503	AC009784.4
HSCHR6_MHC_QBL	31486778	31488293	ENSG00000206447	MCCD1
15	39048755	39051614	ENSG00000259731	RP11-326N17.1
17	25608120	25608441	ENSG00000265453	RP11-173M1.3
12	81101277	81103253	ENSG00000111046	MYF6
2	179328391	179343327	ENSG00000079150	FKBP7
17	25620936	25621022	ENSG00000263583	MIR4522
17	25641669	25642952	ENSG00000264469	RP11-173M1.8
X	129198849	129244691	ENSG00000102034	ELF4
15	39157523	39719396	ENSG00000259345	RP11-624L4.1
21	45192393	45196326	ENSG00000160213	CSTB
22	21400249	21418457	ENSG00000187905	AC002472.13
7	150929575	150935908	ENSG00000033100	CHPF2
17	9479944	9546776	ENSG00000166596	WDR16
15	39311434	39317119	ENSG00000259278	RP11-62C7.2
16	30789778	30798523	ENSG00000102870	ZNF629
7	136170404	136173065	ENSG00000226066	AC009541.1
14	45356637	45356944	ENSG00000258509	RP11-857B24.3
15	39459940	39472231	ENSG00000259423	RP11-265N7.2
9	35609530	35646807	ENSG00000137101	CD72
6	391739	411447	ENSG00000137265	IRF4
14	45357759	45358244	ENSG00000259046	RP11-857B24.2
X	153991031	154005964	ENSG00000130826	DKC1
14	45368111	45381066	ENSG00000258949	RP11-857B24.5
7	136370306	136866854	ENSG00000234352	hsa-mir-490
15	39480639	39486510	ENSG00000259450	RP11-265N7.1
14	45552248	45553180	ENSG00000249163	CTD-3028N15.1
15	39592619	39602983	ENSG00000259447	RP11-462P6.1
14	45557446	45557511	ENSG00000212615	SNORD58
14	45580086	45580171	ENSG00000239043	SNORD127
14	45743562	45743680	ENSG00000199739	RNU6-552P
15	39764904	39773407	ENSG00000259269	RP11-624L4.2
14	45759239	45759589	ENSG00000258608	DNAJC19P9
14	45838418	45840042	ENSG00000260046	RP11-454K7.3
18	61564408	61603345	ENSG00000242550	SERPINB10
12	81110691	81113452	ENSG00000111049	MYF5
14	45846471	45858489	ENSG00000257900	RP11-454K7.1
15	39804607	39812055	ENSG00000259390	RP11-27M9.1
12	122652285	122688018	ENSG00000158113	LRRC43
14	45971945	45972343	ENSG00000258746	RP11-454K7.2
14	46037198	46038272	ENSG00000258845	RP11-945F5.1
16	30844947	30906281	ENSG00000099385	BCL7C
15	39885781	39886432	ENSG00000259279	CTD-2033D15.1
15	40062760	40093534	ENSG00000259580	RP11-37C7.1
14	46175453	46185155	ENSG00000258616	RP11-369C8.1
HSCHR6_MHC_DBB	31530476	31532443	ENSG00000236925	LTB
22	21477050	21482352	ENSG00000239511	POM121L7
15	40074772	40077818	ENSG00000261136	RP11-37C7.3
21	45209394	45225174	ENSG00000160214	RRP1
15	40105424	40107630	ENSG00000259432	RP11-37C7.2
HSCHR6_MHC_MANN	30176131	30185621	ENSG00000233599	TRIM15
15	40213243	40218081	ENSG00000246863	RP11-325N19.3
15	40214983	40215087	ENSG00000200305	Y_RNA
15	40242907	40243009	ENSG00000238564	snoU13
15	40243576	40243909	ENSG00000259389	H3F3AP1
15	40331512	40359491	ENSG00000248508	SRP14-AS1
22	21562262	21581926	ENSG00000133475	GGT2
17	46007048	46010472	ENSG00000266601	RP11-6N17.3
13	51285144	51418075	ENSG00000186047	DLEU7
12	54375293	54379303	ENSG00000251151	HOXC-AS3
19	58452201	58459043	ENSG00000152454	ZNF256
17	46022790	46051804	ENSG00000263798	RP11-6N17.9
15	40367405	40370905	ENSG00000259584	RP11-521C20.2
4	39046659	39128477	ENSG00000109790	KLHL5
15	40381033	40381587	ENSG00000259409	RP11-521C20.3
3	156735131	156735485	ENSG00000222499	RN7SKP177
17	46024168	46025641	ENSG00000264019	RP11-6N17.6
3	156799456	156840793	ENSG00000243629	LINC00880
15	40425969	40427415	ENSG00000259239	RP11-521C20.1
6	33989628	34123399	ENSG00000124493	GRM4
17	46057764	46073562	ENSG00000264701	RP11-6N17.10
3	156799630	156806336	ENSG00000241544	RP11-6F2.5
12	56229217	56236750	ENSG00000123342	MMP19
17	46114527	46114613	ENSG00000207947	MIR152
Y	9236076	9307357	ENSG00000258992	TSPY1
5	41307056	41510730	ENSG00000182836	PLCXD3
8	97273943	97349223	ENSG00000156471	PTDSS1
19	58469805	58485902	ENSG00000177025	C19orf18
15	40524283	40528308	ENSG00000260648	RP11-133K1.7
19	45992035	46005768	ENSG00000213889	PPM1N
17	46122503	46125435	ENSG00000263412	RP5-890E16.2
3	156807670	156818924	ENSG00000241135	LINC00881
15	40592871	40594021	ENSG00000259307	PLCB2-AS1
16	30907928	30914881	ENSG00000150281	CTF1
15	40604553	40605490	ENSG00000244705	RP11-133K1.1
17	46137745	46138031	ENSG00000266341	RP5-890E16.4
15	40604816	40608835	ENSG00000259198	RP11-133K1.6
17	46166040	46166146	ENSG00000206954	RNU6-1201P
7	150935850	150974982	ENSG00000082014	SMARCD3
17	46233789	46233873	ENSG00000221739	MIR1203
15	40617417	40618916	ENSG00000259330	LINC00984
17	46263300	46281891	ENSG00000263787	RP11-456D7.1
15	40623738	40623849	ENSG00000252714	RNA5SP392
15	40661126	40661841	ENSG00000259368	RP11-64K12.4
3	156871337	156871429	ENSG00000201778	Y_RNA
15	40664026	40664677	ENSG00000259714	LINC00594
3	156880452	156881721	ENSG00000244515	KRT18P34
15	40666599	40668192	ENSG00000261374	RP11-64K12.10
17	46274042	46274148	ENSG00000207306	RNU6-1152P
3	51991470	52002426	ENSG00000090097	PCBP4
3	156881241	156886922	ENSG00000241770	RP11-555M1.3
13	51483814	51544592	ENSG00000136104	RNASEH2B
HSCHR6_MHC_COX	29963408	29964411	ENSG00000224006	HCG4P3
15	40745643	40746838	ENSG00000259364	RP11-64K12.9
17	46371709	46386124	ENSG00000235300	AC090627.1
3	156891707	156891829	ENSG00000222675	RNA5SP146
22	36649056	36663576	ENSG00000100342	APOL1
12	92813870	92821924	ENSG00000205057	CLLU1OS
15	40756392	40758925	ENSG00000259211	RP11-64K12.8
3	156893012	157099054	ENSG00000243176	RP11-550I24.2
15	40772951	40773514	ENSG00000244251	RP11-64K12.1
11	68028803	68039469	ENSG00000171067	C11orf24
17	46454624	46457732	ENSG00000266222	RP11-433M22.1
17	46459734	46459948	ENSG00000200538	U3
5	271736	353971	ENSG00000249915	PDCD6
15	40780240	40850183	ENSG00000259536	RP11-111A22.1
12	92815307	92824778	ENSG00000257127	CLLU1
20	18269121	18297640	ENSG00000125846	ZNF133
17	46537732	46543402	ENSG00000264451	RP11-433M22.2
17	79848666	79858867	ENSG00000141552	ANAPC11
3	156948109	156948997	ENSG00000270981	RP11-550I24.3
17	46556459	46556560	ENSG00000206805	Y_RNA
9	35649292	35650937	ENSG00000137078	SIT1
15	40821769	40821872	ENSG00000223313	RNU6-516P
3	157648281	157648514	ENSG00000251751	RN7SKP46
22	21737663	21743446	ENSG00000196934	RIMBP3B
15	40899410	40899510	ENSG00000238559	snoU13
3	157694350	157695925	ENSG00000239716	RP11-290K4.1
15	40907865	40908126	ENSG00000265814	RN7SL376P
19	58488421	58514717	ENSG00000166704	ZNF606
17	46620913	46628610	ENSG00000230148	HOXB-AS1
15	40935131	40939055	ENSG00000259254	CTD-2339L15.3
3	157734005	157806786	ENSG00000242536	RP11-290K4.2
15	43920701	43960316	ENSG00000166762	CATSPER2
15	40978922	40987305	ENSG00000245849	RAD51-AS1
3	157993598	157994210	ENSG00000241723	RP11-113A11.1
3	158214350	158214723	ENSG00000243314	RP11-538P18.1
12	93096619	93102325	ENSG00000214215	C12orf74
14	21558205	21572881	ENSG00000165804	ZNF219
3	158263009	158288855	ENSG00000243150	RP11-538P18.2
7	44256749	44374176	ENSG00000058404	CAMK2B
22	21771693	21805752	ENSG00000169635	HIC2
10	3574286	3579223	ENSG00000236892	RP11-482E14.2
19	10501810	10530797	ENSG00000105401	CDC37
5	41730167	41870621	ENSG00000083720	OXCT1
3	158327399	158328646	ENSG00000243025	MTAPP1
10	3793259	3805418	ENSG00000229672	RP11-184A2.3
3	158344445	158344638	ENSG00000243165	RP11-79M21.3
3	158410909	158411557	ENSG00000272087	RP11-379F4.7
1	60280458	60342050	ENSG00000134709	HOOK1
11	18300223	18343745	ENSG00000110756	HPS5
1	220603286	220608023	ENSG00000224867	AC096644.1
2	179345195	179381189	ENSG00000116095	PLEKHA3
3	158413156	158413370	ENSG00000272440	RP11-379F4.6
14	46285346	46285432	ENSG00000264420	AL158111.1
4	114821440	114900883	ENSG00000180801	ARSJ
10	3810107	3810943	ENSG00000228353	RP11-184A2.2
HSCHR6_MHC_MANN	30197334	30226303	ENSG00000231002	TRIM26
14	46410146	46971026	ENSG00000258700	LINC00871
HSCHR6_MHC_DBB	31536047	31538834	ENSG00000223465	LST1
3	170582664	170588272	ENSG00000163584	RPL22L1
3	158450052	158501859	ENSG00000240207	RP11-379F4.4
8	22022249	22069839	ENSG00000168487	BMP1
12	51236703	51281667	ENSG00000186452	TMPRSS12
HSCHR6_MHC_SSTO	33379131	33382651	ENSG00000227794	RPS18
12	93115281	93166231	ENSG00000187510	PLEKHG7
14	47429626	47429749	ENSG00000251735	SNORA25
14	47465657	47466377	ENSG00000258392	RPA2P1
14	47669778	47670307	ENSG00000244053	RPL13AP2
11	68080077	68216743	ENSG00000162337	LRP5
11	7710669	7727968	ENSG00000183378	OVCH2
14	47913309	47913697	ENSG00000214903	RPS15AP3
HSCHR6_MHC_QBL	31488280	31504633	ENSG00000215425	DDX39B
14	48230198	48230307	ENSG00000263945	MIR548Y
2	232825955	233209060	ENSG00000144535	DIS3L2
2	28680012	28866654	ENSG00000163803	PLB1
10	51827648	51893269	ENSG00000099290	FAM21A
16	2479395	2508855	ENSG00000162063	CCNF
6	42931608	42946958	ENSG00000124587	PEX6
14	48234157	48264295	ENSG00000259129	LINC00648
11	116660083	116663136	ENSG00000110243	APOA5
6	18120718	18122851	ENSG00000187566	NHLRC1
4	115519611	115599380	ENSG00000174607	UGT8
12	89765597	89766136	ENSG00000271259	RP11-1109F11.5
9	135251008	135282209	ENSG00000125482	TTF1
22	21899646	21905750	ENSG00000183246	RIMBP3C
9	35658301	35661508	ENSG00000159884	CCDC107
6	18128542	18155305	ENSG00000137364	TPMT
22	21903736	21978323	ENSG00000185651	UBE2L3
3	53322889	53323142	ENSG00000263406	RN7SL821P
13	51796503	51858377	ENSG00000150510	FAM124A
3	53324658	53324769	ENSG00000206902	Y_RNA
11	62172575	62190667	ENSG00000149021	SCGB1A1
16	70514471	70557468	ENSG00000103051	COG4
11	116691419	116694022	ENSG00000110244	APOA4
3	53367087	53367155	ENSG00000207109	SNORD38
7	80291647	80291901	ENSG00000229436	AC073850.6
3	53421740	53421863	ENSG00000212608	SNORA26
8	42273993	42397069	ENSG00000168575	SLC20A2
7	80820714	80821325	ENSG00000226671	AC005008.3
3	53508727	53509116	ENSG00000227224	RP11-72H11.1
7	80964422	80964499	ENSG00000223514	AC004866.1
HSCHR6_MHC_COX	31925139	31927621	ENSG00000225682	DXO
3	53564349	53564428	ENSG00000251987	SNORD63
17	46626992	46683776	ENSG00000233101	HOXB-AS3
7	81061047	81062112	ENSG00000224134	AC004866.3
3	53631903	53631994	ENSG00000264327	AC024149.1
7	81092352	81092929	ENSG00000232968	AC008163.6
7	81157719	81191099	ENSG00000234113	AC008163.4
2	97749320	97760619	ENSG00000144199	FAHD2B
7	116451124	116562103	ENSG00000198898	CAPZA2
X	41548226	41556526	ENSG00000171659	GPR34
1	220701568	220837803	ENSG00000116141	MARK1
7	81205702	81255532	ENSG00000233491	AC010091.1
18	319361	500722	ENSG00000158270	COLEC12
18	34409069	34812135	ENSG00000150477	KIAA1328
4	115748919	116035032	ENSG00000138653	NDST4
19	46009837	46030241	ENSG00000125753	VASP
9	135285430	135448704	ENSG00000188523	C9orf171
7	81240200	81240642	ENSG00000230196	AC010091.4
7	81549519	81549586	ENSG00000263416	AC006145.1
12	93164413	93323107	ENSG00000102189	EEA1
7	81638493	81659271	ENSG00000223770	MIR1255B1
11	116700422	116703788	ENSG00000110245	APOC3
HSCHR6_MHC_SSTO	33498671	33517062	ENSG00000233450	KIFC1
13	51909909	51938871	ENSG00000253309	SERPINE3
7	99933737	99965356	ENSG00000121716	PILRB
3	170606204	170626482	ENSG00000163577	EIF5A2
11	62201016	62323707	ENSG00000124942	AHNAK
1	1656277	1677431	ENSG00000215790	SLC35E2
17	25660282	25675517	ENSG00000266313	RP11-173M1.4
17	25678884	25679610	ENSG00000265683	RP11-173M1.5
17	19551449	19580911	ENSG00000072210	ALDH3A2
17	25738464	25739832	ENSG00000266356	RP11-578C11.2
9	135457572	135465653	ENSG00000125492	BARHL1
3	142668006	142682178	ENSG00000188582	PAQR9
X	41583408	41589388	ENSG00000171657	GPR82
20	18364011	18447925	ENSG00000089091	DZANK1
10	3876142	3876920	ENSG00000230573	RP11-464C19.2
17	25744716	25758649	ENSG00000266433	TBC1D3P5
10	3976711	3978005	ENSG00000226005	RP11-464C19.3
7	5965181	6010314	ENSG00000155026	RSPH10B
10	4067132	4070586	ENSG00000227101	RP11-433J20.2
9	35658872	35675863	ENSG00000137135	ARHGEF39
10	4093918	4131205	ENSG00000236990	RP11-433J20.1
2	66660584	66801001	ENSG00000143995	MEIS1
HSCHR6_MHC_DBB	29456982	29457387	ENSG00000223769	RPS17P1
10	4243333	4286104	ENSG00000233117	LINC00702
11	116706467	116708666	ENSG00000118137	APOA1
18	61602042	61609601	ENSG00000268706	AC009802.1
HSCHR6_MHC_DBB	29465220	29478267	ENSG00000232356	XXbac-BPG13B8.10
X	88002226	88009786	ENSG00000147183	CPXCR1
7	81919393	81919478	ENSG00000221262	AC005159.1
7	82219164	82220007	ENSG00000213530	MTHFD2P5
18	61616535	61649008	ENSG00000221887	HMSD
7	82286351	82286727	ENSG00000228711	AC004006.2
HSCHR6_MHC_DBB	29497135	29501283	ENSG00000224446	LINC01015
7	82647214	82647327	ENSG00000202281	RNA5SP235
11	7817452	7818520	ENSG00000183303	OR5P2
10	4426438	4452804	ENSG00000224382	LINC00703
7	82984470	82991582	ENSG00000235503	AC079799.2
12	89893870	89896447	ENSG00000226982	CENPCP1
3	158481220	158481542	ENSG00000243675	RP11-379F4.1
5	70883115	70954531	ENSG00000131844	MCCC2
3	158500336	158500913	ENSG00000271778	RP11-379F4.8
HSCHR6_MHC_DBB	31538820	31542910	ENSG00000237103	NCR3
7	83054196	83054318	ENSG00000230617	AC079987.2
12	89919431	89934079	ENSG00000270344	RP11-734K2.4
X	43515467	43606068	ENSG00000189221	MAOA
10	4457497	4468371	ENSG00000230096	RP11-34C15.2
11	7846584	7847519	ENSG00000182334	OR5P3
3	158519046	158519724	ENSG00000272247	RP11-379F4.9
1	60358980	60392462	ENSG00000134716	CYP2J2
HSCHR6_MHC_DBB	29505419	29506502	ENSG00000225274	GPR53P
7	83292735	83293941	ENSG00000230244	RAD23BP2
10	4557144	4557249	ENSG00000207124	RNU6-163P
HSCHR6_MHC_MANN	30338927	30359267	ENSG00000226437	TRIM39
HSCHR6_MHC_DBB	29520950	29521897	ENSG00000237725	OR2I1P
3	158558788	158559873	ENSG00000232374	GPR79
7	83548918	83549019	ENSG00000222994	AC006322.1
6	36095586	36107842	ENSG00000156711	MAPK13
12	89954906	89987798	ENSG00000258302	RP11-981P6.1
7	84157438	84158146	ENSG00000227982	RPL7P30
11	7949180	7950209	ENSG00000175393	OR10A6
3	159000435	159000523	ENSG00000263634	MIR3919
10	4692377	4720346	ENSG00000231298	LINC00704
HSCHR6_MHC_DBB	29541646	29542573	ENSG00000225955	OR2H5P
12	89986604	89986704	ENSG00000266347	AC068641.1
X	89176881	89177882	ENSG00000153779	TGIF2LX
7	84161792	84213638	ENSG00000235139	AC003984.1
3	159104545	159105229	ENSG00000244249	RP11-441M10.1
12	90102736	90106367	ENSG00000271614	LINC00936
3	159439313	159440190	ENSG00000243116	RP11-564C24.1
HSCHR6_MHC_DBB	29545196	29545485	ENSG00000232189	TMEM183AP1
11	7960081	7961141	ENSG00000170683	OR10A3
3	159483176	159486401	ENSG00000241211	IQCJ-SCHIP1-AS1
HSCHR6_MHC_DBB	29549986	29550069	ENSG00000265926	SNORD33
7	84295240	84295324	ENSG00000265050	AC092022.1
HSCHR6_MHC_DBB	29550245	29550762	ENSG00000227961	RPL13AP
7	84477193	84477569	ENSG00000235243	AC093716.1
10	4697619	4704611	ENSG00000225269	LINC00705
12	90120713	90120819	ENSG00000252207	RNA5SP365
12	90146690	90147608	ENSG00000257480	MRPL2P1
7	84505870	84506272	ENSG00000232605	HMGN2P11
12	90147836	90147929	ENSG00000252823	RNU6-148P
11	7980971	7986973	ENSG00000182261	NLRP10
HSCHR6_MHC_DBB	29603795	29604078	ENSG00000229210	SUMO2P1
21	45285067	45406417	ENSG00000160216	AGPAT3
22	21982378	21984353	ENSG00000161179	YDJC
19	58513429	58522600	ENSG00000176593	CTD-2368P22.1
12	90276442	90383066	ENSG00000258216	RP11-654D12.2
22	36677327	36784063	ENSG00000100345	MYH9
10	120863598	120897496	ENSG00000119979	FAM45A
HSCHR6_MHC_DBB	29675843	29676265	ENSG00000238053	ZDHHC20P1
15	40327940	40331389	ENSG00000140319	SRP14
HSCHR6_MHC_DBB	29688243	29689233	ENSG00000233617	HCG4P11
18	61637159	61672278	ENSG00000166401	SERPINB8
10	4914093	4934167	ENSG00000151631	AKR1C6P
HSCHR6_MHC_DBB	29691865	29714307	ENSG00000230017	DAQB-335A13.8
1	220863187	220872499	ENSG00000162817	C1orf115
6	485133	693117	ENSG00000112685	EXOC2
16	30934376	30960104	ENSG00000099364	FBXL19
3	170714137	170744539	ENSG00000163581	SLC2A2
19	58545400	58565999	ENSG00000152467	ZSCAN1
11	7991798	8023409	ENSG00000175390	EIF3F
12	9980077	9997606	ENSG00000150045	KLRF1
10	86088342	86278273	ENSG00000107771	CCSER2
1	220921567	220958150	ENSG00000117791	MARC2
HSCHR6_MHC_COX	29963870	29967243	ENSG00000228220	HLA-J
9	135468384	135545788	ENSG00000125485	DDX31
16	2510081	2514964	ENSG00000162062	C16orf59
X	154006959	154049282	ENSG00000130830	MPP1
9	35673853	35681156	ENSG00000107159	CA9
22	21987005	21991616	ENSG00000161180	CCDC116
2	219502639	219524378	ENSG00000115568	ZNF142
6	110012499	110146631	ENSG00000112367	FIG4
15	40380091	40401093	ENSG00000104081	BMF
HSCHR6_MHC_COX	29989350	29990640	ENSG00000232141	ETF1P1
HSCHR6_MHC_COX	30046493	30046625	ENSG00000265762	AL671859.2
17	73937588	73975515	ENSG00000161533	ACOX1
HSCHR6_MHC_COX	30062935	30072425	ENSG00000238027	TRIM31-AS1
2	206858445	206951027	ENSG00000114933	INO80D
HSCHR6_MHC_COX	30090513	30090672	ENSG00000265495	SNORA48
19	58570607	58597677	ENSG00000176293	ZNF135
X	129263337	129299861	ENSG00000156709	AIFM1
HSCHR6_MHC_COX	30138280	30138496	ENSG00000258209	AL845450.3
13	51928213	52028400	ENSG00000102786	INTS6
HSCHR6_MHC_COX	30141447	30141664	ENSG00000257216	AL845450.1
1	151482986	151511168	ENSG00000143375	CGN
17	55015548	55038415	ENSG00000121058	COIL
19	49496705	49519252	ENSG00000183207	RUVBL2
1	220960101	220987735	ENSG00000186205	MARC1
12	93771659	93797024	ENSG00000173598	NUDT4
7	136398618	136399935	ENSG00000231244	PSMC1P3
12	51317255	51326300	ENSG00000185432	METTL7A
3	142683339	142779567	ENSG00000163714	U2SURP
7	84568665	84569561	ENSG00000232019	AC074183.4
4	39184024	39287430	ENSG00000157796	WDR19
14	48271129	48271404	ENSG00000259117	RP11-476J6.1
19	33166313	33169206	ENSG00000186326	RGS9BP
19	46030685	46105470	ENSG00000125741	OPA3
16	30960387	30967782	ENSG00000175938	ORAI3
7	84612863	84613825	ENSG00000229251	HNRNPA1P8
14	48514684	48515419	ENSG00000258639	RP11-10A2.1
12	102271129	102405908	ENSG00000136048	DRAM1
HSCHR6_MHC_COX	30144480	30146300	ENSG00000228199	PAIP1P1
19	33182867	33204702	ENSG00000213965	NUDT19
14	48788271	48788597	ENSG00000270359	RP11-2G1.3
7	84657144	84659008	ENSG00000224059	HSPA8P16
HSCHR6_MHC_COX	30145680	30145891	ENSG00000257843	AL845450.2
14	48810429	48810535	ENSG00000207366	RNU6-297P
14	48865711	48960970	ENSG00000258751	RP11-2G1.1
HSCHR6_MHC_DBB	29691933	29692403	ENSG00000240845	RPL23AP1
HSCHR6_MHC_COX	30191707	30283713	ENSG00000241701	HCG17
7	85010434	85010691	ENSG00000230614	AC073958.2
1	60452941	60539442	ENSG00000162598	C1orf87
12	81186299	81331704	ENSG00000111052	LIN7A
HSCHR6_MHC_DBB	29706991	29714227	ENSG00000248230	MICE
7	85050438	85118609	ENSG00000225128	LINC00972
12	90313214	90313553	ENSG00000258290	RP11-654D12.1
12	90341470	90343503	ENSG00000257725	RP11-654D12.3
HSCHR6_MHC_MANN	30357586	30359341	ENSG00000239865	RPP21
10	104263744	104393292	ENSG00000107882	SUFU
7	85265329	85265660	ENSG00000227785	AC092013.1
12	90501516	90506556	ENSG00000257194	RP11-567C2.1
12	51347705	51364289	ENSG00000214511	HIGD1C
19	46093022	46105466	ENSG00000177464	GPR4
7	85846101	85847049	ENSG00000236610	SOCS5P1
12	56295197	56326402	ENSG00000170473	WIBG
12	122656577	122658746	ENSG00000204671	IL31
HSCHR6_MHC_DBB	29713547	29713771	ENSG00000235458	HCG9P5
18	63417488	63548638	ENSG00000081138	CDH7
HSCHR6_MHC_SSTO	33517537	33523618	ENSG00000225553	PHF1
12	90674671	90694117	ENSG00000258183	RP11-753N8.1
HSCHR6_MHC_DBB	29715628	29715729	ENSG00000264218	Y_RNA
7	86404397	86405338	ENSG00000231255	AC005009.1
3	53831791	53832046	ENSG00000271916	RP11-884K10.6
HSCHR6_MHC_DBB	29715984	29716404	ENSG00000228102	IFITM4P
5	118604387	118735383	ENSG00000145779	TNFAIP8
7	86413542	86415986	ENSG00000233073	AC005009.2
16	30968615	30996437	ENSG00000099381	SETD1A
HSCHR6_MHC_DBB	29756033	29762814	ENSG00000223606	HLA-V
7	86738855	86740598	ENSG00000261462	CTA-254O6.1
19	33210659	33320483	ENSG00000173809	TDRD12
12	122688090	122693499	ENSG00000176383	B3GNT4
7	86780739	86781736	ENSG00000224046	AC005076.5
X	43625858	43741693	ENSG00000069535	MAOB
3	15296360	15382875	ENSG00000131370	SH3BP5
18	580367	581524	ENSG00000177143	CETN1
1	221051699	221058401	ENSG00000136630	HLX
14	48867513	48868578	ENSG00000258750	RP11-2G1.2
11	8040791	8127659	ENSG00000166402	TUB
7	86847927	86848028	ENSG00000200397	Y_RNA
17	25792138	25792567	ENSG00000265801	RP11-720N19.2
3	119499331	119537332	ENSG00000144852	NR1I2
4	186392670	186393417	ENSG00000249679	RP11-279O9.4
7	86954541	86974831	ENSG00000182165	TP53TG1
5	137514408	137523404	ENSG00000112984	KIF20A
7	136525840	136525943	ENSG00000238488	snoU13
5	147204131	147211349	ENSG00000164266	SPINK1
7	136587914	136588041	ENSG00000207597	MIR490
7	136623027	136623300	ENSG00000223657	KRT8P51
HSCHR6_MHC_COX	30195956	30199945	ENSG00000223840	TRIM26BP
7	136848790	136849359	ENSG00000224469	AC009517.2
9	35681989	35691017	ENSG00000198467	TPM2
15	71173681	71185124	ENSG00000129028	THAP10
11	62327073	62342401	ENSG00000254772	EEF1G
7	139723544	139763521	ENSG00000059378	PARP12
18	596988	650334	ENSG00000079101	CLUL1
17	37313147	37323737	ENSG00000141748	ARL5C
1	221874766	221915518	ENSG00000143507	DUSP10
2	233243244	233247599	ENSG00000163283	ALPP
10	27484146	27531059	ENSG00000107897	ACBD5
4	186422851	186456766	ENSG00000154553	PDLIM3
15	43985084	43991420	ENSG00000223572	CKMT1A
7	81575760	82073114	ENSG00000153956	CACNA2D1
2	174219548	174233725	ENSG00000144354	CDCA7
2	46843555	46852881	ENSG00000119878	CRIPT
HSCHR6_MHC_MANN	30501925	30506663	ENSG00000236632	HLA-E
11	116714118	116969153	ENSG00000160584	SIK3
2	159651829	159719293	ENSG00000163331	DAPL1
7	136972434	136972509	ENSG00000202023	SNORD81
7	137003339	137011700	ENSG00000231114	AC078842.4
15	71389291	72075722	ENSG00000187720	THSD4
7	137029676	137039229	ENSG00000228031	AC078842.3
7	137406731	137407592	ENSG00000230383	AC009245.3
3	69788586	70017488	ENSG00000187098	MITF
7	137638094	137642712	ENSG00000237243	AC022173.2
17	55055466	55084129	ENSG00000121064	SCPEP1
11	18343842	18388591	ENSG00000110768	GTF2H1
7	137707204	137709085	ENSG00000234639	AC009263.2
7	137731400	137732643	ENSG00000231923	AC024082.3
7	137744802	137745039	ENSG00000231931	AC024082.4
X	43808022	43832750	ENSG00000124479	NDP
10	35415719	35501886	ENSG00000095794	CREM
16	2521500	2524146	ENSG00000162068	NTN3
7	137753288	137753375	ENSG00000221558	AC024082.1
7	137776000	137776061	ENSG00000222514	RN7SKP223
7	137805834	137805937	ENSG00000239145	snoU13
10	96443251	96495947	ENSG00000108242	CYP2C18
7	137806948	137809341	ENSG00000233951	RCC2P3
1	222695602	222721445	ENSG00000143512	HHIPL2
Y	25365594	25437503	ENSG00000205944	DAZ2
18	641320	658340	ENSG00000176912	C18orf56
4	117220016	117221520	ENSG00000270394	MTRNR2L13
16	70557691	70608820	ENSG00000189091	SF3B3
19	10527449	10580305	ENSG00000065989	PDE4A
4	118004718	118006736	ENSG00000174599	TRAM1L1
18	34823010	35146000	ENSG00000101489	CELF4
2	159825146	160089170	ENSG00000115183	TANC1
2	33661391	33789817	ENSG00000152689	RASGRP3
14	48959086	48959637	ENSG00000242417	RP11-286B5.1
1	61330931	61928465	ENSG00000162599	NFIA
14	48963136	48963267	ENSG00000251731	AL512359.1
14	49288563	49288796	ENSG00000258381	RP11-737F10.1
14	49410650	49410717	ENSG00000251824	SNORD112
9	135545422	135570342	ENSG00000125484	GTF3C4
14	49524431	49544223	ENSG00000258868	RP11-816J8.1
X	44007128	44202918	ENSG00000183690	EFHC2
14	49840684	49841101	ENSG00000258401	RP11-326E7.1
14	50019351	50019466	ENSG00000252424	RNA5SP384
14	50044110	50044512	ENSG00000244270	RPL32P29
22	21996550	21998587	ENSG00000128228	SDF2L1
14	50053297	50053596	ENSG00000258486	RN7SL1
14	50058954	50059055	ENSG00000252919	Y_RNA
2	219523487	219528166	ENSG00000074582	BCS1L
16	2525147	2555735	ENSG00000162065	TBC1D24
18	657604	673578	ENSG00000176890	TYMS
14	50066712	50067290	ENSG00000258568	RHOQP1
4	118954773	119179803	ENSG00000164100	NDST3
4	1160720	1202750	ENSG00000159674	SPON2
HSCHR6_MHC_DBB	31565139	31566976	ENSG00000234836	AIF1
5	169010638	169031782	ENSG00000040275	SPDL1
14	21567096	21571883	ENSG00000232070	TMEM253
9	135600965	135754164	ENSG00000165695	AK8
17	37329709	37353956	ENSG00000067191	CACNB1
6	42952237	42980080	ENSG00000112640	PPP2R5D
HSCHR6_MHC_MANN	30515667	30519569	ENSG00000258045	CR382280.5
17	25853412	25854249	ENSG00000263368	RP11-720N19.1
17	25939614	25940277	ENSG00000266853	ITM2BP1
20	18447771	18465287	ENSG00000132664	POLR3F
17	25952510	25953464	ENSG00000266872	RP11-19P22.8
18	64168320	64271375	ENSG00000071991	CDH19
10	96447911	96613017	ENSG00000165841	CYP2C19
5	304291	438406	ENSG00000063438	AHRR
17	25978360	25992738	ENSG00000264216	NOS2P1
14	21623026	21624222	ENSG00000169327	OR5AU1
16	2546033	2570219	ENSG00000260272	RP11-20I23.1
X	44382885	44402247	ENSG00000069509	FUNDC1
12	102406705	102455927	ENSG00000120860	CCDC53
19	46110252	46148887	ENSG00000125746	EML2
HSCHR6_MHC_MANN	30553829	30569626	ENSG00000232143	GNL1
22	36863083	36878077	ENSG00000100348	TXN2
16	2563871	2570219	ENSG00000185883	ATP6V0C
17	25988575	25990684	ENSG00000265788	RP11-19P22.5
17	79858621	79860781	ENSG00000183979	NPB
17	25993775	25999829	ENSG00000265041	RP11-19P22.7
8	144939497	144952632	ENSG00000227184	EPPK1
3	53893021	53895603	ENSG00000271976	RP11-884K10.7
3	53916213	53916296	ENSG00000222888	AC012467.1
8	42396298	42409603	ENSG00000176209	SMIM19
3	54081776	54082820	ENSG00000242983	CABYRP1
1	222731244	222763275	ENSG00000143498	TAF1A
22	22006559	22054304	ENSG00000100023	PPIL2
3	54660242	54660673	ENSG00000229806	RPS15P5
3	54666149	54673884	ENSG00000265992	ESRG
X	44703249	44704130	ENSG00000189037	DUSP21
5	71014990	71016875	ENSG00000164326	CARTPT
3	54908632	54935282	ENSG00000243715	CACNA2D3-AS1
17	26002920	26003023	ENSG00000266771	RP11-19P22.10
17	26004831	26005113	ENSG00000264240	RP11-19P22.6
3	55200938	55209760	ENSG00000239991	RP11-889D3.1
17	26009502	26009763	ENSG00000264689	RP11-19P22.2
10	124320181	124403252	ENSG00000187908	DMBT1
3	55212200	55223242	ENSG00000243572	RP11-889D3.2
17	26010972	26011170	ENSG00000263604	RP11-19P22.3
3	55330228	55334766	ENSG00000240708	RP11-64C1.1
13	52158644	52336171	ENSG00000139668	WDFY2
17	26029938	26030241	ENSG00000263472	RN7SL576P
3	55369490	55384943	ENSG00000242568	RP11-875H7.1
17	26034204	26034276	ENSG00000265833	RP1-66C13.1
9	135753414	135765588	ENSG00000165698	C9orf9
12	93799449	93836038	ENSG00000177889	UBE2N
3	55394471	55395857	ENSG00000242775	RP11-875H7.2
17	26035137	26035164	ENSG00000266416	RP1-66C13.2
18	65173819	65184217	ENSG00000171451	DSEL
3	55521727	55522336	ENSG00000244586	WNT5A-AS1
17	26073158	26081980	ENSG00000266786	RP1-66C13.3
3	55527858	55539289	ENSG00000242317	RP11-875H7.5
3	55644631	55647132	ENSG00000240777	RP11-58O15.1
19	49519237	49520338	ENSG00000104826	LHB
11	68228186	68382802	ENSG00000110075	PPP6R3
3	55886520	55886622	ENSG00000264013	MIR3938
17	26201671	26208263	ENSG00000266527	RP11-138P22.1
1	151512781	151556059	ENSG00000143367	TUFT1
16	2563966	2577956	ENSG00000259784	ATP6C
10	104404253	104418164	ENSG00000171206	TRIM8
17	26256574	26301249	ENSG00000260019	RP11-218F4.1
2	127941696	127977654	ENSG00000186684	CYP27C1
HSCHR6_MHC_COX	30217253	30250602	ENSG00000243492	HLA-L
1	62146718	62191095	ENSG00000162604	TM2D1
19	49526126	49527590	ENSG00000104827	CGB
17	26345796	26345933	ENSG00000251818	SCARNA20
12	569530	672675	ENSG00000139044	B4GALNT3
16	30996519	31000473	ENSG00000099377	HSD3B7
15	71402583	71407833	ENSG00000225362	CT62
X	90689594	90693583	ENSG00000174740	PABPC5
6	110299514	110301921	ENSG00000146360	GPR6
12	51373184	51422349	ENSG00000110911	SLC11A2
HSCHR6_MHC_DBB	29756212	29758246	ENSG00000235317	HCG4
22	36883237	36903148	ENSG00000100350	FOXRED2
12	91011536	91016599	ENSG00000257995	RP11-632B21.1
19	58595205	58629794	ENSG00000121413	ZSCAN18
10	73724123	73773322	ENSG00000122863	CHST3
17	27916787	27941779	ENSG00000198720	ANKRD13B
12	91203053	91204457	ENSG00000257787	RP11-20L19.1
19	49526210	49540152	ENSG00000267335	CTB-60B18.6
21	45432200	45526433	ENSG00000160218	TRAPPC10
12	91311800	91342446	ENSG00000196243	LINC00615
5	147250245	147261754	ENSG00000164265	SCGB3A2
HSCHR6_MHC_COX	30248390	30284729	ENSG00000228894	HCG18
12	91587486	91587719	ENSG00000258148	AC007115.3
12	10005583	10022735	ENSG00000110852	CLEC2B
19	49535169	49536495	ENSG00000104818	CGB2
12	91755973	91762383	ENSG00000258100	RP11-121E16.1
12	92073908	92074650	ENSG00000258125	RP11-1041F24.1
5	41904290	41921738	ENSG00000205765	C5orf51
12	92264898	92265006	ENSG00000258224	RP11-587P21.1
12	92271167	92274431	ENSG00000257893	RP11-587P21.2
13	52342129	52378293	ENSG00000102796	DHRS12
18	66340925	66382535	ENSG00000166479	TMX3
19	49538831	49552006	ENSG00000267631	CGB1
12	56321103	56347811	ENSG00000065357	DGKA
16	2570358	2581423	ENSG00000162066	AMDHD2
HSCHR6_MHC_DBB	29765418	29767426	ENSG00000261814	HLA-P
10	73818793	73848790	ENSG00000107742	SPOCK2
10	120900279	120925179	ENSG00000183605	SFXN4
HSCHR6_MHC_DBB	29768198	29768994	ENSG00000227030	RPL7AP7
16	30996808	30997533	ENSG00000268863	AC135048.1
HSCHR6_MHC_DBB	29777570	29777701	ENSG00000225763	MICG
19	49547141	49548568	ENSG00000189052	CGB5
HSCHR6_MHC_DBB	29792386	29793365	ENSG00000231430	HCG4P8
HSCHR6_MHC_DBB	29817347	29817475	ENSG00000235536	MICF
6	110421022	110501207	ENSG00000112290	WASF1
HSCHR6_MHC_DBB	29846690	29847658	ENSG00000226517	HCG4P7
HSCHR6_MHC_DBB	29847148	29849870	ENSG00000227669	HLA-H
14	67826714	67853233	ENSG00000134001	EIF2S1
9	135766735	135820020	ENSG00000165699	TSC1
16	31000577	31021949	ENSG00000099365	STX1B
10	96698415	96749147	ENSG00000138109	CYP2C9
9	35696945	35732392	ENSG00000137076	TLN1
1	26517052	26529459	ENSG00000188782	CATSPER4
14	38059189	38069245	ENSG00000129514	FOXA1
5	147260289	147286101	ENSG00000178776	C5orf46
2	46926091	46990268	ENSG00000171150	SOCS5
X	91034260	91878229	ENSG00000102290	PCDH11X
14	21677295	21737653	ENSG00000092199	HNRNPC
19	33321415	33360672	ENSG00000021488	SLC7A9
15	40453224	40513337	ENSG00000156970	BUB1B
HSCHR6_MHC_DBB	29855954	29857085	ENSG00000229293	HLA-T
19	58637619	58666477	ENSG00000181894	ZNF329
HSCHR6_MHC_DBB	29865925	29866291	ENSG00000228891	DDX39BP1
HSCHR6_MHC_MANN	30569338	30576175	ENSG00000223766	PRR3
HSCHR6_MHC_DBB	29867164	29868026	ENSG00000230357	MCCD1P1
3	45596886	45727830	ENSG00000144791	LIMD1
HSCHR6_MHC_DBB	29885325	29886315	ENSG00000231941	HCG4B
3	183873176	183891398	ENSG00000161202	DVL3
12	81331594	81650533	ENSG00000111058	ACSS3
HSCHR6_MHC_DBB	29885801	29888576	ENSG00000232708	HLA-K
13	52436117	52440366	ENSG00000123171	CCDC70
12	10034088	10048432	ENSG00000256797	KLRF2
12	122692210	122712081	ENSG00000184047	DIABLO
11	62327075	62359003	ENSG00000255508	MIR3654
2	47043807	47049796	ENSG00000222005	LINC01118
12	10051272	10084980	ENSG00000188393	CLEC2A
1	26560691	26605299	ENSG00000130695	CEP85
2	206979541	207024327	ENSG00000023228	NDUFS1
3	159526205	159526359	ENSG00000252763	RNU2-31P
4	77968311	77997158	ENSG00000118816	CCNI
3	159540401	159540484	ENSG00000264146	AC021654.1
14	81937893	82000205	ENSG00000071537	SEL1L
2	47043836	47086146	ENSG00000239332	LINC01119
16	31044210	31054296	ENSG00000103496	STX4
3	159631189	159943086	ENSG00000244040	IL12A-AS1
2	233271553	233275424	ENSG00000163286	ALPPL2
2	97779233	97930258	ENSG00000135976	ANKRD36
3	159818478	159820661	ENSG00000184100	BRD7P2
12	10103915	10148293	ENSG00000172322	CLEC12A
19	58694396	58724928	ENSG00000171606	ZNF274
3	159944270	159945841	ENSG00000244078	RP11-431I8.1
8	42552519	42592550	ENSG00000147432	CHRNB3
1	222791428	222841354	ENSG00000154305	MIA3
3	160060473	160060803	ENSG00000243687	RP11-432B6.1
X	44732757	44971847	ENSG00000147050	KDM6A
3	160122376	160122473	ENSG00000207779	MIR15B
3	160122533	160122613	ENSG00000198987	MIR16-2
3	160170386	160171191	ENSG00000244009	RP11-227J5.3
14	38065052	38510647	ENSG00000139865	TTC6
3	160190136	160190204	ENSG00000238427	RNU7-136P
1	26605667	26608007	ENSG00000142669	SH3BGRL3
12	116997186	117014425	ENSG00000171471	MAP1LC3B2
HSCHR6_MHC_SSTO	33523607	33525482	ENSG00000226492	CUTA
16	2577081	2581420	ENSG00000205923	CEMP1
17	26348694	26349291	ENSG00000266190	RP11-218F4.2
17	79858841	79869340	ENSG00000185813	PCYT2
3	160232695	160233024	ENSG00000238741	SCARNA7
17	26349356	26349490	ENSG00000202389	SNORA70
3	160283235	160287036	ENSG00000229320	KRT8P12
17	26388993	26389094	ENSG00000252283	Vault
17	26443265	26443432	ENSG00000240873	RPS29P22
2	128014866	128051752	ENSG00000163161	ERCC3
11	8127597	8190602	ENSG00000166405	RIC3
2	233320833	233324742	ENSG00000163295	ALPI
17	26496027	26496180	ENSG00000203484	AC100852.2
1	62208149	62629592	ENSG00000132849	INADL
8	42607763	42651535	ENSG00000147434	CHRNA6
7	137808504	137808567	ENSG00000266193	MIR4468
7	137848186	137849383	ENSG00000225559	AC083867.4
7	137859791	137859882	ENSG00000252820	Y_RNA
7	151038785	151075535	ENSG00000013374	NUB1
12	117153593	117175875	ENSG00000111412	C12orf49
22	36906897	36925483	ENSG00000100353	EIF3D
7	137860931	137861028	ENSG00000238984	snoU13
19	33369902	33462897	ENSG00000121289	CEP89
7	137872744	137872875	ENSG00000201465	SNORA51
7	137982833	137983229	ENSG00000213238	AC008155.2
7	138088940	138089268	ENSG00000213237	AC008155.1
7	138100225	138100319	ENSG00000202072	Y_RNA
7	138125435	138126983	ENSG00000214815	AC008265.2
7	138167225	138167328	ENSG00000239123	snoU13
8	97505579	97624000	ENSG00000169439	SDC2
7	138175326	138176106	ENSG00000234995	AC013429.5
2	174771187	174830430	ENSG00000172845	SP3
9	135820932	135867083	ENSG00000165702	GFI1B
7	138309805	138309924	ENSG00000252188	SNORA40
11	18415935	18429972	ENSG00000134333	LDHA
7	138330416	138331193	ENSG00000234658	AC013429.4
8	42691817	42698468	ENSG00000131931	THAP1
7	138373725	138374267	ENSG00000243099	AC020983.5
15	44038590	44065477	ENSG00000167004	PDIA3
7	138386352	138387807	ENSG00000223721	UQCRFS1P2
HSCHR6_MHC_COX	30308999	30309133	ENSG00000227334	HLA-N
HSCHR6_MHC_COX	30313816	30313903	ENSG00000257363	AL662831.1
15	72114632	72410918	ENSG00000066933	MYO9A
HSCHR6_MHC_MANN	30583828	30609632	ENSG00000231129	ABCF1
3	160302733	160303575	ENSG00000242285	RPL6P8
HSCHR6_MHC_COX	30316860	30317493	ENSG00000234417	HCG19P
3	160414717	160414848	ENSG00000207084	SNORA72
7	138561105	138561211	ENSG00000199646	RNU6-1272P
3	160471216	160472930	ENSG00000260572	RP11-16N11.2
7	138734202	138734752	ENSG00000229677	RP11-383F6.1
HSCHR6_MHC_COX	30320704	30321872	ENSG00000232095	UBQLN1P1
7	138857262	138859012	ENSG00000239254	RP11-365F18.3
14	67853700	67878917	ENSG00000100558	PLEK2
3	160940699	160940935	ENSG00000271052	RP11-479I16.2
HSCHR6_MHC_COX	30322073	30322196	ENSG00000258326	AL662831.3
12	673462	772945	ENSG00000171840	NINJ2
3	161042701	161044007	ENSG00000240138	EEF1GP4
HSCHR6_MHC_COX	30325775	30325883	ENSG00000258348	AL662831.4
7	138883303	138883888	ENSG00000271537	RP11-365F18.6
HSCHR6_MHC_COX	30340102	30340186	ENSG00000258207	AL662831.2
7	138912283	138912574	ENSG00000228360	RP11-365F18.1
7	138912967	138913351	ENSG00000271404	RP11-365F18.5
7	139000037	139000140	ENSG00000206843	RNU6-206P
7	139043778	139044312	ENSG00000273391	RP11-634H22.1
5	147405246	147516852	ENSG00000133710	SPINK5
7	99965153	99997719	ENSG00000085514	PILRA
7	139133486	139133589	ENSG00000252332	RNU6-911P
7	139187199	139188558	ENSG00000253183	RP4-701O16.5
7	139218986	139219295	ENSG00000254270	ERHP1
HSCHR6_MHC_COX	31594212	31607897	ENSG00000229524	BAG6
7	139794497	139794592	ENSG00000251728	Y_RNA
7	139877061	139879440	ENSG00000260231	JHDM1D-AS1
2	233344537	233352538	ENSG00000171551	ECEL1
1	151584541	151671567	ENSG00000143376	SNX27
2	47129009	47168994	ENSG00000180398	MCFD2
7	139909363	139909471	ENSG00000199971	RNU6-797P
7	139941670	139941832	ENSG00000199283	RNU1-58P
7	139982265	139982720	ENSG00000270512	RP5-1136G2.1
11	62342517	62359649	ENSG00000149016	TUT1
X	53559057	53713673	ENSG00000086758	HUWE1
7	139992552	139993139	ENSG00000241661	PPP1R2P6
17	9548015	9633008	ENSG00000154914	USP43
7	140070241	140070345	ENSG00000223113	RNA5SP247
7	140075363	140075466	ENSG00000238868	snoU13
HSCHR6_MHC_COX	31926504	31936775	ENSG00000234947	STK19
8	42704780	42752433	ENSG00000120925	RNF170
7	140086581	140086707	ENSG00000202472	RNA5SP248
7	140135116	140135587	ENSG00000103200	RP11-723C11.2
18	670324	712676	ENSG00000132199	ENOSF1
7	140280087	140280149	ENSG00000221732	AC006452.1
11	8245851	8290263	ENSG00000166407	LMO1
7	140309647	140309755	ENSG00000201354	Y_RNA
7	140345644	140345924	ENSG00000240173	RN7SL771P
7	140395136	140396877	ENSG00000240889	NDUFB2-AS1
1	26607819	26644854	ENSG00000158062	UBXN11
7	140583872	140583978	ENSG00000271932	U6
13	52506809	52585630	ENSG00000123191	ATP7B
7	140634667	140634810	ENSG00000271611	RP4-813F11.3
14	67913801	68000456	ENSG00000198133	TMEM229B
16	2587965	2653189	ENSG00000140992	PDPK1
17	26506506	26506662	ENSG00000203483	AC100852.1
19	10596796	10614417	ENSG00000079999	KEAP1
17	26525465	26525619	ENSG00000255851	AC061975.9
22	22051833	22090123	ENSG00000100027	YPEL1
18	39535171	39667794	ENSG00000078142	PIK3C3
17	26529824	26530831	ENSG00000197825	AC061975.1
14	50087533	50090198	ENSG00000258377	RP11-649E7.5
10	51942538	52008370	ENSG00000188611	ASAH2
17	26546311	26547031	ENSG00000267644	CTD-2008P7.10
7	6012870	6048756	ENSG00000122512	PMS2
14	50096009	50096608	ENSG00000258450	RP11-649E7.7
17	26547062	26547215	ENSG00000203482	AC061975.7
14	50144087	50144611	ENSG00000259155	RP11-831F12.3
17	26553589	26555091	ENSG00000237575	PYY2
14	50148020	50148604	ENSG00000258462	RP11-831F12.4
14	85994943	85995730	ENSG00000258945	RP11-497E19.2
4	78078304	78354542	ENSG00000138764	CCNG2
3	51994317	52008032	ENSG00000272762	RP11-155D18.14
9	35732332	35737001	ENSG00000107175	CREB3
3	45730548	45786916	ENSG00000211456	SACM1L
12	133264192	133297276	ENSG00000176894	PXMP2
14	85996488	86095034	ENSG00000185070	FLRT2
16	70613798	70694585	ENSG00000157368	IL34
22	22108789	22221970	ENSG00000100030	MAPK1
5	41925356	41941845	ENSG00000151876	FBXO4
6	34204650	34214008	ENSG00000137309	HMGA1
9	135906076	135933890	ENSG00000148308	GTF3C5
14	87372122	87389099	ENSG00000258804	RP11-322L20.1
3	52002526	52017425	ENSG00000114779	ABHD14B
5	118788138	118972894	ENSG00000133835	HSD17B4
19	10623623	10628607	ENSG00000180739	S1PR5
11	62360686	62369312	ENSG00000149480	MTA2
2	33808725	33824449	ENSG00000119812	FAM98A
X	92925929	92928567	ENSG00000186310	NAP1L3
8	144989321	145050902	ENSG00000178209	PLEC
15	44064798	44069741	ENSG00000128886	ELL3
2	8992820	9143942	ENSG00000143797	MBOAT2
3	161046712	161048026	ENSG00000243838	PSMC1P7
11	8413418	8615836	ENSG00000130413	STK33
3	161144215	161166030	ENSG00000240567	RP11-3P17.4
3	161146900	161147401	ENSG00000269888	RP11-3P17.5
X	92929012	92967273	ENSG00000179083	FAM133A
3	161146915	161147398	ENSG00000234851	RP11-3P17.3
3	161534697	161539696	ENSG00000240354	RP11-774I5.1
3	162204329	162204737	ENSG00000241874	TOMM22P6
19	33463115	33469128	ENSG00000131944	C19orf40
7	99998449	100026615	ENSG00000078487	ZCWPW1
3	170779128	171178197	ENSG00000154310	TNIK
8	97657455	98161882	ENSG00000104324	CPQ
4	186506598	186877806	ENSG00000154556	SORBS2
19	10654571	10664094	ENSG00000130734	ATG4D
14	100842755	100996640	ENSG00000176473	WDR25
1	1682671	1711896	ENSG00000008130	NADK
12	117176096	117291436	ENSG00000135119	RNFT2
17	26559616	26562307	ENSG00000267259	CTD-2008P7.9
17	26568405	26568558	ENSG00000203480	AC061975.6
17	73975301	73996667	ENSG00000257949	TEN1
HSCHR6_MHC_COX	30350072	30350159	ENSG00000258158	AL662822.13
22	36959968	37099603	ENSG00000166862	CACNG2
17	26573480	26575032	ENSG00000266830	CTD-2008P7.8
HSCHR6_MHC_COX	30350590	30350674	ENSG00000257834	AL662822.9
1	222841355	222886552	ENSG00000186063	AIDA
17	26574470	26575315	ENSG00000265060	PPY2
3	15422782	15482073	ENSG00000206562	METTL6
HSCHR6_MHC_COX	30372300	30376905	ENSG00000233466	MICC
17	26581511	26581655	ENSG00000203479	AC061975.5
17	26583401	26583695	ENSG00000263788	CTD-2008P7.7
HSCHR6_MHC_COX	30414652	30414775	ENSG00000258146	AL662822.12
17	26583464	26592577	ENSG00000264486	CTD-2008P7.3
HSCHR6_MHC_COX	30424154	30425681	ENSG00000223933	TMPOP1
17	26590660	26593395	ENSG00000260777	CTD-2008P7.1
16	70695107	70719969	ENSG00000132613	MTSS1L
5	71403061	71505395	ENSG00000131711	MAP1B
HSCHR6_MHC_COX	30426522	30427891	ENSG00000223412	SUCLA2P1
X	45007619	45060146	ENSG00000147113	CXorf36
17	26596229	26599391	ENSG00000266306	CTD-2008P7.6
17	26601683	26602742	ENSG00000264029	CTD-2008P7.5
17	26603012	26644809	ENSG00000265480	KRT18P55
HSCHR6_MHC_SSTO	33527235	33560852	ENSG00000227460	SYNGAP1
2	85048774	85134132	ENSG00000186854	TRABD2A
10	73856278	73976892	ENSG00000138303	ASCC1
12	10138241	10166023	ENSG00000165682	CLEC1B
22	37154246	37172300	ENSG00000100360	IFT27
3	162319415	162319580	ENSG00000243044	RP13-526J3.1
5	89688078	89705603	ENSG00000153140	CETN3
3	162744184	162949937	ENSG00000241168	RP11-10O22.1
3	15468862	15484120	ENSG00000144597	EAF1
HSCHR6_MHC_MANN	30612852	30631064	ENSG00000231737	PPP1R10
11	117014983	117047610	ENSG00000168092	PAFAH1B2
3	162833217	162833974	ENSG00000244571	RP11-535I24.2
9	35736863	35749983	ENSG00000070610	GBA2
X	95939662	96859996	ENSG00000147202	DIAPH2
12	93861264	93897545	ENSG00000198015	MRPL42
3	119540170	119813264	ENSG00000082701	GSK3B
3	162845711	163079351	ENSG00000241369	CT64
10	96796530	96829254	ENSG00000138115	CYP2C8
X	46306292	46356857	ENSG00000147121	KRBOX4
HSCHR6_MHC_COX	30443578	30444228	ENSG00000227703	RANP1
1	151674880	151689290	ENSG00000159409	CELF3
13	52586534	52603800	ENSG00000253710	ALG11
18	66382446	66722426	ENSG00000150636	CCDC102B
19	58739960	58788815	ENSG00000198131	ZNF544
HSCHR6_MHC_COX	30445941	30446025	ENSG00000257549	AL662822.7
19	46144752	46146098	ENSG00000267757	C19orf83
15	40509629	40569688	ENSG00000137843	PAK6
HSCHR6_MHC_COX	30446362	30446488	ENSG00000257154	AL662822.1
19	33469499	33555794	ENSG00000131941	RHPN2
19	49550895	49552400	ENSG00000213030	CGB8
HSCHR6_MHC_COX	30449477	30449561	ENSG00000257321	AL662822.4
HSCHR6_MHC_COX	30456003	30456593	ENSG00000257916	AL662822.10
16	31072164	31085641	ENSG00000167394	ZNF668
HSCHR6_MHC_COX	30461557	30461678	ENSG00000258022	AL662822.11
5	169064251	169510386	ENSG00000134516	DOCK2
HSCHR6_MHC_COX	30467330	30467402	ENSG00000257440	AL662822.6
20	18467184	18477887	ENSG00000089050	RBBP9
4	78432907	78532988	ENSG00000156234	CXCL13
HSCHR6_MHC_COX	30469052	30469136	ENSG00000257172	AL662822.3
3	162896662	162896763	ENSG00000238398	snoU13
17	26603489	26603579	ENSG00000207844	AC061975.8
3	163192855	163197153	ENSG00000240792	RP11-418B12.1
17	26608165	26608318	ENSG00000203478	AC061975.4
7	6048876	6063465	ENSG00000106305	AIMP2
3	163234190	163234275	ENSG00000265090	AC104637.1
17	26626484	26626637	ENSG00000203465	AC061975.2
3	163373092	163373169	ENSG00000266757	AC092962.1
17	26631095	26631246	ENSG00000203477	AC061975.3
14	68000018	68056329	ENSG00000054690	PLEKHH1
3	163719394	163720253	ENSG00000214210	RP11-208P4.1
1	222885895	222908538	ENSG00000162819	BROX
13	52598827	52607736	ENSG00000253797	UTP14C
3	163889259	163889344	ENSG00000221251	MIR1263
16	2732476	2759031	ENSG00000167977	KCTD5
3	164059129	164059238	ENSG00000221755	MIR720
1	62660503	62678000	ENSG00000240563	L1TD1
3	164388666	164403864	ENSG00000241636	RP11-71H9.2
12	102467967	102513902	ENSG00000075188	NUP37
19	49557531	49562117	ENSG00000196337	CGB7
17	26673659	26684545	ENSG00000004142	POLDIP2
HSCHR6_MHC_DBB	29891686	29891871	ENSG00000233239	HLA-U
12	117293949	117319246	ENSG00000135116	HRK
HSCHR6_MHC_DBB	29899816	29900808	ENSG00000225114	HCG4P5
19	46171502	46186982	ENSG00000010310	GIPR
HSCHR6_MHC_DBB	29914324	29916298	ENSG00000234849	HLA-W
21	45527171	45551063	ENSG00000241945	PWP2
HSCHR6_MHC_COX	32100987	32106437	ENSG00000237344	PBX2
HSCHR6_MHC_DBB	29928530	29930192	ENSG00000226713	MICD
10	104433488	104474164	ENSG00000138175	ARL3
13	52611093	52703214	ENSG00000197168	NEK5
HSCHR6_MHC_DBB	29932826	29936125	ENSG00000234313	HCG9
22	37196728	37215523	ENSG00000100362	PVALB
HSCHR6_MHC_DBB	29950935	29951331	ENSG00000228458	DDX39BP2
HSCHR6_MHC_DBB	29952163	29953040	ENSG00000231719	MCCD1P2
1	1716729	1822495	ENSG00000078369	GNB1
16	31072813	31073451	ENSG00000232748	ZNF668
X	46357162	46404892	ENSG00000251192	ZNF674
HSCHR6_MHC_DBB	29958737	30019750	ENSG00000225618	NCRNA00171
19	49559050	49568333	ENSG00000225950	NTF4
22	22273793	22307209	ENSG00000100034	PPM1F
16	2762419	2770552	ENSG00000172382	PRSS27
18	66567018	66569492	ENSG00000264472	RP11-861L17.3
17	55162453	55198710	ENSG00000121057	AKAP1
9	135937365	135947248	ENSG00000170835	CEL
1	62702651	62785085	ENSG00000132854	KANK4
16	31085743	31095517	ENSG00000167395	ZNF646
12	57869228	57911352	ENSG00000166986	MARS
3	56106132	56106435	ENSG00000200379	RN7SKP45
3	56219132	56219250	ENSG00000200238	RNA5SP133
12	133264635	133291498	ENSG00000256632	RP13-672B3.2
3	56974068	56994882	ENSG00000240198	ARHGEF3-AS1
18	67068291	67516323	ENSG00000206052	DOK6
19	49570675	49576198	ENSG00000104848	KCNA7
3	57112971	57114129	ENSG00000272202	RP11-157F20.3
3	57168170	57168751	ENSG00000229863	RP11-157F20.1
3	57455872	57455977	ENSG00000238905	snoU13
17	48172101	48189516	ENSG00000005882	PDK2
3	57479394	57479507	ENSG00000212392	Y_RNA
HSCHR6_MHC_DBB	29963844	29964839	ENSG00000227025	HCG4P3
3	57498177	57498282	ENSG00000206918	RNU6-1181P
2	160092304	160143310	ENSG00000196151	WDSUB1
3	57505396	57505737	ENSG00000239831	RNF7P1
HSCHR6_MHC_MANN	30630161	30638847	ENSG00000226111	MRPS18B
3	57516072	57516694	ENSG00000237186	RP11-229A12.2
3	57521979	57522085	ENSG00000202428	RNU6-108P
18	40323192	40695657	ENSG00000152214	RIT2
12	133287405	133299228	ENSG00000247077	PGAM5
HSCHR6_MHC_DBB	29964306	29967679	ENSG00000234074	HLA-J
3	57534565	57534672	ENSG00000206815	RNU6-483P
22	37257030	37274057	ENSG00000100365	NCF4
3	57583442	57586654	ENSG00000272146	RP11-755B10.4
14	88304164	88460009	ENSG00000054983	GALC
X	46433219	46457843	ENSG00000147119	CHST7
4	119201193	119274158	ENSG00000164099	PRSS12
3	57605174	57605299	ENSG00000210841	RNU6ATAC26P
3	57614537	57640645	ENSG00000239801	RP11-755B10.2
5	42423879	42721979	ENSG00000112964	GHR
3	57678932	57682323	ENSG00000241933	RP11-755B10.3
4	78634541	78740769	ENSG00000138767	CNOT6L
3	57685500	57685575	ENSG00000223192	Y_RNA
3	57785783	57787175	ENSG00000270772	RP11-332H21.2
3	57927545	57928031	ENSG00000213509	PPIAP16
12	861759	1020618	ENSG00000060237	WNK1
12	81652045	82153332	ENSG00000139220	PPFIA2
15	44064815	44091331	ENSG00000262560	RP11-296A16.1
3	58148274	58156363	ENSG00000244161	FLNB-AS1
11	117049449	117068160	ENSG00000149577	SIDT2
1	222910549	222924147	ENSG00000197520	FAM177B
3	58315692	58315845	ENSG00000273493	RP11-80H18.4
X	46464753	46618490	ENSG00000065923	SLC9A7
3	58413982	58414542	ENSG00000272182	RP11-802O23.3
3	58476557	58477018	ENSG00000272360	RP11-359I18.5
3	58497037	58497403	ENSG00000236722	RP11-359I18.1
3	58558471	58560046	ENSG00000243384	RP11-475O23.2
15	40509629	40568597	ENSG00000259288	RP11-133K1.2
17	38214543	38250120	ENSG00000126351	THRA
3	58592807	58620167	ENSG00000244383	RP11-475O23.3
2	219528587	219537134	ENSG00000163481	RNF25
5	441645	443258	ENSG00000221990	C5orf55
11	8633584	8693413	ENSG00000166436	TRIM66
3	58810163	59004819	ENSG00000242428	RP11-147N17.1
3	15491640	15563258	ENSG00000206561	COLQ
1	1846266	1848735	ENSG00000169885	CALML6
13	52706775	52733996	ENSG00000136098	NEK3
3	59050876	59105235	ENSG00000243295	CTD-2185K10.1
19	49588676	49611862	ENSG00000104852	SNRNP70
20	18488137	18542059	ENSG00000101310	SEC23B
3	59365750	59374430	ENSG00000243903	RP11-285B24.1
3	59450056	59496404	ENSG00000242545	RP11-719N22.2
9	35749203	35758572	ENSG00000107185	RGP1
3	59521589	59522141	ENSG00000241804	RP11-719N22.1
15	40542865	40545170	ENSG00000176753	C15orf56
19	10663761	10676713	ENSG00000129347	KRI1
3	60602555	60603812	ENSG00000240097	RP11-641C17.4
21	45553487	45565605	ENSG00000160221	C21orf33
3	60675958	60676452	ENSG00000232407	RP11-641C17.2
16	70695570	70699739	ENSG00000268927	FLJ00418
1	222988406	223179337	ENSG00000154309	DISP1
2	74011316	74044274	ENSG00000187833	C2orf78
3	60715788	60716377	ENSG00000225673	RP11-641C17.3
3	60717877	60718369	ENSG00000244183	RP11-641C17.1
3	60842062	60842277	ENSG00000212211	U3
HSCHR6_MHC_COX	30470152	30470239	ENSG00000258321	AL662822.14
HSCHR6_MHC_COX	30473891	30476845	ENSG00000223827	XXbac-BPG249D20.9
17	73996987	74002080	ENSG00000250506	CDK3
8	42752075	42885682	ENSG00000168172	HOOK3
HSCHR6_MHC_COX	30488111	30489197	ENSG00000257713	AL662822.8
10	46310876	46313036	ENSG00000231122	FAM25E
HSCHR6_MHC_COX	30490516	30490640	ENSG00000257160	AL662822.2
5	443273	472052	ENSG00000180104	EXOC3
HSCHR6_MHC_COX	30496297	30496517	ENSG00000257393	AL662822.5
18	40847843	40857615	ENSG00000132872	SYT4
4	119606523	119636588	ENSG00000145388	METTL14
1	1849029	1850712	ENSG00000178821	TMEM52
HSCHR6_MHC_COX	30506629	30506750	ENSG00000258030	AL662825.1
HSCHR6_MHC_COX	30541958	30542043	ENSG00000266362	hsa-mir-877
HSCHR6_MHC_COX	30573855	30573931	ENSG00000265548	AL662825.2
HSCHR6_MHC_COX	30591257	30591523	ENSG00000225453	PTMAP1
16	2802330	2822539	ENSG00000167978	SRRM2
1	62901968	62917475	ENSG00000162607	USP1
12	122692326	122750970	ENSG00000256861	RP11-512M8.5
6	29555683	29556745	ENSG00000204657	OR2H2
16	70721342	70835064	ENSG00000103043	VAC14
HSCHR6_MHC_COX	30606290	30606383	ENSG00000266702	AL732442.1
8	98285717	98290176	ENSG00000180543	TSPYL5
HSCHR6_MHC_COX	30654450	30655179	ENSG00000235342	RPL7P4
HSCHR6_MHC_COX	30660710	30670826	ENSG00000236766	MDC1-AS1
9	35752987	35756610	ENSG00000215183	MSMP
10	11495945	11653753	ENSG00000148429	USP6NL
X	46696375	46741793	ENSG00000102218	RP2
11	62369690	62380237	ENSG00000149499	EML3
7	82383329	82792246	ENSG00000186472	PCLO
10	104474295	104503249	ENSG00000156398	SFXN2
15	44069285	44094787	ENSG00000140264	SERF2
1	223282748	223316624	ENSG00000187554	TLR5
2	174937175	175113426	ENSG00000138430	OLA1
22	22311397	22337213	ENSG00000100038	TOP3B
3	164431883	164549268	ENSG00000241767	RP11-71H9.1
19	46190712	46195827	ENSG00000125743	SNRPD2
3	164840501	164840611	ENSG00000200052	Y_RNA
3	164867794	164875850	ENSG00000239205	RP11-747D18.1
12	122714111	122751068	ENSG00000139719	VPS33A
22	37309670	37336491	ENSG00000100368	CSF2RB
3	164924748	165373211	ENSG00000244128	RP11-85M11.2
2	74056086	74100786	ENSG00000124356	STAMBP
1	1853396	1935276	ENSG00000142609	C1orf222
8	98656407	98740998	ENSG00000147649	MTDH
1	151682909	151702281	ENSG00000178796	RIIAD1
X	46746852	46759138	ENSG00000204904	CXorf31
2	36583069	36778278	ENSG00000150938	CRIM1
HSCHR6_MHC_DBB	29989787	29991077	ENSG00000235764	ETF1P1
HSCHR6_MHC_DBB	30046926	30047058	ENSG00000265988	CR753815.2
HSCHR6_MHC_DBB	30063345	30072822	ENSG00000232510	TRIM31-AS1
HSCHR6_MHC_DBB	30090906	30091067	ENSG00000265138	SNORA48
HSCHR6_MHC_DBB	30144858	30146681	ENSG00000225109	PAIP1P1
12	117348761	117468953	ENSG00000174989	FBXW8
9	35792151	35809729	ENSG00000159899	NPR2
HSCHR6_MHC_DBB	30192097	30284162	ENSG00000241053	HCG17
X	46771711	46920641	ENSG00000102221	JADE3
19	46195741	46207247	ENSG00000011478	QPCTL
HSCHR6_MHC_DBB	30196359	30200335	ENSG00000225659	TRIM26BP
13	52951305	52980629	ENSG00000136114	THSD1
HSCHR6_MHC_DBB	30217641	30251055	ENSG00000241166	HLA-L
18	721588	812547	ENSG00000176105	YES1
4	78783674	78873944	ENSG00000169288	MRPL1
HSCHR6_MHC_DBB	30248843	30285178	ENSG00000224705	HCG18
1	151682909	151702070	ENSG00000240510	AL589765.1
19	49617581	49621717	ENSG00000104863	LIN7B
9	135973107	136039301	ENSG00000160271	RALGDS
1	223394161	223537544	ENSG00000143502	SUSD4
12	133302254	133338474	ENSG00000176915	ANKLE2
HSCHR6_MHC_MANN	30639294	30659275	ENSG00000235658	ATAT1
3	165877809	165878158	ENSG00000242178	MTND4P17
6	29624758	29640149	ENSG00000204655	MOG
2	85122209	85122345	ENSG00000269417	AC022210.1
6	31867384	31869769	ENSG00000204366	ZBTB12
22	37387163	37403882	ENSG00000185264	TEX33
3	165878202	165878492	ENSG00000240084	RP11-12N13.6
HSCHR6_MHC_COX	30693941	30694051	ENSG00000266119	Y_RNA
17	27941774	27949925	ENSG00000167549	CORO6
15	40570377	40600136	ENSG00000137841	PLCB2
HSCHR6_MHC_COX	30708646	30708893	ENSG00000263728	RN7SL579P
2	85132749	85133795	ENSG00000034510	TMSB10
3	165878565	165878907	ENSG00000240824	MTND3P7
14	38677204	38682272	ENSG00000139874	SSTR1
13	52986737	53024763	ENSG00000136100	VPS36
3	165878991	165879756	ENSG00000242456	RP11-12N13.4
3	165899101	165899608	ENSG00000242326	RP11-12N13.2
4	39289076	39367995	ENSG00000035928	RFC1
11	8703958	8736306	ENSG00000166441	RPL27A
X	46937775	46952712	ENSG00000130988	RGN
14	38723308	38725574	ENSG00000176435	CLEC14A
16	31094746	31100949	ENSG00000151006	PRSS53
12	10163226	10171218	ENSG00000256660	CLEC12B
18	67498394	67629039	ENSG00000150637	CD226
17	38249040	38256978	ENSG00000126368	NR1D1
18	904944	912173	ENSG00000141433	ADCYAP1
HSCHR6_MHC_COX	30724441	30749869	ENSG00000224641	HCG20
17	4801069	4806369	ENSG00000108556	CHRNE
1	1950780	1962192	ENSG00000187730	GABRD
HSCHR6_MHC_COX	30756280	30788292	ENSG00000236006	LINC00243
20	18568537	18744561	ENSG00000125821	DTD1
4	119643978	119759838	ENSG00000150961	SEC24D
6	83072923	83080545	ENSG00000146242	TPBG
3	195384967	195412775	ENSG00000215837	SDHAP2
22	37406900	37415681	ENSG00000128311	TST
1	26644448	26647014	ENSG00000169442	CD52
16	31094760	31106277	ENSG00000255439	RP11-196G11.1
2	85198216	85286595	ENSG00000176407	KCMF1
7	6061881	6098861	ENSG00000086232	EIF2AK1
1	151732119	151736040	ENSG00000143436	MRPL9
2	191829084	191885686	ENSG00000115415	STAT1
HSCHR6_MHC_QBL	31502517	31504899	ENSG00000206445	ATP6V1G2
8	98787285	98865241	ENSG00000104341	LAPTM4B
21	45587818	45593580	ENSG00000267913	AP001055.1
10	46321042	46349323	ENSG00000188234	AGAP4
19	33571786	33621448	ENSG00000076650	GPATCH1
12	10183276	10218565	ENSG00000197992	CLEC9A
11	68451247	68458643	ENSG00000069482	GAL
11	18433854	18473605	ENSG00000166796	LDHC
17	4802713	4806227	ENSG00000205710	C17orf107
6	31895475	31919861	ENSG00000243649	CFB
20	18790372	18810797	ENSG00000149443	C20orf78
16	31102163	31107301	ENSG00000167397	VKORC1
21	45642874	45660849	ENSG00000160223	ICOSLG
HSCHR6_MHC_COX	30797162	30805800	ENSG00000231522	XXbac-BPG27H4.8
6	83602117	83775560	ENSG00000118420	UBE3D
12	93963590	93977263	ENSG00000120833	SOCS2
14	39501123	39578850	ENSG00000100934	SEC23A
HSCHR6_MHC_COX	30821900	30822202	ENSG00000265903	RN7SKP138
20	18794370	18795033	ENSG00000132631	SCP2D1
12	32880424	32908836	ENSG00000139131	YARS2
HSCHR6_MHC_COX	30824631	30833593	ENSG00000224360	DDR1-AS1
X	47001615	47004903	ENSG00000147123	NDUFB11
1	26648350	26680621	ENSG00000176092	AIM1L
2	98262503	98264846	ENSG00000135940	COX5B
19	46213887	46234162	ENSG00000177051	FBXO46
3	52005442	52015212	ENSG00000248487	ABHD14A
HSCHR6_MHC_QBL	31504921	31516872	ENSG00000206440	NFKBIL1
1	223566715	223568812	ENSG00000178395	C1orf65
7	87150777	87151726	ENSG00000231956	HNRNPA1P9
4	1205236	1243741	ENSG00000159692	CTBP1
3	195426272	195426368	ENSG00000207650	MIR570
16	2821415	2827298	ENSG00000103363	TCEB2
22	37415676	37425863	ENSG00000128309	MPST
3	195563064	195587275	ENSG00000223783	AC124944.5
7	87253473	87253574	ENSG00000238587	snoU13
7	87845975	87848541	ENSG00000254003	CTB-167B5.1
19	46236509	46267792	ENSG00000237452	AC074212.3
15	72406599	72433311	ENSG00000166192	SENP8
3	195570857	195571467	ENSG00000235836	AC124944.4
19	58740831	58798173	ENSG00000269545	CTD-3138B18.4
3	195634947	195638128	ENSG00000224614	TNK2-AS1
7	116593292	116870157	ENSG00000004866	ST7
7	87848674	87921781	ENSG00000228113	AC003991.3
3	195638920	195640857	ENSG00000226155	AC124944.3
10	52065360	52384923	ENSG00000198964	SGMS1
17	4835592	4838325	ENSG00000185245	GP1BA
HSCHR6_MHC_COX	31937353	31951642	ENSG00000228267	C4B
19	58790317	58807254	ENSG00000083842	ZNF8
6	110501344	110575478	ENSG00000168438	CDC40
3	195639949	195640554	ENSG00000273009	RP11-352G9.1
3	195647715	195648000	ENSG00000266730	RN7SL773P
3	195655460	195655646	ENSG00000239122	RNU2-11P
HSCHR6_MHC_SSTO	33561742	33564711	ENSG00000236515	ZBTB9
3	195664114	195665610	ENSG00000231443	AC024937.6
3	195676059	195679566	ENSG00000260261	RP11-480A16.1
19	46268043	46272484	ENSG00000177045	SIX5
HSCHR6_MHC_SSTO	28659681	28659895	ENSG00000257778	AL390196.1
5	466239	473213	ENSG00000188242	CTD-2228K2.5
HSCHR6_MHC_SSTO	28699794	28700681	ENSG00000248563	RPSAP2
17	4840425	4843546	ENSG00000108528	SLC25A11
9	35808042	35812269	ENSG00000137098	SPAG8
HSCHR6_MHC_SSTO	28743732	28743839	ENSG00000266182	BX088523.2
19	58790318	58807254	ENSG00000273439	ZNF8
1	223711349	223853436	ENSG00000203697	CAPN8
13	53029564	53050763	ENSG00000136108	CKAP2
HSCHR6_MHC_SSTO	28751412	28751783	ENSG00000248655	NOL5BP
HSCHR6_MHC_SSTO	28763741	28763804	ENSG00000264411	BX470194.1
12	10222153	10264226	ENSG00000150048	CLEC1A
HSCHR6_MHC_SSTO	28805557	28806694	ENSG00000233826	XXbac-BPG308K3.5
20	19193290	19703581	ENSG00000185052	SLC24A3
HSCHR6_MHC_SSTO	28827313	28831035	ENSG00000229773	XXbac-BPG308K3.6
19	58790332	58826563	ENSG00000267216	AC010642.1
HSCHR6_MHC_SSTO	28829104	28829735	ENSG00000231746	RPL13P
HSCHR6_MHC_QBL	31530070	31532342	ENSG00000173503	LTA
19	58838385	58853698	ENSG00000182318	ZSCAN22
HSCHR6_MHC_SSTO	28856683	28857757	ENSG00000232997	ZNF90P2
2	27434895	27440046	ENSG00000138085	ATRAID
18	2537524	2571508	ENSG00000101574	METTL4
HSCHR6_MHC_SSTO	28864373	28865163	ENSG00000237010	HCG14
3	186507669	186524847	ENSG00000163918	RFC4
19	49621655	49622397	ENSG00000221916	C19orf73
HSCHR6_MHC_SSTO	28883478	28883577	ENSG00000266870	U6
17	61957578	61959295	ENSG00000136487	GH2
HSCHR6_MHC_SSTO	28894771	28895052	ENSG00000263430	Metazoa_SRP
HSCHR6_MHC_SSTO	28936955	28938285	ENSG00000228990	KRT18P1
HSCHR6_MHC_SSTO	28945366	28945661	ENSG00000266191	Metazoa_SRP
6	34214157	34217247	ENSG00000186577	C6orf1
HSCHR6_MHC_SSTO	28954099	28955380	ENSG00000237898	HCG15
19	58856544	58864865	ENSG00000121410	A1BG
17	38278551	38293042	ENSG00000188895	MSL1
HSCHR6_MHC_SSTO	28954696	28956435	ENSG00000241124	HCG16
HSCHR6_MHC_SSTO	28994479	28995406	ENSG00000233650	OR2AD1P
2	9346894	9545812	ENSG00000151693	ASAP2
HSCHR6_MHC_SSTO	29039627	29040402	ENSG00000229100	OR2P1P
1	62920399	63153969	ENSG00000116641	DOCK7
HSCHR6_MHC_SSTO	29044376	29044971	ENSG00000231592	SAR1P1
22	37447779	37459430	ENSG00000100379	KCTD17
16	31117428	31124110	ENSG00000103507	BCKDK
HSCHR6_MHC_SSTO	29068753	29069691	ENSG00000235632	OR2J1
HSCHR6_MHC_SSTO	29092013	29096710	ENSG00000233119	XXbac-BCX196D17.5
HSCHR6_MHC_COX	30848554	30848643	ENSG00000264008	MIR4640
HSCHR6_MHC_SSTO	29105679	29106615	ENSG00000231670	OR2N1P
HSCHR6_MHC_COX	30890115	30890203	ENSG00000266178	Y_RNA
HSCHR6_MHC_QBL	31533585	31536356	ENSG00000206439	TNF
HSCHR6_MHC_COX	30903456	30912338	ENSG00000223454	HCG21
HSCHR6_MHC_SSTO	29149334	29150269	ENSG00000229069	OR2J4P
8	42873567	42932477	ENSG00000254673	RP11-598P20.5
7	100026413	100031741	ENSG00000146834	MEPCE
HSCHR6_MHC_COX	30955218	30955519	ENSG00000258349	AL663093.3
1	1981909	2116834	ENSG00000067606	PRKCZ
HSCHR6_MHC_SSTO	29183092	29184029	ENSG00000225592	OR2H4P
1	26688125	26701013	ENSG00000176083	ZNF683
HSCHR6_MHC_COX	30987507	30992304	ENSG00000234063	XXbac-BPG118E17.9
HSCHR6_MHC_SSTO	29191823	29234926	ENSG00000230089	XXbac-BPG308J9.3
18	42260138	42648475	ENSG00000152217	SETBP1
17	74000583	74023533	ENSG00000167880	EVPL
HSCHR6_MHC_COX	31014486	31020156	ENSG00000238234	HCG22
HSCHR6_MHC_SSTO	29197077	29198007	ENSG00000230874	OR2G1P
HSCHR6_MHC_COX	31043287	31043386	ENSG00000265921	RNU6-186P
HSCHR6_MHC_COX	31059652	31059916	ENSG00000258238	AL662867.3
HSCHR6_MHC_SSTO	29230544	29231920	ENSG00000230752	OR2U1P
HSCHR6_MHC_COX	31082895	31083064	ENSG00000257993	AL662867.2
1	151735445	151743808	ENSG00000143450	OAZ3
16	2833954	2837949	ENSG00000103355	PRSS33
HSCHR6_MHC_SSTO	29236303	29237262	ENSG00000226932	OR2U2P
18	67671029	67873181	ENSG00000176225	RTTN
9	35812957	35815351	ENSG00000137133	HINT2
HSCHR6_MHC_SSTO	29258570	29259512	ENSG00000232146	OR2B4P
HSCHR6_MHC_QBL	31538575	31540542	ENSG00000206437	LTB
HSCHR6_MHC_SSTO	29267111	29267650	ENSG00000257188	BX005432.1
2	85360533	85537511	ENSG00000152284	TCF7L1
HSCHR6_MHC_SSTO	29297505	29298940	ENSG00000227843	DDX6P1
15	72452148	72490126	ENSG00000175318	GRAMD2
19	58865723	58874214	ENSG00000174586	ZNF497
X	47004268	47046212	ENSG00000182872	RBM10
6	655939	656963	ENSG00000188996	HUS1B
HSCHR6_MHC_SSTO	29384733	29385679	ENSG00000250294	OR12D1
2	233385173	233390422	ENSG00000237412	PRSS56
19	49622646	49654283	ENSG00000177380	PPFIA3
21	45666222	45682099	ENSG00000142182	DNMT3L
19	46272975	46285810	ENSG00000104936	DMPK
HSCHR6_MHC_SSTO	29432049	29437257	ENSG00000237369	UBDP1
3	52009066	52023213	ENSG00000243989	ACY1
5	89754020	89770585	ENSG00000176055	MBLAC2
HSCHR6_MHC_SSTO	29442476	29443522	ENSG00000237544	MAS1LP1
8	98881068	99048944	ENSG00000132561	MATN2
HSCHR6_MHC_SSTO	29456722	29457127	ENSG00000231000	RPS17P1
13	53191605	53217919	ENSG00000139675	HNRNPA1L2
9	136028340	136039332	ENSG00000148288	GBGT1
2	36758948	36779411	ENSG00000217075	AC007401.2
HSCHR6_MHC_SSTO	29464960	29478007	ENSG00000225432	XXbac-BPG13B8.10
19	58878985	58892427	ENSG00000152475	ZNF837
1	26737269	26756213	ENSG00000131914	LIN28A
5	473425	524447	ENSG00000066230	SLC9A3
HSCHR6_MHC_SSTO	29496876	29501024	ENSG00000229383	LINC01015
3	45796942	45838027	ENSG00000163817	SLC6A20
8	42889337	42940931	ENSG00000168522	FNTA
18	42792960	43263072	ENSG00000132874	SLC14A2
12	32943679	33049774	ENSG00000057294	PKP2
HSCHR6_MHC_SSTO	29505160	29506243	ENSG00000234992	GPR53P
HSCHR6_MHC_SSTO	29603537	29603820	ENSG00000235666	SUMO2P1
1	223889295	223963720	ENSG00000162909	CAPN2
HSCHR6_MHC_SSTO	29675602	29676024	ENSG00000229898	ZDHHC20P1
16	2867164	2876305	ENSG00000007038	PRSS21
HSCHR6_MHC_SSTO	29687680	29688670	ENSG00000236881	HCG4P11
10	120927215	120938345	ENSG00000165672	PRDX3
HSCHR6_MHC_SSTO	29691270	29713718	ENSG00000230545	DAQB-335A13.8
7	87900207	87903065	ENSG00000264868	CTB-167B5.2
HSCHR6_MHC_COX	31094619	31094839	ENSG00000257811	AL662867.1
2	233390703	233401377	ENSG00000135902	CHRND
HSCHR6_MHC_COX	31101019	31101205	ENSG00000226993	POLR2LP
HSCHR6_MHC_COX	31134078	31138243	ENSG00000223364	PSORS1C3
7	88078103	88078332	ENSG00000225701	EIF4A1P13
7	88078407	88078546	ENSG00000207094	SNORA67
19	58897767	58906173	ENSG00000083845	RPS5
7	88084624	88085506	ENSG00000270812	CTA-326K9.1
HSCHR6_MHC_COX	31158106	31164310	ENSG00000232758	HCG27
22	22385332	22385870	ENSG00000211637	IGLV4-69
7	88141344	88142502	ENSG00000235639	AC002069.6
13	53226844	53275044	ENSG00000165416	SUGT1
2	36778570	36873230	ENSG00000171055	FEZ2
HSCHR6_MHC_SSTO	29691338	29691808	ENSG00000242511	RPL23AP1
20	19738296	19738679	ENSG00000268628	AL121761.2
HSCHR6_MHC_SSTO	29706410	29713638	ENSG00000249123	MICE
7	151072995	151107813	ENSG00000187260	WDR86
6	1080164	1105181	ENSG00000176515	AL033381.1
11	117070037	117075498	ENSG00000149591	TAGLN
22	37461476	37505603	ENSG00000187045	TMPRSS6
19	10677138	10679735	ENSG00000129355	CDKN2D
2	219536749	219567439	ENSG00000163482	STK36
12	72332626	72580398	ENSG00000139287	TPH2
X	154051623	154062937	ENSG00000203870	SMIM9
6	1312675	1314992	ENSG00000164379	FOXQ1
22	22453110	22453622	ENSG00000211638	IGLV8-61
HSCHR6_MHC_MANN	30659491	30665656	ENSG00000233164	C6orf136
14	21756098	21819460	ENSG00000092200	RPGRIP1
22	22516592	22517074	ENSG00000211639	IGLV4-60
18	2571510	2616634	ENSG00000080986	NDC80
6	1390069	1395832	ENSG00000137273	FOXF2
9	136080664	136084630	ENSG00000171102	OBP2B
22	22550113	22550860	ENSG00000211640	IGLV6-57
9	35814448	35854844	ENSG00000137103	TMEM8B
20	19867165	19983101	ENSG00000132669	RIN2
4	1283639	1333935	ENSG00000090316	MAEA
HSCHR6_MHC_SSTO	29712958	29713182	ENSG00000226267	HCG9P5
2	128056306	128146041	ENSG00000169967	MAP3K2
22	22556057	22556600	ENSG00000211641	IGLV11-55
HSCHR6_MHC_SSTO	29715038	29715139	ENSG00000264905	Y_RNA
HSCHR6_MHC_SSTO	29715395	29715815	ENSG00000229942	IFITM4P
3	142838173	142841800	ENSG00000175040	CHST2
22	22569184	22569660	ENSG00000211642	IGLV10-54
HSCHR6_MHC_QBL	31544144	31546931	ENSG00000206433	LST1
2	98272431	98280570	ENSG00000115073	ACTR1B
HSCHR6_MHC_SSTO	29755630	29757664	ENSG00000228706	HCG4
22	22599087	22599927	ENSG00000169575	VPREB1
11	62379194	62382592	ENSG00000149489	ROM1
7	88194108	88195596	ENSG00000228928	AC002069.5
7	88239555	88239983	ENSG00000231763	PQLC1P1
HSCHR6_MHC_SSTO	29755943	29762282	ENSG00000229529	HLA-V
7	88268328	88269730	ENSG00000237709	EEF1A1P28
X	154064063	154255215	ENSG00000185010	F8
7	82993222	83278326	ENSG00000170381	SEMA3E
19	10683347	10697991	ENSG00000129354	AP1M2
7	88269835	88269941	ENSG00000211518	AC006988.1
7	88339945	88386039	ENSG00000233420	AC002127.4
3	142984064	143567373	ENSG00000181804	SLC9A9
7	88378784	88379008	ENSG00000227979	AC002127.2
16	2880170	2888967	ENSG00000162078	ZG16B
4	39408473	39453156	ENSG00000134962	KLB
7	89073288	89123576	ENSG00000227863	AC002383.2
7	89383934	89384040	ENSG00000239075	RNU6-274P
19	58907457	58908407	ENSG00000269855	AC012313.1
7	89511667	89840949	ENSG00000227646	STEAP2-AS1
16	70841281	71264625	ENSG00000157423	HYDIN
22	22673082	22673581	ENSG00000211643	IGLV5-52
7	89748613	89752204	ENSG00000238358	RP5-1121E10.2
9	136197552	136203235	ENSG00000148296	SURF6
6	110567131	110679475	ENSG00000053328	METTL24
22	22676828	22677336	ENSG00000211644	IGLV1-51
7	89748714	89754914	ENSG00000235436	DPY19L2P4
10	5004628	5004760	ENSG00000238840	U8
14	39583427	39606177	ENSG00000092208	GEMIN2
22	22681658	22682172	ENSG00000211645	IGLV1-50
10	5037680	5039572	ENSG00000224251	RP11-499O7.7
19	58912871	58929694	ENSG00000171574	ZNF584
X	96138907	96140446	ENSG00000204086	RPA4
7	89800655	89800738	ENSG00000223029	AC004969.1
7	89881237	89881334	ENSG00000207488	Y_RNA
10	5046902	5047034	ENSG00000239148	U8
7	89895348	89899530	ENSG00000234459	AC002064.4
10	5090055	5090173	ENSG00000251740	U8
22	22697539	22698084	ENSG00000223350	IGLV9-49
10	5091004	5093862	ENSG00000237831	RP11-499O7.4
7	89941810	89951906	ENSG00000225498	AC002064.5
22	22707289	22707781	ENSG00000211647	IGLV5-48
10	5135600	5135735	ENSG00000239142	U8
7	90032748	90142705	ENSG00000273299	CTB-13L3.1
HSCHR6_MHC_SSTO	29764890	29766920	ENSG00000260221	HLA-P
7	90099101	90118278	ENSG00000251154	AC006153.3
7	90219933	90226667	ENSG00000223969	AC002456.2
10	5164279	5177418	ENSG00000225418	AKR1C5P
11	18477371	18501147	ENSG00000166800	LDHAL6A
3	166011544	166012141	ENSG00000244429	RP11-12N13.1
HSCHR6_MHC_MANN	30665566	30685513	ENSG00000233049	DHX16
22	22712087	22712608	ENSG00000211648	IGLV1-47
3	166287481	166288551	ENSG00000244321	RP11-450H5.1
18	43304092	43332485	ENSG00000141469	SLC14A1
6	110712974	110736765	ENSG00000203797	DDO
14	101003486	101053750	ENSG00000183092	BEGAIN
3	166325031	166325361	ENSG00000271263	RP11-450H5.4
22	22723982	22724454	ENSG00000211649	IGLV7-46
3	166387817	166387910	ENSG00000251759	RN7SKP298
HSCHR6_MHC_SSTO	29767670	29768466	ENSG00000227326	RPL7AP7
3	166408975	166409503	ENSG00000224962	PSAT1P4
13	53277399	53313947	ENSG00000136110	LECT1
11	68474908	68519032	ENSG00000132749	MTL5
X	99546642	99665271	ENSG00000165194	PCDH19
16	2902728	2908171	ENSG00000005001	PRSS22
3	166439246	166439398	ENSG00000240458	RP11-450H5.3
22	22730355	22730874	ENSG00000211650	IGLV5-45
3	166528797	166529355	ENSG00000231516	CBX1P5
HSCHR6_MHC_SSTO	29777040	29777171	ENSG00000229499	MICG
HSCHR6_MHC_SSTO	29791856	29792836	ENSG00000230504	HCG4P8
9	35816388	35828744	ENSG00000204930	FAM221B
3	166552809	166562744	ENSG00000240033	RP11-12K11.2
22	22735135	22735715	ENSG00000211651	IGLV1-44
3	166579732	166579898	ENSG00000239227	RP11-12K11.1
12	94071151	94288616	ENSG00000169372	CRADD
HSCHR6_MHC_SSTO	29816325	29816469	ENSG00000236642	MICF
3	166743201	166743287	ENSG00000215922	AC092965.1
21	45705721	45718531	ENSG00000160224	AIRE
12	72481046	73059422	ENSG00000072657	TRHDE
12	122755979	122907179	ENSG00000130779	CLIP1
3	166783553	166784113	ENSG00000220343	RP11-440K22.1
22	22749356	22749827	ENSG00000211652	IGLV7-43
HSCHR6_MHC_SSTO	29845570	29846532	ENSG00000226736	HCG4P7
22	37521878	37571094	ENSG00000100385	IL2RB
11	62382768	62389647	ENSG00000149541	B3GAT3
HSCHR6_MHC_SSTO	29846028	29848744	ENSG00000237218	HLA-H
6	1610681	1614127	ENSG00000054598	FOXC1
10	5237847	5237936	ENSG00000251909	U8
10	5249132	5249705	ENSG00000228291	RP11-445P17.6
5	89767565	89810370	ENSG00000113356	POLR3G
10	5276321	5305371	ENSG00000231039	RP11-445P17.3
10	5307996	5313199	ENSG00000224034	RP11-445P17.8
22	22764098	22764614	ENSG00000211653	IGLV1-40
5	42756903	42802462	ENSG00000198865	CCDC152
9	136205160	136214986	ENSG00000148297	MED22
22	22781876	22782371	ENSG00000211654	IGLV5-37
12	117476728	117537284	ENSG00000088992	TESC
10	73975787	73995618	ENSG00000166295	ANAPC16
22	22786296	22786802	ENSG00000211655	IGLV1-36
9	35869375	35870461	ENSG00000168828	OR13J1
17	9674751	9694614	ENSG00000184544	DHRS7C
HSCHR6_MHC_SSTO	29854817	29855948	ENSG00000224693	HLA-T
10	5317136	5330433	ENSG00000215267	AKR1C7P
9	35906189	35907138	ENSG00000196196	HRCT1
HSCHR6_MHC_SSTO	29864710	29865076	ENSG00000229364	DDX39BP1
GL000228.1	30530	32226	ENSG00000148828	CT476828.1
2	160175490	160473203	ENSG00000123636	BAZ2B
HSCHR6_MHC_DBB	30309450	30309584	ENSG00000230509	HLA-N
7	151125921	151137899	ENSG00000127377	CRYGN
HSCHR6_MHC_DBB	30314268	30314355	ENSG00000257334	CR759281.1
HSCHR6_MHC_DBB	30317313	30317946	ENSG00000235561	HCG19P
7	6071007	6076017	ENSG00000157999	ANKRD61
9	35957105	35958151	ENSG00000122718	OR2S2
22	22838767	22863505	ENSG00000198477	ZNF280B
GL000228.1	20113	20230	ENSG00000239156	5S_rRNA
HSCHR6_MHC_DBB	30321145	30322313	ENSG00000232473	UBQLN1P1
GL000228.1	22673	22791	ENSG00000238762	5S_rRNA
8	42948658	42978577	ENSG00000185900	POMK
HSCHR6_MHC_QBL	31546917	31551005	ENSG00000206430	NCR3
9	36002906	36003864	ENSG00000243641	OR13C7P
HSCHR6_MHC_DBB	30322512	30322635	ENSG00000257394	CR759281.2
HSCHR6_MHC_DBB	30326212	30326320	ENSG00000257862	CR759281.3
HSCHR6_MHC_DBB	30340558	30340642	ENSG00000258110	CR812479.3
HSCHR6_MHC_SSTO	29865950	29866812	ENSG00000223860	MCCD1P1
16	2933187	2949383	ENSG00000162076	FLYWCH2
HSCHR6_MHC_DBB	30350525	30350612	ENSG00000257369	CR812479.1
11	18489883	18548779	ENSG00000074319	TSG101
HSCHR6_MHC_SSTO	29884113	29885103	ENSG00000236033	HCG4B
HSCHR6_MHC_DBB	30351040	30351127	ENSG00000257485	CR812479.2
13	53418109	53422775	ENSG00000136099	PCDH8
HSCHR6_MHC_SSTO	29884589	29887366	ENSG00000229959	HLA-K
HSCHR6_MHC_DBB	30372753	30377357	ENSG00000229651	MICC
6	110745890	110797844	ENSG00000004809	SLC22A16
17	26684670	26708716	ENSG00000258924	CTB-96E2.3
1	26758773	26797785	ENSG00000117682	DHDDS
1	223967601	224033674	ENSG00000143514	TP53BP2
22	22868060	22874613	ENSG00000169548	ZNF280A
17	26687677	26687757	ENSG00000264302	MIR4723
17	26688623	26689881	ENSG00000265618	CTB-96E2.7
10	46549955	46641045	ENSG00000204179	PTPN20A
3	167110584	167126307	ENSG00000241669	RP11-576M8.2
17	26729128	26731067	ENSG00000264098	CTD-2350C19.1
HSCHR6_MHC_DBB	30415019	30415142	ENSG00000257340	CR762481.3
3	167412143	167412430	ENSG00000241120	HMGN1P8
9	36036430	36124448	ENSG00000122707	RECK
16	31127075	31142714	ENSG00000103510	KAT8
22	37576207	37595425	ENSG00000133466	C1QTNF6
HSCHR6_MHC_SSTO	29890476	29890660	ENSG00000236706	HLA-U
HSCHR6_MHC_DBB	30424510	30426052	ENSG00000236369	TMPOP1
3	167582561	167594705	ENSG00000242924	RP11-298O21.6
6	34247456	34360451	ENSG00000272325	NUDT3
HSCHR6_MHC_SSTO	29898329	29899320	ENSG00000231067	HCG4P5
3	167582637	167584402	ENSG00000244214	RP11-298O21.7
3	119883492	120003941	ENSG00000175697	GPR156
19	58944181	58951589	ENSG00000131849	ZNF132
3	167584288	167588765	ENSG00000244706	RP11-298O21.3
HSCHR6_MHC_DBB	30426944	30428313	ENSG00000231157	SUCLA2P1
7	90236318	90236422	ENSG00000238739	snoU13
GL000228.1	65370	65465	ENSG00000238720	CT476828.2
3	167584423	167601170	ENSG00000240292	RP11-298O21.2
7	90261220	90261882	ENSG00000223584	TVP23CP1
GL000228.1	72627	74249	ENSG00000256490	CT476828.10
HSCHR6_MHC_DBB	30443964	30444614	ENSG00000227652	RANP1
17	26732258	26733814	ENSG00000265254	CTD-2350C19.2
10	5346394	5346828	ENSG00000223987	RP11-445P17.5
3	167606202	167606503	ENSG00000239238	MEMO1P3
7	90736689	90737108	ENSG00000226254	PTP4A1P3
17	26743940	26744510	ENSG00000265541	H3F3BP2
HSCHR6_MHC_DBB	30446324	30446408	ENSG00000258075	CR762481.4
HSCHR6_MHC_DBB	30446745	30446871	ENSG00000258165	CR762481.6
12	10269376	10282857	ENSG00000172243	CLEC7A
GL000228.1	75933	77555	ENSG00000256631	CT476828.13
10	5556207	5568209	ENSG00000205488	CALML3-AS1
7	90940683	91144724	ENSG00000243144	RP11-115N4.1
HSCHR6_MHC_DBB	30449860	30449944	ENSG00000258147	CR762481.5
17	26771081	26772581	ENSG00000263870	CTD-2350C19.5
HSCHR6_MHC_DBB	30456386	30456976	ENSG00000257206	CR762481.1
4	78978724	79465423	ENSG00000138759	FRAS1
3	167613736	167641799	ENSG00000244227	RP11-298O21.5
HSCHR6_MHC_DBB	30461940	30462061	ENSG00000258218	CR762481.7
10	5566939	5567705	ENSG00000256462	RP11-116G8.5
12	102513956	102591298	ENSG00000185480	PARPBP
11	68522088	68611878	ENSG00000110090	CPT1A
GL000228.1	79239	80861	ENSG00000256344	CT476828.8
HSCHR6_MHC_DBB	30467712	30467784	ENSG00000257630	CR388372.3
17	27952956	28257294	ENSG00000141298	SSH2
HSCHR6_MHC_DBB	30469437	30469521	ENSG00000257850	CR388372.4
10	5636954	5638081	ENSG00000242147	RP13-463N16.6
7	90949443	90950418	ENSG00000225843	NIPA2P1
6	34256547	34393825	ENSG00000270800	RPS10-NUDT3
HSCHR6_MHC_DBB	30470537	30470624	ENSG00000258141	CR388372.5
5	42799982	42887494	ENSG00000250722	SEPP1
HSCHR6_MHC_DBB	30474278	30477232	ENSG00000233315	XXbac-BPG249D20.9
10	5650438	5652756	ENSG00000231483	RP11-336A10.5
17	26794814	26795460	ENSG00000183405	RPS7P1
GL000228.1	82545	84167	ENSG00000256521	CT476828.11
HSCHR6_MHC_DBB	30488500	30489586	ENSG00000258356	CR388372.6
7	91010093	91186163	ENSG00000235450	RP11-142A5.1
7	6144515	6201195	ENSG00000106346	USP42
19	58962971	58969200	ENSG00000249471	ZNF324B
10	5658825	5660124	ENSG00000228951	RP11-336A10.4
HSCHR6_MHC_DBB	30490906	30491030	ENSG00000257399	CR388372.1
7	91268162	91272827	ENSG00000223665	CTB-111F10.1
15	44075041	44075231	ENSG00000268488	AC018512.1
10	5666894	5667089	ENSG00000228685	RP11-336A10.7
15	40573645	40574787	ENSG00000230778	ANKRD63
10	5673426	5673716	ENSG00000240577	RN7SL445P
7	91763918	91810039	ENSG00000188693	CTB-161K23.1
4	39455744	39460568	ENSG00000163682	RPL9
5	147549296	147554961	ENSG00000196800	SPINK14
3	45864808	45957534	ENSG00000163818	LZTFL1
GL000228.1	85851	87473	ENSG00000255638	CT476828.4
17	9694544	9725388	ENSG00000214978	RP11-477N12.3
22	37600278	37608362	ENSG00000183473	SSTR3
10	5754137	5786030	ENSG00000226647	RP11-336A10.2
8	22077222	22089854	ENSG00000168490	PHYHIP
12	133345495	133405444	ENSG00000090615	GOLGA3
HSCHR6_MHC_DBB	30496687	30496907	ENSG00000257451	CR388372.2
10	5818034	5818821	ENSG00000270427	NRBF2P5
HSCHR6_MHC_DBB	30542353	30542438	ENSG00000263866	hsa-mir-877
3	167674099	167674404	ENSG00000242036	RP11-603B13.1
10	5855948	5856404	ENSG00000272764	RP11-318E3.9
HSCHR6_MHC_DBB	30574247	30574323	ENSG00000264822	CR753328.2
15	72491370	72524164	ENSG00000067225	PKM
HSCHR6_MHC_DBB	30591649	30591915	ENSG00000237156	PTMAP1
10	5903768	5904557	ENSG00000240180	RP11-318E3.4
13	53602894	53626192	ENSG00000102837	OLFM4
6	34385231	34393902	ENSG00000124614	RPS10
HSCHR6_MHC_MANN	30688865	30700371	ENSG00000229998	PPP1R18
22	22890123	22901768	ENSG00000185686	PRAME
8	145051321	145086940	ENSG00000178685	PARP10
5	147582357	147594700	ENSG00000178172	SPINK6
10	5976233	5987863	ENSG00000232807	RP11-536K7.3
15	40623653	40633168	ENSG00000188549	C15orf52
9	136215069	136218281	ENSG00000148303	RPL7A
16	2961938	3001209	ENSG00000059122	FLYWCH1
HSCHR6_MHC_QBL	31573205	31575042	ENSG00000206428	AIF1
2	179390716	179695529	ENSG00000155657	TTN
GL000228.1	89157	90779	ENSG00000256252	CT476828.7
15	44086360	44092419	ENSG00000184716	SERINC4
2	233404437	233411113	ENSG00000196811	CHRNG
22	37621301	37640488	ENSG00000128340	RAC2
6	42979832	42981706	ENSG00000124733	MEA1
3	71003844	71633140	ENSG00000114861	FOXP1
17	9725523	9795419	ENSG00000065325	GLP2R
13	57715052	57718073	ENSG00000204919	PRR20A
1	151742583	151763892	ENSG00000182134	TDRKH
1	63063158	63071830	ENSG00000132855	ANGPTL3
HSCHR6_MHC_DBB	30606683	30606776	ENSG00000263550	CR753328.1
HSCHR6_MHC_DBB	30654846	30655575	ENSG00000233091	RPL7P4
12	117581146	117628336	ENSG00000135108	FBXO21
HSCHR6_MHC_DBB	30661107	30671223	ENSG00000229681	MDC1-AS1
HSCHR6_MHC_DBB	30694343	30694453	ENSG00000263950	Y_RNA
10	6059017	6059157	ENSG00000251922	SNORA14
X	47050260	47074527	ENSG00000130985	UBA1
10	6067941	6078390	ENSG00000229664	RP11-536K7.5
GL000228.1	92463	94085	ENSG00000256024	CT476828.6
10	6113477	6113881	ENSG00000214015	RP11-414H17.2
10	6191586	6191903	ENSG00000201581	RN7SKP78
10	6194159	6194240	ENSG00000263628	MIR3155A
GL000228.1	95769	97391	ENSG00000256868	CT476828.15
9	36136732	36163910	ENSG00000122694	GLIPR2
2	233412779	233415226	ENSG00000221944	TIGD1
13	57721622	57724643	ENSG00000204918	PRR20B
19	49654455	49658681	ENSG00000130528	HRC
18	2655737	2805015	ENSG00000101596	SMCHD1
HSCHR6_MHC_COX	31160511	31162263	ENSG00000228583	XXbac-BPG299F13.14
HSCHR6_MHC_MANN	30700523	30703896	ENSG00000228867	NRM
8	22102617	22112113	ENSG00000168495	POLR3D
HSCHR6_MHC_COX	31222160	31222501	ENSG00000257744	AL662833.1
17	26900135	26901261	ENSG00000265168	RP11-192H23.5
HSCHR6_MHC_COX	31234395	31237566	ENSG00000233486	USP8P1
17	26925808	26944393	ENSG00000227543	SPAG5-AS1
HSCHR6_MHC_COX	31239129	31240331	ENSG00000228461	RPL3P2
GL000228.1	99075	100697	ENSG00000256619	CT476828.12
6	42981951	42989036	ENSG00000124702	KLHDC3
2	27440258	27466811	ENSG00000084774	CAD
15	40643234	40648635	ENSG00000233041	PHGR1
X	154113317	154113833	ENSG00000198082	H2AFB1
GL000228.1	102381	104003	ENSG00000255707	CT476828.5
X	154114635	154116335	ENSG00000197932	F8A1
10	96953957	96988685	ENSG00000173124	C10orf129
5	89811428	89825401	ENSG00000176018	LYSMD3
13	57728195	57731216	ENSG00000229665	PRR20C
11	68658744	68671303	ENSG00000197345	MRPL21
7	151163098	151217206	ENSG00000106615	RHEB
15	44088340	44095241	ENSG00000242028	HYPK
HSCHR6_MHC_SSTO	29912854	29914819	ENSG00000234786	HLA-W
15	40650436	40663257	ENSG00000140323	DISP2
1	63073437	63075249	ENSG00000269624	AL138847.1
HSCHR6_MHC_SSTO	29927036	29928699	ENSG00000235380	MICD
19	10713133	10755235	ENSG00000129353	SLC44A2
HSCHR6_MHC_SSTO	29931358	29934651	ENSG00000237812	HCG9
GL000228.1	105687	107309	ENSG00000256840	CT476828.14
HSCHR6_MHC_SSTO	29949455	29949851	ENSG00000235305	DDX39BP2
2	233414762	233448354	ENSG00000135930	EIF4E2
9	36169389	36171329	ENSG00000185972	CCIN
HSCHR6_MHC_SSTO	29950683	29951560	ENSG00000229034	MCCD1P2
4	186990306	187009223	ENSG00000164342	TLR3
17	26928845	26929302	ENSG00000264608	RP11-192H23.8
8	145064226	145067583	ENSG00000178719	GRINA
GL000228.1	108993	110615	ENSG00000256456	CT476828.9
17	26934981	26936748	ENSG00000265287	RP11-192H23.6
22	37678068	37711382	ENSG00000100055	CYTH4
17	55333212	55762046	ENSG00000153944	MSI2
17	26960224	26962968	ENSG00000264044	RP11-192H23.7
11	62392298	62414104	ENSG00000089597	GANAB
HSCHR6_MHC_SSTO	29957257	30019002	ENSG00000196299	NCRNA00171
11	117075053	117103241	ENSG00000160613	PCSK7
15	44096690	44117000	ENSG00000140259	MFAP1
3	120043356	120068186	ENSG00000163428	LRRC58
13	57734766	57737787	ENSG00000227151	PRR20D
19	33622996	33666701	ENSG00000166359	WDR88
3	167676532	167676870	ENSG00000241203	HMGN2P26
3	167921297	167921388	ENSG00000266363	AC069243.1
6	83777385	83881069	ENSG00000083097	DOPEY1
GL000228.1	112299	113921	ENSG00000255619	CT476828.3
6	1624041	2245926	ENSG00000112699	GMDS
1	63249806	63331184	ENSG00000125703	ATG4C
8	42995556	43057998	ENSG00000165102	HGSNAT
13	57741331	57744352	ENSG00000234278	PRR20E
HSCHR6_MHC_SSTO	29962368	29963363	ENSG00000231385	HCG4P3
X	154254255	154288578	ENSG00000165775	FUNDC2
1	224215760	224216371	ENSG00000269358	AC138393.1
10	6239575	6244656	ENSG00000213994	RP11-414H17.5
HSCHR6_MHC_SSTO	29962830	29966203	ENSG00000235309	HLA-J
10	6287694	6287794	ENSG00000238366	Y_RNA
10	6319650	6377944	ENSG00000215244	RP11-563J2.2
15	40674922	40686447	ENSG00000128944	KNSTRN
9	36190853	36304778	ENSG00000122705	CLTA
16	3013945	3018384	ENSG00000131650	KREMEN2
10	6335063	6336647	ENSG00000226705	SDCBPP1
19	33668509	33698694	ENSG00000130881	LRP3
X	129305623	129318844	ENSG00000134594	RAB33A
1	224301789	224349749	ENSG00000143756	FBXO28
13	58205944	58303445	ENSG00000118946	PCDH17
HSCHR6_MHC_SSTO	29989049	29990339	ENSG00000223996	ETF1P1
14	68048672	68067004	ENSG00000100564	PIGH
HSCHR6_MHC_SSTO	30046179	30046311	ENSG00000265436	BX088647.1
11	8714898	8932498	ENSG00000166444	ST5
HSCHR6_MHC_SSTO	30062609	30072086	ENSG00000225732	TRIM31-AS1
10	6622381	6658414	ENSG00000237943	PRKCQ-AS1
HSCHR6_MHC_SSTO	30090184	30090346	ENSG00000263942	SNORA48
HSCHR6_MHC_SSTO	30144127	30145936	ENSG00000224954	PAIP1P1
5	71515236	71616473	ENSG00000113048	MRPS27
HSCHR6_MHC_SSTO	30191363	30283028	ENSG00000240833	HCG17
6	56322785	56819426	ENSG00000151914	DST
1	2115903	2144159	ENSG00000162585	C1orf86
4	1341054	1381837	ENSG00000163945	UVSSA
15	44119161	44160617	ENSG00000092470	WDR76
12	1021243	1099219	ENSG00000002016	RAD52
22	22901750	22909007	ENSG00000220891	LL22NC03-63E9.3
9	136218610	136223552	ENSG00000148290	SURF1
17	74035184	74068734	ENSG00000167881	SRP68
10	6660678	6667308	ENSG00000225948	RP11-554I8.1
10	6779344	6780988	ENSG00000223784	RP11-554I8.2
X	129336685	129402873	ENSG00000056277	ZNF280C
22	22930626	22931145	ENSG00000211656	IGLV2-33
3	15602211	15643338	ENSG00000131373	HACL1
HSCHR6_MHC_MANN	30712282	30730363	ENSG00000228575	MDC1
HSCHR6_MHC_SSTO	30195625	30199187	ENSG00000233350	TRIM26BP
10	6821560	6884868	ENSG00000238266	LINC00707
14	101192042	101201539	ENSG00000185559	DLK1
10	74033678	74035794	ENSG00000168209	DDIT4
22	22936998	22937501	ENSG00000211657	IGLV3-32
10	6867825	6868186	ENSG00000227821	AL392086.1
20	19997760	20014299	ENSG00000173418	NAA20
8	145086582	145101933	ENSG00000186583	SPATC1
10	6933419	6962434	ENSG00000234248	RP11-799O21.2
HSCHR6_MHC_COX	31246323	31247777	ENSG00000231433	WASF5P
19	33699570	33716756	ENSG00000130876	SLC7A10
1	224363458	224381143	ENSG00000143753	DEGS1
10	7139114	7139637	ENSG00000223581	RP11-393K12.2
HSCHR6_MHC_COX	31265840	31266054	ENSG00000258009	AL662833.2
HSCHR6_MHC_SSTO	30216504	30249916	ENSG00000242227	HLA-L
10	7196082	7196198	ENSG00000270811	RP11-393K12.4
HSCHR6_MHC_COX	31266627	31267361	ENSG00000225939	XXbac-BPG248L24.10
10	7337068	7337252	ENSG00000235141	COX6CP17
HSCHR6_MHC_COX	31324608	31325154	ENSG00000230016	DHFRP2
10	7487520	7513904	ENSG00000232591	RP5-1031D4.2
3	52009066	52023199	ENSG00000114786	ABHD14A-ACY1
19	49660998	49715093	ENSG00000130529	TRPM4
22	37764000	37823505	ENSG00000166897	ELFN2
2	9543604	9563676	ENSG00000119185	ITGB1BP1
8	145133529	145135550	ENSG00000178896	EXOSC4
22	22988780	22990368	ENSG00000100121	GGTLC2
5	89825161	90460038	ENSG00000164199	GPR98
5	118965254	118971517	ENSG00000164334	FAM170A
5	612387	667283	ENSG00000112877	CEP72
16	31142756	31147083	ENSG00000052344	PRSS8
6	110931181	111137161	ENSG00000155111	CDK19
7	100032905	100034188	ENSG00000160813	PPP1R35
2	85545147	85555548	ENSG00000152291	TGOLN2
1	63788730	63790797	ENSG00000187140	FOXD3
X	154289897	154376212	ENSG00000214827	MTCP1
11	117103341	117157161	ENSG00000167257	RNF214
22	37865101	37882439	ENSG00000100060	MFNG
10	7528665	7528771	ENSG00000207453	RNU6-535P
10	7575169	7578527	ENSG00000230121	RP11-385N23.1
X	99839799	99854882	ENSG00000000005	TNMD
10	7875581	7875920	ENSG00000233990	RP11-401E9.3
7	83585093	84122040	ENSG00000075213	SEMA3A
19	33790840	33793470	ENSG00000245848	CEBPA
3	195686619	195717189	ENSG00000185485	SDHAP1
HG325_PATCH	50263724	50296787	ENSG00000263156	GNAI2
HSCHR6_MHC_QBL	31578694	31595788	ENSG00000206427	PRRC2A
9	136223428	136228045	ENSG00000148291	SURF2
18	43405477	43424045	ENSG00000197046	SIGLEC15
19	33864236	33873592	ENSG00000153879	CEBPG
6	42989383	43001894	ENSG00000124541	RRP36
7	91829328	91836171	ENSG00000243107	AC000120.7
7	91831557	91831648	ENSG00000200769	Y_RNA
7	91833329	91833412	ENSG00000221520	MIR1285-1
7	92042290	92068876	ENSG00000230927	TMBIM7P
1	63833261	63904233	ENSG00000088035	ALG6
11	68671310	68708070	ENSG00000132740	IGHMBP2
7	92071391	92071803	ENSG00000270453	CTB-10G5.1
10	104503727	104576021	ENSG00000166272	WBP1L
7	92086878	92120924	ENSG00000244055	AC007566.10
X	99883667	99894988	ENSG00000000003	TSPAN6
7	92331022	92331128	ENSG00000206763	RNU6-10P
16	31150246	31161415	ENSG00000178226	PRSS36
8	22132810	22215076	ENSG00000197181	PIWIL2
8	99037079	99058697	ENSG00000156482	RPL30
9	36214438	36277053	ENSG00000159921	GNE
HSCHR6_MHC_COX	31328372	31328478	ENSG00000264185	RNU6-683P
7	92465797	92546501	ENSG00000237819	AC002454.1
HSCHR6_MHC_COX	31335649	31336251	ENSG00000223971	FGFR3P
HSCHR6_MHC_SSTO	30247704	30284044	ENSG00000224619	HCG18
21	45719934	45747259	ENSG00000141959	PFKL
10	52094298	52095876	ENSG00000269165	AC069547.1
7	92600318	92600613	ENSG00000266794	RN7SL7P
HSCHR6_MHC_COX	31338654	31339080	ENSG00000232659	ZDHHC20P2
20	20015012	20036690	ENSG00000101343	CRNKL1
7	93112072	93112167	ENSG00000208014	MIR653
10	52152766	52154321	ENSG00000269700	AC069547.2
7	93113248	93113331	ENSG00000207656	MIR489
8	145137493	145141119	ENSG00000197858	GPAA1
15	44162962	44487450	ENSG00000171877	FRMD5
17	4843303	4848517	ENSG00000108523	RNF167
7	93299138	93299389	ENSG00000237729	AC002075.4
10	104590288	104597290	ENSG00000148795	CYP17A1
10	74092588	74114988	ENSG00000148719	DNAJB12
12	74931551	74935223	ENSG00000253719	ATXN7L3B
7	93346240	93346317	ENSG00000265423	MIR4652
10	52499078	52576255	ENSG00000204147	ASAH2B
16	3018025	3030540	ENSG00000127564	PKMYT1
HSCHR6_MHC_DBB	30709197	30709444	ENSG00000264417	Metazoa_SRP
9	136228325	136242970	ENSG00000148248	SURF4
HSCHR6_MHC_DBB	30724987	30750718	ENSG00000224923	HCG20
19	33877856	34012700	ENSG00000124299	PEPD
14	68086515	68118437	ENSG00000081181	ARG2
22	23010758	23011276	ENSG00000211658	IGLV3-27
2	191894302	192016322	ENSG00000138378	STAT4
5	147647743	147665817	ENSG00000214510	SPINK13
22	23029190	23029735	ENSG00000211659	IGLV3-25
22	23040274	23040892	ENSG00000211660	IGLV2-23
14	21819631	21852425	ENSG00000092201	SUPT16H
HSCHR6_MHC_COX	32107017	32111774	ENSG00000233490	GPSM3
22	37886400	37915549	ENSG00000100065	CARD10
2	128176003	128186822	ENSG00000115718	PROC
22	23046750	23047307	ENSG00000211661	IGLV3-22
1	26798941	26802463	ENSG00000198830	HMGN2
14	39617015	39639736	ENSG00000182400	TRAPPC6B
12	57910371	57914300	ENSG00000175197	DDIT3
22	23054174	23055688	ENSG00000211662	IGLV3-21
HSCHR6_MHC_COX	31340324	31340538	ENSG00000225145	HLA-S
2	233470767	233547491	ENSG00000115468	EFHD1
HSCHR6_MHC_COX	31360424	31360522	ENSG00000264692	Y_RNA
12	75433857	75603648	ENSG00000166006	KCNC2
HSCHR6_MHC_COX	31376218	31376551	ENSG00000257192	AL662866.1
10	104613980	104624718	ENSG00000166275	C10orf32
14	68113792	68141548	ENSG00000100568	VTI1B
22	23063108	23063630	ENSG00000211663	IGLV3-19
HSCHR6_MHC_COX	31399874	31405174	ENSG00000234858	LINC01149
HSCHR6_MHC_DBB	30757111	30789111	ENSG00000227596	LINC00243
18	43427574	43547240	ENSG00000152223	EPG5
HSCHR6_MHC_COX	31418402	31421036	ENSG00000237105	HCP5
HSCHR6_MHC_DBB	30797975	30806609	ENSG00000231733	XXbac-BPG27H4.8
22	23077095	23077584	ENSG00000211664	IGLV2-18
X	47077259	47089396	ENSG00000102225	CDK16
22	23089870	23090398	ENSG00000211665	IGLV3-16
HSCHR6_MHC_DBB	30822711	30823013	ENSG00000265255	7SK
HSCHR6_MHC_DBB	30825443	30834387	ENSG00000236492	DDR1-AS1
HSCHR6_MHC_COX	31451933	31452034	ENSG00000264846	Y_RNA
HSCHR6_MHC_DBB	30849365	30849454	ENSG00000265505	MIR4640
13	60239717	60738121	ENSG00000139734	DIAPH3
HSCHR6_MHC_SSTO	30308313	30308447	ENSG00000234799	HLA-N
HSCHR6_MHC_COX	31474726	31475537	ENSG00000236415	PPIAP9
HSCHR6_MHC_DBB	30865366	30865629	ENSG00000264264	Metazoa_SRP
22	23101189	23101707	ENSG00000211666	IGLV2-14
HSCHR6_MHC_DBB	30891109	30891200	ENSG00000266841	Y_RNA
HSCHR6_MHC_COX	31483349	31483928	ENSG00000230211	RPL15P4
HSCHR6_MHC_DBB	30904474	30913356	ENSG00000235747	HCG21
HSCHR6_MHC_COX	31491609	31491684	ENSG00000263359	SNORD83
1	151772740	151778630	ENSG00000213171	LINGO4
HSCHR6_MHC_SSTO	30313130	30313217	ENSG00000258194	BX294158.5
HSCHR6_MHC_COX	31496333	31496410	ENSG00000265607	SNORD83
1	2121237	2123179	ENSG00000269554	AL590822.2
HSCHR6_MHC_SSTO	30316175	30316808	ENSG00000235877	HCG19P
HSCHR6_MHC_COX	31497536	31498370	ENSG00000232256	DDX39B-AS1
19	10751715	10752093	ENSG00000226104	AC011475.1
1	2143360	2145620	ENSG00000203301	AL590822.1
22	23114317	23115079	ENSG00000211667	IGLV3-12
5	147691982	147695485	ENSG00000145879	SPINK7
3	143690640	143767561	ENSG00000181744	C3orf58
19	58978423	58984945	ENSG00000083812	ZNF324
HSCHR6_MHC_SSTO	30319997	30321165	ENSG00000230441	UBQLN1P1
22	23134980	23135496	ENSG00000211668	IGLV2-11
7	100054238	100061894	ENSG00000185955	C7orf61
1	2160134	2241558	ENSG00000157933	SKI
HSCHR6_MHC_SSTO	30321364	30321487	ENSG00000257248	BX294158.2
HSCHR6_MHC_SSTO	30325064	30325172	ENSG00000257841	BX294158.4
HSCHR6_MHC_SSTO	30339425	30339509	ENSG00000258211	BX294158.6
22	23154244	23154782	ENSG00000211669	IGLV3-10
2	74119441	74146992	ENSG00000163017	ACTG2
HSCHR6_MHC_MANN	30732675	30737900	ENSG00000232575	TUBB
X	129473874	129507335	ENSG00000102078	SLC25A14
4	39460620	39479273	ENSG00000121897	LIAS
7	100060982	100076902	ENSG00000166925	TSC22D4
1	224415036	224518089	ENSG00000143748	NVL
5	169291268	169407744	ENSG00000204767	FAM196B
11	68747490	68748455	ENSG00000172938	MRGPRD
HSCHR6_MHC_DBB	30956227	30956528	ENSG00000258014	CR759747.1
HSCHR6_MHC_DBB	30988743	30993542	ENSG00000234461	XXbac-BPG118E17.9
X	154289897	154299637	ENSG00000182712	CMC4
HSCHR6_MHC_DBB	31015766	31021436	ENSG00000229501	HCG22
3	45927996	45944667	ENSG00000173585	CCR9
7	93407151	93407826	ENSG00000225898	AC002075.3
19	58985384	58992597	ENSG00000083838	ZNF446
HSCHR6_MHC_DBB	31044569	31044668	ENSG00000263467	U6
5	169532901	169536727	ENSG00000168269	FOXI1
HSCHR6_MHC_DBB	31084165	31084334	ENSG00000257626	CR753819.2
11	68771863	68780877	ENSG00000172935	MRGPRF
3	52027616	52029958	ENSG00000162244	RPL29
7	93474101	93474643	ENSG00000213483	NDUFAF4P2
HSCHR6_MHC_DBB	31091816	31092136	ENSG00000258281	CR753819.4
18	67956137	67997436	ENSG00000170677	SOCS6
3	120111140	120170100	ENSG00000163430	FSTL1
HSCHR6_MHC_DBB	31095845	31096065	ENSG00000257739	CR753819.3
HSCHR6_MHC_DBB	31102242	31102428	ENSG00000232007	POLR2LP
7	93520225	93522913	ENSG00000234695	AC002076.10
HSCHR6_MHC_DBB	31135256	31139421	ENSG00000231450	PSORS1C3
9	136243117	136271220	ENSG00000198870	C9orf96
7	93598754	93640425	ENSG00000236861	AC006378.2
2	47143296	47303276	ENSG00000068724	TTC7A
4	1385340	1389780	ENSG00000179979	CRIPAK
HSCHR6_MHC_DBB	31159280	31165485	ENSG00000234079	HCG27
18	68002675	68019695	ENSG00000266258	RP11-41O4.1
7	93652145	93695973	ENSG00000236453	AC003092.1
10	52559169	52645435	ENSG00000148584	A1CF
5	169659451	169679579	ENSG00000234511	C5orf58
4	1396720	1400119	ENSG00000235608	NKX1-1
5	147698550	147701891	ENSG00000268126	AC091948.1
HG325_PATCH	50304990	50314978	ENSG00000262015	SEMA3B
7	93701071	93706469	ENSG00000236938	AC003092.2
12	33527173	33592754	ENSG00000110975	SYT10
1	63906441	64059392	ENSG00000142856	ITGB3BP
7	94124611	94124716	ENSG00000222870	RNU6-1328P
18	68297755	68317980	ENSG00000263417	GTSCR1
17	79869815	79879199	ENSG00000187531	SIRT7
5	147700766	147719412	ENSG00000204909	SPINK9
7	94324339	94325131	ENSG00000232385	RPS3AP25
10	96997329	97050781	ENSG00000107438	PDLIM1
18	69399851	69455364	ENSG00000265352	RP11-723G8.2
7	94341721	94341823	ENSG00000239030	RNU6-956P
1	151778547	151804348	ENSG00000143365	RORC
4	119809996	119982402	ENSG00000172403	SYNPO2
7	94367964	94368723	ENSG00000214342	ATP5F1P2
7	44418720	44530479	ENSG00000015676	NUDCD3
12	57914493	57923931	ENSG00000166987	MBD6
10	8092413	8095447	ENSG00000197308	GATA3-AS1
4	1619642	1686029	ENSG00000174137	FAM53A
22	37956454	37965412	ENSG00000128283	CDC42EP1
10	8093504	8095047	ENSG00000232638	RP11-379F12.4
9	36336393	36487545	ENSG00000137075	RNF38
18	70203915	70305756	ENSG00000141668	CBLN2
3	52082935	52090566	ENSG00000164086	DUSP7
10	8094205	8095412	ENSG00000243350	RP11-379F12.3
7	6201407	6312275	ENSG00000008256	CYTH3
3	195723609	195725104	ENSG00000231464	AC024937.4
3	195771566	195772125	ENSG00000228413	AC024937.2
17	61972275	61974021	ENSG00000136488	CSH1
1	2252692	2323146	ENSG00000116151	MORN1
10	8203223	8204155	ENSG00000225053	PRPF38AP1
19	58990879	59023780	ENSG00000083807	SLC27A5
3	195799690	195799751	ENSG00000252174	RNU7-18P
3	195869507	195887761	ENSG00000224652	LINC00885
16	71315292	71323618	ENSG00000180917	CMTR2
19	46282695	46289231	ENSG00000268434	AC011530.4
3	195929220	195929324	ENSG00000222335	Y_RNA
5	43039335	43043272	ENSG00000177721	ANXA2R
3	195977413	195978525	ENSG00000228028	AC069257.8
5	119799973	120023027	ENSG00000184838	PRR16
7	100081550	100092422	ENSG00000166924	NYAP1
7	84624869	84816171	ENSG00000153993	SEMA3D
22	37966255	37978623	ENSG00000100079	LGALS2
1	26856252	26901521	ENSG00000117676	RPS6KA1
16	3019246	3023490	ENSG00000162073	PAQR4
4	1694527	1714282	ENSG00000163950	SLBP
9	136271186	136283164	ENSG00000148300	REXO4
10	8301294	8310268	ENSG00000232170	LINC00708
HSCHR6_MHC_COX	32111094	32140316	ENSG00000235396	NOTCH4
19	46286205	46296060	ENSG00000185800	DMWD
17	26982575	26983001	ENSG00000240494	RPS12P28
12	75669759	75784708	ENSG00000180881	CAPS2
10	8340860	8343630	ENSG00000226861	RP5-1119O21.2
14	88471468	88478419	ENSG00000140030	GPR65
17	26997072	26999822	ENSG00000265205	AC010761.13
10	8442823	8503826	ENSG00000226990	RP11-543F8.2
17	27047568	27047634	ENSG00000238423	SNORD42B
18	70409549	70535381	ENSG00000166342	NETO1
2	219575568	219620139	ENSG00000135912	TTLL4
17	27048505	27049895	ENSG00000264577	AC010761.8
19	59024897	59050278	ENSG00000119574	ZBTB45
17	27049600	27049671	ENSG00000238578	SNORD4A
18	2847028	2915991	ENSG00000132205	EMILIN2
17	27050447	27050510	ENSG00000238649	SNORD42A
17	27050700	27050771	ENSG00000238597	SNORD4B
14	39644387	39652422	ENSG00000100941	PNN
17	27054276	27054757	ENSG00000267729	AC010761.14
17	27059981	27070120	ENSG00000265073	AC010761.6
16	71392616	71424341	ENSG00000172137	CALB2
HSCHR6_MHC_COX	31566274	31566547	ENSG00000227650	UQCRHP1
17	27072587	27074670	ENSG00000265474	AC010761.9
HSCHR6_MHC_COX	31578266	31578397	ENSG00000263879	SNORA38
17	27076749	27077097	ENSG00000265840	AC010761.10
HSCHR6_MHC_COX	31613489	31615925	ENSG00000258192	AL670886.2
16	3062457	3064506	ENSG00000213937	CLDN9
14	68126537	68157084	ENSG00000258466	RP11-1012A1.4
HSCHR6_MHC_SSTO	30349387	30349474	ENSG00000257791	BX294158.3
X	154299695	154351349	ENSG00000185515	BRCC3
14	88649113	88793251	ENSG00000100433	KCNK10
HSCHR6_MHC_SSTO	30349902	30349989	ENSG00000258318	BX294158.7
22	23161507	23162253	ENSG00000211670	IGLV3-9
19	46298968	46318577	ENSG00000104941	RSPH6A
16	3064713	3070072	ENSG00000184697	CLDN6
HSCHR6_MHC_SSTO	30371601	30376206	ENSG00000231785	MICC
5	43065278	43192123	ENSG00000172262	ZNF131
3	52097076	52097567	ENSG00000256097	LINC00696
11	68816365	68858072	ENSG00000162341	TPCN2
6	34433916	34503006	ENSG00000124507	PACSIN1
22	23165153	23165787	ENSG00000211671	IGLV2-8
22	23213686	23214214	ENSG00000211672	IGLV4-3
HSCHR6_MHC_SSTO	30377450	30377537	ENSG00000257247	BX294158.1
HSCHR6_MHC_SSTO	30413826	30413949	ENSG00000257469	BX936375.1
6	43005355	43021683	ENSG00000044090	CUL7
18	2916992	3013313	ENSG00000101577	LPIN2
22	23222886	23223576	ENSG00000211673	IGLV3-1
15	40697686	40728146	ENSG00000128928	IVD
3	15642848	15687329	ENSG00000169814	BTD
16	3068446	3072384	ENSG00000006327	TNFRSF12A
HSCHR6_MHC_SSTO	30423332	30424869	ENSG00000230422	TMPOP1
11	18551156	18610294	ENSG00000151116	UEVLD
3	52109269	52188706	ENSG00000164087	POC1A
1	63989043	64038364	ENSG00000203965	EFCAB7
4	187025573	187093821	ENSG00000109794	FAM149A
2	85569211	85581743	ENSG00000042445	RETSAT
22	23229960	23238287	ENSG00000254709	IGLL5
19	59055458	59062089	ENSG00000130726	TRIM28
X	47092089	47107727	ENSG00000102226	USP11
HSCHR6_MHC_SSTO	30425679	30427048	ENSG00000237865	SUCLA2P1
HSCHR6_MHC_SSTO	30445152	30445802	ENSG00000137321	RANP1
HSCHR6_MHC_SSTO	30447513	30447597	ENSG00000257712	BX936369.5
7	151253197	151574210	ENSG00000106617	PRKAG2
17	27129462	27129840	ENSG00000243053	RPL31P58
22	23235872	23235998	ENSG00000211674	IGLJ1
10	104614029	104661656	ENSG00000270316	C10orf32-ASMT
1	151810295	151813033	ENSG00000225556	C2CD4D
17	27161740	27161840	ENSG00000238516	Y_RNA
HSCHR6_MHC_SSTO	30447934	30448060	ENSG00000257177	BX936369.1
17	27175878	27176610	ENSG00000264138	RP11-20B24.3
HSCHR6_MHC_SSTO	30451049	30451133	ENSG00000257646	BX936369.4
8	22224762	22291642	ENSG00000104635	SLC39A14
15	44580927	44707956	ENSG00000166734	CASC4
22	23237555	23238014	ENSG00000211675	IGLC1
17	27188090	27188984	ENSG00000264066	MIR451B
22	38004481	38029571	ENSG00000100083	GGA1
HSCHR6_MHC_SSTO	30457572	30458162	ENSG00000257457	BX936369.3
8	99076539	99105838	ENSG00000177459	C8orf47
HSCHR6_MHC_SSTO	30462426	30462546	ENSG00000257902	BX936369.6
22	23241661	23241835	ENSG00000211676	IGLJ2
4	120056939	120108944	ENSG00000172399	MYOZ2
3	196024932	196025086	ENSG00000237418	AC069257.6
HSCHR6_MHC_SSTO	30463127	30463248	ENSG00000257338	BX936369.2
3	45959396	46037316	ENSG00000163820	FYCO1
19	34112861	34264414	ENSG00000124302	CHST8
HSCHR6_MHC_SSTO	30468900	30468972	ENSG00000258269	BX248096.3
3	196045201	196052441	ENSG00000235897	TM4SF19-AS1
10	104629273	104661656	ENSG00000214435	AS3MT
1	151819739	151826173	ENSG00000196407	THEM5
22	23243156	23243617	ENSG00000211677	IGLC2
12	34175216	34182629	ENSG00000139133	ALG10
HSCHR6_MHC_SSTO	30470622	30470706	ENSG00000257428	BX248096.1
3	196068480	196068586	ENSG00000212146	RNU6-910P
HSCHR6_MHC_SSTO	30471722	30471809	ENSG00000258004	BX248096.2
3	196120581	196120683	ENSG00000206644	RNU6-1279P
22	23247030	23247205	ENSG00000211678	IGLJ3
3	196124382	196124649	ENSG00000241868	RN7SL434P
3	196126782	196127077	ENSG00000243339	RN7SL738P
12	51441745	51454207	ENSG00000050426	LETMD1
3	196150193	196150393	ENSG00000226345	AC083822.2
16	3072621	3074287	ENSG00000103145	HCFC1R1
1	2258581	2259042	ENSG00000269753	AL589739.1
HSCHR6_MHC_SSTO	30475463	30478417	ENSG00000232523	XXbac-BPG249D20.9
3	196158235	196160242	ENSG00000225822	UBXN7-AS1
HSCHR6_MHC_DBB	31161685	31163437	ENSG00000228469	XXbac-BPG299F13.14
10	120967101	121215131	ENSG00000198873	GRK5
22	23248512	23248973	ENSG00000211679	IGLC3
HSCHR6_MHC_DBB	31223320	31223661	ENSG00000257245	CR388229.1
3	196179867	196179926	ENSG00000225240	AC117490.2
3	196201672	196202265	ENSG00000273013	CTD-2002J20.1
HSCHR6_MHC_DBB	31235517	31238689	ENSG00000236374	USP8P1
3	196254210	196255662	ENSG00000213358	AC092933.4
HSCHR6_MHC_SSTO	30489684	30490770	ENSG00000257798	CR751550.2
4	120113928	120133799	ENSG00000178636	RP11-455G16.1
3	196263403	196263573	ENSG00000225770	AC092933.3
HSCHR6_MHC_SSTO	30492089	30492213	ENSG00000257554	CR751550.1
13	60970591	61148012	ENSG00000083544	TDRD3
3	196358369	196359458	ENSG00000232065	LINC01063
22	23252744	23252776	ENSG00000211680	IGLJ4
3	196435730	196435835	ENSG00000201441	RNU6-646P
HSCHR6_MHC_SSTO	30508204	30508325	ENSG00000257333	BX248518.1
3	196474063	196474195	ENSG00000272359	U4
3	196511851	196511957	ENSG00000206892	RNU6-42P
22	23256408	23256479	ENSG00000211681	IGLJ5
3	196639821	196641450	ENSG00000230732	AC127904.2
4	79472673	79531597	ENSG00000138772	ANXA3
1	64014588	64015405	ENSG00000116652	DLEU2L
HSCHR6_MHC_SSTO	30543533	30543618	ENSG00000264579	hsa-mir-877
1	224544552	224567161	ENSG00000143771	CNIH4
3	196666748	196669405	ENSG00000225578	NCBP2-AS1
7	94412198	94412837	ENSG00000230682	GRPEL2P3
22	23260304	23260373	ENSG00000211682	IGLJ6
HSCHR6_MHC_MANN	30740183	30755207	ENSG00000236271	FLOT1
19	46318668	46366548	ENSG00000125755	SYMPK
1	151846060	151882284	ENSG00000159445	THEM4
3	196669494	196670411	ENSG00000270170	NCBP2-AS2
HSCHR6_MHC_SSTO	30575427	30575503	ENSG00000272450	BX119957.2
HSCHR6_MHC_SSTO	30592831	30593097	ENSG00000224889	PTMAP1
3	196710761	196714429	ENSG00000233487	AC011322.1
7	94430826	94431124	ENSG00000222220	RN7SKP129
1	2323267	2336883	ENSG00000157916	RER1
7	94463216	94463759	ENSG00000219807	ARF1P1
22	23263562	23263607	ENSG00000211684	IGLJ7
3	196726331	196731615	ENSG00000228109	MFI2-AS1
22	23264766	23265203	ENSG00000211685	IGLC7
HSCHR6_MHC_SSTO	30607865	30607958	ENSG00000263998	BX119957.1
HSCHR6_MHC_SSTO	30662293	30672409	ENSG00000236522	MDC1-AS1
8	48173167	48648868	ENSG00000164808	SPIDR
7	94647475	94647709	ENSG00000271159	GS1-200K5.1
7	94647719	94647866	ENSG00000231153	AC002429.4
15	40731920	40760441	ENSG00000140320	BAHD1
HSCHR6_MHC_COX	31613520	31615911	ENSG00000235516	C6orf47-AS1
7	94727539	94727679	ENSG00000201607	RNU4-16P
19	34286838	34306668	ENSG00000153885	KCTD15
9	36572859	36677678	ENSG00000165304	MELK
7	94784025	94843644	ENSG00000236197	AC002429.5
7	100136834	100165842	ENSG00000106351	AGFG2
15	72533522	72565340	ENSG00000137817	PARP6
HSCHR6_MHC_COX	31618481	31618594	ENSG00000266759	Y_RNA
4	120133742	120216672	ENSG00000145390	USP53
7	94905898	94905996	ENSG00000238384	snoU13
HSCHR6_MHC_COX	31656222	31656284	ENSG00000266384	MIR4646
22	23401593	23487208	ENSG00000100218	RTDR1
7	94978030	94978222	ENSG00000237160	AC004022.7
HSCHR6_MHC_COX	31712110	31712212	ENSG00000265409	RNU6-1030P
HSCHR6_MHC_COX	31719469	31720748	ENSG00000238017	SAPCD1-AS1
19	10764937	10803093	ENSG00000129351	ILF3
HSCHR6_MHC_COX	31733961	31734049	ENSG00000264955	Y_RNA
7	94979476	94980541	ENSG00000228751	AC004022.8
3	183892477	183901879	ENSG00000161203	AP2M1
HSCHR6_MHC_COX	31790412	31790474	ENSG00000264202	SNORD48
HSCHR6_MHC_COX	31792223	31792289	ENSG00000263362	SNORD52
HSCHR6_MHC_COX	31839088	31839381	ENSG00000223557	DAQB-331I12.5
7	95045420	95045774	ENSG00000273138	GS1-293C5.1
7	95101147	95103310	ENSG00000233942	AC004012.1
HSCHR6_MHC_COX	31889778	31897053	ENSG00000227884	C4B-AS1
HSCHR6_MHC_COX	31912168	31912269	ENSG00000266406	hsa-mir-1236
7	95159502	95159787	ENSG00000203505	AC003079.1
1	64058947	64125916	ENSG00000079739	PGM1
HSCHR6_MHC_COX	31948953	31952482	ENSG00000236587	XXbac-BPG116M5.15
10	8514682	8514915	ENSG00000271251	RP11-543F8.3
7	95225994	95243031	ENSG00000231170	AC002451.3
18	70818476	70931715	ENSG00000263711	RP11-169F17.1
HSCHR6_MHC_COX	31994748	31994868	ENSG00000265816	5S_rRNA
HSCHR6_MHC_COX	32231665	32231814	ENSG00000257420	AL845557.1
10	8555650	8557069	ENSG00000213771	KRT8P37
4	1717679	1723085	ENSG00000168936	TMEM129
HSCHR6_MHC_COX	32241597	32242556	ENSG00000231275	HNRNPA1P2
7	95848974	95849068	ENSG00000208025	MIR591
7	95912669	95913116	ENSG00000237551	AC096775.2
HSCHR6_MHC_COX	32268901	32269007	ENSG00000263869	RNU6-825P
10	8661896	8662571	ENSG00000236420	CHCHD3P1
7	95936072	95936172	ENSG00000220987	AC084368.1
HSCHR6_MHC_COX	32306512	32309680	ENSG00000225834	HCG23
7	95959950	95960056	ENSG00000207045	RNU6-532P
7	95970452	95970558	ENSG00000207115	RNU6-364P
HSCHR6_MHC_SSTO	30695531	30695641	ENSG00000263610	Y_RNA
7	96007169	96007232	ENSG00000252872	RNU7-188P
5	121187650	121188519	ENSG00000181867	FTMT
17	55821842	55822673	ENSG00000166329	CCDC182
HSCHR6_MHC_SSTO	30710246	30710493	ENSG00000263912	Metazoa_SRP
7	96097643	96097734	ENSG00000238385	AC004458.1
7	96251318	96293650	ENSG00000272377	RP11-682N22.1
1	151955391	151966866	ENSG00000197747	S100A10
HSCHR6_MHC_SSTO	30747883	30751451	ENSG00000238216	HCG20
HSCHR6_MHC_COX	32375803	32389501	ENSG00000227526	HLA-DRB9
14	68143518	68162531	ENSG00000072042	RDH11
17	46634624	46637695	ENSG00000239552	HOXB-AS2
18	43563502	43652238	ENSG00000152229	PSTPIP2
17	27219487	27220360	ENSG00000264304	RP11-20B24.7
17	46656992	46659621	ENSG00000257178	MIR10A
HSCHR6_MHC_SSTO	30757842	30789807	ENSG00000237890	LINC00243
5	121297656	121411265	ENSG00000151304	SRFBP1
17	35732928	35749662	ENSG00000167230	C17orf78
17	55916842	55927417	ENSG00000181610	MRPS23
17	27224756	27226412	ENSG00000266642	RP11-20B24.4
X	47229982	47273704	ENSG00000147117	ZNF157
17	46706037	46712294	ENSG00000242207	HOXB-AS4
HSCHR6_MHC_SSTO	30793113	30793333	ENSG00000258241	BX571801.1
HSCHR6_MHC_SSTO	30989085	30993888	ENSG00000229126	XXbac-BPG118E17.9
17	46709852	46709921	ENSG00000210741	MIR196A1
HSCHR6_MHC_SSTO	31016108	31021766	ENSG00000237093	HCG22
11	62414320	62420774	ENSG00000185085	INTS5
18	3066805	3220106	ENSG00000101605	MYOM1
17	46713285	46724385	ENSG00000272763	RP11-357H14.17
HSCHR6_MHC_SSTO	31044940	31045039	ENSG00000266626	U6
17	27253293	27271767	ENSG00000265845	RP11-20B24.5
13	61983818	62002220	ENSG00000197991	PCDH20
3	145782358	145784156	ENSG00000232013	AC107021.1
18	71740588	71815100	ENSG00000141665	FBXO15
22	23412540	23467224	ENSG00000128266	GNAZ
HSCHR6_MHC_COX	32409334	32409482	ENSG00000265223	RNU1-79P
HSCHR6_MHC_MANN	30755673	30757028	ENSG00000230128	IER3
11	62417166	62432650	ENSG00000255432	RP11-831H9.11
5	71616194	71656052	ENSG00000049883	PTCD2
HSCHR6_MHC_COX	32447524	32447670	ENSG00000264909	U1
16	3074028	3077756	ENSG00000131652	THOC6
11	69061605	69182494	ENSG00000172927	MYEOV
11	18627948	18656338	ENSG00000179119	SPTY2D1
2	175199674	175203220	ENSG00000217236	SP9
17	46760729	46781844	ENSG00000262745	CTD-2377D24.8
HSCHR6_MHC_COX	32450947	32465488	ENSG00000232156	HLA-DRB2
8	99114572	99129469	ENSG00000132541	HRSP12
17	46767843	46767986	ENSG00000244559	CTD-2377D24.2
7	96487494	96488930	ENSG00000227284	MARK2P10
9	136279478	136324508	ENSG00000160323	ADAMTS13
7	96569382	96569676	ENSG00000244318	RN7SL252P
2	175200601	175202151	ENSG00000268241	AC018470.1
HSCHR6_MHC_COX	32473484	32473630	ENSG00000264259	RNU1-116P
17	27271814	27272412	ENSG00000265908	RP11-20B24.6
HSCHR6_MHC_COX	32550723	32551572	ENSG00000231677	HLA-DQB1-AS1
X	47305278	47342345	ENSG00000147124	ZNF41
1	152004982	152020383	ENSG00000163191	S100A11
17	46768478	46769056	ENSG00000242067	RPL9P28
13	64320934	64321323	ENSG00000226974	AL445989.1
HSCHR6_MHC_SSTO	31051901	31052166	ENSG00000257560	BX247900.2
HSCHR6_MHC_COX	32550729	32553324	ENSG00000243252	XXbac-BPG254F23.6
10	8698679	8698794	ENSG00000212505	RNA5SP299
7	96584453	96643377	ENSG00000231764	DLX6-AS1
HSCHR6_MHC_SSTO	31054557	31054985	ENSG00000258200	BX247900.4
10	8765973	8766251	ENSG00000270234	RP11-575N15.1
17	46782360	46784708	ENSG00000244649	CTD-2377D24.6
10	11784365	11806069	ENSG00000134463	ECHDC3
HSCHR6_MHC_SSTO	31059239	31062047	ENSG00000198143	BX247900.1
10	8939952	8956559	ENSG00000234752	RP11-428L9.1
3	15708743	15901278	ENSG00000206560	ANKRD28
HSCHR6_MHC_SSTO	31061287	31061564	ENSG00000257701	BX247900.3
10	9012088	9015431	ENSG00000223808	RP11-428L9.2
HSCHR6_MHC_SSTO	31135606	31139772	ENSG00000224056	PSORS1C3
17	46791092	46791321	ENSG00000241788	COX6B1P2
10	9317796	9329020	ENSG00000230014	LINC00709
5	147763498	147822399	ENSG00000145868	FBXO38
11	62430287	62439727	ENSG00000162194	C11orf48
10	9763926	9766379	ENSG00000235838	HSP90AB7P
4	1723227	1746898	ENSG00000013810	TACC3
17	46800530	46802819	ENSG00000229637	PRAC2
10	9800746	9801200	ENSG00000228636	RP5-1051H14.2
8	145149930	145152428	ENSG00000179091	CYC1
12	120648250	120703574	ENSG00000089159	PXN
17	4848947	4852356	ENSG00000108518	PFN1
10	10100685	10105465	ENSG00000224788	RP5-933E2.1
2	175212750	175260443	ENSG00000138433	CIR1
17	46801770	46801837	ENSG00000263602	MIR3185
13	66876967	67804468	ENSG00000184226	PCDH9
17	46810453	46811250	ENSG00000242407	CTD-2377D24.4
10	10216193	10216540	ENSG00000229919	TCEB1P3
17	46842918	46843209	ENSG00000244514	RN7SL125P
22	23487513	23506537	ENSG00000100228	RAB36
11	69455855	69469242	ENSG00000110092	CCND1
17	46952222	46986345	ENSG00000248278	SUMO2P17
15	40763160	40765353	ENSG00000169105	CHST14
17	55938604	56032684	ENSG00000180891	CUEDC1
4	187111913	187112626	ENSG00000269302	AC110771.1
17	46958202	46958329	ENSG00000212565	SNORA68
1	152056620	152061540	ENSG00000182898	TCHHL1
17	46958484	46958678	ENSG00000248895	RP11-463M16.5
1	224572845	224624735	ENSG00000162923	WDR26
16	71481500	71496998	ENSG00000167377	ZNF23
17	46976493	46977110	ENSG00000270781	RP11-501C14.9
17	47009153	47014462	ENSG00000230532	AC091133.1
11	18714669	18726332	ENSG00000151117	TMEM86A
17	47026723	47026882	ENSG00000200903	RNU1-42P
12	38710380	38717784	ENSG00000175548	ALG10B
17	47034012	47034115	ENSG00000238804	snoU13
X	47342970	47344207	ENSG00000196741	CXorf24
4	187112674	187134610	ENSG00000145476	CYP4V2
17	47072628	47074854	ENSG00000250838	RP11-501C14.5
5	121398890	121413980	ENSG00000113083	LOX
17	47082093	47091087	ENSG00000251461	RP11-501C14.6
2	233562009	233725285	ENSG00000204120	GIGYF2
8	99129525	99172062	ENSG00000104356	POP1
2	27476552	27498685	ENSG00000115194	SLC30A3
17	47113714	47113817	ENSG00000252636	RNU6-826P
17	47114484	47114791	ENSG00000251550	RP11-501C14.7
X	154425284	154468098	ENSG00000155959	VBP1
1	152078793	152086556	ENSG00000159450	TCHH
3	145787227	145881440	ENSG00000152952	PLOD2
13	70274726	70682591	ENSG00000150361	KLHL1
X	47420516	47431307	ENSG00000078061	ARAF
15	40820882	40857256	ENSG00000128891	C15orf57
1	64239693	64647181	ENSG00000185483	ROR1
11	18725852	18747777	ENSG00000179057	IGSF22
22	38030661	38062939	ENSG00000100092	SH3BP1
1	152126071	152131704	ENSG00000215853	RPTN
11	117156402	117186975	ENSG00000186318	BACE1
HSCHR6_MHC_SSTO	31159624	31165828	ENSG00000231281	HCG27
19	59062933	59066491	ENSG00000130724	CHMP2A
HSCHR6_MHC_SSTO	31162029	31163780	ENSG00000229075	XXbac-BPG299F13.14
15	44719432	44821236	ENSG00000137770	CTDSPL2
17	40910465	40915059	ENSG00000131477	RAMP2
HSCHR6_MHC_COX	32597337	32598168	ENSG00000228845	MTCO3P1
HSCHR6_MHC_SSTO	31235931	31239103	ENSG00000225029	USP8P1
HSCHR6_MHC_COX	32609187	32610017	ENSG00000232026	XXbac-BPG254F23.7
1	2336236	2345236	ENSG00000157911	PEX10
HG325_PATCH	50316459	50325546	ENSG00000261869	LSMEM2
7	86273230	86494200	ENSG00000198822	GRM3
HSCHR6_MHC_COX	32621915	32622852	ENSG00000224793	HLA-DQB3
1	152184558	152196669	ENSG00000197915	HRNR
17	27336817	27338027	ENSG00000263613	RP11-321A17.5
8	145153536	145163027	ENSG00000179526	SHARPIN
17	27339883	27343530	ENSG00000238007	AC024619.2
17	9799637	9808938	ENSG00000109047	RCVRN
HSCHR6_MHC_SSTO	31240666	31241865	ENSG00000227672	RPL3P2
HSCHR6_MHC_SSTO	31248142	31249593	ENSG00000225403	WASF5P
17	27348338	27348658	ENSG00000263781	RP11-321A17.3
HSCHR6_MHC_SSTO	31268479	31269213	ENSG00000226834	XXbac-BPG248L24.10
11	62432781	62435968	ENSG00000214756	METTL12
6	34505579	34524110	ENSG00000124664	SPDEF
8	22298332	22398652	ENSG00000120910	PPP3CC
10	10274574	10274675	ENSG00000200849	Y_RNA
17	4851387	4860426	ENSG00000108515	ENO3
10	10299132	10299429	ENSG00000272436	CUX2P1
10	10407143	10408450	ENSG00000234306	RP11-271F18.1
HG325_PATCH	50325164	50330027	ENSG00000263093	IFRD2
10	10461501	10504312	ENSG00000270111	RP11-271F18.4
4	79697496	79837526	ENSG00000138756	BMP2K
19	34663409	34720420	ENSG00000257103	LSM14A
10	10818186	10818624	ENSG00000228997	RP1-186E20.1
3	120315156	120321347	ENSG00000065518	NDUFB4
1	64669310	64733051	ENSG00000177414	UBE2U
6	36164521	36200567	ENSG00000096070	BRPF3
19	59067079	59070327	ENSG00000130725	UBE2M
10	10826400	10836943	ENSG00000225383	SFTA1P
1	152274651	152297679	ENSG00000143631	FLG
16	3077683	3086927	ENSG00000162069	CCDC64B
17	27467501	27482507	ENSG00000263709	RP11-321A17.4
17	27524089	27524803	ENSG00000264050	RP11-22N12.2
10	52750945	54058110	ENSG00000185532	PRKG1
3	186560463	186576252	ENSG00000181092	ADIPOQ
13	72012098	72441330	ENSG00000165659	DACH1
19	49792895	49828482	ENSG00000063127	SLC6A16
17	27530441	27531492	ENSG00000178082	TWF1P1
11	8932686	8941631	ENSG00000166452	AKIP1
17	27667500	27667840	ENSG00000239256	RPL35AP35
X	47431303	47479252	ENSG00000008056	SYN1
17	27679087	27731118	ENSG00000266111	RP11-296K13.4
12	10310902	10324737	ENSG00000173391	OLR1
17	27696735	27717795	ENSG00000264808	MIR4523
17	35766965	35839835	ENSG00000108264	TADA2A
17	27715578	27715701	ENSG00000222363	RNU4-34P
17	27717680	27717748	ENSG00000263719	MIR4523
17	27751780	27751885	ENSG00000253064	RNU6-711P
11	69467844	69490184	ENSG00000149716	ORAOV1
10	104678050	104849978	ENSG00000148842	CNNM2
18	43664110	43684300	ENSG00000152234	ATP5A1
6	34555065	34664636	ENSG00000196821	C6orf106
18	71815746	71826197	ENSG00000075336	TIMM21
11	62437745	62441159	ENSG00000204922	C11orf83
16	71481503	71523214	ENSG00000261611	AC010547.9
22	38054734	38062941	ENSG00000241360	PDXP
X	154487526	154493874	ENSG00000155961	RAB39B
HSCHR6_MHC_MANN	30893440	30912617	ENSG00000234078	DDR1
HSCHR6_MHC_SSTO	31327027	31327573	ENSG00000233161	DHFRP2
HSCHR6_MHC_SSTO	31330791	31330897	ENSG00000266784	U6
1	152321211	152332482	ENSG00000143520	FLG2
HSCHR6_MHC_SSTO	31338077	31338679	ENSG00000232244	FGFR3P
16	3096682	3110727	ENSG00000008516	MMP25
HSCHR6_MHC_SSTO	31341099	31341525	ENSG00000227405	ZDHHC20P2
HSCHR6_MHC_SSTO	31342777	31342994	ENSG00000226027	HLA-S
HSCHR6_MHC_SSTO	31362868	31362966	ENSG00000266250	Y_RNA
HSCHR6_MHC_SSTO	31378662	31378995	ENSG00000258195	BX005439.1
X	154505500	154563966	ENSG00000155962	CLIC2
HSCHR6_MHC_SSTO	31402326	31407629	ENSG00000226768	LINC01149
22	38071615	38075813	ENSG00000100097	LGALS1
HSCHR6_MHC_SSTO	31420864	31423498	ENSG00000230389	HCP5
1	64936428	65158741	ENSG00000158966	CACHD1
17	40925454	40931617	ENSG00000131475	VPS25
9	36833272	37034103	ENSG00000196092	PAX5
17	27772318	27772418	ENSG00000202205	RNU6-1034P
X	47441712	47446188	ENSG00000102265	TIMP1
17	27887565	28034108	ENSG00000264031	RP11-68I3.2
8	99202061	99306621	ENSG00000104361	NIPAL2
17	27896598	27897537	ENSG00000264290	RP11-68I3.4
1	152381719	152386739	ENSG00000143536	CRNN
2	74153953	74186088	ENSG00000114956	DGUOK
16	71498453	71598992	ENSG00000157429	ZNF19
21	45748827	45759285	ENSG00000160226	C21orf2
10	121259340	121302220	ENSG00000148908	RGS10
11	62443970	62446567	ENSG00000162191	UBXN1
4	120218207	120225600	ENSG00000164096	C4orf3
18	71920530	71959251	ENSG00000166347	CYB5A
17	47126902	47126986	ENSG00000264552	AC105030.1
17	47162873	47164064	ENSG00000248883	CTD-2244F11.2
6	31895475	31919825	ENSG00000244255	CFB
1	152483320	152484653	ENSG00000186207	LCE5A
17	47187124	47187413	ENSG00000271770	Metazoa_SRP
17	47225701	47226473	ENSG00000240995	RP11-708H21.1
X	154610428	154610944	ENSG00000198307	H2AFB2
HSCHR6_MHC_DBB	31240245	31241447	ENSG00000229430	RPL3P2
13	73282495	73301825	ENSG00000204899	MZT1
22	38077680	38170137	ENSG00000100101	NOL12
HSCHR6_MHC_DBB	31247438	31248892	ENSG00000229103	WASF5P
17	27918721	27919259	ENSG00000264647	RP11-68I3.7
X	154611749	154613449	ENSG00000198444	F8A2
11	18749475	18814268	ENSG00000110786	PTPN5
2	98330023	98356325	ENSG00000115085	ZAP70
HSCHR6_MHC_DBB	31266959	31267173	ENSG00000258020	CR759814.1
11	8941623	8954553	ENSG00000176029	C11orf16
1	224622362	224928251	ENSG00000143786	CNIH3
17	47249257	47250608	ENSG00000262973	RP11-708H21.4
HSCHR6_MHC_DBB	31267737	31268471	ENSG00000231710	XXbac-BPG248L24.10
1	152486978	152488486	ENSG00000169509	CRCT1
HSCHR6_MHC_DBB	31446485	31446586	ENSG00000263833	Y_RNA
17	47325601	47336024	ENSG00000177369	RP1-62O9.3
HSCHR6_MHC_COX	32641388	32641455	ENSG00000264412	MIR3135B
X	154686576	154688276	ENSG00000185990	F8A3
HSCHR6_MHC_DBB	31469457	31470268	ENSG00000231118	PPIAP9
HSCHR6_MHC_DBB	31478075	31478654	ENSG00000229535	RPL15P4
HSCHR6_MHC_COX	32734187	32736596	ENSG00000235540	TAPSAR1
17	47403202	47403263	ENSG00000251964	RNU7-135P
HSCHR6_MHC_DBB	31486334	31486409	ENSG00000266419	SNORD83
4	120238405	120243545	ENSG00000145384	FABP2
HSCHR6_MHC_DBB	31491059	31491136	ENSG00000264591	SNORD83
17	47438527	47447360	ENSG00000248714	RP11-1079K10.3
HSCHR6_MHC_DBB	31492262	31493096	ENSG00000236019	DDX39B-AS1
17	9813926	10101868	ENSG00000007237	GAS7
1	152538130	152539248	ENSG00000185966	LCE3E
HSCHR6_MHC_DBB	31561042	31561315	ENSG00000232683	UQCRHP1
3	197020749	197020819	ENSG00000265850	MIR4797
13	73302061	73330336	ENSG00000136122	BORA
HSCHR6_MHC_DBB	31573034	31573165	ENSG00000266004	SNORA38
22	23521891	23660224	ENSG00000186716	BCR
3	197025123	197030618	ENSG00000227375	DLG1-AS1
HSCHR6_MHC_DBB	31608288	31610680	ENSG00000227665	C6orf47-AS1
X	154689080	154689596	ENSG00000185978	H2AFB3
1	152551857	152552980	ENSG00000163202	LCE3D
HSCHR6_MHC_DBB	31608967	31609906	ENSG00000258330	CR753842.2
X	47483612	47489704	ENSG00000126759	CFP
3	197066328	197066422	ENSG00000238491	snoU13
HSCHR6_MHC_DBB	31613247	31613360	ENSG00000264353	Y_RNA
3	197171932	197185194	ENSG00000235126	AC128709.3
4	39500375	39529931	ENSG00000109814	UGDH
7	96635695	96637022	ENSG00000271956	DLX6-AS2
HSCHR6_MHC_DBB	31650981	31651043	ENSG00000265989	MIR4646
7	6369040	6388612	ENSG00000178397	FAM220A
19	46367247	46377055	ENSG00000170608	FOXA3
3	197177198	197183525	ENSG00000229912	AC128709.4
HSCHR6_MHC_DBB	31706913	31707015	ENSG00000263896	U6
7	96764327	96764873	ENSG00000224551	HMGB3P21
HSCHR6_MHC_DBB	31714272	31715550	ENSG00000227856	SAPCD1-AS1
3	197185276	197193976	ENSG00000237167	AC128709.2
7	96830020	96830795	ENSG00000224475	AC073900.4
HSCHR6_MHC_DBB	31728779	31728867	ENSG00000266113	Y_RNA
4	1795034	1810599	ENSG00000068078	FGFR3
7	96920826	96920908	ENSG00000221192	AC004745.1
3	197232133	197233857	ENSG00000272989	RP13-616I3.1
HSCHR6_MHC_DBB	31785230	31785292	ENSG00000264086	SNORD48
1	152573138	152573562	ENSG00000244057	LCE3C
7	97066830	97067208	ENSG00000226046	AC007316.3
HSCHR6_MHC_DBB	31787042	31787108	ENSG00000265707	SNORD52
7	97228245	97228572	ENSG00000199475	RN7SKP104
3	197232135	197233857	ENSG00000250443	AC128709.1
HSCHR6_MHC_DBB	31833723	31834016	ENSG00000236903	DAQB-331I12.5
19	46386866	46389376	ENSG00000170604	IRF2BP1
7	97499479	97499601	ENSG00000226744	AC079781.5
1	2357419	2436969	ENSG00000149527	PLCH2
HSCHR6_MHC_DBB	31884416	31891690	ENSG00000233692	C4B-AS1
19	34745442	34846491	ENSG00000166398	KIAA0355
7	97512594	97513107	ENSG00000235982	AC007875.3
15	44829255	44855227	ENSG00000104131	EIF3J
HSCHR6_MHC_DBB	31906802	31906903	ENSG00000265895	hsa-mir-1236
8	99413631	99955055	ENSG00000104375	STK3
7	97515180	97515386	ENSG00000231812	AC005326.2
1	152586287	152586574	ENSG00000187238	LCE3B
X	154719776	154899605	ENSG00000185973	TMLHE
19	46393278	46405862	ENSG00000176182	MYPOP
HSCHR6_MHC_DBB	31949954	31953483	ENSG00000232565	C4A-AS1
7	97527659	97528427	ENSG00000237818	RPS3AP29
15	40861499	40866659	ENSG00000166133	RPUSD2
7	97535284	97535431	ENSG00000221048	AC079781.1
16	31191431	31203127	ENSG00000089280	FUS
7	97535741	97536134	ENSG00000231859	AC007875.2
7	97537568	97537736	ENSG00000232032	AC079781.7
19	46416475	46418036	ENSG00000188425	NANOS2
12	1099675	1605099	ENSG00000082805	ERC1
HSCHR6_MHC_DBB	31955599	31958414	ENSG00000231759	CYP21A1P
9	136325089	136335970	ENSG00000160325	CACFD1
3	197305084	197354777	ENSG00000214135	AC024560.3
1	152595310	152595579	ENSG00000185962	LCE3A
7	86506222	86689015	ENSG00000164659	KIAA1324L
17	28256218	28435470	ENSG00000176927	EFCAB5
19	46436992	46476804	ENSG00000104967	NOVA2
1	152635872	152637135	ENSG00000187223	LCE2D
1	65210778	65298915	ENSG00000162437	RAVER2
HSCHR6_MHC_DBB	31958577	31962435	ENSG00000248352	TNXA
5	96096521	96143803	ENSG00000164307	ERAP1
X	47494920	47510003	ENSG00000126767	ELK1
1	152647771	152659877	ENSG00000159455	LCE2B
11	8959119	8964580	ENSG00000176009	ASCL3
14	88851268	88936694	ENSG00000042317	SPATA7
HSCHR6_MHC_DBB	31963233	31963750	ENSG00000249480	STK19P
HSCHR6_MHC_DBB	31976325	31979854	ENSG00000225512	XXbac-BPG116M5.15
HSCHR6_MHC_DBB	32016306	32016556	ENSG00000258261	CR753803.1
HSCHR6_MHC_DBB	32022103	32022223	ENSG00000266615	5S_rRNA
19	59073298	59084942	ENSG00000099326	MZF1
HSCHR6_MHC_DBB	32258940	32259089	ENSG00000257276	CR759737.1
HSCHR6_MHC_COX	32209049	32287940	ENSG00000234280	C6orf10
HSCHR6_MHC_DBB	32268872	32269831	ENSG00000230209	HNRNPA1P2
HSCHR6_MHC_DBB	32296178	32296284	ENSG00000265351	U6
1	152647771	152649050	ENSG00000187180	LCE2C
HSCHR6_MHC_DBB	32333789	32336965	ENSG00000226228	HCG23
HSCHR6_MHC_DBB	32402298	32415953	ENSG00000237591	HLA-DRB9
6	31919864	31926887	ENSG00000204356	NELFE
18	71983048	72026422	ENSG00000206043	C18orf63
HSCHR6_MHC_DBB	31570625	31587723	ENSG00000231370	PRRC2A
1	152670840	152671918	ENSG00000187173	LCE2A
2	192109911	192290115	ENSG00000128641	MYO1B
22	38093011	38172563	ENSG00000100106	TRIOBP
3	197307215	197307500	ENSG00000213519	AC132008.1
3	197361186	197362682	ENSG00000249626	RP11-496H1.1
9	37120536	37358146	ENSG00000147905	ZCCHC7
3	197372540	197372888	ENSG00000273308	RP11-496H1.2
3	197387436	197392628	ENSG00000236833	AC024560.2
3	197401367	197401447	ENSG00000216042	MIR922
X	99899215	99926296	ENSG00000102359	SRPX2
2	219646472	219680016	ENSG00000135929	CYP27A1
20	20033158	20341346	ENSG00000089101	C20orf26
1	152680636	152681967	ENSG00000187170	LCE4A
9	136336217	136344259	ENSG00000160326	SLC2A6
18	72102963	72125179	ENSG00000187773	FAM69C
X	47511197	47518560	ENSG00000126756	UXT
19	60105	71626	ENSG00000225373	WASH5P
10	74127098	74385899	ENSG00000107745	MICU1
15	40886218	40956540	ENSG00000137812	CASC5
2	74229840	74335303	ENSG00000187605	TET3
19	49838428	49846592	ENSG00000104894	CD37
1	152691998	152692905	ENSG00000198854	C1orf68
1	27022524	27108595	ENSG00000117713	ARID1A
11	69513000	69519410	ENSG00000162344	FGF19
4	79808281	79860592	ENSG00000163291	PAQR3
1	65298912	65432187	ENSG00000162434	JAK1
13	73329540	73356234	ENSG00000083520	DIS3
3	186648274	186796341	ENSG00000073849	ST6GAL1
19	71161	72719	ENSG00000267588	MIR1302-2
1	152730506	152734529	ENSG00000203786	KPRP
HSCHR6_MHC_SSTO	31454424	31454525	ENSG00000265509	Y_RNA
HSCHR6_MHC_SSTO	31477203	31478014	ENSG00000235596	PPIAP9
HSCHR6_MHC_SSTO	31485838	31486417	ENSG00000231623	RPL15P4
21	45770046	45862964	ENSG00000142185	TRPM2
X	47696301	47861960	ENSG00000197779	ZNF81
19	76220	77690	ENSG00000233630	FAM138F
11	69587254	69587718	ENSG00000268351	AP001888.1
5	169673241	169725231	ENSG00000043462	LCP2
HSCHR6_MHC_SSTO	31494098	31494173	ENSG00000263358	SNORD83
HSCHR6_MHC_SSTO	31498825	31498902	ENSG00000263442	SNORD83
11	69587797	69590171	ENSG00000075388	FGF4
1	152748848	152749445	ENSG00000240386	LCE1F
HSCHR6_MHC_SSTO	31500028	31500862	ENSG00000228245	DDX39B-AS1
HSCHR6_MHC_DBB	32428191	32428286	ENSG00000235577	DASS-397D15.4
3	197516571	197517240	ENSG00000273375	RP11-803P9.1
HSCHR6_MHC_DBB	32469329	32469736	ENSG00000234470	DASS-23B5.2
HSCHR6_MHC_SSTO	31568810	31569083	ENSG00000228926	UQCRHP1
HSCHR6_MHC_QBL	31597040	31610723	ENSG00000096155	BAG6
14	21853353	21924285	ENSG00000100888	CHD8
3	197557556	197558167	ENSG00000234136	AC055764.1
HSCHR6_MHC_DBB	32472044	32491190	ENSG00000233240	HLA-DRB7
HSCHR6_MHC_SSTO	31580798	31580929	ENSG00000263994	SNORA38
3	197577271	197577825	ENSG00000234742	AC144530.1
11	62453874	62457371	ENSG00000177363	LRRN4CL
11	69624992	69633792	ENSG00000186895	FGF3
HSCHR6_MHC_SSTO	31616046	31618436	ENSG00000227853	C6orf47-AS1
6	83782692	83782854	ENSG00000214479	AL139333.1
4	120415550	120550146	ENSG00000138735	PDE5A
HSCHR6_MHC_SSTO	31616725	31617664	ENSG00000257895	BX511262.3
HSCHR6_MHC_DBB	32474891	32476022	ENSG00000235391	FAM8A5P
1	152758690	152760902	ENSG00000186226	LCE1E
HSCHR6_MHC_SSTO	31621012	31621125	ENSG00000266716	Y_RNA
HSCHR6_MHC_SSTO	31630220	31630465	ENSG00000257238	BX511262.1
19	34850385	34893061	ENSG00000105220	GPI
HSCHR6_MHC_SSTO	31658768	31658830	ENSG00000265412	MIR4646
HSCHR6_MHC_SSTO	31714683	31714785	ENSG00000263638	U6
HSCHR6_MHC_SSTO	31736548	31736636	ENSG00000264778	Y_RNA
11	62457747	62494856	ENSG00000234857	HNRNPUL2-BSCL2
HSCHR6_MHC_SSTO	31843423	31843716	ENSG00000224766	DASS-36P22.4
HSCHR6_MHC_SSTO	31894078	31901352	ENSG00000225773	C4B-AS1
HSCHR6_MHC_SSTO	31916468	31916569	ENSG00000264555	hsa-mir-1236
HSCHR6_MHC_SSTO	31959605	31963150	ENSG00000232577	XXbac-BPG116M5.15
9	136379708	136393734	ENSG00000187616	TMEM8C
1	152769227	152770657	ENSG00000172155	LCE1D
HSCHR6_MHC_COX	32308863	32323110	ENSG00000224770	BTNL2
HSCHR6_MHC_SSTO	31965265	31968079	ENSG00000239882	CYP21A1P
2	85581517	85618875	ENSG00000115459	ELMOD3
17	47452742	47457456	ENSG00000250948	RP11-1079K10.2
19	94062	96511	ENSG00000266945	OR4G3P
X	47834250	47863377	ENSG00000147118	ZNF182
17	47477791	47478162	ENSG00000186244	RP11-1079K10.1
19	104535	105471	ENSG00000267310	OR4G1P
3	120347020	120401418	ENSG00000113924	HGD
17	47481443	47482559	ENSG00000250186	RP11-1079K10.4
19	145485	145812	ENSG00000267792	AC016626.1
17	47494106	47494212	ENSG00000207127	Y_RNA
X	99929488	99987110	ENSG00000102362	SYTL4
17	47500970	47502298	ENSG00000229944	AC004797.1
1	152777311	152779107	ENSG00000197084	LCE1C
3	52232102	52248343	ENSG00000023330	ALAS1
HG325_PATCH	50325175	50330350	ENSG00000273028	IFRD2
HSCHR6_MHC_MANN	30920643	30926565	ENSG00000233149	GTF2H4
17	47535223	47539111	ENSG00000249497	RP11-1079K10.5
17	47583019	47651426	ENSG00000249906	RP5-1029K10.2
8	99439250	99445076	ENSG00000156486	KCNS2
3	197621378	197621484	ENSG00000199306	RNU6-858P
HSCHR6_MHC_SSTO	31968243	31972101	ENSG00000234328	TNXA
3	197721472	197721580	ENSG00000201622	RNU6-621P
17	47622209	47655324	ENSG00000250310	RP5-1029K10.4
3	197765192	197766105	ENSG00000232832	LMLN-AS1
17	47638364	47638447	ENSG00000252789	AC006487.1
1	152784447	152785585	ENSG00000196734	LCE1B
17	47785696	47797422	ENSG00000250751	RP11-613C6.2
12	39040624	39301232	ENSG00000139117	CPNE8
17	47872705	47873031	ENSG00000235183	RP11-613C6.4
3	197780393	197807591	ENSG00000226435	ANKRD18DP
22	38201114	38203442	ENSG00000189060	H1F0
17	47911601	47913816	ENSG00000262837	RP11-304F15.7
1	152799949	152800573	ENSG00000186844	LCE1A
17	47923272	47926199	ENSG00000204584	RP11-304F15.3
1	225083964	225586996	ENSG00000185842	DNAH14
6	83870869	83903655	ENSG00000013375	PGM3
9	136397286	136440641	ENSG00000197859	ADAMTSL2
17	47964961	47978257	ENSG00000248954	RP11-304F15.4
1	152815344	152816459	ENSG00000235942	LCE6A
16	31212806	31214771	ENSG00000103490	PYCARD
HG325_PATCH	50330263	50336900	ENSG00000261855	HYAL3
3	197798182	197798288	ENSG00000212297	RNU6-821P
10	124457225	124459338	ENSG00000183559	C10orf120
X	47842756	47931025	ENSG00000221994	ZNF630
3	197836983	197838749	ENSG00000232783	AC073135.3
8	99956631	99964332	ENSG00000164920	OSR2
1	152850793	152857523	ENSG00000163206	SMCP
17	47991767	48010282	ENSG00000254039	RP11-304F15.6
22	38203912	38213183	ENSG00000100116	GCAT
17	48016486	48017183	ENSG00000249176	RP11-304F15.5
X	53963109	54075391	ENSG00000172943	PHF8
18	72163051	72188366	ENSG00000133313	CNDP2
17	48043439	48043540	ENSG00000199492	RNU6-1313P
2	74361599	74362521	ENSG00000217702	MGC10955
17	48074253	48094208	ENSG00000248172	RP11-1094H24.3
HSCHR6_MHC_SSTO	31972900	31973416	ENSG00000248989	STK19P
12	10323141	10344400	ENSG00000165685	TMEM52B
9	37422663	37436987	ENSG00000137106	GRHPR
HSCHR6_MHC_SSTO	31992359	31995888	ENSG00000238170	C4A-AS1
6	2622147	2634837	ENSG00000164385	C6orf195
HSCHR6_MHC_SSTO	32221188	32221358	ENSG00000257158	BX284927.1
2	74362525	74375121	ENSG00000163170	BOLA3
11	18955360	18961054	ENSG00000170255	MRGPRX1
HSCHR6_MHC_SSTO	32241009	32241176	ENSG00000258361	BX284927.2
HSCHR6_MHC_SSTO	32299929	32300888	ENSG00000237295	HNRNPA1P2
16	31213206	31214773	ENSG00000261359	C16orf98
5	660883	693510	ENSG00000171368	TPPP
11	19076002	19082228	ENSG00000183695	MRGPRX2
HSCHR6_MHC_SSTO	32327242	32327348	ENSG00000265048	U6
14	101295066	101295537	ENSG00000267918	AL117190.2
HSCHR6_MHC_SSTO	32364871	32368048	ENSG00000224507	HCG23
18	43684298	43708299	ENSG00000152240	HAUS1
HSCHR6_MHC_SSTO	32433544	32447199	ENSG00000232705	HLA-DRB9
1	65613232	65697828	ENSG00000162433	AK4
16	31225342	31236510	ENSG00000177238	TRIM72
14	101346992	101351184	ENSG00000254656	RTL1
11	69924408	70035634	ENSG00000131620	ANO1
9	136444079	136451319	ENSG00000196990	FAM163B
13	73356197	73590591	ENSG00000083535	PIBF1
14	101359265	101360646	ENSG00000269375	AL117190.3
1	152881021	152884362	ENSG00000163207	IVL
HG325_PATCH	50333834	50336853	ENSG00000261871	NAT6
10	124591665	124639146	ENSG00000138161	CUZD1
X	47863734	47869126	ENSG00000171489	SPACA5
7	116593953	116738860	ENSG00000214188	ST7-OT4
4	80146848	80247204	ENSG00000156269	NAA11
6	111195973	111216916	ENSG00000123505	AMD1
4	39547950	39640710	ENSG00000163683	SMIM14
6	2663863	2751200	ENSG00000145949	MYLK4
16	31227283	31228680	ENSG00000169900	PYDC1
14	68168603	68201169	ENSG00000139988	RDH12
3	197846592	197847649	ENSG00000213113	TUBB8P8
9	136501482	136524466	ENSG00000123454	DBH
X	47990039	47991995	ENSG00000171478	SPACA5B
4	80327508	80329372	ENSG00000196475	GK2
HSCHR6_MHC_SSTO	32459437	32459532	ENSG00000235228	DASS-397D15.4
HSCHR6_MHC_SSTO	32485002	32485149	ENSG00000264704	U1
HSCHR6_MHC_COX	32355870	32361037	ENSG00000227993	HLA-DRA
HSCHR6_MHC_SSTO	32490429	32490524	ENSG00000226227	DASS-397D15.5
14	102027688	102029789	ENSG00000197406	DIO3
HSCHR6_MHC_SSTO	32506795	32506946	ENSG00000265838	U1
HSCHR6_MHC_SSTO	32546223	32546370	ENSG00000264960	U1
X	129518319	129519511	ENSG00000147262	GPR119
22	38219389	38221502	ENSG00000128310	GALR3
HSCHR6_MHC_SSTO	32556190	32558727	ENSG00000233697	HLA-DRB8
11	19138646	19197969	ENSG00000177054	ZDHHC13
HSCHR6_MHC_SSTO	32586786	32586949	ENSG00000265248	U1
1	152943142	152945050	ENSG00000184148	SPRR4
HSCHR6_MHC_SSTO	32588904	32589843	ENSG00000235324	DASS-23B5.1
11	62457747	62477317	ENSG00000168000	BSCL2
20	20348765	20351590	ENSG00000173404	INSM1
X	48045656	48056199	ENSG00000165583	SSX5
HSCHR6_MHC_SSTO	32591350	32591757	ENSG00000235116	DASS-23B5.2
5	667759	668839	ENSG00000268885	AC026740.1
10	104845940	104953056	ENSG00000076685	NT5C2
X	129535943	129547317	ENSG00000134597	RBMX2
HSCHR6_MHC_SSTO	32594077	32613256	ENSG00000227099	HLA-DRB7
HSCHR6_MHC_SSTO	32596912	32598043	ENSG00000238101	FAM8A5P
3	120405528	120461840	ENSG00000144840	RABL3
HSCHR6_MHC_SSTO	32635039	32635187	ENSG00000266860	U1
7	100169855	100183776	ENSG00000077454	LRCH4
HSCHR6_MHC_DBB	32514190	32514338	ENSG00000265983	U1
1	152956557	152958289	ENSG00000169474	SPRR1A
HSCHR6_MHC_DBB	32552037	32552223	ENSG00000257240	CR753309.2
HSCHR6_MHC_DBB	32576333	32577190	ENSG00000257223	CR753309.1
3	52255096	52273183	ENSG00000239732	TLR9
HSCHR6_MHC_DBB	32602897	32603747	ENSG00000237455	HLA-DQB1-AS1
3	197848259	197850145	ENSG00000236246	AC073135.4
HSCHR6_MHC_DBB	32602903	32605491	ENSG00000240684	XXbac-BPG254F23.6
HSCHR6_MHC_DBB	32652915	32653747	ENSG00000236629	MTCO3P1
4	39699664	39784412	ENSG00000078140	UBE2K
3	197879237	197925886	ENSG00000236438	FAM157A
HSCHR6_MHC_DBB	32663186	32663364	ENSG00000256920	CR753846.1
HSCHR6_MHC_DBB	32664299	32665133	ENSG00000234331	XXbac-BPG254F23.7
11	117185273	117283984	ENSG00000110274	CEP164
5	710471	851101	ENSG00000188818	ZDHHC11
X	48114752	48126879	ENSG00000126752	SSX1
16	31271311	31344213	ENSG00000169896	ITGAM
HG325_PATCH	50337321	50349813	ENSG00000262208	HYAL1
17	48127713	48133103	ENSG00000246640	RP11-1094H24.4
3	197923617	197923720	ENSG00000222792	RNU6-860P
HSCHR6_MHC_DBB	32677706	32678642	ENSG00000231596	HLA-DQB3
10	11865338	11914276	ENSG00000148426	PROSER2
3	197950368	197953181	ENSG00000230304	CICP6
HSCHR6_MHC_DBB	32696850	32696917	ENSG00000264244	CR753846.4
1	152974223	152976332	ENSG00000163209	SPRR3
3	197955065	197955247	ENSG00000226008	AC073135.7
13	73629114	73651676	ENSG00000102554	KLF5
HSCHR6_MHC_DBB	32789844	32792253	ENSG00000206232	TAPSAR1
7	6414154	6443608	ENSG00000136238	RAC1
16	71559136	71572649	ENSG00000140835	CHST4
18	3247479	3256234	ENSG00000101608	MYL12A
22	38226862	38245334	ENSG00000100124	ANKRD54
6	111279763	111289093	ENSG00000155115	GTF3C6
14	102196774	102198859	ENSG00000258512	RP11-796G6.2
2	74379655	74406025	ENSG00000114978	MOB1A
X	48205863	48216142	ENSG00000165584	SSX3
12	57923885	57941114	ENSG00000175203	DCTN2
HSCHR6_MHC_SSTO	32715551	32716400	ENSG00000230414	HLA-DQB1-AS1
1	65713902	65881552	ENSG00000116675	DNAJC6
HSCHR6_MHC_SSTO	32715557	32718146	ENSG00000243245	XXbac-BPG254F23.6
8	145159402	145162514	ENSG00000179632	MAF1
1	153003678	153005376	ENSG00000169469	SPRR1B
20	20370196	20693131	ENSG00000188559	RALGAPA2
16	71599563	71611033	ENSG00000198650	TAT
9	37438111	37465396	ENSG00000168795	ZBTB5
13	74260226	74708394	ENSG00000118922	KLF12
10	10969021	10994197	ENSG00000229240	LINC00710
1	153012201	153014407	ENSG00000163216	SPRR2D
12	122957417	122985518	ENSG00000033030	ZCCHC8
X	48242863	48252785	ENSG00000204645	SSX4
7	44552134	44580914	ENSG00000015520	NPC1L1
HSCHR6_MHC_COX	32411911	32425028	ENSG00000231679	HLA-DRB3$0301
15	40986972	41024354	ENSG00000051180	RAD51
10	11002114	11012779	ENSG00000231496	RP1-251M9.2
10	11052127	11053082	ENSG00000228027	RP1-251M9.3
10	11072297	11072831	ENSG00000229206	RP11-397O4.1
X	100075384	100095921	ENSG00000101811	CSTF2
13	74987094	74993252	ENSG00000177596	AL355390.1
10	11117094	11140436	ENSG00000237986	CELF2-AS2
1	153028589	153030013	ENSG00000241794	SPRR2A
10	11210885	11213339	ENSG00000230322	RP3-323N1.2
18	3261907	3278282	ENSG00000118680	MYL12B
12	10365057	10375727	ENSG00000139112	GABARAPL1
10	11358797	11361847	ENSG00000181800	CELF2-AS1
8	145162629	145173218	ENSG00000179698	KIAA1875
2	219687106	219696809	ENSG00000115592	PRKAG3
5	169780491	170163636	ENSG00000182132	KCNIP1
16	71660064	71676017	ENSG00000140832	MARVELD3
5	121465208	121515312	ENSG00000164185	ZNF474
1	225589204	225616627	ENSG00000143815	LBR
HSCHR6_MHC_COX	32475947	32506554	ENSG00000206240	HLA-DRB1
9	37485932	37503694	ENSG00000137054	POLR1E
1	153042700	153113927	ENSG00000196805	SPRR2B
X	48261524	48271344	ENSG00000198946	SSX4B
2	74418517	74418627	ENSG00000267958	CATX-2
10	11653304	11654226	ENSG00000271360	RP11-138I18.1
3	71724567	71803924	ENSG00000163412	EIF4E3
10	11721674	11722513	ENSG00000271046	RP11-138I18.2
10	11891612	11936699	ENSG00000225778	PROSER2-AS1
1	153065611	153078660	ENSG00000203785	SPRR2E
10	11965180	11965287	ENSG00000251957	RNU6-1095P
17	40932696	40948954	ENSG00000126562	WNK4
1	2439972	2458039	ENSG00000157881	PANK4
4	80822303	81046608	ENSG00000163297	ANTXR2
1	153084590	153085991	ENSG00000244094	SPRR2F
1	225600404	225602040	ENSG00000203691	AC092811.1
9	136528682	136605077	ENSG00000123453	SARDH
2	74425689	74444692	ENSG00000065911	MTHFD2
HSCHR6_MHC_COX	32769272	32769949	ENSG00000236093	PPP1R2P1
1	153122058	153123345	ENSG00000159516	SPRR2G
2	160569000	160627538	ENSG00000136536	MARCH7
X	154997474	155012121	ENSG00000168939	SPRY3
HSCHR6_MHC_COX	32786513	32786587	ENSG00000228785	HLA-Z
HSCHR6_MHC_COX	32827013	32827107	ENSG00000266331	AL662845.1
HSCHR6_MHC_COX	32860414	32860928	ENSG00000234673	BRD2-IT1
HSCHR6_MHC_COX	32969203	32969612	ENSG00000228579	RPL32P1
HSCHR6_MHC_MANN	30920701	30938920	ENSG00000223494	VARS2
1	153175919	153177596	ENSG00000203784	LELP1
HSCHR6_MHC_COX	32981428	32987014	ENSG00000223990	HLA-DPA2
22	38244875	38285414	ENSG00000100129	EIF3L
HSCHR6_MHC_COX	32993451	32997006	ENSG00000230816	COL11A2P1
14	39699435	39722859	ENSG00000150526	MIA2
19	10812106	10824113	ENSG00000213339	QTRT1
1	27113963	27124889	ENSG00000060642	PIGV
1	153190060	153191793	ENSG00000203783	PRR9
17	38296571	38328436	ENSG00000108349	CASC3
4	187130133	187179625	ENSG00000164344	KLKB1
4	39824483	39979576	ENSG00000121892	PDS5A
13	75858808	76056250	ENSG00000136111	TBC1D4
18	3411606	3458409	ENSG00000177426	TGIF1
17	56048910	56065620	ENSG00000136451	VEZF1
19	49843852	49865714	ENSG00000074219	TEAD2
19	156279	157215	ENSG00000266971	OR4F8P
1	225674537	225840844	ENSG00000154380	ENAH
18	43753519	43846949	ENSG00000152242	C18orf25
X	155110956	155173433	ENSG00000124333	VAMP7
19	159361	174665	ENSG00000267616	AC016626.2
19	176907	177913	ENSG00000267290	AC092192.1
1	153232176	153234598	ENSG00000203782	LOR
19	182673	196756	ENSG00000267237	AC092299.6
5	137523339	137549032	ENSG00000094880	CDC23
19	193236	196050	ENSG00000267639	CICP19
7	6448757	6523821	ENSG00000164535	DAGLB
6	111303218	111349466	ENSG00000197498	RPF2
1	65886248	66107242	ENSG00000116678	LEPR
HSCHR6_MHC_DBB	32824882	32825559	ENSG00000227435	PPP1R2P1
15	72559087	72612287	ENSG00000273025	CELF6
19	197075	199431	ENSG00000272098	AC092299.8
19	197955	200775	ENSG00000267029	AC092299.7
HSCHR6_MHC_DBB	32842122	32842196	ENSG00000237871	HLA-Z
8	22402499	22433301	ENSG00000120896	SORBS3
HSCHR6_MHC_COX	33002124	33018445	ENSG00000225132	HLA-DPB2
HSCHR6_MHC_DBB	32882633	32882727	ENSG00000264962	CR752645.1
12	120740119	120751052	ENSG00000089163	SIRT4
19	200460	205074	ENSG00000206082	LINC01002
HSCHR6_MHC_DBB	33025170	33025579	ENSG00000226879	RPL32P1
14	102228135	102394326	ENSG00000078304	PPP2R5C
19	223158	223261	ENSG00000222329	RNU6-1076P
17	79876146	79885590	ENSG00000197063	MAFG
X	48316920	48328644	ENSG00000017483	SLC38A5
19	229640	230165	ENSG00000267600	AC098474.1
HSCHR6_MHC_DBB	33037464	33043006	ENSG00000223894	HLA-DPA2
HSCHR6_MHC_COX	33020575	33032712	ENSG00000227936	HLA-DPA3
19	239145	239247	ENSG00000267305	CTD-3113P16.7
1	27153201	27184093	ENSG00000204160	ZDHHC18
HSCHR6_MHC_DBB	33049479	33049682	ENSG00000232802	COL11A2P1
HSCHR6_MHC_COX	33034177	33037170	ENSG00000237196	HCG24
19	259260	259346	ENSG00000271846	CTD-3113P16.9
HSCHR6_MHC_DBB	33073504	33074770	ENSG00000225429	HLA-DPB2
1	153270338	153283194	ENSG00000159527	PGLYRP3
1	2460184	2461684	ENSG00000197921	HES5
19	279495	280170	ENSG00000267447	VN2R11P
17	56066399	56082614	ENSG00000266086	RP11-159D12.5
HSCHR6_MHC_DBB	33076902	33089011	ENSG00000223696	HLA-DPA3
9	37510889	37588871	ENSG00000147912	FBXO10
16	71671738	71758604	ENSG00000040199	PHLPP2
HSCHR6_MHC_COX	33089008	33089102	ENSG00000266781	Y_RNA
HSCHR6_MHC_DBB	33090473	33093457	ENSG00000230134	HCG24
19	305573	306467	ENSG00000267124	CTD-3113P16.5
10	97071528	97321171	ENSG00000095637	SORBS1
HSCHR6_MHC_COX	33097238	33097347	ENSG00000266130	hsa-mir-219a-1
HSCHR6_MHC_DBB	33145288	33145382	ENSG00000266410	Y_RNA
19	397589	398941	ENSG00000267443	AC010641.1
HSCHR6_MHC_DBB	33153522	33153631	ENSG00000264836	hsa-mir-219a-1
19	453134	453245	ENSG00000252539	RNA5SP462
18	43906772	44043103	ENSG00000141622	RNF165
HSCHR6_MHC_DBB	33161392	33162015	ENSG00000229394	ZNF70P1
19	490046	507813	ENSG00000266933	AC005775.2
HSCHR6_MHC_COX	32533367	32539589	ENSG00000257473	DQ-A1
19	567212	572215	ENSG00000267751	AC009005.2
HSCHR6_MHC_DBB	33183491	33185382	ENSG00000224052	HTATSF1P
19	590277	591603	ENSG00000267036	AC005559.3
12	133398773	133532890	ENSG00000072609	CHFR
19	615886	617159	ENSG00000266939	AC005559.2
HSCHR6_MHC_DBB	33195234	33200689	ENSG00000233772	HCG25
19	623519	623982	ENSG00000272448	LLNLR-299G3.1
19	637105	637537	ENSG00000261204	AC004449.6
19	663482	668063	ENSG00000267666	AC004156.3
17	56080721	56084707	ENSG00000136450	SRSF1
19	690381	691175	ENSG00000213726	RPS2P52
14	39703106	39820397	ENSG00000258941	RP11-407N17.3
19	781002	781862	ENSG00000272473	AC006273.4
19	782755	785080	ENSG00000267530	AC006273.5
19	786650	787037	ENSG00000266927	AC006273.7
15	72577068	72612470	ENSG00000140488	CELF6
19	804940	805001	ENSG00000265767	MIR4745
19	813584	813653	ENSG00000263414	MIR3187
1	153302596	153321316	ENSG00000163218	PGLYRP4
19	893484	893590	ENSG00000207507	RNU6-9
6	43008515	43042837	ENSG00000137171	KLC4
19	928257	928817	ENSG00000267159	AC005391.2
1	2487078	2496821	ENSG00000157873	TNFRSF14
19	999795	1002756	ENSG00000266990	AC004528.4
19	1021521	1021627	ENSG00000207357	RNU6-2
11	19203578	19232120	ENSG00000129170	CSRP3
19	1038726	1039063	ENSG00000267020	AC011558.5
10	46955444	46971400	ENSG00000204176	SYT15
19	1203208	1203820	ENSG00000267736	HMGB2P1
2	9563697	9613230	ENSG00000119203	CPSF3
19	1238178	1239521	ENSG00000267778	AC004221.2
8	145192672	145195746	ENSG00000235173	FAM203A
4	187187099	187210835	ENSG00000088926	F11
16	3115298	3131908	ENSG00000008517	IL32
HSCHR6_MHC_COX	33105108	33105731	ENSG00000230949	ZNF70P1
19	1268165	1270240	ENSG00000267493	CIRBP-AS1
12	102590237	102591623	ENSG00000183395	PMCH
5	169801675	169816681	ENSG00000145936	KCNMB1
HSCHR6_MHC_COX	33127218	33129109	ENSG00000237536	HTATSF1P
1	225965531	225978168	ENSG00000143742	SRP9
14	68194091	68283307	ENSG00000072121	ZFYVE26
19	1307403	1307720	ENSG00000240846	RPS15P9
9	37512544	37592466	ENSG00000256966	RP11-613M10.8
12	94542499	94701451	ENSG00000136040	PLXNC1
21	45875369	45878739	ENSG00000160233	LRRC3
22	38301664	38338829	ENSG00000100139	MICALL1
HSCHR6_MHC_COX	33138933	33144388	ENSG00000224096	HCG25
19	1321224	1322863	ENSG00000267372	AC005330.2
16	31366455	31394318	ENSG00000140678	ITGAX
19	1376772	1377519	ENSG00000267755	AC004623.2
21	45879814	45882078	ENSG00000269430	LRRC3DN
19	1392169	1396466	ENSG00000248015	AC005329.7
GL000236.1	5815	7152	ENSG00000215713	CU179654.1
1	65886270	65901690	ENSG00000213625	LEPROT
9	37582643	37592639	ENSG00000175768	TOMM5
HSCHR6_MHC_COX	33228367	33228884	ENSG00000226575	MYL8P
11	117298489	117688240	ENSG00000177103	DSCAML1
19	1413900	1414734	ENSG00000267759	CTB-25B13.13
19	1457664	1462764	ENSG00000267317	CTB-25B13.12
21	45917775	46131495	ENSG00000175894	TSPEAR
19	1484535	1485273	ENSG00000267715	CTB-25B13.6
19	1508381	1508962	ENSG00000267092	CTB-25B13.9
19	49865040	49878373	ENSG00000104901	DKKL1
19	1553980	1554031	ENSG00000266399	AC027307.2
19	1556604	1556685	ENSG00000222720	AC027307.1
19	1570574	1570859	ENSG00000239367	RN7SL477P
1	225997794	226033260	ENSG00000143819	EPHX1
19	1573595	1575474	ENSG00000267161	AC005943.5
15	44854894	44955876	ENSG00000104133	SPG11
1	153330330	153333503	ENSG00000163220	S100A9
19	1581789	1582322	ENSG00000266926	AC005943.4
2	207024309	207027652	ENSG00000114942	EEF1B2
19	1616491	1616594	ENSG00000252933	RNU6-1223P
17	79890260	79900288	ENSG00000183010	PYCR1
19	1748055	1748744	ENSG00000267073	AC005256.1
9	37588410	38068684	ENSG00000255872	RP11-613M10.9
5	147830595	148056798	ENSG00000164270	HTR4
19	1815248	1815872	ENSG00000267007	CTB-31O20.3
19	1816158	1816237	ENSG00000223244	MIR1909
13	76099350	76123575	ENSG00000188243	COMMD6
HSCHR6_MHC_COX	32542405	32557089	ENSG00000257427	AL731683.1
19	1822088	1824544	ENSG00000267244	CTB-31O20.4
4	187347700	187476464	ENSG00000272297	RP11-215A19.2
19	34887220	34900269	ENSG00000266953	RP11-618P17.4
19	1852398	1853621	ENSG00000267125	CTB-31O20.6
19	1860249	1862018	ENSG00000267141	CTB-31O20.8
1	153346184	153348125	ENSG00000163221	S100A12
HSCHR6_MHC_COX	32550273	32557884	ENSG00000206237	HLA-DQB1
4	187454809	187476721	ENSG00000168412	MTNR1A
5	170190354	170241051	ENSG00000094755	GABRP
19	1874881	1876168	ENSG00000261526	CTB-31O20.2
21	45937099	45945835	ENSG00000182912	C21orf90
19	1875015	1875991	ENSG00000267232	CTB-31O20.9
19	1925185	1926009	ENSG00000198683	AC012615.1
X	48334541	48344752	ENSG00000068438	FTSJ1
19	34895289	34917073	ENSG00000126249	PDCD2L
11	70049269	70053496	ENSG00000168040	FADD
19	1952530	1954585	ENSG00000180846	CSNK1G2-AS1
11	19245610	19263167	ENSG00000129173	E2F8
19	1989400	1990369	ENSG00000267283	AC005306.3
21	45958864	45960078	ENSG00000215455	KRTAP10-1
19	2020329	2020580	ENSG00000265900	RN7SL226P
19	2030852	2031050	ENSG00000267180	AC007136.1
21	45970240	45971388	ENSG00000205445	KRTAP10-2
19	2212028	2215564	ENSG00000267122	AC004490.1
19	2234061	2234148	ENSG00000221411	MIR1227
19	2250638	2250717	ENSG00000267021	MIR4321
21	45977673	45978643	ENSG00000212935	KRTAP10-3
9	37650997	37746901	ENSG00000070601	FRMPD1
21	45993606	45994987	ENSG00000215454	KRTAP10-4
1	153362508	153363664	ENSG00000143546	S100A8
12	120759914	120765592	ENSG00000170890	PLA2G1B
14	21927179	21945132	ENSG00000129472	RAB2B
21	45999332	46000481	ENSG00000241123	KRTAP10-5
5	137588068	137610360	ENSG00000146013	GFRA3
21	46011149	46012386	ENSG00000188155	KRTAP10-6
9	136627016	136857726	ENSG00000160293	VAV2
13	76123619	76180085	ENSG00000118939	UCHL3
X	100098313	100129334	ENSG00000007952	NOX1
21	46020497	46022091	ENSG00000205441	KRTAP10-7
12	122989190	123011547	ENSG00000111011	RSRC2
1	226033237	226070069	ENSG00000196187	TMEM63A
7	116605900	116607526	ENSG00000228368	AC106873.4
21	46031996	46032871	ENSG00000187766	KRTAP10-8
12	39687030	39837192	ENSG00000139116	KIF21A
21	46047040	46048294	ENSG00000221837	KRTAP10-9
4	187508937	187647876	ENSG00000083857	FAT1
18	44056935	44236996	ENSG00000167210	LOXHD1
8	145202919	145316843	ENSG00000179832	MROH1
21	46057273	46058370	ENSG00000221859	KRTAP10-10
22	38339528	38349676	ENSG00000128346	C22orf23
7	116916685	116963343	ENSG00000105989	WNT2
1	153389000	153395701	ENSG00000184330	S100A7A
21	46066331	46067564	ENSG00000243489	KRTAP10-11
19	2328614	2355099	ENSG00000005206	SPPL2B
12	120779133	120806983	ENSG00000135097	MSI1
21	46074130	46074576	ENSG00000212933	KRTAP12-4
4	1813206	1857974	ENSG00000168924	LETM1
21	46077849	46078258	ENSG00000205439	KRTAP12-3
21	46086106	46086844	ENSG00000221864	KRTAP12-2
1	27189633	27190947	ENSG00000175793	SFN
21	46101491	46102078	ENSG00000187175	KRTAP12-1
10	12158279	12158378	ENSG00000272507	U6
21	46117087	46117959	ENSG00000189169	KRTAP10-12
HSCHR6_MHC_DBB	33284682	33285199	ENSG00000229342	MYL8P
1	66258197	66840259	ENSG00000184588	PDE4B
3	45982425	45989845	ENSG00000172215	CXCR6
6	111408781	111552397	ENSG00000112394	SLC16A10
1	27202624	27216788	ENSG00000142751	GPN2
19	49891475	49921251	ENSG00000161609	CCDC155
1	153409534	153412425	ENSG00000197364	S100A7L2
6	83903098	83908651	ENSG00000013392	RWDD2A
HSCHR6_MHC_COX	32618752	32622508	ENSG00000258160	AL713890.1
7	151653464	151717019	ENSG00000106648	GALNTL5
3	46058516	46069234	ENSG00000173578	XCR1
3	120461484	120501916	ENSG00000153767	GTF2E1
1	153430220	153433177	ENSG00000143556	S100A7
HSCHR17_1	43471268	43510270	ENSG00000257961	AC003070.1
21	46188955	46221934	ENSG00000184787	UBE2G2
HSCHR6_MHC_COX	32632816	32638891	ENSG00000204276	HLA-DQA2
5	71738479	71803554	ENSG00000178175	ZNF366
3	16216156	16273499	ENSG00000131386	GALNT15
9	37753804	37778969	ENSG00000165275	TRMT10B
8	48649471	48651648	ENSG00000221869	CEBPD
10	11962021	12085169	ENSG00000151461	UPF2
22	38348614	38437922	ENSG00000100142	POLR2F
11	70116806	70230509	ENSG00000131626	PPFIA1
HG1293_PATCH	206098792	206166009	ENSG00000263961	C1orf186
6	2765648	2787186	ENSG00000124535	WRNIP1
2	36923833	37041935	ENSG00000205221	VIT
1	27216979	27226957	ENSG00000198746	GPATCH3
2	74438731	74590504	ENSG00000264324	RP11-287D1.3
4	188916925	188926204	ENSG00000179059	ZFP42
3	46205096	46308197	ENSG00000183625	CCR3
1	153507075	153508720	ENSG00000197956	S100A6
6	111580551	111592370	ENSG00000173214	KIAA1919
6	83920108	84140797	ENSG00000065833	ME1
2	160625364	160654753	ENSG00000241399	CD302
7	117003276	117068177	ENSG00000154438	ASZ1
HG1293_PATCH	206173253	206181260	ENSG00000265027	AVPR1B
HG1293_PATCH	206249817	206265981	ENSG00000263687	FAM72A
HSCHR6_MHC_COX	32647573	32655029	ENSG00000224305	HLA-DQB2
4	189012427	189030757	ENSG00000179046	TRIML2
15	72635775	72668817	ENSG00000213614	HEXA
8	100025494	100889808	ENSG00000132549	VPS13B
19	10828755	10944164	ENSG00000079805	DNM2
X	48367350	48379202	ENSG00000102312	PORCN
1	153509623	153514241	ENSG00000196420	S100A5
12	120875893	120878545	ENSG00000111775	COX6A1
1	27226729	27273353	ENSG00000090273	NUDC
1	226073982	226099082	ENSG00000243709	LEFTY1
16	71762913	71843104	ENSG00000166747	AP1G1
22	38366693	38383429	ENSG00000100146	SOX10
11	62475130	62476673	ENSG00000162188	GNG3
10	46994087	47005643	ENSG00000204175	GPRIN2
HG1293_PATCH	206266906	206527996	ENSG00000266028	SRGAP2
9	37766975	37801434	ENSG00000107371	EXOSC3
9	136895427	136933657	ENSG00000169925	BRD3
14	21944756	21967319	ENSG00000092203	TOX4
10	47083534	47088320	ENSG00000204174	NPY4R
1	226074396	226111978	ENSG00000255835	RP4-559A3.7
4	189060573	189068897	ENSG00000184108	TRIML1
11	62480102	62494821	ENSG00000214753	HNRNPUL2
3	52255097	52265206	ENSG00000173366	TLR9
2	98372799	98612388	ENSG00000075568	TMEM131
1	153516089	153522612	ENSG00000196154	S100A4
X	155227246	155240482	ENSG00000124334	IL9R
3	145910126	145968966	ENSG00000114698	PLSCR4
HSCHR6_MHC_COX	33254836	33255630	ENSG00000232639	LYPLA2P1
1	226107578	226111978	ENSG00000143811	PYCR2
2	219724544	219738955	ENSG00000115596	WNT6
10	53455247	53459355	ENSG00000177613	CSTF2T
7	44605016	44614650	ENSG00000136271	DDX56
HSCHR6_MHC_QBL	31610434	31616227	ENSG00000206409	APOM
3	52262626	52273276	ENSG00000247596	TWF2
10	54074056	54077802	ENSG00000107984	DKK1
11	62495541	62507765	ENSG00000162222	TTC9C
9	37800499	37867663	ENSG00000122741	DCAF10
5	137620954	137674044	ENSG00000158402	CDC25C
11	117671559	117699413	ENSG00000137731	FXYD2
2	219745085	219764303	ENSG00000135925	WNT10A
17	56160776	56172897	ENSG00000264364	DYNLL2
9	137000487	137025093	ENSG00000196363	WDR5
11	62515791	62521660	ENSG00000185670	ZBTB3
17	56232494	56233517	ENSG00000141194	OR4D1
18	72201675	72254448	ENSG00000150656	CNDP1
22	38452318	38471708	ENSG00000100151	PICK1
17	56247017	56247940	ENSG00000255713	OR4D2
5	121647049	121799914	ENSG00000064692	SNCAIP
8	48685669	48872743	ENSG00000253729	PRKDC
4	120976763	120988229	ENSG00000164109	MAD2L1
7	100169855	100171270	ENSG00000205307	SAP25
2	219824377	219826876	ENSG00000171450	CDK5R2
HG1293_PATCH	206534037	206560450	ENSG00000263528	IKBKE
17	56270098	56282535	ENSG00000121053	EPX
7	6485584	6523873	ENSG00000136240	KDELR2
8	22601	29775	ENSG00000253896	AC144568.2
4	190861943	190884359	ENSG00000109536	FRG1
1	153519805	153521848	ENSG00000188015	S100A3
2	219845809	219850379	ENSG00000163497	FEV
5	170288874	170727019	ENSG00000204764	RANBP17
11	62529016	62534182	ENSG00000168002	POLR2G
8	116049	117043	ENSG00000176269	OR4F21
8	142091	150563	ENSG00000250210	RP11-585F1.10
10	54525140	54531460	ENSG00000165471	MBL2
9	37879400	37904350	ENSG00000122696	SLC25A51
17	4862521	4871167	ENSG00000091640	SPAG7
5	72112139	72212560	ENSG00000083312	TNPO1
5	148206156	148208196	ENSG00000169252	ADRB2
4	1873151	1983934	ENSG00000109685	WHSC1
1	27237980	27240457	ENSG00000131910	NR0B2
18	3496030	4455335	ENSG00000170579	DLGAP1
3	120626919	121143608	ENSG00000145087	STXBP5L
16	3138891	3149318	ENSG00000130182	ZSCAN10
17	38333263	38351908	ENSG00000108352	RAPGEFL1
13	76194570	76434004	ENSG00000136153	LMO7
9	137208944	137332431	ENSG00000186350	RXRA
1	27276053	27286897	ENSG00000175707	C1orf172
9	37919131	38069210	ENSG00000107338	SHB
6	2832566	2842240	ENSG00000021355	SERPINB1
3	16299485	16306479	ENSG00000154813	DPH3
X	170410	171758	ENSG00000228572	LL0YNC03-29C1.1
X	281725	282586	ENSG00000226179	LINC00685
X	425316	425416	ENSG00000266731	AL732314.1
X	484510	484837	ENSG00000234958	FABP5P13
X	505971	506087	ENSG00000229232	KRT18P53
6	29640169	29648887	ENSG00000204644	ZFP57
X	950956	955100	ENSG00000237531	RP11-309M23.1
X	969238	970836	ENSG00000225661	RPL14P5
X	1410648	1410721	ENSG00000264510	BX649553.3
1	27320198	27327389	ENSG00000253368	TRNP1
HSCHR6_MHC_QBL	31616315	31618789	ENSG00000203623	C6orf47
X	1410987	1411060	ENSG00000264819	BX649553.4
1	226124298	226129189	ENSG00000143768	LEFTY2
X	1412508	1412582	ENSG00000263980	BX649553.2
X	1412811	1412885	ENSG00000265658	MIR3690
1	153533584	153540366	ENSG00000196754	S100A2
HG1293_PATCH	206554677	206561289	ENSG00000265476	C1orf147
X	1413025	1413099	ENSG00000263835	BX649553.1
X	1419149	1419268	ENSG00000223274	RNA5SP498
X	1437739	1438052	ENSG00000265350	RN7SL355P
X	1515320	1518295	ENSG00000236871	LINC00106
9	38392661	38398658	ENSG00000137124	ALDH1B1
1	2517930	2522908	ENSG00000157870	FAM213B
8	182137	197342	ENSG00000172748	ZNF596
11	62538775	62554814	ENSG00000162227	TAF6L
1	27331511	27339327	ENSG00000158246	FAM46B
1	66999066	67213982	ENSG00000118473	SGIP1
9	38408991	38424444	ENSG00000137142	IGFBPL1
HG1293_PATCH	206571091	206652844	ENSG00000266094	RASSF5
17	28442539	28513493	ENSG00000126653	NSRP1
18	72265106	72777627	ENSG00000215421	ZNF407
1	226170403	226187032	ENSG00000143751	SDE2
5	710475	767067	ENSG00000206077	ZDHHC11B
16	31404633	31437826	ENSG00000156886	ITGAD
17	74068042	74079747	ENSG00000186919	ZACN
3	16306706	16391806	ENSG00000154814	OXNAD1
HSCHR17_1	43513192	43568077	ENSG00000257339	PLEKHM1
16	3162561	3170518	ENSG00000122386	ZNF205
22	38474141	38480100	ENSG00000100156	SLC16A8
19	2330294	2330756	ENSG00000273309	AC004410.3
19	2352574	2354800	ENSG00000273116	LLfos-48D6.1
7	100181605	100198740	ENSG00000106336	FBXO24
3	46243200	46249887	ENSG00000163823	CCR1
19	2458933	2462183	ENSG00000267201	AC005624.2
9	38540566	38620657	ENSG00000180071	ANKRD18A
19	2503045	2503139	ENSG00000252962	RNU6-993P
19	2538108	2538786	ENSG00000105694	TCEB1P28
4	121606074	121844025	ENSG00000138738	PRDM5
1	27425306	27493472	ENSG00000090020	SLC9A1
19	2610153	2611860	ENSG00000267412	CTC-265F19.2
19	2631952	2632847	ENSG00000267214	CTC-265F19.3
19	2641836	2643851	ENSG00000267749	CTC-265F19.1
5	148303202	148442726	ENSG00000169247	SH3TC2
19	2727741	2729325	ENSG00000261342	AC006538.1
17	10048831	10050277	ENSG00000264194	AC000003.2
19	2847225	2858714	ENSG00000267063	AC006130.3
3	46395225	46402419	ENSG00000121807	CCR2
19	2872343	2872428	ENSG00000263997	AC006130.1
HG1293_PATCH	206634853	206676024	ENSG00000265823	EIF2D
19	2874948	2875590	ENSG00000267398	AC006130.4
12	94671534	94676620	ENSG00000258365	RP11-1105G2.3
19	2896623	2897220	ENSG00000266938	AC119403.1
22	38480896	38506677	ENSG00000128298	BAIAP2L2
19	2915144	2926805	ENSG00000253392	AC006277.2
1	153579362	153585621	ENSG00000188643	S100A16
19	3052908	3053722	ENSG00000267469	AC005944.2
HSCHR6_MHC_QBL	31619246	31624306	ENSG00000206408	GPANK1
11	62539101	62559493	ENSG00000168569	TMEM223
9	137533620	137736686	ENSG00000130635	COL5A1
1	226249552	226259702	ENSG00000163041	H3F3A
3	46411633	46417697	ENSG00000160791	CCR5
19	3118663	3119302	ENSG00000267139	AC005262.3
19	3121114	3122126	ENSG00000267688	AC005262.2
10	12172759	12172815	ENSG00000265653	MIR548AK
19	3130715	3131396	ENSG00000266944	AC005262.4
17	10201401	10276447	ENSG00000006788	MYH13
19	34919257	34960853	ENSG00000126261	UBA2
10	12187662	12187765	ENSG00000238900	snoU13
7	6522922	6524873	ENSG00000269781	FLJ20306
16	31439052	31439967	ENSG00000156885	COX6A2
10	12286750	12289844	ENSG00000228302	RP11-186N15.3
9	38540566	38577204	ENSG00000273170	ANKRD18A
19	3141574	3155173	ENSG00000267551	AC005264.2
HSCHR6_MHC_MANN	30943814	30944636	ENSG00000230072	SFTA2
10	12303670	12303926	ENSG00000265824	RN7SL232P
10	12370135	12370388	ENSG00000264036	RN7SL198P
10	12457927	12457999	ENSG00000252438	SNORD45
10	12498482	12498630	ENSG00000252118	RNU6ATAC39P
10	12620752	12620822	ENSG00000263584	MIR4480
10	12767253	12767352	ENSG00000221331	MIR548Q
10	12966679	12966785	ENSG00000212499	RNA5SP300
8	356428	421225	ENSG00000147364	FBXO25
11	62554887	62557877	ENSG00000185475	TMEM179B
16	3179778	3192806	ENSG00000085644	ZNF213
2	207040040	207082771	ENSG00000183671	GPR1
10	13099902	13100676	ENSG00000225251	RPL5P25
16	31445569	31454346	ENSG00000176723	ZNF843
HG1293_PATCH	206181344	206190366	ENSG00000264649	RP11-38J22.3
10	13146574	13146793	ENSG00000235763	SNRPGP5
2	74443369	74570541	ENSG00000188687	SLC4A5
HG1293_PATCH	206224448	206224837	ENSG00000263498	RP11-38J22.2
18	72907063	72921303	ENSG00000180011	ZADH2
1	153586731	153589462	ENSG00000189334	S100A14
10	13181196	13181533	ENSG00000234175	RP11-730A19.9
10	13184185	13184977	ENSG00000228330	RP11-730A19.5
2	128193783	128284462	ENSG00000163166	IWS1
10	13198684	13200136	ENSG00000203414	BTBD7P1
4	190945506	190948412	ENSG00000205097	FRG2
HSCHR6_MHC_MANN	30996174	31002464	ENSG00000223590	C6orf205
19	3296763	3303001	ENSG00000267448	AC010649.1
10	13201477	13201777	ENSG00000237540	RP11-730A19.7
3	46448654	46454488	ENSG00000121797	CCRL2
19	3501316	3501587	ENSG00000264159	RN7SL866P
12	94700225	94853764	ENSG00000173588	CCDC41
1	2522078	2564481	ENSG00000142606	MMEL1
3	71803201	71805647	ENSG00000170837	GPR27
10	13259269	13259375	ENSG00000272055	RNU6-6P
19	3521246	3521318	ENSG00000252408	SNORD38
7	6537093	6591067	ENSG00000215045	GRID2IP
21	46225532	46238694	ENSG00000184900	SUMO3
19	3544197	3557567	ENSG00000267436	AC005786.7
10	13457202	13465133	ENSG00000233256	RP11-445K13.2
19	3558013	3558484	ENSG00000267231	AC005786.5
10	13553206	13553313	ENSG00000202508	Y_RNA
HG1293_PATCH	206567509	206568017	ENSG00000263431	CH17-76K2.4
10	13570516	13572262	ENSG00000227175	RP11-214D15.2
19	3568118	3568271	ENSG00000266959	AC005786.3
HG1293_PATCH	206592476	206593267	ENSG00000263536	RP11-534L20.4
10	13633460	13634323	ENSG00000227474	RP11-295P9.2
19	3607245	3613928	ENSG00000226800	CACTIN-AS1
12	102789645	102874423	ENSG00000017427	IGF1
HSCHR6_MHC_MANN	31123949	31125285	ENSG00000231624	C6orf15
1	226332380	226374431	ENSG00000182827	ACBD3
10	13717646	13717990	ENSG00000273474	RP11-295P9.12
4	190992087	190993897	ENSG00000258755	DUX4L7
10	13724521	13726874	ENSG00000268549	RP11-295P9.8
10	13746978	13747072	ENSG00000222235	AL157392.1
2	207139387	207179148	ENSG00000204186	ZDBF2
18	72922710	73001905	ENSG00000179981	TSHZ1
10	13752415	13754054	ENSG00000225112	RP11-295P9.6
5	850406	892939	ENSG00000028310	BRD9
10	13769796	13769916	ENSG00000199407	RNA5SP301
1	67131547	67142710	ENSG00000248458	AL139147.1
HSCHR6_MHC_MANN	31127487	31152786	ENSG00000231094	PSORS1C1
10	13771383	13798200	ENSG00000234091	RP11-353M9.1
X	1520662	1532921	ENSG00000236017	ASMTL-AS1
2	207220463	207220843	ENSG00000269633	AC017081.1
10	13912797	13913175	ENSG00000215227	RP11-308K19.2
16	3194220	3199964	ENSG00000228146	CASP16
11	117690878	117747382	ENSG00000255245	FXYD6-FXYD2
10	14033815	14049525	ENSG00000229751	RP11-142M10.2
4	190995380	190997190	ENSG00000258697	DUX4L6
16	31469401	31478487	ENSG00000140691	ARMC5
10	14116283	14129604	ENSG00000235410	RP11-397C18.2
20	21283942	21370463	ENSG00000088930	XRN2
7	151722759	151819425	ENSG00000178234	GALNT11
10	14425199	14425276	ENSG00000266321	MIR4293
1	67218142	67244470	ENSG00000152760	TCTEX1D1
14	88932122	89021077	ENSG00000070778	PTPN21
X	1851477	1874878	ENSG00000223511	RP13-297E16.4
10	14478575	14478660	ENSG00000221371	MIR1265
10	14694741	14703690	ENSG00000236495	RP11-7C6.1
12	51454990	51477447	ENSG00000110925	CSRNP2
X	1886240	1887669	ENSG00000234622	RP13-297E16.5
10	14705394	14705493	ENSG00000201766	RNA5SP302
X	2252336	2254451	ENSG00000223571	DHRSX-IT1
16	3254247	3255188	ENSG00000168124	OR1F1
10	14765170	14766054	ENSG00000237032	RP11-398C13.2
4	190998673	191000532	ENSG00000259063	DUX4L5
HSCHR6_MHC_MANN	31127873	31133179	ENSG00000237114	CDSN
10	14919687	14920685	ENSG00000272853	RP11-398C13.6
10	15028941	15029514	ENSG00000235623	OR7E110P
1	153591263	153606568	ENSG00000189171	S100A13
X	2527389	2575270	ENSG00000223773	CD99P1
10	15041049	15042054	ENSG00000228547	OR7E26P
13	76445187	76457947	ENSG00000178734	C13orf45
HSCHR6_MHC_MANN	31150282	31152098	ENSG00000234605	PSORS1C2
9	39072764	39288312	ENSG00000106714	CNTNAP3
10	15049860	15050883	ENSG00000182531	OR7E115P
4	191001979	191003777	ENSG00000258834	DUX4L4
15	44957930	45003514	ENSG00000229474	PATL2
1	226411319	226414755	ENSG00000185155	MIXL1
21	46269500	46293752	ENSG00000183255	PTTG1IP
10	15057071	15130775	ENSG00000237470	DCLRE1CP1
13	77454312	77460540	ENSG00000178695	KCTD12
1	67263424	67266939	ENSG00000172410	INSL5
X	2531029	2533388	ENSG00000230542	LINC00102
10	15135262	15135610	ENSG00000228312	GAPDHP45
X	2729941	2730021	ENSG00000251848	snoU13
X	2770781	2771801	ENSG00000235483	GYG2-AS1
X	48379546	48387104	ENSG00000147155	EBP
X	2822945	2824122	ENSG00000229851	ARSD-AS1
2	219854911	219858143	ENSG00000163499	CRYBA2
13	77522632	77532777	ENSG00000102794	IRG1
10	15196801	15197319	ENSG00000206448	PPIAP30
22	38507502	38601697	ENSG00000184381	PLA2G6
X	129757350	130037208	ENSG00000165675	ENOX2
X	2976264	2976543	ENSG00000239228	RN7SL578P
10	15213035	15213277	ENSG00000228181	RP11-455B2.9
X	3030941	3031637	ENSG00000230249	RP13-824C8.2
10	15279491	15283766	ENSG00000232739	RP11-25G10.2
10	15928357	15928464	ENSG00000239130	snoU13
2	207308263	207485851	ENSG00000114948	ADAM23
10	16047807	16047922	ENSG00000252537	SNORA31
X	100168431	100184422	ENSG00000182489	XKRX
19	34971874	34997258	ENSG00000142279	WTIP
10	16113415	16113808	ENSG00000237913	FTLP19
13	77564795	77576652	ENSG00000102805	CLN5
10	16249820	16249926	ENSG00000201260	RNU6-1075P
16	3272325	3286221	ENSG00000010539	ZNF200
10	16320700	16337857	ENSG00000226140	RP11-461K13.1
8	145317003	145331153	ENSG00000204775	KM-PA-2
14	21966277	21979517	ENSG00000165819	METTL3
3	71820807	71834357	ENSG00000163421	PROK2
10	16440654	16440758	ENSG00000238552	snoU13
18	5145284	5197502	ENSG00000231824	C18orf42
18	73118967	73130995	ENSG00000264116	RP11-321M21.3
1	153600402	153604513	ENSG00000160678	S100A1
10	16518002	16518163	ENSG00000223156	RNU2-18P
10	16763351	16790376	ENSG00000225213	RP11-197M22.2
10	17179335	17179584	ENSG00000273153	RP11-406H21.2
9	137772654	137779924	ENSG00000160339	FCN2
10	17256238	17271984	ENSG00000229124	VIM-AS1
8	22435792	22455538	ENSG00000120913	PDLIM2
X	3285190	3286423	ENSG00000213487	ASS1P4
2	160628362	160761260	ENSG00000054219	LY75
18	73121431	73139658	ENSG00000206026	SMIM21
11	62559595	62573774	ENSG00000162231	NXF1
HSCHR6_MHC_QBL	31623259	31631569	ENSG00000206406	CSNK2B
19	35084234	35166604	ENSG00000205209	SCGB2B2
X	3450158	3450292	ENSG00000212214	SNORA48
10	17275324	17276832	ENSG00000234961	RP11-124N14.3
X	3490898	3491002	ENSG00000207435	RNU6-114P
X	3525299	3525406	ENSG00000207332	RNU6-146P
13	77566740	77601330	ENSG00000005812	FBXL3
X	3559484	3559596	ENSG00000207320	Y_RNA
3	46477136	46526724	ENSG00000012223	LTF
X	3577528	3586233	ENSG00000236188	PRKX-AS1
6	84222194	84235423	ENSG00000146250	PRSS35
10	17428935	17455502	ENSG00000204832	ST8SIA6-AS1
18	5289018	5297052	ENSG00000198081	ZBTB14
X	3635190	3635641	ENSG00000182888	RP11-558O12.1
X	3771051	3800358	ENSG00000234449	RP11-706O15.3
17	40947165	40950722	ENSG00000183978	COA3
18	73971121	73972069	ENSG00000266614	RP11-94B19.4
X	48397845	48420997	ENSG00000068354	TBC1D25
10	17445507	17445619	ENSG00000251803	Y_RNA
10	17619361	17620211	ENSG00000236582	PRPF38AP2
11	117707693	117748201	ENSG00000137726	FXYD6
HSCHR5_1_CTG1	68513587	68525954	ENSG00000262605	MRPS36
10	17683283	17685877	ENSG00000260589	RP11-390B4.5
8	145321517	145323045	ENSG00000187786	SCXB
10	17721187	17721296	ENSG00000251959	snoR442
4	40058446	40159872	ENSG00000078177	N4BP2
10	17737708	17742231	ENSG00000229190	RP11-390B4.3
9	137801431	137809809	ENSG00000085265	FCN1
1	226418850	226497570	ENSG00000183814	LIN9
10	17887107	17887193	ENSG00000207937	MIR511-1
10	18134036	18134122	ENSG00000207938	MIR511-2
7	86781677	86825653	ENSG00000135164	DMTF1
18	74069644	74207146	ENSG00000101493	ZNF516
10	18151816	18154400	ENSG00000235637	RP11-457D2.3
17	38375556	38440388	ENSG00000171475	WIPF2
7	117105838	117356025	ENSG00000001626	CFTR
10	18290715	18299491	ENSG00000226083	SLC39A12-AS1
10	18523097	18550123	ENSG00000235020	RP11-109I13.2
8	145437880	145440835	ENSG00000230567	FAM203B
10	18802044	18834580	ENSG00000240291	RP11-499P20.2
2	9613787	9636672	ENSG00000134330	IAH1
10	18820778	18822265	ENSG00000225527	RP11-383B4.4
1	67278568	67390570	ENSG00000152763	WDR78
19	35168544	35177302	ENSG00000089335	ZNF302
9	39355699	39361956	ENSG00000204849	SPATA31A1
16	31482906	31489281	ENSG00000140682	TGFB1I1
2	47272677	47382517	ENSG00000239605	C2orf61
11	70244510	70282690	ENSG00000085733	CTTN
4	81105033	81125483	ENSG00000152784	PRDM8
HSCHR17_1	43578255	43578590	ENSG00000257436	AC217778.2
HSCHR17_1	43580585	43609441	ENSG00000257814	ARL17
9	39884975	39891210	ENSG00000204848	SPATA31A2
6	2887500	2903514	ENSG00000170542	SERPINB9
6	29690552	29706305	ENSG00000204642	HLA-F
15	45003675	45011075	ENSG00000166710	B2M
X	100224697	100245818	ENSG00000174225	ARL13A
HSCHR6_MHC_MANN	31155177	31170971	ENSG00000223533	CCHCR1
1	153606525	153618782	ENSG00000160679	CHTOP
9	137967268	138013025	ENSG00000130558	OLFM1
4	191005267	191007077	ENSG00000258389	DUX4
8	439803	495781	ENSG00000180190	TDRP
X	3809479	3838787	ENSG00000205663	RP11-706O15.5
9	40028620	40032417	ENSG00000227921	AL353791.1
10	47157983	47174093	ENSG00000150165	ANXA8L1
X	3847910	3855896	ENSG00000205662	RP11-706O15.7
20	21376005	21378666	ENSG00000125816	NKX2-4
X	3871097	3871602	ENSG00000225722	RP11-706O15.8
2	37068327	37068530	ENSG00000268688	AC007382.1
4	191008560	191010370	ENSG00000259034	DUX4L3
HSCHR17_1	43582566	43647125	ENSG00000257374	AC217778.1
X	4501463	4501541	ENSG00000264861	AC108683.1
X	4545241	4551613	ENSG00000236513	RP11-707P20.1
20	21491648	21494664	ENSG00000125820	NKX2-2
17	4871287	4890960	ENSG00000108509	CAMTA2
9	40700291	40706537	ENSG00000147926	SPATA31A3
16	71879894	71919171	ENSG00000224470	ATXN1L
X	4636834	4636955	ENSG00000222834	AC074035.1
16	3292028	3306627	ENSG00000103313	MEFV
5	122110691	122165803	ENSG00000205302	SNX2
X	5086959	5087480	ENSG00000235039	MTND6P12
4	191011860	191013719	ENSG00000259128	DUX4L2
X	5087553	5088686	ENSG00000226313	RP11-585K14.2
4	48991	50018	ENSG00000248302	Z95704.4
8	564746	688106	ENSG00000104714	ERICH1
20	21686297	21696620	ENSG00000125813	PAX1
4	65017	65125	ENSG00000207643	Z95704.1
10	105005644	105007773	ENSG00000235376	RPEL1
3	186838736	186898696	ENSG00000163923	RPL39L
4	85621	87340	ENSG00000255436	Z95704.2
6	111620234	111804918	ENSG00000009413	REV3L
2	37070783	37193615	ENSG00000115808	STRN
10	74451889	74647452	ENSG00000156026	MCU
X	54094757	54209714	ENSG00000184083	FAM120C
4	105845	107000	ENSG00000250238	Z95704.3
22	38597889	38612518	ENSG00000185022	MAFF
4	123966	125423	ENSG00000256143	Z95704.5
7	6617065	6629005	ENSG00000136247	ZDHHC4
10	105036920	105050108	ENSG00000148798	INA
4	121956768	121994176	ENSG00000173376	NDNF
X	130192216	130223857	ENSG00000147256	ARHGAP36
4	124386	157779	ENSG00000250312	ZNF718
19	35225060	35233777	ENSG00000197841	ZNF181
9	40760700	40836415	ENSG00000196409	ZNF658
20	22561643	22566093	ENSG00000125798	FOXA2
9	138150512	138151275	ENSG00000269408	AL390778.1
9	138235095	138238408	ENSG00000178243	C9orf62
4	130242	130349	ENSG00000211553	AC118278.1
19	3672580	3674293	ENSG00000267304	AC004637.1
4	195198	198798	ENSG00000250892	RP11-1365D11.1
3	146109208	146213778	ENSG00000163746	PLSCR2
19	3753838	3756515	ENSG00000267205	AC005954.4
X	5223755	5225169	ENSG00000238193	RP11-555H23.1
19	3754618	3756657	ENSG00000267138	AC005954.3
4	206399	249774	ENSG00000198155	ZNF876P
19	3775994	3776180	ENSG00000267148	AC005777.3
X	5328163	5328292	ENSG00000201660	SNORA20
19	3870989	3872105	ENSG00000266989	FTLP5
X	5571462	5644346	ENSG00000236120	RP11-733O18.1
4	218004	218112	ENSG00000252616	AC079140.1
20	23016057	23017314	ENSG00000132671	SSTR4
1	226548392	226595780	ENSG00000143799	PARP1
4	262771	263320	ENSG00000251188	RP11-478C6.6
10	105062553	105110891	ENSG00000156374	PCGF6
19	3920247	3920504	ENSG00000266627	RN7SL202P
X	5979685	5979790	ENSG00000252291	SNORA31
1	27561007	27635110	ENSG00000142784	WDTC1
19	3961412	3961510	ENSG00000207733	MIR637
4	263655	263964	ENSG00000251689	RP11-478C6.5
19	3982505	3982570	ENSG00000206775	SNORD37
20	23026270	23030378	ENSG00000178726	THBD
19	4061613	4062747	ENSG00000268670	CTD-2622I13.3
4	330047	330575	ENSG00000251535	RP11-478C6.1
18	74207477	74210045	ENSG00000220032	RP11-17M16.1
4	331886	332372	ENSG00000248564	RP11-478C6.2
19	4208220	4208530	ENSG00000266223	RN7SL84P
19	4339574	4343488	ENSG00000269425	AC007292.7
4	336610	336751	ENSG00000250321	RP11-478C6.4
11	19372271	20143144	ENSG00000166833	NAV2
17	74070875	74073622	ENSG00000182687	GALR2
19	4347241	4354054	ENSG00000269807	AC007292.4
12	51487446	51566926	ENSG00000135457	TFCP2
4	343946	344041	ENSG00000207642	MIR571
X	100264335	100307105	ENSG00000188917	TRMT2B
19	4347777	4349058	ENSG00000267938	AC007292.1
8	1449532	1656642	ENSG00000198010	DLGAP2
15	72690614	72700370	ENSG00000187806	TMEM202
9	41321107	41327364	ENSG00000234214	SPATA31A4
22	38615298	38669040	ENSG00000198792	TMEM184B
9	138370925	138380739	ENSG00000196422	PPP1R26
18	74240612	74322925	ENSG00000263812	LINC00908
16	3313743	3351401	ENSG00000006194	ZNF263
HSCHR6_MHC_QBL	31627141	31631569	ENSG00000239285	LY6G5B
19	4356634	4358445	ENSG00000269318	AC007292.3
19	4363786	4364637	ENSG00000267980	AC007292.6
19	4429686	4430931	ENSG00000267255	CTB-50L17.5
19	4445975	4446045	ENSG00000266437	MIR4746
4	81187753	81257834	ENSG00000138675	FGF5
19	4447301	4448214	ENSG00000267030	CTB-50L17.7
18	74506688	74534251	ENSG00000264278	RP11-162A12.2
12	103230663	103352188	ENSG00000171759	PAH
19	10943114	10946994	ENSG00000099203	TMED1
19	4454011	4455283	ENSG00000267769	CTB-50L17.9
20	23059986	23066977	ENSG00000125810	CD93
19	4457959	4471490	ENSG00000267011	CTB-50L17.16
1	2567415	2718286	ENSG00000215912	TTC34
4	387323	387447	ENSG00000249025	RP11-2H3.2
4	403598	403704	ENSG00000211482	AC092574.1
4	409907	410326	ENSG00000272885	RP11-2H3.6
19	4466463	4466736	ENSG00000264407	RN7SL528P
19	4477048	4479576	ENSG00000220693	AC011498.1
12	94960900	95044338	ENSG00000057704	TMCC3
19	4545207	4545463	ENSG00000263974	RN7SL121P
4	419224	467918	ENSG00000251595	ABCA11P
1	153631130	153634306	ENSG00000143553	SNAPIN
19	4621206	4622319	ENSG00000267408	CTB-50L17.2
12	120876001	120897809	ENSG00000111780	AL021546.6
9	138387027	138393580	ENSG00000160345	C9orf116
19	4654976	4655536	ENSG00000268565	AC005339.2
8	145486055	145515082	ENSG00000170727	BOP1
1	2938046	2939465	ENSG00000169717	ACTRT2
19	4679294	4685960	ENSG00000205790	AC005594.3
X	54219256	54385075	ENSG00000196632	WNK3
9	41500679	41506925	ENSG00000233788	SPATA31A5
21	46305868	46351904	ENSG00000160255	ITGB2
19	4726303	4726391	ENSG00000266209	AC005783.1
HSCHR6_MHC_COX	32702866	32707151	ENSG00000241386	HLA-DOB
X	48431482	48433275	ENSG00000204620	AC115618.1
HSCHR6_MHC_QBL	31634707	31642059	ENSG00000206404	LY6G5C
19	4769117	4772545	ENSG00000176840	MIR7-3HG
15	72766667	72879692	ENSG00000166233	ARIH1
19	10947251	10980466	ENSG00000214212	C19orf38
16	3348832	3355729	ENSG00000140993	TIGD7
9	42368303	42411410	ENSG00000183148	ANKRD20A2
3	72420976	72496069	ENSG00000163602	RYBP
9	138391830	138396519	ENSG00000122140	MRPS2
X	48432837	48437454	ENSG00000102317	RBM3
4	461317	461425	ENSG00000252150	AC092574.2
4	567669	568201	ENSG00000273238	RP11-1263C18.1
12	120881764	120884215	ENSG00000170855	TRIAP1
4	585359	585697	ENSG00000263386	RN7SL358P
3	16355081	16555533	ENSG00000131378	RFTN1
19	4770682	4770791	ENSG00000207630	MIR7-3
4	646639	649434	ENSG00000242686	RP11-1191J2.2
19	4785132	4791219	ENSG00000268536	AC005523.3
19	4791757	4795571	ENSG00000269604	AC005523.2
4	654998	655734	ENSG00000272927	RP11-1191J2.5
17	10293639	10325267	ENSG00000133020	MYH8
19	4838344	4838919	ENSG00000267484	CTC-518P12.6
4	716064	717823	ENSG00000248416	RP11-1191J2.4
16	3355406	3368852	ENSG00000162086	ZNF75A
19	4876724	4876810	ENSG00000264899	AC027319.2
4	750810	751528	ENSG00000272588	RP11-440L14.4
12	120884241	120899389	ENSG00000257218	GATC
19	4889215	4889310	ENSG00000221535	AC027319.1
4	756175	775637	ENSG00000249592	RP11-440L14.1
2	37195526	37311485	ENSG00000008869	HEATR5B
18	74534563	74682683	ENSG00000130856	ZNF236
6	43021767	43027544	ENSG00000112651	MRPL2
3	72798428	72911065	ENSG00000144736	SHQ1
17	40950810	40963605	ENSG00000176563	CNTD1
4	758275	758862	ENSG00000233799	AC139887.4
HSCHR6_MHC_MANN	31163493	31163610	ENSG00000257260	CR847794.2
4	830300	831012	ENSG00000260262	RP11-440L14.3
9	42409989	42474239	ENSG00000240240	RP11-146D12.2
4	1021466	1022760	ENSG00000250259	RP11-460I19.2
8	22446787	22459597	ENSG00000248235	AC037459.4
4	1093804	1095346	ENSG00000251639	RP11-20I20.1
4	40192673	40248587	ENSG00000168421	RHOH
13	77618792	77901185	ENSG00000005810	MYCBP2
19	10982189	11033453	ENSG00000142453	CARM1
4	1107427	1126765	ENSG00000251652	RP11-20I20.2
HSCHR6_MHC_MANN	31171310	31176939	ENSG00000224941	TCF19
9	138413284	138418378	ENSG00000160349	LCN1
12	120899471	120907596	ENSG00000111786	SRSF9
16	3405889	3406924	ENSG00000168158	OR2C1
11	117771358	117800174	ENSG00000137747	TMPRSS13
8	1703944	1734738	ENSG00000182372	CLN8
19	4903092	4962165	ENSG00000034063	UHRF1
20	23330015	23334066	ENSG00000269407	AL096677.1
20	23331373	23335414	ENSG00000132661	NXT1
6	31926857	31937532	ENSG00000204351	SKIV2L
16	3415099	3536960	ENSG00000262621	NAA60
12	10378657	10469850	ENSG00000134539	KLRD1
16	71879899	71962913	ENSG00000182149	IST1
1	226736501	226796915	ENSG00000203685	C1orf95
X	130407480	130533677	ENSG00000147255	IGSF1
10	18940195	18948214	ENSG00000152487	ARL5B-AS1
2	98703579	98929762	ENSG00000168658	VWA3B
9	138437985	138441815	ENSG00000122136	OBP2A
4	40337346	40357234	ENSG00000174343	CHRNA9
3	186915274	186919253	ENSG00000175077	RTP1
10	19024674	19027560	ENSG00000225509	AIFM1P1
20	23342787	23353700	ENSG00000125812	GZF1
16	3421053	3422283	ENSG00000232196	MTRNR2L4
1	2985732	3355185	ENSG00000142611	PRDM16
10	19035362	19036782	ENSG00000234244	RP11-139J15.5
7	100199800	100205798	ENSG00000106333	PCOLCE
X	6299196	6299350	ENSG00000229818	RP11-459A10.3
10	19229430	19229882	ENSG00000234813	RP11-288D15.1
X	6299515	6299685	ENSG00000225962	RP11-459A10.2
HSCHR6_MHC_COX	32711936	32728881	ENSG00000228582	TAP2
X	6301947	6302004	ENSG00000265284	MIR4770
22	38686697	38794527	ENSG00000213923	CSNK1E
10	19340384	19341099	ENSG00000226255	UBE2V2P1
3	121150278	121264853	ENSG00000051341	POLQ
4	1984441	2043630	ENSG00000185049	NELFA
9	42668608	42714962	ENSG00000215126	CBWD7
2	47293080	47403650	ENSG00000273269	RP11-761B3.1
HSCHR6_MHC_QBL	31644972	31661447	ENSG00000206403	ABHD16A
HSCHR6_MHC_MANN	31172166	31183436	ENSG00000230336	POU5F1
1	226819391	226927024	ENSG00000143772	ITPKB
7	6629648	6648357	ENSG00000146576	C7orf26
1	153634512	153643524	ENSG00000143621	ILF2
19	11033444	11039357	ENSG00000130733	YIPF2
17	38443885	38459171	ENSG00000094804	CDC6
16	3432085	3451065	ENSG00000140987	ZSCAN32
2	192542794	192561385	ENSG00000173559	NABP1
4	122052563	122148621	ENSG00000050730	TNIP3
20	23355159	23402125	ENSG00000125814	NAPB
3	52279841	52284613	ENSG00000164088	PPM1M
15	45021186	45060027	ENSG00000185880	TRIM69
9	138453602	138458801	ENSG00000122133	PAEP
4	40425272	40632892	ENSG00000163694	RBM47
2	233631174	233641278	ENSG00000115474	KCNJ13
11	62574369	62599560	ENSG00000162236	STX5
1	27648651	27662891	ENSG00000186501	TMEM222
14	21989232	22005350	ENSG00000165821	SALL2
12	51580719	51611477	ENSG00000184271	POU6F1
12	95290831	95397546	ENSG00000184752	NDUFA12
12	120907653	120936296	ENSG00000088986	DYNLL1
2	233721980	233743418	ENSG00000182600	C2orf82
17	74077087	74117657	ENSG00000182473	EXOC7
4	81256874	81884910	ENSG00000197826	C4orf22
14	39734488	39856156	ENSG00000150527	CTAGE5
16	31494323	31502181	ENSG00000140675	SLC5A2
3	121289551	121305481	ENSG00000186103	ARGFX
9	42717234	42720342	ENSG00000204828	FOXD4L2
8	22457114	22461663	ENSG00000241852	C8orf58
8	1772142	1906807	ENSG00000104728	ARHGEF10
3	121311966	121349139	ENSG00000163833	FBXO40
HSCHR6_MHC_DBB	31588979	31602664	ENSG00000227761	BAG6
3	16628299	16711813	ENSG00000092345	DAZL
7	151832010	152133090	ENSG00000055609	KMT2C
10	19579152	19580409	ENSG00000227734	RP11-49L2.1
10	19778030	19778329	ENSG00000239539	HMGN1P20
9	138515502	138531386	ENSG00000204007	GLT6D1
1	227057885	227083806	ENSG00000143801	PSEN2
10	19780001	19780228	ENSG00000236960	RP11-265G8.3
16	3451235	3459370	ENSG00000103343	ZNF174
15	72947079	72958735	ENSG00000215186	GOLGA6B
10	19887176	19887391	ENSG00000200545	U3
22	38822332	38851205	ENSG00000168135	KCNJ4
10	19922612	19922741	ENSG00000252001	RNA5SP303
1	67390578	67454302	ENSG00000198160	MIER1
9	43064966	43133544	ENSG00000132498	ANKRD20A3
10	19999257	20017479	ENSG00000233968	RP11-354E11.2
9	138555168	138558268	ENSG00000148386	LCN9
10	47177204	47181681	ENSG00000189090	FAM25B
X	6340133	6340742	ENSG00000237730	RP11-459A10.1
X	6585906	6639585	ENSG00000231217	RP11-1M18.1
10	20036752	20037550	ENSG00000230818	MTND2P16
X	100333709	100351353	ENSG00000126950	TMEM35
X	6907370	6907824	ENSG00000237490	RP13-926M18.1
10	20072486	20072589	ENSG00000212072	AL353147.1
X	7031046	7031445	ENSG00000228550	RP11-483M24.2
10	20081927	20082030	ENSG00000252832	RNU6-1212P
17	10346607	10372876	ENSG00000264424	MYH4
10	20359734	20380713	ENSG00000238246	RP11-575A19.2
3	186935942	187009810	ENSG00000127241	MASP1
X	7065901	7065978	ENSG00000264268	MIR4767
22	38864067	38879452	ENSG00000100196	KDELR3
4	81952119	81978685	ENSG00000152785	BMP3
X	7975419	7986201	ENSG00000230394	RP11-692P14.1
10	20638978	20640029	ENSG00000228339	AMD1P1
17	79897521	79905109	ENSG00000185105	MYADML2
19	35248981	35264134	ENSG00000153896	ZNF599
X	8095006	8095102	ENSG00000207628	MIR651
9	138585253	138591374	ENSG00000165643	SOHLH1
X	8751555	8752502	ENSG00000225574	DRAXINP1
10	20836100	20836351	ENSG00000270727	RP11-51E20.1
X	8824706	8825100	ENSG00000231619	GS1-542M4.3
10	20840899	20840975	ENSG00000265372	MIR4675
X	8831902	8835642	ENSG00000229012	GS1-542M4.4
10	21093222	21093506	ENSG00000235940	MTND1P21
X	8948466	8950546	ENSG00000225271	RP11-66N5.2
16	3486104	3493542	ENSG00000167981	ZNF597
X	9101869	9101987	ENSG00000200852	RNA5SP499
X	9147426	9147647	ENSG00000219870	RP11-430A19.2
7	6655248	6663921	ENSG00000236609	ZNF853
X	9217960	9243246	ENSG00000228543	GS1-519E5.1
15	72968124	72978490	ENSG00000175202	HIGD2B
4	1108985	1147514	ENSG00000215367	TMED11P
2	233743396	233877982	ENSG00000066248	NGEF
12	120941077	120972237	ENSG00000110871	COQ5
17	79910388	79919716	ENSG00000185269	NOTUM
X	9370791	9382606	ENSG00000232111	RP11-126O22.1
4	1112672	1112801	ENSG00000212458	SNORA48
4	1145160	1147489	ENSG00000227189	AC092535.3
4	1161566	1161962	ENSG00000273179	RP11-20I20.4
12	10524952	10562745	ENSG00000255819	KLRC4-KLRK1
4	1243088	1282079	ENSG00000196810	CTBP1-AS2
19	4932699	4932752	ENSG00000263409	MIR4747
17	38465444	38513094	ENSG00000131759	RARA
19	5178130	5178475	ENSG00000267550	CTC-482H14.5
6	84262599	84419410	ENSG00000065609	SNAP91
9	43135095	43135514	ENSG00000232866	AL513478.1
19	5277745	5278144	ENSG00000239524	RPL32P34
19	5409469	5409766	ENSG00000266694	RN7SL626P
11	117857063	117872196	ENSG00000110324	IL10RA
4	1350369	1351863	ENSG00000254094	AC078852.1
19	5558178	5568045	ENSG00000223573	TINCR
4	1352267	1353249	ENSG00000253399	AC078852.2
7	6713376	6715991	ENSG00000198580	AC073343.1
9	43624507	43630730	ENSG00000185775	SPATA31A6
4	1552011	1552299	ENSG00000272783	RP13-1016M1.2
11	70313961	70963623	ENSG00000162105	SHANK2
4	1575789	1581980	ENSG00000244459	RP11-1398P2.1
10	55562531	57387702	ENSG00000150275	PCDH15
19	5576671	5576949	ENSG00000233270	SNRPEP4
18	5392383	5630699	ENSG00000082397	EPB41L3
4	82009837	82136218	ENSG00000138669	PRKG2
X	9786279	9787509	ENSG00000215319	RP11-98L4.1
19	5822936	5823035	ENSG00000263995	AC011499.1
4	1685147	1685256	ENSG00000207009	Y_RNA
19	35417807	35436074	ENSG00000168661	ZNF30
19	5847478	5858250	ENSG00000267709	AC024592.9
4	1714548	1715349	ENSG00000270195	RP11-572O17.1
19	49925671	49926698	ENSG00000142538	PTH2
19	5899906	5901522	ENSG00000266941	AC104532.3
4	1741078	1743830	ENSG00000218422	AC016773.1
4	1870787	1871064	ENSG00000240455	RN7SL671P
HSCHR6_MHC_MANN	31183305	31199405	ENSG00000257215	CR847794.1
X	9833133	9833583	ENSG00000230326	HMGN1P33
4	1961768	1962113	ENSG00000183504	AL132868.1
19	5911589	5913910	ENSG00000267571	AC104532.4
X	9842641	9842741	ENSG00000206844	Y_RNA
4	1976363	1976487	ENSG00000249784	SCARNA22
19	5978414	6020374	ENSG00000266983	CTC-232P5.1
X	9992882	10006694	ENSG00000225076	WWC3-AS1
4	1988111	1988204	ENSG00000216105	MIR943
X	10029262	10029363	ENSG00000202469	Y_RNA
19	6067964	6077130	ENSG00000267262	CTC-232P5.3
X	10184638	10184739	ENSG00000222133	AC003666.1
4	2090445	2092344	ENSG00000249006	RP11-317B7.2
19	49927006	49932075	ENSG00000261949	GFY
X	10210379	10333363	ENSG00000227042	RP6-1O2.1
19	6072834	6073538	ENSG00000267589	CTC-232P5.4
4	2141400	2142785	ENSG00000250623	RP11-317B7.3
16	31500792	31520630	ENSG00000140688	C16orf58
X	10550857	10550959	ENSG00000207202	RNU6-800P
4	2235978	2236226	ENSG00000249047	COX6B1P5
19	6109333	6125808	ENSG00000267299	CTB-66B24.1
4	2251804	2251883	ENSG00000265080	MIR4800
19	6176267	6176453	ENSG00000267415	CTC-503J8.2
4	2297311	2320816	ENSG00000251148	RP11-478C1.7
X	10865996	11129261	ENSG00000234129	RP11-120D5.1
19	6210390	6212492	ENSG00000267427	CTC-503J8.6
4	2317926	2318233	ENSG00000239247	RN7SL589P
4	2326194	2326809	ENSG00000249077	RP11-478C1.8
19	6259168	6259810	ENSG00000267563	CTC-503J8.4
3	121350246	121379774	ENSG00000180353	HCLS1
X	11134212	11134313	ENSG00000207151	Y_RNA
6	2948393	2972090	ENSG00000124570	SERPINB6
19	6343772	6362160	ENSG00000269802	CTB-180A7.3
10	105127724	105148822	ENSG00000148835	TAF5
X	11336734	11336806	ENSG00000263652	MIR548AX
4	2420701	2452087	ENSG00000206113	RP11-503N18.1
19	6386773	6390411	ENSG00000269444	CTB-180A7.6
19	6393820	6412415	ENSG00000214347	CTB-180A7.8
HSCHR6_MHC_COX	32730817	32734804	ENSG00000235715	PSMB8
4	122250467	122302214	ENSG00000186867	QRFPR
22	38879445	38903665	ENSG00000100201	DDX17
19	6416421	6416522	ENSG00000266722	MIR3940
19	49932658	49945617	ENSG00000104888	SLC17A7
19	6494331	6495036	ENSG00000268191	CTD-2396E7.10
4	2465524	2465851	ENSG00000248399	RP11-503N18.4
8	48872745	48890720	ENSG00000104738	MCM4
19	6494331	6494816	ENSG00000268203	CTD-2396E7.9
9	43684902	43924049	ENSG00000154529	CNTNAP3B
4	2506808	2508006	ENSG00000251229	RP11-503N18.5
19	6552369	6554505	ENSG00000268742	CTD-2396E7.7
14	22037934	22038875	ENSG00000169208	OR10G3
14	22089991	22090720	ENSG00000255569	TRAV1-1
19	35447258	35454953	ENSG00000180884	ZNF792
4	2609597	2609873	ENSG00000248155	WI2-89927D4.1
4	2616851	2616951	ENSG00000206738	Y_RNA
14	22101992	22103096	ENSG00000255582	OR10G2
3	52288437	52322036	ENSG00000164091	WDR82
X	11352353	11354021	ENSG00000232392	AC002366.3
4	2936626	2963465	ENSG00000249673	NOP14-AS1
5	170736288	170739138	ENSG00000164438	TLX3
HSCHR6_MHC_MANN	31280024	31283395	ENSG00000237022	HLA-C
X	11722243	11723710	ENSG00000223418	GS1-590J6.2
8	22462145	22479027	ENSG00000158941	CCAR2
1	227085237	227175246	ENSG00000163050	ADCK3
15	72978527	73030817	ENSG00000140463	BBS4
X	12072943	12073045	ENSG00000206792	Y_RNA
4	3045828	3045934	ENSG00000199335	RNU6-204P
X	12166437	12166520	ENSG00000252111	AC002981.1
18	74690783	74845639	ENSG00000197971	MBP
4	3065198	3076241	ENSG00000251075	HTT-AS
X	12167245	12167357	ENSG00000206795	Y_RNA
X	12391286	12393252	ENSG00000223487	FRMPD4-AS1
4	3314239	3314785	ENSG00000248840	RP11-357G3.2
X	12413876	12414286	ENSG00000231211	RPL17P49
4	3325704	3326489	ENSG00000248843	RP11-357G3.1
4	3505324	3506184	ENSG00000261643	RP11-529E10.6
14	89029253	89079853	ENSG00000100722	ZC3H14
1	27668513	27680421	ENSG00000142765	SYTL1
4	3546282	3550523	ENSG00000270090	RP11-529E10.7
3	16844159	17132086	ENSG00000154822	PLCL2
7	44617493	44621886	ENSG00000158604	TMED4
16	3493611	3536963	ENSG00000122390	NAA60
4	3634756	3635702	ENSG00000250681	RP3-368B9.2
X	48448430	48463581	ENSG00000101940	WDR13
2	160628362	160761221	ENSG00000248672	LY75-CD302
4	3675320	3679582	ENSG00000250632	RP3-513G18.2
8	100885428	100906290	ENSG00000164919	COX6C
11	62599814	62609281	ENSG00000133316	WDR74
4	3760475	3765117	ENSG00000250986	AC141928.1
4	3891083	3891976	ENSG00000251166	OR7E163P
HG905_PATCH	96892	100113	ENSG00000261456	TUBB8
10	74653339	74692791	ENSG00000138315	OIT3
4	3903293	3904321	ENSG00000234386	OR7E162P
4	3912010	3912331	ENSG00000249522	RP11-718M20.5
10	47191844	47239738	ENSG00000204172	AGAP10
4	3916910	3957148	ENSG00000253917	AC226119.5
12	51619860	51620085	ENSG00000269339	AC139768.1
4	3916914	3926001	ENSG00000271977	AC226119.4
4	122589110	122618268	ENSG00000164111	ANXA5
3	52321105	52329272	ENSG00000168237	GLYCTK
19	11039409	11044211	ENSG00000142444	C19orf52
9	138594031	138684992	ENSG00000107147	KCNT1
14	22111109	22111798	ENSG00000256553	TRAV1-2
19	35485688	35517375	ENSG00000089351	GRAMD1A
HSCHR6_MHC_QBL	31664920	31675931	ENSG00000206402	LY6G6D
14	22133297	22134238	ENSG00000221977	OR4E2
5	43192173	43280952	ENSG00000177453	NIM1K
14	22180544	22181066	ENSG00000211776	TRAV2
HG905_PATCH	184465	304637	ENSG00000260150	ZMYND11
12	95414005	95467479	ENSG00000120798	NR2C1
14	22191960	22192568	ENSG00000211777	TRAV3
12	51632076	51665146	ENSG00000183283	DAZAP2
9	44325916	44326077	ENSG00000268708	BX088651.2
14	22204434	22205264	ENSG00000211778	TRAV4
1	3370990	3397677	ENSG00000130762	ARHGEF16
9	44400717	44402427	ENSG00000212952	BX088651.1
5	170814120	170838141	ENSG00000181163	NPM1
14	22217462	22217989	ENSG00000211779	TRAV5
9	44867571	44870528	ENSG00000204814	RP11-160N1.10
HG905_PATCH	64061	66544	ENSG00000260370	RP11-631M21.1
14	22236729	22237320	ENSG00000211780	TRAV6
19	49949555	49956754	ENSG00000104872	PIH1D1
4	3937174	3944248	ENSG00000251271	ALG1L7P
9	44990314	44991483	ENSG00000154537	FAM27C
HG905_PATCH	94712	96884	ENSG00000261753	RP11-631M21.6
9	45441273	45441542	ENSG00000268578	AL354718.1
10	47657581	47701443	ENSG00000198250	ANTXRL
9	45727107	45728274	ENSG00000182368	FAM27A
HG905_PATCH	130394	136265	ENSG00000259973	IL9RP2
6	43044006	43129457	ENSG00000112655	PTK7
6	2988221	3019996	ENSG00000124588	NQO2
4	82347547	82965397	ENSG00000138670	RASGEF1B
5	43289497	43313614	ENSG00000112972	HMGCS1
7	6728064	6746554	ENSG00000164631	ZNF12
4	3943487	3957146	ENSG00000251669	FAM86EP
HG905_PATCH	204831	204943	ENSG00000262639	5S_rRNA
9	45733559	45734896	ENSG00000204807	FAM27E2
17	28521337	28563020	ENSG00000108576	SLC6A4
12	10524952	10544473	ENSG00000213809	KLRK1
9	46385691	46387031	ENSG00000237198	FAM27E1
19	6562134	6563859	ENSG00000269546	CTD-2396E7.8
9	46389110	46391556	ENSG00000231997	FAM27D1
19	6572967	6573068	ENSG00000199223	Y_RNA
HSCHR17_1	43735638	43740507	ENSG00000257561	AC138688.3
19	6593340	6594066	ENSG00000268785	RPL7P50
HSCHR17_1	43752301	43767276	ENSG00000257318	AC138688.2
19	6748304	6751478	ENSG00000269680	CTD-3128G10.6
22	38914954	38966291	ENSG00000100206	DMC1
19	6895733	6895814	ENSG00000265353	AC020895.1
19	6898310	6898697	ENSG00000269385	CTC-312O10.2
HSCHR6_MHC_MANN	31364707	31368080	ENSG00000224608	HLA-B
19	6952511	6990857	ENSG00000268758	EMR4P
9	47295855	47314322	ENSG00000236029	AL953854.2
HSCHR6_MHC_QBL	31664901	31668612	ENSG00000243804	LY6G6F
21	46352729	46359828	ENSG00000183250	C21orf67
14	22251210	22251720	ENSG00000211781	TRAV7
5	137667624	137685416	ENSG00000120709	FAM53C
14	22265459	22266058	ENSG00000211782	TRAV8-1
19	6953222	6954915	ENSG00000268845	RP11-1137G4.3
16	3543484	3545480	ENSG00000215131	C16orf90
19	7005023	7006085	ENSG00000269761	RP11-1137G4.4
17	79934683	79975282	ENSG00000169696	ASPSCR1
14	22279674	22280149	ENSG00000211783	TRAV9-1
HG883_PATCH	26646121	26655707	ENSG00000262046	TMEM97
19	7019311	7021442	ENSG00000196589	CTB-25J19.1
HSCHR6_MHC_QBL	31670355	31671831	ENSG00000206401	LY6G6E
14	22293636	22294239	ENSG00000211784	TRAV10
11	117947753	117992605	ENSG00000137648	TMPRSS4
19	7087063	7087979	ENSG00000269163	CTB-25J19.9
14	22309422	22309956	ENSG00000211785	TRAV12-1
19	7160431	7160506	ENSG00000266483	AC010311.1
20	23420322	23425567	ENSG00000125823	CSTL1
1	67465015	67519782	ENSG00000116704	SLC35D1
19	7309263	7309362	ENSG00000265748	AC125387.1
4	3968761	3969387	ENSG00000250476	ENPP7P9
19	7455408	7459925	ENSG00000267852	CTB-133G6.2
19	7584802	7585346	ENSG00000269371	CTD-2207O23.11
4	4038811	4038914	ENSG00000264106	AC116562.2
4	4078438	4079218	ENSG00000243894	RP11-489M13.1
19	7698652	7701876	ENSG00000268204	CTD-3214H19.6
4	4086061	4086208	ENSG00000221301	AC116562.1
21	46359925	46396904	ENSG00000160256	FAM207A
4	4088365	4088541	ENSG00000250940	RP11-489M13.3
19	7730603	7731362	ENSG00000269228	CTD-3214H19.12
1	153651113	153666468	ENSG00000169418	NPR1
4	4119652	4120011	ENSG00000248669	RP11-489M13.2
X	54466834	54471920	ENSG00000158526	TSR2
10	74694928	74714536	ENSG00000138308	PLA2G12B
13	78109809	78219398	ENSG00000136155	SCEL
X	12632122	12632316	ENSG00000271814	7SK
19	7815570	7816047	ENSG00000242636	RPL21P129
X	12843959	12844952	ENSG00000229083	PSMA6P2
20	23431040	23433494	ENSG00000125831	CST11
9	65503363	65509610	ENSG00000234734	SPATA31A7
X	12862984	12863549	ENSG00000230691	MRPL35P4
19	7852435	7855507	ENSG00000268297	CLEC4GP1
X	12920936	12926452	ENSG00000233338	TLR8-AS1
X	13111779	13112692	ENSG00000261030	RP11-791M20.1
19	7878501	7879311	ENSG00000269763	EXOSC3P2
7	44646171	44748665	ENSG00000105953	OGDH
X	13284167	13321571	ENSG00000235385	GS1-600G8.5
19	7935447	7936182	ENSG00000268120	CTD-3193O13.11
8	1922044	1955102	ENSG00000176595	KBTBD11
19	7944330	7945005	ENSG00000269153	CTD-3193O13.10
19	7951862	7951981	ENSG00000199900	RNA5SP463
12	10559983	10562356	ENSG00000183542	KLRC4
1	3406484	3528059	ENSG00000162591	MEGF6
19	7967148	7967416	ENSG00000264166	RN7SL115P
8	145490549	145492470	ENSG00000188686	SCXA
19	7977533	7978403	ENSG00000268149	CTD-3193O13.13
4	2043689	2045697	ENSG00000243449	C4orf48
20	23471738	23476655	ENSG00000125815	CST8
7	117350705	117514193	ENSG00000077063	CTTNBP2
21	46492796	46492927	ENSG00000268856	AP001579.1
19	7983537	7984042	ENSG00000260500	CTD-3193O13.1
X	100353178	100418670	ENSG00000102384	CENPI
HSCHR6_MHC_QBL	31676607	31684720	ENSG00000206396	C6orf25
19	7990886	7991648	ENSG00000269139	CTD-3193O13.8
HSCHR17_1	43776446	43839462	ENSG00000258372	ARL17A
X	13328771	13338052	ENSG00000231216	GS1-600G8.3
6	29794744	29798902	ENSG00000204632	HLA-G
12	133498019	133532892	ENSG00000196458	ZNF605
9	67784944	67786624	ENSG00000232833	FAM27E3
22	38974125	39052634	ENSG00000184949	FAM227A
20	23545369	23549386	ENSG00000101435	CST9L
9	67792938	67794111	ENSG00000170215	FAM27B
15	45248900	45271427	ENSG00000167014	C15orf43
2	37311594	37326387	ENSG00000152133	GPATCH11
9	67924791	67925210	ENSG00000233434	BX649567.1
20	23583047	23586513	ENSG00000173335	CST9
X	54471887	54522599	ENSG00000102302	FGD1
1	67557848	67697536	ENSG00000203963	C1orf141
16	3550924	3589048	ENSG00000103351	CLUAP1
HSCHR6_MHC_MANN	31410600	31427049	ENSG00000235233	MICA
19	49956426	49974305	ENSG00000161618	ALDH16A1
9	67926761	67969840	ENSG00000196774	ANKRD20A1
20	23608534	23619110	ENSG00000101439	CST3
8	1993155	2113475	ENSG00000036448	MYOM2
8	145515280	145538385	ENSG00000185122	HSF1
4	4128386	4129296	ENSG00000198787	OR4D12P
4	4145185	4152148	ENSG00000250381	UNC93B4
12	120971283	121015397	ENSG00000022840	RNF10
4	4158249	4159170	ENSG00000250710	OR7E99P
15	45315302	45369383	ENSG00000140263	SORD
4	4176046	4176965	ENSG00000249844	OR7E43P
3	17198654	18486309	ENSG00000131374	TBC1D5
4	4323689	4335909	ENSG00000248516	RP11-265O12.1
HSCHR17_1	43800487	43865069	ENSG00000257211	AC138688.1
4	4477848	4483427	ENSG00000248221	STX18-IT1
20	23666277	23669677	ENSG00000101441	CST4
16	71893583	71929239	ENSG00000102984	ZNF821
9	138700333	138799074	ENSG00000130559	CAMSAP1
4	4508805	4509504	ENSG00000237170	RPS7P15
17	38516907	38520945	ENSG00000266208	CTD-2267D19.3
8	100973164	101143496	ENSG00000132554	RGS22
14	68286496	69196935	ENSG00000182185	RAD51B
4	40751914	40812002	ENSG00000179299	NSUN7
5	43376747	43412493	ENSG00000151882	CCL28
17	38517235	38520067	ENSG00000183153	GJD3
2	233877324	233880595	ENSG00000222001	AC106876.2
4	4543858	4712665	ENSG00000247708	STX18-AS1
9	67968793	67987998	ENSG00000155282	RP11-195B21.3
22	39052641	39069859	ENSG00000100211	CBY1
4	2061239	2070816	ENSG00000185818	NAT8L
20	23728190	23731905	ENSG00000170373	CST1
2	233897382	233899767	ENSG00000115488	NEU2
HSCHR6_MHC_MANN	31512918	31518423	ENSG00000231372	MICB
9	69199480	69202204	ENSG00000204793	FOXD4L6
4	4846164	4852554	ENSG00000273396	RP11-326I19.3
2	47387221	47403740	ENSG00000143933	CALM2
4	4895909	4896900	ENSG00000251587	LDHAP1
10	74766975	74856732	ENSG00000122884	P4HA1
20	23804406	23807368	ENSG00000170369	CST2
4	4922497	4922791	ENSG00000200761	RN7SKP113
4	5428612	5428711	ENSG00000252266	Y_RNA
7	100209725	100213007	ENSG00000106330	MOSPD3
4	5460308	5460608	ENSG00000201496	RN7SKP275
4	5925002	5925055	ENSG00000263631	MIR378D1
4	6202460	6240044	ENSG00000249896	RP11-586D19.1
20	23856572	23860387	ENSG00000170367	CST5
17	38544768	38574202	ENSG00000131747	TOP2A
3	146232967	146262651	ENSG00000188313	PLSCR1
HSCHR6_MHC_QBL	31676661	31679858	ENSG00000206398	LY6G6C
19	49966009	49989488	ENSG00000269469	CTD-3148I10.9
17	56282803	56296966	ENSG00000011143	MKS1
22	39077953	39080818	ENSG00000100216	TOMM22
HSCHR6_MHC_MANN	31536013	31537528	ENSG00000238238	MCCD1
11	62623518	62656352	ENSG00000168003	SLC3A2
21	46493768	46646478	ENSG00000197381	ADARB1
4	6204055	6208376	ENSG00000251408	RP11-586D19.2
1	67632083	67725662	ENSG00000162594	IL23R
4	6241168	6241664	ENSG00000269908	RP11-1406H17.1
20	23965690	23969416	ENSG00000149435	GGTLC1
4	6672452	6675557	ENSG00000251580	RP11-539L10.3
11	71139239	71163914	ENSG00000172893	DHCR7
4	6675178	6677774	ENSG00000170846	AC093323.3
4	2073645	2243848	ENSG00000130997	POLN
3	72937224	73047289	ENSG00000172986	GXYLT2
20	24449835	24647252	ENSG00000101463	SYNDIG1
X	13346056	13347986	ENSG00000235592	GS1-600G8.4
10	21130304	21130489	ENSG00000230112	RP11-56H7.2
12	10564911	10588600	ENSG00000255641	NKG2-E
2	219867568	219906249	ENSG00000181378	CCDC108
X	13353360	13391753	ENSG00000226985	RP11-142G7.2
10	21317928	21319721	ENSG00000228753	EIF4BP2
22	39081548	39097561	ENSG00000100221	JOSD1
15	45384848	45406542	ENSG00000140279	DUOX2
X	13395307	13421138	ENSG00000226434	RP11-1L9.1
10	21399611	21402317	ENSG00000228219	NPM1P30
X	100474758	100519486	ENSG00000102385	DRP2
14	102430865	102517129	ENSG00000197102	DYNC1H1
X	13396854	13397459	ENSG00000197582	GPX1P1
19	49977464	49989488	ENSG00000090554	FLT3LG
13	78272023	78338377	ENSG00000139737	SLAIN1
X	48534985	48549818	ENSG00000015285	WAS
2	160788519	160919121	ENSG00000153246	PLA2R1
X	13592865	13593185	ENSG00000233357	RPL30P15
10	21462943	21463977	ENSG00000231920	NEBL-AS1
X	13614355	13614667	ENSG00000199622	RN7SKP20
19	35521588	35531352	ENSG00000105711	SCN1B
9	138824815	138853226	ENSG00000130560	UBAC1
10	21506820	21507208	ENSG00000228860	RP11-565H13.3
1	27681675	27693383	ENSG00000142733	MAP3K6
X	13973512	13982023	ENSG00000233535	RP1-122K4.2
10	21536681	21537024	ENSG00000232853	LUZP4P1
5	137688285	137772717	ENSG00000120733	KDM3B
X	13998185	14006939	ENSG00000212663	RP1-122K4.3
10	21610890	21610996	ENSG00000207264	RNU6-15P
14	22314719	22315403	ENSG00000211786	TRAV8-2
X	14093910	14094010	ENSG00000264331	AC003035.1
10	21629162	21661879	ENSG00000230109	RP11-275N1.1
X	14262325	14263544	ENSG00000233247	GS1-257G1.1
HSCHR6_MHC_QBL	31685048	31688627	ENSG00000206395	DDAH2
14	22320735	22321183	ENSG00000211787	TRAV8-3
10	21682962	21683521	ENSG00000231553	RNMTL1P1
10	21770645	21770746	ENSG00000199222	Y_RNA
14	22337020	22337546	ENSG00000211788	TRAV13-1
10	21774567	21774666	ENSG00000251749	U3
X	14783097	14783239	ENSG00000221278	AC003658.1
10	21785491	21785570	ENSG00000222071	MIR1915
X	14852598	14853441	ENSG00000231066	NPM1P9
15	73043710	73078187	ENSG00000159322	ADPGK
10	21853400	21853506	ENSG00000207347	RNU6-306P
14	22356037	22356682	ENSG00000211789	TRAV12-2
X	14996081	14996585	ENSG00000235929	TPT1P14
3	73045936	73118350	ENSG00000163605	PPP4R2
12	1639057	1756409	ENSG00000111186	WNT5B
14	22362613	22363210	ENSG00000211790	TRAV8-4
2	192699028	192711981	ENSG00000168497	SDPR
X	15135559	15135890	ENSG00000236929	RP11-699A7.1
X	130677950	130679030	ENSG00000171054	OR13H1
2	233924677	234116549	ENSG00000168918	INPP5D
X	15621004	15639607	ENSG00000225833	GS1-594A7.3
X	15664290	15664998	ENSG00000237539	GS1-594A7.5
12	133562951	133589154	ENSG00000198393	ZNF26
X	15693055	15721847	ENSG00000186312	CA5BP1
10	21913521	21915215	ENSG00000223984	HNRNPRP1
22	39101728	39134304	ENSG00000100226	GTPBP1
10	21950564	21950670	ENSG00000201390	RNU6-1141P
10	22074221	22074516	ENSG00000252634	RN7SKP219
10	22183277	22183445	ENSG00000203471	AL359697.1
16	3589033	3627401	ENSG00000167984	NLRC3
10	22222072	22222367	ENSG00000201364	RN7SKP37
10	22451921	22454723	ENSG00000232497	ADIPOR1P1
2	9628615	9695921	ENSG00000151694	ADAM17
1	3541566	3546691	ENSG00000158109	TPRG1L
X	15734331	15734469	ENSG00000200620	SNORA7
X	15934312	15934426	ENSG00000200566	RNU5F-7P
9	69204538	69269662	ENSG00000204790	CBWD6
X	15935671	15936754	ENSG00000226536	SETP15
3	46538981	46542439	ENSG00000163825	RTP3
X	16171064	16188992	ENSG00000238178	RP11-431J24.2
HG883_PATCH	26655352	26662515	ENSG00000262866	IFT20
X	131157293	131209971	ENSG00000134602	MST4
16	72042487	72058954	ENSG00000102967	DHODH
5	892758	919472	ENSG00000071539	TRIP13
11	20177701	20182159	ENSG00000109851	DBX1
4	6689175	6692246	ENSG00000246526	RP11-539L10.2
9	138898383	138987131	ENSG00000148411	NACC2
3	52350335	52434507	ENSG00000114841	DNAH1
4	6955016	6955101	ENSG00000265953	AC092463.1
2	128293378	128395304	ENSG00000169994	MYO7B
4	6997068	7000685	ENSG00000187904	AC097382.5
20	24929866	24940564	ENSG00000077984	CST7
2	192813769	193060435	ENSG00000144339	TMEFF2
4	6998739	6999055	ENSG00000202392	RN7SKP292
4	6999253	6999353	ENSG00000265550	AC097382.1
4	7032281	7047958	ENSG00000245748	RP11-367J11.2
3	46556913	46621589	ENSG00000163827	LRRC2
X	54556644	54587504	ENSG00000130119	GNL3L
4	7096298	7105112	ENSG00000245468	RP11-367J11.3
4	122680088	122686582	ENSG00000164112	TMEM155
15	45406519	45410619	ENSG00000140274	DUOXA2
4	7113815	7114126	ENSG00000200867	RN7SKP36
4	7312177	7312251	ENSG00000264658	MIR4798
7	6793740	6838996	ENSG00000169402	RSPH10B2
10	105148798	105156223	ENSG00000173915	USMG5
4	7461755	7461845	ENSG00000266690	MIR4274
4	7755817	7780655	ENSG00000272620	AFAP1-AS1
2	37326353	37384208	ENSG00000055332	EIF2AK2
4	8007028	8007108	ENSG00000207807	MIR95
4	8024392	8024853	ENSG00000273267	RP11-338K13.1
HSCHR6_MHC_COX	32734237	32769688	ENSG00000243067	PSMB9
4	8068255	8069451	ENSG00000251460	RP11-1258F18.1
2	85621871	85645555	ENSG00000042493	CAPG
9	139006427	139010731	ENSG00000238227	C9orf69
4	8176148	8176726	ENSG00000250471	GMPSP1
4	8321903	8325590	ENSG00000249145	RP11-774O3.2
19	8024007	8024896	ENSG00000269813	CTD-3193O13.14
4	8322006	8325692	ENSG00000248986	RP11-774O3.1
13	78469616	78493903	ENSG00000136160	EDNRB
11	20385231	20405329	ENSG00000109854	HTATIP2
19	8073613	8080909	ENSG00000267939	CTD-2325M2.1
4	8356817	8360065	ENSG00000251615	RP11-774O3.3
19	8238156	8240451	ENSG00000269651	CTD-3020H12.3
1	3547331	3569325	ENSG00000116213	WRAP73
20	24943561	24973615	ENSG00000101474	APMAP
4	8394742	8394851	ENSG00000202054	RNA5SP152
19	8287037	8304532	ENSG00000271717	CTD-3020H12.4
19	11071598	11176071	ENSG00000127616	SMARCA4
4	8455137	8456669	ENSG00000251186	RP11-689P11.3
19	8410894	8410980	ENSG00000265364	AC010323.1
1	27695603	27701315	ENSG00000142748	FCN3
19	8411401	8412571	ENSG00000268884	CTD-2550O8.7
4	8483997	8514337	ENSG00000205959	RP11-689P11.2
9	139088096	139096955	ENSG00000107187	LHX3
X	16216551	16217412	ENSG00000215313	RPL6P30
4	8747123	8747759	ENSG00000250915	RP11-1338A24.1
7	100218039	100240402	ENSG00000106327	TFR2
19	35531410	35557475	ENSG00000105707	HPN
X	16316513	16316597	ENSG00000252648	AC078993.1
4	8860441	8862553	ENSG00000258507	RP13-582L3.4
19	8439257	8455569	ENSG00000269386	RAB11B-AS1
X	16393759	16393855	ENSG00000238623	AC073597.1
12	1675159	1703331	ENSG00000171823	FBXL14
X	16492465	16493463	ENSG00000235071	RP11-759L5.2
4	8951356	8952285	ENSG00000197468	RP11-747H12.1
X	16557262	16557562	ENSG00000239333	RN7SL658P
X	16645135	16645208	ENSG00000265144	MIR548AM
4	8961354	8965707	ENSG00000249272	UNC93B8
X	16785967	16786028	ENSG00000238709	RNU7-56P
19	8454174	8454264	ENSG00000265390	MIR4999
6	3064225	3115421	ENSG00000137275	RIPK1
X	16821356	16821476	ENSG00000230180	CTD-2542O7.2
18	5882071	5895954	ENSG00000206432	TMEM200C
19	8488239	8492711	ENSG00000268931	RP11-886P16.6
HSCHR5_1_CTG1	68530666	68573234	ENSG00000262841	CDK7
2	207516345	207583120	ENSG00000232125	DYTN
4	8983162	8984086	ENSG00000250804	RP11-747H12.3
19	8611743	8611812	ENSG00000265528	AC092316.2
19	8614390	8615023	ENSG00000268618	AC092316.1
4	8992181	8992532	ENSG00000249347	RP11-747H12.4
1	67773047	67862583	ENSG00000081985	IL12RB2
19	8646044	8647599	ENSG00000267986	AC130469.2
4	9022583	9022887	ENSG00000271057	RP11-747H12.7
19	8740121	8748103	ENSG00000268480	CTD-2586B10.1
12	57943781	57980415	ENSG00000155980	KIF5A
19	8786679	8786903	ENSG00000261866	AC092566.1
12	1797740	1897844	ENSG00000006831	ADIPOR2
19	8839097	8839566	ENSG00000269244	RPL23AP78
1	153700543	153746555	ENSG00000143624	INTS3
17	10395624	10421860	ENSG00000109061	MYH1
1	27705666	27709870	ENSG00000174950	CD164L2
19	8889341	8889537	ENSG00000268922	CTD-2557P19.4
10	105156405	105206049	ENSG00000148843	PDCD11
19	8932177	8934786	ENSG00000269300	CTD-2529P6.3
HSCHR17_1	43886503	43890161	ENSG00000257887	AC138688.4
9	139098179	139137687	ENSG00000165661	QSOX2
19	8943741	8944217	ENSG00000269400	CTD-2529P6.4
HSCHR17_1	43904776	43906058	ENSG00000258270	AC138688.5
19	9130020	9130660	ENSG00000267332	CTD-2596O15.1
19	9193788	9194074	ENSG00000267154	OR1M4P
19	9293045	9293724	ENSG00000267418	TCEB1P29
19	9301962	9302846	ENSG00000267775	OR7E16P
19	9314984	9315893	ENSG00000187847	OR7E25P
10	22452021	22453235	ENSG00000236777	RP11-108B14.1
16	3631182	3661599	ENSG00000188827	SLX4
19	9345820	9346812	ENSG00000188314	OR7D1P
8	145539954	145550573	ENSG00000185000	DGAT1
19	9371691	9372392	ENSG00000180926	OR7E18P
10	22507003	22510097	ENSG00000260205	RP11-108B14.5
10	22514627	22514953	ENSG00000227462	RP11-108B14.4
HSCHR6_MHC_MANN	31537515	31553854	ENSG00000225859	DDX39B
19	9376066	9377015	ENSG00000225980	OR7E19P
11	118004092	118023603	ENSG00000177098	SCN4B
10	47746936	47763041	ENSG00000186807	ANXA8L2
10	22546715	22547477	ENSG00000261671	RP11-573G6.6
HSCHR6_MHC_QBL	31688591	31697781	ENSG00000206394	CLIC1
3	46598888	46601178	ENSG00000268324	LUZPP1
19	9389124	9390045	ENSG00000226480	OR7H1P
10	22555920	22556275	ENSG00000233318	RP11-573G6.2
9	139219089	139219640	ENSG00000267845	DKFZP434A062
15	45409569	45422136	ENSG00000140254	DUOXA1
19	9402191	9405158	ENSG00000267510	CTC-325H20.4
10	22621333	22621916	ENSG00000272516	RP11-573G6.9
19	9455460	9456574	ENSG00000266912	CTC-325H20.2
19	9458782	9459379	ENSG00000270614	CTC-325H20.7
10	22621516	22621910	ENSG00000271981	RP11-573G6.8
19	9609354	9620755	ENSG00000267273	CTC-543D15.3
10	22629306	22629544	ENSG00000272366	RP11-573G6.10
10	22650101	22701996	ENSG00000233451	RP11-301N24.3
19	9628826	9630017	ENSG00000260112	CTC-543D15.1
3	46616045	46668033	ENSG00000241186	TDGF1
10	23076322	23076428	ENSG00000206842	RNU6-413P
10	23286184	23286287	ENSG00000223131	RNA5SP304
10	23363312	23363407	ENSG00000221221	AL139815.1
13	79172497	79177673	ENSG00000152192	POU4F1
1	227177566	227506175	ENSG00000143776	CDC42BPA
10	23425852	23426590	ENSG00000229932	YWHAZP3
19	9793970	9794749	ENSG00000239830	RPS4XP22
18	5954705	6415236	ENSG00000154655	L3MBTL4
2	207602487	207630271	ENSG00000138400	MDH1B
10	23455914	23456030	ENSG00000252049	SNORA40
HSCHR5_1_CTG1	68577165	68628568	ENSG00000262407	CCDC125
10	23547140	23547474	ENSG00000227537	RP11-215C7.3
4	83273651	83295656	ENSG00000138668	HNRNPD
10	23632886	23634110	ENSG00000224215	RP11-371A19.2
14	22386363	22386931	ENSG00000211791	TRAV13-2
8	22477931	22526661	ENSG00000147439	BIN3
6	111877657	111927481	ENSG00000056972	TRAF3IP2
16	72078188	72128330	ENSG00000140830	TXNL4B
19	49990811	49995565	ENSG00000142541	RPL13A
10	23682334	23682396	ENSG00000264574	MIR1254-2
13	79188426	79233314	ENSG00000152193	RNF219
14	22392239	22392827	ENSG00000211792	TRAV14DV4
19	9834684	9835762	ENSG00000267490	CTD-3116E22.6
19	9841529	9842619	ENSG00000267612	CTD-3116E22.7
14	22409313	22409848	ENSG00000211793	TRAV9-2
9	139221932	139254057	ENSG00000160360	GPSM1
1	27719148	27722318	ENSG00000181773	GPR3
19	9866828	9867539	ENSG00000267370	CTD-2623N2.3
19	9885173	9885636	ENSG00000267741	UBE2L4
14	22433680	22434290	ENSG00000211794	TRAV12-3
19	9886685	9886771	ENSG00000265379	AC008752.2
19	9904297	9912977	ENSG00000266950	CTD-2623N2.5
14	22446699	22447360	ENSG00000211795	TRAV8-6
19	9930630	9930770	ENSG00000200237	SNORA70
12	133613878	133639885	ENSG00000198040	ZNF84
14	22458735	22459177	ENSG00000211796	TRAV16
19	9930817	9931131	ENSG00000267119	RPL10P15
19	9931204	9931281	ENSG00000216102	AC008752.1
14	22465778	22466407	ENSG00000211797	TRAV17
19	9935953	9936217	ENSG00000263493	RN7SL94P
17	40962152	40985367	ENSG00000126581	BECN1
19	9944755	9945689	ENSG00000267289	CTD-2623N2.11
14	22471345	22471912	ENSG00000211798	TRAV18
19	9962104	9962192	ENSG00000266247	AC008752.3
14	22475751	22476420	ENSG00000211799	TRAV19
19	10106673	10107839	ENSG00000267650	CTD-2553C6.1
14	22508840	22509399	ENSG00000211800	TRAV20
22	39130730	39190148	ENSG00000100242	SUN2
5	122179134	122365049	ENSG00000064652	SNX24
14	22520773	22521315	ENSG00000211801	TRAV21
1	27730730	27816669	ENSG00000158195	WASF2
14	22538820	22539471	ENSG00000211802	TRAV22
19	10148479	10184811	ENSG00000167798	C3P1
12	51638342	51664674	ENSG00000170545	SMAGP
14	22554684	22555238	ENSG00000211803	TRAV23DV6
16	3661729	3730144	ENSG00000213918	DNASE1
14	22564309	22564896	ENSG00000211804	TRDV1
14	22573620	22574123	ENSG00000211805	TRAV24
14	22580300	22580984	ENSG00000211806	TRAV25
4	40812044	41218731	ENSG00000163697	APBB2
17	56295909	56345879	ENSG00000167419	LPO
14	22591276	22592243	ENSG00000211807	TRAV26-1
14	22600515	22600996	ENSG00000211808	TRAV8-7
14	22615949	22616587	ENSG00000211809	TRAV27
4	9025059	9025206	ENSG00000238726	AC073648.1
4	9032012	9032792	ENSG00000251313	RP11-747H12.5
4	9053568	9053777	ENSG00000250342	RP11-747H12.6
14	22631134	22631766	ENSG00000211810	TRAV29DV5
4	9080749	9143334	ENSG00000249767	ENPP7P10
11	71164155	71235153	ENSG00000172890	NADSYN1
14	22636325	22636884	ENSG00000259092	TRAV30
19	10149030	10149089	ENSG00000266204	MIR5589
17	4891425	4900905	ENSG00000196388	INCA1
4	9155022	9167177	ENSG00000163612	FAM86KP
19	10199708	10201053	ENSG00000267387	CTD-2240E14.4
14	22670477	22671262	ENSG00000211812	TRAV26-2
19	10218327	10218411	ENSG00000209645	SNORD105
9	139253932	139258241	ENSG00000213221	DNLZ
19	10220433	10220511	ENSG00000238531	SNORD105B
14	22675418	22676025	ENSG00000211813	TRAV34
19	10332111	10333870	ENSG00000175898	CTD-2369P2.2
5	43444354	43483995	ENSG00000151881	C5orf28
14	22689792	22690371	ENSG00000211814	TRAV35
5	979480	981415	ENSG00000250173	RP11-661C8.3
X	16893269	16893390	ENSG00000222736	RNU4-6P
18	74962505	74980858	ENSG00000166573	GALR1
19	10341089	10341161	ENSG00000264266	MIR4322
4	9168023	9171996	ENSG00000250268	ALG1L14P
HSCHR17_1	43977151	43980249	ENSG00000257888	AC127032.4
X	16915774	16916644	ENSG00000223498	RP11-716A19.3
14	22694641	22695149	ENSG00000211815	TRAV36DV7
X	16930338	16930440	ENSG00000199410	Y_RNA
1	67873493	67896098	ENSG00000142864	SERBP1
X	17062503	17062634	ENSG00000201467	SNORA16
4	9169955	9170020	ENSG00000264372	AC108519.1
14	22739851	22740446	ENSG00000211816	TRAV38-1
4	9231367	9232959	ENSG00000249482	USP17L14P
X	17117905	17118362	ENSG00000214322	CBX1P2
4	9240856	9242448	ENSG00000250231	USP17L16P
14	22748988	22749631	ENSG00000211817	TRAV38-2DV8
4	9360109	9361701	ENSG00000251694	USP17L9P
X	17300760	17301216	ENSG00000214321	CBX1P4
11	62676151	62689279	ENSG00000168539	CHRM1
18	6511415	6590652	ENSG00000265944	C18orf64
4	9369600	9370796	ENSG00000205946	USP17L6P
X	17376053	17376156	ENSG00000238764	snoU13
HSCHR17_1	44001606	44145324	ENSG00000257382	AC217772.1
14	22771939	22772438	ENSG00000211818	TRAV39
X	17444004	17444077	ENSG00000265465	MIR4768
12	95470525	95611258	ENSG00000180263	FGD6
4	9400930	9405291	ENSG00000188438	RP11-1396O13.14
X	17546558	17605281	ENSG00000235834	RP1-60N8.1
14	22782922	22783351	ENSG00000211819	TRAV40
X	17570470	17575508	ENSG00000230020	NHS-AS1
4	9412904	9412979	ENSG00000252307	RNA5SP153
19	10362944	10395784	ENSG00000266978	CTD-2369P2.5
9	69252845	69254032	ENSG00000196400	BX255923.1
15	73344051	73597547	ENSG00000067141	NEO1
13	79885962	79980612	ENSG00000139746	RBM26
X	17723459	17723811	ENSG00000226153	RP3-389A20.5
14	22788620	22789123	ENSG00000211820	TRAV41
10	23688460	23688528	ENSG00000238515	snoU13
4	9424039	9431428	ENSG00000232773	RP11-1396O13.15
5	1008944	1039058	ENSG00000145506	NKD2
19	10369785	10370721	ENSG00000267105	CTD-2369P2.4
10	24446764	24447710	ENSG00000223928	RP11-183E9.2
9	69377902	69380597	ENSG00000204788	CR769776.1
X	17787125	17787518	ENSG00000227873	RP3-389A20.2
4	9460981	9461970	ENSG00000248364	OR7E86P
14	22891362	22892033	ENSG00000211821	TRDV2
19	10396477	10399695	ENSG00000267607	CTD-2369P2.8
10	24564614	24564710	ENSG00000207930	MIR603
X	17951469	17952943	ENSG00000225066	RP1-272E8.1
4	9470746	9471694	ENSG00000215323	OR7E84P
19	10514134	10514214	ENSG00000221566	MIR1181
10	24929095	24929213	ENSG00000199535	RNA5SP305
11	118032666	118047388	ENSG00000149575	SCN2B
14	22907539	22907546	ENSG00000223997	TRDD1
4	9472697	9472784	ENSG00000266246	AC116655.1
18	76740275	76762677	ENSG00000256463	SALL3
10	25156574	25157119	ENSG00000228667	RP11-129O7.2
4	9485365	9486349	ENSG00000250884	OR7E85P
14	22907999	22908007	ENSG00000237235	TRDD2
4	122685740	122687962	ENSG00000226757	AC079341.1
4	9495380	9499710	ENSG00000251624	UNC93B7
14	22918105	22918117	ENSG00000228985	TRDD3
17	28575218	28619074	ENSG00000108578	BLMH
HSCHR17_1	44008114	44023958	ENSG00000258037	AC127032.5
14	22919081	22919131	ENSG00000211825	TRDJ1
10	25197451	25197741	ENSG00000240294	RN7SKP241
4	9514554	9515523	ENSG00000249866	OR7E83P
9	69381812	69425560	ENSG00000172014	ANKRD20A4
10	25242170	25242442	ENSG00000273107	RP11-165A20.3
14	22924241	22924288	ENSG00000211826	TRDJ4
4	9523555	9523921	ENSG00000249443	RP11-1396O13.22
5	43486803	43515247	ENSG00000172244	C5orf34
10	25380385	25380483	ENSG00000266069	AL139821.1
HSCHR17_1	44008191	44023986	ENSG00000257149	AC127032.1
12	39943835	40013553	ENSG00000173208	ABCD2
4	9555234	9555605	ENSG00000242034	RP11-1396O13.1
14	22925681	22925734	ENSG00000211827	TRDJ2
10	25401987	25450165	ENSG00000231422	RP11-80K21.3
4	9557789	9557937	ENSG00000221275	MIR548I2
9	139256355	139268133	ENSG00000187796	CARD9
14	22928090	22928148	ENSG00000211828	TRDJ3
4	9564791	9565570	ENSG00000244004	RP11-1396O13.2
4	9585566	9585755	ENSG00000249799	RP11-264E23.1
10	25447001	25465205	ENSG00000233642	GPR158-AS1
14	22931924	22934779	ENSG00000211829	TRDC
4	9601952	9602051	ENSG00000265901	AC097493.1
10	25682486	25682773	ENSG00000222543	RN7SKP220
4	9678932	9679558	ENSG00000250942	ENPP7P11
10	25936499	25937033	ENSG00000227465	GPN3P1
4	9694119	9704578	ENSG00000186234	FAM86MP
10	25980466	25981252	ENSG00000271563	HIRAP1
10	26102740	26102846	ENSG00000223019	RNA5SP306
3	121382046	121468602	ENSG00000173230	GOLGB1
10	26108292	26108355	ENSG00000251711	RNU6-632P
3	73110810	73112488	ENSG00000255423	EBLN2
10	26213377	26222639	ENSG00000226304	RP11-435M3.2
4	9705374	9712436	ENSG00000251087	ALG1L3P
10	26798518	26798633	ENSG00000199733	RNA5SP307
12	10564911	10573194	ENSG00000205810	KLRC3
10	26866605	26868024	ENSG00000236894	RP11-128B16.3
10	26878794	26883253	ENSG00000233261	LINC00264
4	9734994	9743985	ENSG00000249563	RP11-751L19.1
4	9756522	9757402	ENSG00000250425	OR7E35P
11	62703857	62752455	ENSG00000197901	SLC22A6
4	9794375	9794485	ENSG00000252002	RNA5SP154
4	2229191	2243891	ENSG00000214367	HAUS3
4	9924438	9925770	ENSG00000249219	RP13-560N11.1
X	131211021	131262048	ENSG00000165694	FRMD7
9	69650263	69660358	ENSG00000176134	AL445665.1
16	72088491	72094954	ENSG00000257017	HP
11	20409076	20530840	ENSG00000185238	PRMT3
9	70175707	70178815	ENSG00000204779	FOXD4L5
5	72251808	72386349	ENSG00000157107	FCHO2
9	70426623	70429731	ENSG00000184659	FOXD4L4
18	6729717	6915715	ENSG00000088756	ARHGAP28
6	3118608	3153812	ENSG00000137274	BPHL
12	10579453	10594899	ENSG00000205809	KLRC2
3	18386879	18487080	ENSG00000182568	SATB1
11	118064455	118095809	ENSG00000160593	AMICA1
X	54775332	54824673	ENSG00000102313	ITIH6
2	196440701	196602426	ENSG00000196950	SLC39A10
HSCHR17_1	44150125	44280402	ENSG00000257437	AC217779.2
4	122722472	122738176	ENSG00000123737	EXOSC9
HSCHR6_MHC_MANN	31551738	31554120	ENSG00000226850	ATP6V1G2
3	73431584	73674091	ENSG00000121440	PDZRN3
9	139270029	139293249	ENSG00000165684	SNAPC4
17	38599702	38613983	ENSG00000141753	IGFBP4
22	39174513	39190203	ENSG00000100246	DNAL4
8	101145588	101158028	ENSG00000156509	FBXO43
12	123011793	123110943	ENSG00000184445	KNTC1
5	148521046	148640105	ENSG00000173210	ABLIM3
4	2249159	2264021	ENSG00000123933	MXD4
10	12110971	12165224	ENSG00000181192	DHTKD1
2	9724101	9771143	ENSG00000134308	YWHAQ
16	31539185	31540124	ENSG00000169877	AHSP
1	68150744	68154021	ENSG00000116717	GADD45A
HSCHR6_MHC_MANN	31554142	31566099	ENSG00000227565	NFKBIL1
22	39214457	39239987	ENSG00000221890	NPTXR
8	101162812	101166230	ENSG00000147669	POLR2K
18	76829285	77138283	ENSG00000166377	ATP9B
13	80055287	80130210	ENSG00000102471	NDFIP2
12	10594863	10607284	ENSG00000134545	KLRC1
17	38632080	38657849	ENSG00000131746	TNS4
8	2792875	4852494	ENSG00000183117	CSMD1
19	10601015	10601676	ENSG00000267197	CTC-429L19.3
19	10661709	10661768	ENSG00000238364	RNU7-140P
22	39257455	39268319	ENSG00000183741	CBX6
19	10662798	10662880	ENSG00000221410	MIR1238
19	10708677	10709641	ENSG00000271010	CTC-539A10.7
1	68167149	68299150	ENSG00000172380	GNG12
X	131337053	131353471	ENSG00000123728	RAP2C
19	10762538	10764520	ENSG00000267100	ILF3-AS1
21	46511596	46515493	ENSG00000268805	PRED57
19	10829080	10829179	ENSG00000207972	MIR638
16	3701640	3767598	ENSG00000126602	TRAP1
19	10890930	10891011	ENSG00000265879	MIR4748
21	46520728	46534873	ENSG00000267857	PRED58
19	10928102	10928172	ENSG00000207752	MIR199A1
19	10952515	10952926	ENSG00000267544	AC007229.3
HSCHR6_MHC_QBL	31698009	31719779	ENSG00000235569	MSH5
17	10424465	10453274	ENSG00000125414	MYH2
19	11121593	11126687	ENSG00000266936	CTC-215O4.4
19	11122384	11122680	ENSG00000266352	RN7SL192P
10	26932157	26933945	ENSG00000234296	RP13-16H11.7
16	31724550	31806190	ENSG00000197302	ZNF720
19	11314304	11326844	ENSG00000267082	CTC-510F12.2
1	68511645	68517314	ENSG00000162595	DIRAS3
19	11344419	11344674	ENSG00000265747	RN7SL298P
1	227751244	227865144	ENSG00000181450	ZNF678
19	11411453	11435117	ENSG00000267174	CTC-510F12.4
10	26932098	26942383	ENSG00000231976	LINC00202-2
20	24986868	25039616	ENSG00000154930	ACSS1
19	49999622	50002946	ENSG00000142534	RPS11
10	74870217	74891586	ENSG00000166321	NUDT13
19	11432832	11434871	ENSG00000267576	CTC-510F12.6
19	11478799	11485611	ENSG00000267277	CTD-2342J14.6
19	11519448	11519556	ENSG00000202357	Y_RNA
9	139296377	139305061	ENSG00000165689	SDCCAG3
6	29909037	29913661	ENSG00000206503	HLA-A
22	39348746	39359188	ENSG00000128383	APOBEC3A
19	11549997	11550096	ENSG00000238349	snoU13
10	26953135	26965088	ENSG00000227932	RP13-16H11.2
19	11578091	11578412	ENSG00000265149	RN7SL669P
19	11626864	11627150	ENSG00000244080	RN7SL833P
14	22938033	22938690	ENSG00000256590	TRDV3
HSCHR6_MHC_MANN	31579318	31581588	ENSG00000231408	LTA
19	11632783	11633313	ENSG00000213304	CTC-398G3.1
14	22944306	22944365	ENSG00000211831	TRAJ61
5	122358945	122372436	ENSG00000168938	PPIC
14	22945543	22945596	ENSG00000211832	TRAJ59
1	27860546	27930942	ENSG00000126705	AHDC1
3	146294342	146324003	ENSG00000231213	PLSCR5
19	11634251	11634646	ENSG00000213303	CTC-398G3.2
13	80910111	80915086	ENSG00000136158	SPRY2
19	11696061	11697950	ENSG00000249840	AC020947.2
8	101170134	101271506	ENSG00000104450	SPAG1
14	69254377	69263190	ENSG00000185650	ZFP36L1
X	54834032	54842445	ENSG00000102316	MAGED2
8	48920960	48977268	ENSG00000169139	UBE2V2
2	207630081	207657233	ENSG00000118246	FASTKD2
12	40019969	40302102	ENSG00000180116	C12orf40
19	11750591	11797382	ENSG00000197332	ZNF833P
13	84451344	84456528	ENSG00000178235	SLITRK1
21	46683843	46707813	ENSG00000186866	POFUT2
10	27003551	27004761	ENSG00000234788	HSPA8P3
19	11759179	11763692	ENSG00000267500	CTD-2006C1.6
19	35596873	35598141	ENSG00000179066	AC020907.1
10	27006564	27007707	ENSG00000235843	RP13-16H11.5
2	37394963	37423741	ENSG00000138068	SULT6B1
10	27077946	27078086	ENSG00000223027	SNORA57
10	27079469	27079575	ENSG00000206605	RNU6-946P
1	227916240	227968927	ENSG00000143740	SNAP47
13	86366925	86373623	ENSG00000184564	SLITRK6
10	27157094	27157193	ENSG00000238414	snoU13
19	11776884	11777845	ENSG00000214223	HNRNPA1P10
12	103351464	103354294	ENSG00000139352	ASCL1
10	27220135	27230930	ENSG00000232224	LINC00202-1
22	39378352	39388809	ENSG00000179750	APOBEC3B
HSCHR6_MHC_MANN	31582831	31585600	ENSG00000228321	TNF
1	153746830	153752633	ENSG00000143554	SLC27A3
19	11793361	11797005	ENSG00000267343	CTC-499B15.4
7	6833765	6866401	ENSG00000146574	CCZ1B
11	20620946	20680831	ENSG00000165970	SLC6A5
10	27232252	27233347	ENSG00000236983	LINC00614
2	160956177	161128399	ENSG00000115221	ITGB6
16	31885079	31928668	ENSG00000185947	ZNF267
7	86825478	86849903	ENSG00000135185	TMEM243
19	11836776	11841598	ENSG00000266922	CTC-499B15.6
13	88324870	88331871	ENSG00000165300	SLITRK5
19	11867348	11870748	ENSG00000220949	CTC-499B15.1
X	17988317	18122764	ENSG00000225882	RP3-410B11.1
X	18359336	18359466	ENSG00000235211	TMSB10P2
1	3569084	3652765	ENSG00000078900	TP73
5	122424816	122529960	ENSG00000061455	PRDM6
19	11906899	11909413	ENSG00000267646	CTC-499B15.7
X	18414114	18414215	ENSG00000207025	Y_RNA
19	11952056	11953254	ENSG00000267089	CTC-499B15.8
X	18553199	18554240	ENSG00000236187	GJA6P
19	12050774	12064196	ENSG00000267274	CTD-2006C1.12
13	92050929	93519490	ENSG00000179399	GPC5
X	18706762	18709723	ENSG00000237221	PPEF1-AS1
HSCHR6_MHC_MANN	31587819	31589786	ENSG00000223448	LTB
12	103545620	103562087	ENSG00000257860	RP11-552I14.1
X	18856827	18857570	ENSG00000196564	RP3-499B10.3
19	12098432	12157090	ENSG00000219665	CTD-2006C1.2
X	18881682	18881826	ENSG00000223018	AL096700.1
12	57984957	57997198	ENSG00000166908	PIP4K2C
X	18883889	18884672	ENSG00000224224	HAUS1P2
X	18908414	18912615	ENSG00000237836	PHKA2-AS1
16	32063311	32063601	ENSG00000223931	AC142381.1
16	32077386	32077679	ENSG00000270472	IGHV3OR16-9
X	18933365	18933653	ENSG00000266710	RN7SL48P
X	19394892	19394993	ENSG00000202144	Y_RNA
12	1901123	2028002	ENSG00000151062	CACNA2D4
X	20003176	20003277	ENSG00000206663	Y_RNA
22	39410088	39416357	ENSG00000244509	APOBEC3C
X	20035206	20035305	ENSG00000264566	MIR23C
17	4901243	4931696	ENSG00000129250	KIF1C
1	227918126	227923112	ENSG00000081692	JMJD4
X	20154184	20154253	ENSG00000201882	snoU2-30
1	27938575	27961788	ENSG00000000938	FGR
X	20154424	20154503	ENSG00000201592	snoU2_19
X	20158086	20158562	ENSG00000225037	EIF1AX-AS1
X	20470226	20470549	ENSG00000252978	RN7SKP183
X	21232755	21232861	ENSG00000206716	RNU6-133P
HSCHR5_1_CTG1	68646822	68665854	ENSG00000263302	TAF9
16	32264040	32267240	ENSG00000205456	TP53TG3D
X	21439940	21440412	ENSG00000231913	RARRES2P3
13	93879095	95059655	ENSG00000183098	GPC6
10	27377250	27377356	ENSG00000199855	RNU6-490P
10	27482287	27482429	ENSG00000252639	RNU2-24P
X	21581190	21581281	ENSG00000266822	AL928874.1
10	27521184	27521245	ENSG00000251839	RNU7-12P
X	21890825	21890926	ENSG00000206639	Y_RNA
2	234118697	234204320	ENSG00000085978	ATG16L1
19	50003781	50004614	ENSG00000268000	hsa-mir-150
10	27524846	27524929	ENSG00000263577	AL160291.1
X	21957579	21958278	ENSG00000271286	LL0XNC01-39B3.1
20	25051521	25062996	ENSG00000100987	VSX1
1	68564142	68698803	ENSG00000116729	WLS
10	27532059	27539733	ENSG00000262412	RP11-85G18.6
X	22072271	22072551	ENSG00000265868	RN7SL436P
17	61986957	61996198	ENSG00000204414	CSHL1
X	22180850	22191100	ENSG00000224204	PHEX-AS1
X	22277914	23311263	ENSG00000233067	RP11-40F8.2
10	27535279	27548384	ENSG00000230445	LRRC37A6P
X	22446249	22512830	ENSG00000231846	RP11-494I9.2
22	39410368	39429281	ENSG00000243811	APOBEC3D
5	137774706	137782658	ENSG00000132563	REEP2
X	22453715	22454935	ENSG00000224396	METTL15P3
2	85645844	85664152	ENSG00000152292	SH2D6
X	22545952	22546058	ENSG00000201095	RNU6-266P
10	27547691	27577753	ENSG00000238021	ARMC4P1
1	228003394	228034171	ENSG00000185888	PRSS38
X	22634861	22635260	ENSG00000231011	RP11-494I9.1
X	22655109	22655194	ENSG00000265819	AC092832.1
X	22716574	22787083	ENSG00000237019	GS1-433O24.1
19	35606732	35615228	ENSG00000089356	FXYD3
9	139305110	139318213	ENSG00000165688	PMPCA
10	27604049	27604155	ENSG00000200369	RNU6-666P
X	23093875	23094884	ENSG00000174028	FAM3C2
10	27620286	27630181	ENSG00000215409	RP11-748L13.2
4	10008106	10011349	ENSG00000250413	RP11-448G15.1
11	62756626	62783311	ENSG00000149452	SLC22A8
4	10069713	10074643	ENSG00000261490	RP11-448G15.3
X	23138949	23139022	ENSG00000221786	AC004673.1
X	23216456	23216807	ENSG00000228610	GS1-590J15.1
16	32684852	32688053	ENSG00000183632	TP53TG3
1	228106357	228135599	ENSG00000143816	WNT9A
4	10080235	10080316	ENSG00000264931	MIR3138
2	219919142	219925189	ENSG00000163501	IHH
4	10117380	10117508	ENSG00000223086	RNA5SP155
4	2271309	2420390	ENSG00000159733	ZFYVE28
8	145554228	145559943	ENSG00000170616	SCRT1
4	10144991	10145279	ENSG00000250393	RP11-480G3.1
1	153777201	153895451	ENSG00000143614	GATAD2B
4	10168783	10169389	ENSG00000251296	AC006499.7
22	39436609	39449915	ENSG00000128394	APOBEC3F
4	10201447	10202296	ENSG00000248777	AC006499.6
X	100523241	100548059	ENSG00000102387	TAF7L
X	23369130	23369567	ENSG00000226774	RP11-654E17.2
4	10239837	10239859	ENSG00000271544	AC006499.9
13	95089558	95131936	ENSG00000080166	DCT
X	23525328	23525430	ENSG00000238327	snoU13
4	10256550	10258245	ENSG00000250040	AC006499.8
X	23774289	23774398	ENSG00000263425	AC131011.1
1	228194752	228248961	ENSG00000154342	WNT3A
19	50010073	50029590	ENSG00000104870	FCGRT
4	10261069	10261762	ENSG00000250573	AC006499.5
14	22946696	22946758	ENSG00000211833	TRAJ58
14	22947861	22947923	ENSG00000211834	TRAJ57
4	10269519	10269855	ENSG00000250074	AC006499.4
14	22948510	22948571	ENSG00000211835	TRAJ56
8	145575878	145578574	ENSG00000214597	TMEM249
16	32859034	32859477	ENSG00000259303	IGHV2OR16-5
12	40148823	40499891	ENSG00000151229	SLC2A13
12	51674822	51718452	ENSG00000110934	BIN2
4	10286585	10287332	ENSG00000250505	AC006499.3
12	103631369	103889749	ENSG00000179088	C12orf42
14	22951276	22951335	ENSG00000211836	TRAJ54
X	131503345	131623996	ENSG00000076770	MBNL3
4	10293819	10294332	ENSG00000251278	AC006499.2
16	33006369	33006826	ENSG00000233732	IGHV3OR16-10
14	22951993	22952058	ENSG00000211837	TRAJ53
4	10296087	10297203	ENSG00000251338	AC006499.1
14	22955216	22955284	ENSG00000211838	TRAJ52
16	33020496	33020941	ENSG00000271130	IGHV3OR16-8
14	22957581	22957640	ENSG00000211839	TRAJ50
4	10412620	10413268	ENSG00000250613	RP11-136I13.1
2	98947852	98972468	ENSG00000222000	AC092675.3
HSCHR6_MHC_MANN	31593388	31596173	ENSG00000231048	LST1
14	22958476	22958531	ENSG00000211840	TRAJ49
2	219940039	220025587	ENSG00000187736	NHEJ1
4	10480148	10480547	ENSG00000248419	RP11-136I13.2
14	22959479	22959541	ENSG00000211841	TRAJ48
3	147103833	147124647	ENSG00000174963	ZIC4
6	31937587	31940069	ENSG00000204348	DXO
4	10686627	10699285	ENSG00000249334	RP11-61G19.1
14	22961838	22961894	ENSG00000211842	TRAJ47
18	6941743	7117813	ENSG00000101680	LAMA1
4	11370451	11370545	ENSG00000207716	MIR572
X	23791109	23801073	ENSG00000233785	RP13-314C10.5
22	39436924	39483748	ENSG00000239713	APOBEC3G
14	22962389	22962451	ENSG00000211843	TRAJ46
HSCHR17_1	44327965	44330147	ENSG00000257882	AC217770.3
4	11373599	11374516	ENSG00000250896	RNPS1P1
X	23800327	23800427	ENSG00000202272	Y_RNA
16	33204156	33264727	ENSG00000205457	TP53TG3C
4	11415675	11415784	ENSG00000222182	RNA5SP156
14	22962911	22962976	ENSG00000211844	TRAJ45
X	23854761	23855459	ENSG00000238103	RPL9P7
4	11470874	11479820	ENSG00000251152	RP11-281P23.1
14	22963806	22963868	ENSG00000211845	TRAJ44
14	22964896	22964949	ENSG00000211846	TRAJ43
X	24151303	24151434	ENSG00000201407	SNORA68
X	24164342	24167771	ENSG00000234230	ZFX-AS1
1	228270361	228286912	ENSG00000143761	ARF1
14	22965872	22965937	ENSG00000211847	TRAJ42
4	11627338	11815582	ENSG00000249631	RP11-281P23.2
X	24304662	24304794	ENSG00000264184	AC096509.1
14	22966642	22966703	ENSG00000211848	TRAJ41
11	118097409	118123065	ENSG00000160588	MPZL3
X	24328979	24331432	ENSG00000223611	SUPT20HL2
19	12107624	12107731	ENSG00000252060	RNA5SP464
19	12138728	12138836	ENSG00000212497	RNA5SP465
2	98962618	99015064	ENSG00000144191	CNGA3
14	22968672	22968732	ENSG00000211849	TRAJ40
19	12180979	12181086	ENSG00000252546	RNA5SP466
19	12199060	12199161	ENSG00000199444	Y_RNA
19	12207239	12207730	ENSG00000237273	RSL24D1P8
14	22970585	22970647	ENSG00000211850	TRAJ39
X	24366926	24367023	ENSG00000264746	AC004552.1
13	95226308	95248511	ENSG00000088451	TGDS
19	12217312	12217429	ENSG00000212576	RNA5SP467
X	24380878	24383541	ENSG00000223731	SUPT20HL1
17	56347217	56358296	ENSG00000005381	MPO
14	22971215	22971276	ENSG00000211851	TRAJ38
19	12252621	12254137	ENSG00000242615	CTC-359D24.3
X	24447690	24448037	ENSG00000225071	GS1-184P14.2
14	22972735	22972797	ENSG00000211852	TRAJ37
4	11742572	11771092	ENSG00000248300	RP11-74M11.2
14	22974096	22974155	ENSG00000211853	TRAJ36
4	11916291	11921312	ENSG00000248262	RP11-1J7.1
8	145576888	145579269	ENSG00000271698	GS1-393G12.13
19	12305830	12348582	ENSG00000234773	CTD-2666L21.1
14	22975629	22975687	ENSG00000211854	TRAJ35
4	12014971	12015065	ENSG00000266669	AC097452.1
X	24531567	24531804	ENSG00000214124	SNRPEP9
16	33261515	33264716	ENSG00000261509	TP53TG3B
4	12225075	12252910	ENSG00000251210	RP11-168E17.1
14	22976651	22976708	ENSG00000211855	TRAJ34
2	74588281	74619214	ENSG00000204843	DCTN1
14	22977587	22977643	ENSG00000211856	TRAJ33
7	100240720	100254084	ENSG00000077080	ACTL6B
4	12314212	12314314	ENSG00000212282	RNU6-578P
HSCHR17_1	44339179	44390746	ENSG00000257793	CRHR1
14	22978325	22978390	ENSG00000211857	TRAJ32
4	12640710	12642633	ENSG00000249995	RP11-352E6.1
19	12370941	12371352	ENSG00000213293	CTD-2666L21.3
11	71238313	71239210	ENSG00000244411	KRTAP5-7
9	139323071	139334274	ENSG00000148384	INPP5E
8	49623348	49647870	ENSG00000034239	EFCAB1
4	12641922	12642261	ENSG00000249780	RP11-352E6.2
14	22979951	22980007	ENSG00000211858	TRAJ31
4	12860725	12866585	ENSG00000250371	RP11-22A3.2
14	22981834	22981890	ENSG00000211859	TRAJ30
11	71249071	71250253	ENSG00000241233	KRTAP5-8
8	22545172	22550815	ENSG00000179388	EGR3
4	12949198	12950294	ENSG00000250098	RP11-22A3.1
19	12395152	12396000	ENSG00000234750	CTD-2666L21.2
14	22982921	22982980	ENSG00000211860	TRAJ29
19	12456763	12458752	ENSG00000261280	CTD-3105H18.13
4	13052966	13053035	ENSG00000252235	RNU6-962P
5	122680579	122759286	ENSG00000168944	CEP120
14	22984601	22984666	ENSG00000211861	TRAJ28
11	71259466	71260653	ENSG00000254997	KRTAP5-9
19	12484423	12484545	ENSG00000231361	CTD-3105H18.5
4	13335038	13340281	ENSG00000205940	HSP90AB2P
14	22985251	22985309	ENSG00000211862	TRAJ27
19	12490560	12494501	ENSG00000248406	CTD-3105H18.4
14	22987424	22987483	ENSG00000211863	TRAJ26
19	12561749	12571519	ENSG00000234848	CTD-3105H18.7
X	48553945	48567403	ENSG00000101945	SUV39H1
11	71276609	71279980	ENSG00000204572	KRTAP5-10
14	22987790	22987849	ENSG00000211864	TRAJ25
4	13547699	13549425	ENSG00000246095	LINC01096
22	39493229	39500072	ENSG00000100298	APOBEC3H
19	12613489	12614920	ENSG00000236483	CTD-3105H18.8
4	13629489	13629581	ENSG00000266240	MIR5091
14	22988947	22989009	ENSG00000211865	TRAJ24
4	13633444	13634223	ENSG00000249148	AC006445.7
19	12615479	12615704	ENSG00000232579	CTD-3105H18.10
11	71292901	71314399	ENSG00000204571	KRTAP5-11
19	12615719	12616790	ENSG00000230321	CTD-3105H18.9
14	22989394	22989456	ENSG00000211866	TRAJ23
1	27992572	27998729	ENSG00000126709	IFI6
4	13649321	13650024	ENSG00000242209	AC006445.6
15	45422131	45457774	ENSG00000137857	DUOX1
1	68894505	68915642	ENSG00000116745	RPE65
19	12617063	12618844	ENSG00000234003	CTD-3105H18.11
11	71292956	71318487	ENSG00000187811	AP000867.1
7	117824086	117832878	ENSG00000128534	NAA38
13	95254157	95286899	ENSG00000152749	GPR180
4	13656803	13978699	ENSG00000250634	RP11-341G5.1
8	22570769	22857513	ENSG00000134020	PEBP4
19	35615417	35633355	ENSG00000153902	LGI4
12	133656424	133684130	ENSG00000196387	ZNF140
4	13660251	13660337	ENSG00000252092	AC098830.1
4	13779001	13783781	ENSG00000250497	AC007126.1
1	153901977	153919172	ENSG00000198837	DENND4B
4	13978790	13979652	ENSG00000224569	RP11-341G5.2
8	145577795	145584932	ENSG00000185803	SLC52A2
11	62847412	62911693	ENSG00000197658	SLC22A24
3	74311719	74570291	ENSG00000113805	CNTN3
HSCHR6_MHC_MANN	31595140	31596204	ENSG00000257874	BX927320.1
4	14113592	14141676	ENSG00000248698	LINC01085
10	105206543	105212660	ENSG00000138172	CALHM2
3	19189946	19577138	ENSG00000183960	KCNH8
13	95361886	95364389	ENSG00000125285	SOX21
X	100600649	100604184	ENSG00000126953	TIMM8A
11	71498556	71512282	ENSG00000158483	FAM86C1
19	12618943	12619077	ENSG00000235686	PPIAP20
4	14127963	14128288	ENSG00000251317	KLF17P2
4	14136560	14145216	ENSG00000251679	RP11-669M16.2
19	12640582	12643787	ENSG00000269560	CTD-2192J16.21
22	39516172	39548679	ENSG00000100307	CBX7
19	12663411	12664458	ENSG00000230310	CTD-2192J16.11
7	117854727	117882785	ENSG00000106013	ANKRD7
19	12670385	12671919	ENSG00000213290	PGK1P2
1	228288427	228293112	ENSG00000143793	C1orf35
16	3775055	3930727	ENSG00000005339	CREBBP
11	20691117	21597227	ENSG00000165973	NELL1
2	9983483	10074545	ENSG00000115750	TAF1B
19	12740548	12740599	ENSG00000221343	AC010422.1
2	207804278	207834198	ENSG00000144410	CPO
19	12754089	12754733	ENSG00000178464	CTD-2192J16.15
HSCHR6_MHC_QBL	31749636	31753979	ENSG00000227686	VARS
X	48620154	48632064	ENSG00000171433	GLOD5
HSCHR6_MHC_MANN	31596159	31600249	ENSG00000236979	NCR3
8	22844930	22877712	ENSG00000008853	RHOBTB2
12	95611522	95696566	ENSG00000028203	VEZT
5	43526369	43557860	ENSG00000172239	PAIP1
14	22991016	22991078	ENSG00000211867	TRAJ22
X	48644962	48652716	ENSG00000102145	GATA1
4	14166079	14244437	ENSG00000249988	RP11-669M16.1
11	62905339	63137190	ENSG00000184999	SLC22A10
17	4935895	4955304	ENSG00000132517	SLC52A1
4	14384747	14410702	ENSG00000251412	AC006296.1
4	14392063	14395616	ENSG00000248425	AC006296.2
X	24535357	24535457	ENSG00000265506	AC004656.1
X	24563633	24568583	ENSG00000260822	GS1-358P8.4
11	71544246	71548756	ENSG00000184276	DEFB108B
5	1050499	1112150	ENSG00000113504	SLC12A7
7	7196565	7288282	ENSG00000106392	C1GALT1
11	118124118	118135251	ENSG00000149573	MPZL2
22	39619364	39640756	ENSG00000100311	PDGFB
4	14472089	14889793	ENSG00000248360	LINC00504
9	70432004	70497240	ENSG00000147996	CBWD5
2	207938861	208031991	ENSG00000118263	KLF7
16	72088522	72111145	ENSG00000261701	HPR
X	24650374	24650718	ENSG00000226222	RP11-753E22.3
X	100604435	100641183	ENSG00000010671	BTK
X	24668190	24676354	ENSG00000236836	PCYT1B-AS1
X	24700026	24700751	ENSG00000236487	RP11-753E22.2
17	56378592	56406152	ENSG00000005379	BZRAP1
HSCHR5_1_CTG1	68665134	68710869	ENSG00000262511	RAD17
X	24716239	24716308	ENSG00000264224	AC004655.1
X	24762558	24762687	ENSG00000251869	SCARNA23
10	27624430	27624536	ENSG00000207135	RNU6-452P
10	27632365	27633846	ENSG00000260151	RP11-748L13.6
X	24806509	24807186	ENSG00000232472	EEF1B2P3
10	27638646	27639219	ENSG00000213770	FAM210CP
HSCHR6_MHC_QBL	31755421	31765001	ENSG00000172850	LSM2
X	25047662	25048352	ENSG00000214111	RP1-258N20.3
14	22992573	22992627	ENSG00000211868	TRAJ21
1	68939835	68962904	ENSG00000024526	DEPDC1
4	83343717	83351294	ENSG00000152795	HNRNPDL
10	27667067	27667291	ENSG00000237956	TRIAP1P1
19	12793507	12798093	ENSG00000268945	CTD-2192J16.26
X	25078768	25079056	ENSG00000240439	RN7SL91P
3	121488610	121553926	ENSG00000173226	IQCB1
14	22993296	22993352	ENSG00000211869	TRAJ20
X	25212498	25213324	ENSG00000176812	RP11-629O4.1
11	71576555	71639700	ENSG00000254469	RP11-849H4.2
19	12799736	12800052	ENSG00000267791	CTD-2659N19.2
10	28033715	28056723	ENSG00000230500	RP11-360I20.2
19	12817263	12817332	ENSG00000209702	SNORD41
19	11200038	11244492	ENSG00000130164	LDLR
14	22994233	22994292	ENSG00000211870	TRAJ19
X	25224487	25224577	ENSG00000212075	AC112778.1
19	12836331	12836700	ENSG00000267004	CTD-2659N19.4
X	25609470	25609925	ENSG00000229310	RPP40P1
19	12895353	12895915	ENSG00000267212	CTD-2659N19.9
14	22994620	22994685	ENSG00000211871	TRAJ18
X	25663839	25664444	ENSG00000228519	RP11-298C3.2
4	2451700	2464668	ENSG00000249428	RP11-503N18.3
19	12897942	12898006	ENSG00000263800	MIR5684
14	22995812	22995874	ENSG00000211872	TRAJ17
X	25896456	25911661	ENSG00000233403	RP11-86A5.1
5	170846660	170884627	ENSG00000156427	FGF18
X	26165891	26166398	ENSG00000232446	RP13-60P5.2
22	39656865	39657063	ENSG00000214854	AL031590.1
14	69340860	69446157	ENSG00000072110	ACTN1
14	22997487	22997546	ENSG00000211873	TRAJ16
X	26178718	26180013	ENSG00000232030	MAGEB6P1
14	22999278	22999329	ENSG00000211875	TRAJ14
20	25176329	25207365	ENSG00000197586	ENTPD6
X	26188169	26189030	ENSG00000227511	GS1-466O4.2
14	23000026	23000088	ENSG00000211876	TRAJ13
X	26218159	26218764	ENSG00000232644	GS1-466O4.3
2	161128662	161350305	ENSG00000153250	RBMS1
5	137801179	137805004	ENSG00000120738	EGR1
17	28643351	28661077	ENSG00000182271	TMIGD1
4	122737599	122745087	ENSG00000145386	CCNA2
5	171200656	171201743	ENSG00000253110	CTB-78H18.1
11	118175260	118186890	ENSG00000198851	CD3E
4	14507489	14508104	ENSG00000251252	MTND2P31
4	14692334	14692456	ENSG00000202449	SNORA63
5	171212876	171221602	ENSG00000185662	SMIM23
1	3668962	3688209	ENSG00000162592	CCDC27
4	14911585	15003669	ENSG00000247624	CPEB2-AS1
13	95672083	95953687	ENSG00000125257	ABCC4
19	50030875	50050219	ENSG00000142552	RCN3
7	7395834	7575484	ENSG00000215018	COL28A1
4	15006566	15429538	ENSG00000249252	RP11-665G4.1
17	74132414	74137380	ENSG00000129654	FOXJ1
14	39866873	39901704	ENSG00000165355	FBXO33
12	40590546	40763087	ENSG00000188906	LRRK2
4	15095391	15095718	ENSG00000199420	RN7SKP170
X	26242020	26242775	ENSG00000237171	GS1-466O4.5
4	15359765	15421656	ENSG00000251379	RP11-484O2.1
X	26363353	26364359	ENSG00000228464	RP11-617O8.1
5	137841784	137878989	ENSG00000120705	ETF1
4	15494353	15494596	ENSG00000249930	AC007016.3
X	26515053	26523720	ENSG00000231388	RP11-702C7.2
4	15565321	15565876	ENSG00000273133	RP11-799M12.2
16	72127461	72146811	ENSG00000140829	DHX38
4	15732585	15733250	ENSG00000214846	RP11-115L11.1
X	26575792	26576447	ENSG00000230265	RP11-702C7.1
4	15744819	15745205	ENSG00000248188	RP11-442P12.2
X	26576454	26579169	ENSG00000259849	VENTXP1
2	196602427	196933536	ENSG00000118997	DNAH7
X	26675408	26675624	ENSG00000236160	GS1-541M1.2
4	15866561	15867563	ENSG00000251644	RP11-442P12.1
4	2463947	2627047	ENSG00000063978	RNF4
HSCHR6_MHC_QBL	31767647	31773092	ENSG00000206383	HSPA1L
4	16010299	16010410	ENSG00000251758	RNU6-350P
4	16180562	16184743	ENSG00000249234	RP11-452J21.2
4	16228286	16321763	ENSG00000263327	TAPT1-AS1
17	28705923	28797007	ENSG00000108582	CPD
17	74138534	74236454	ENSG00000141576	RNF157
8	145579091	145583036	ENSG00000182325	FBXL6
4	16257931	16258178	ENSG00000242358	RPS21P4
8	49830249	49834299	ENSG00000019549	SNAI2
11	71639747	71708643	ENSG00000137522	RNF121
HSCHR17_1	44410812	44414829	ENSG00000257822	AC217770.2
10	12171636	12211960	ENSG00000065665	SEC61A2
19	50058968	50093519	ENSG00000142546	NOSIP
HSCHR6_MHC_QBL	31773491	31775973	ENSG00000215328	HSPA1A
9	139334549	139372141	ENSG00000148396	SEC16A
HSCHR17_1	44566755	44567102	ENSG00000257717	AC225613.4
16	4003388	4166186	ENSG00000162104	ADCY9
HSCHR17_1	44575673	44578193	ENSG00000257806	AC225613.5
HSCHR17_1	44624078	44624636	ENSG00000258143	AC225613.7
4	16309079	16309790	ENSG00000248851	AC006427.2
HSCHR17_1	44705731	44708833	ENSG00000257615	AC139677.4
4	16362309	16398946	ENSG00000249506	ZEB2P1
HG883_PATCH	26662628	26674035	ENSG00000262447	TNFAIP1
2	85766288	85772403	ENSG00000168906	MAT2A
5	171288553	171433877	ENSG00000072803	FBXW11
HSCHR17_1	44736661	44752520	ENSG00000257189	AC139677.1
1	28052490	28089633	ENSG00000009780	FAM76A
16	33605231	33605684	ENSG00000270467	IGHV3OR16-12
HSCHR6_MHC_QBL	31785766	31788290	ENSG00000212866	HSPA1B
1	153920145	153931101	ENSG00000160741	CRTC2
4	16402053	16513810	ENSG00000248138	RP11-446J8.1
16	33629681	33630128	ENSG00000271178	IGHV3OR16-13
14	23000889	23000948	ENSG00000211877	TRAJ12
2	219940051	220035549	ENSG00000213901	SLC23A3
8	49966870	49988649	ENSG00000168333	C8orf22
21	46825052	46933634	ENSG00000182871	COL18A1
14	23001452	23001511	ENSG00000211878	TRAJ11
HSCHR6_MHC_DBB	31602375	31608169	ENSG00000227567	APOM
2	99061317	99210853	ENSG00000040933	INPP4A
14	23002445	23002508	ENSG00000211879	TRAJ10
1	228294380	228297013	ENSG00000162910	MRPL55
16	33647044	33647696	ENSG00000259680	RP11-812E19.9
14	23004502	23004562	ENSG00000211880	TRAJ9
HSCHR6_MHC_MANN	31627937	31645035	ENSG00000226618	PRRC2A
14	102547075	102606036	ENSG00000080824	HSP90AA1
16	34256507	34257278	ENSG00000179755	CTD-2144E22.5
5	72416119	72427644	ENSG00000157111	TMEM171
22	39708887	39716394	ENSG00000100316	RPL3
HSCHR6_MHC_COX	32735310	32744079	ENSG00000232367	TAP1
X	26704143	26706072	ENSG00000216938	RPL7P58
8	50448945	50466973	ENSG00000253206	RP11-738G5.2
X	26766146	26767207	ENSG00000236683	HMGA1P1
16	46614466	46655538	ENSG00000171241	SHCBP1
HSCHR6_MHC_QBL	31792647	31797799	ENSG00000206380	C6orf48
X	26808259	26808403	ENSG00000252491	RNU1-142P
X	27061024	27194415	ENSG00000242021	RP11-268G12.3
8	101269288	101348446	ENSG00000034677	RNF19A
1	70034081	70617628	ENSG00000033122	LRRC7
3	46710487	46735194	ENSG00000178038	ALS2CL
3	19920964	19988517	ENSG00000163576	EFHB
16	4239375	4292081	ENSG00000185739	SRL
X	48659784	48683392	ENSG00000094631	HDAC6
10	92828	120103	ENSG00000173876	TUBB8
1	3689352	3692546	ENSG00000235169	SMIM1
17	79976578	79981983	ENSG00000169689	STRA13
11	22214722	22304903	ENSG00000171714	ANO5
11	118209669	118213459	ENSG00000167286	CD3D
10	28072775	28072982	ENSG00000251810	RN7SKP132
10	28193138	28194091	ENSG00000226016	RPL36AP55
4	122745595	122791652	ENSG00000138686	BBS7
10	28288717	28338544	ENSG00000233472	RP11-218D6.4
18	77155856	77289325	ENSG00000131196	NFATC1
15	73612200	73661605	ENSG00000138622	HCN4
1	3696784	3713068	ENSG00000130764	LRRC47
10	28293631	28293861	ENSG00000226395	RP11-218D6.3
12	57998405	58003587	ENSG00000178498	DTX3
10	28599782	28599888	ENSG00000222374	AC022021.1
10	28627483	28629871	ENSG00000237746	ZNF101P1
4	16974898	17075526	ENSG00000249998	RP11-141E13.1
4	17063501	17063788	ENSG00000251212	MTND5P4
8	50822349	51706678	ENSG00000147481	SNTG1
4	17173380	17187682	ENSG00000250819	RP11-576E20.1
16	4307187	4323076	ENSG00000090447	TFAP4
4	17322369	17322505	ENSG00000206780	SNORA75
2	85771846	85788670	ENSG00000115486	GGCX
4	17429319	17429897	ENSG00000215278	RPS7P6
4	17530560	17530663	ENSG00000238536	snoU13
4	17553740	17554375	ENSG00000249488	NACAP5
4	17589090	17616194	ENSG00000249502	AC006160.5
GL000221.1	62571	62753	ENSG00000268276	AL590523.1
15	73735499	73852355	ENSG00000183324	C15orf60
5	43602794	43707507	ENSG00000112992	NNT
10	28696969	28697180	ENSG00000222666	U3
4	17596691	17596959	ENSG00000265011	RN7SL315P
10	28721937	28784742	ENSG00000237128	RP11-351M16.3
2	208394461	208468155	ENSG00000118260	CREB1
4	17913297	17914599	ENSG00000235413	KRT18P63
10	28725130	28726007	ENSG00000224439	RP11-351M16.1
4	18489685	18491131	ENSG00000251048	RP11-608B3.1
13	96085858	96232013	ENSG00000134873	CLDN10
4	19173958	19458617	ENSG00000248238	RP11-3J1.1
2	37423631	37443336	ENSG00000218739	CEBPZ-AS1
10	28731504	28731825	ENSG00000222705	RN7SKP39
12	10658201	10675734	ENSG00000180574	EIF2S3L
4	19183437	19183479	ENSG00000251816	RNA5SP157
4	19457059	19911315	ENSG00000248515	RP11-608O21.1
10	28811581	28821672	ENSG00000254635	WAC-AS1
7	100271154	100276797	ENSG00000172354	GNB2
4	19748802	19756214	ENSG00000249441	RP11-94H6.1
4	19815372	19815854	ENSG00000241612	RP13-585F24.1
10	28941559	28941684	ENSG00000252401	RNU4ATAC6P
11	22359643	22401049	ENSG00000091664	SLC17A6
4	20039183	20039595	ENSG00000250611	RP11-339D20.1
10	28947916	28948396	ENSG00000231911	TPRKBP1
14	23005092	23005151	ENSG00000211881	TRAJ8
8	101521980	101572012	ENSG00000186106	ANKRD46
10	28956848	28956954	ENSG00000207483	RNU6-1067P
4	20393812	20396479	ENSG00000248228	SLIT2-IT1
14	23006567	23006625	ENSG00000211882	TRAJ7
10	29032674	29033592	ENSG00000236716	RP11-478H13.1
10	29049628	29049732	ENSG00000201001	RNU6-270P
14	23008016	23008077	ENSG00000211883	TRAJ6
10	105213144	105218645	ENSG00000185933	CALHM1
10	29078117	29085042	ENSG00000235824	LINC00837
11	118215059	118225876	ENSG00000160654	CD3G
4	20529898	20530007	ENSG00000207732	MIR218-1
3	147111209	147228080	ENSG00000152977	ZIC1
14	23009190	23009249	ENSG00000211884	TRAJ5
4	20768431	20768995	ENSG00000272995	RP11-362J17.1
5	148651434	148721365	ENSG00000157510	AFAP1L1
14	23011142	23011204	ENSG00000211885	TRAJ4
7	119913722	120390385	ENSG00000184408	KCND2
4	21306165	21318108	ENSG00000250243	RP11-120A1.1
X	54946895	54957864	ENSG00000067445	TRO
14	23012122	23012183	ENSG00000211886	TRAJ3
4	21583719	21615351	ENSG00000250092	RP11-556G22.3
6	3153903	3157760	ENSG00000137267	TUBB2A
HG883_PATCH	26684604	26690705	ENSG00000267721	TMEM199
10	29081732	29097148	ENSG00000232624	RP11-478H13.3
10	105232561	105238997	ENSG00000183128	CALHM3
14	23013015	23013080	ENSG00000211887	TRAJ2
16	46690054	46723430	ENSG00000069329	VPS35
4	21658134	21658492	ENSG00000242768	RP11-556G22.1
10	29095050	29102387	ENSG00000271220	RP11-478H13.4
4	21699073	21720649	ENSG00000248343	RP11-556G22.2
14	23013981	23014042	ENSG00000211888	TRAJ1
12	10758612	10766222	ENSG00000111196	MAGOHB
10	29163322	29163436	ENSG00000199402	RNA5SP308
4	21950638	22331953	ENSG00000250039	RP11-17E2.2
10	29187925	29188422	ENSG00000229605	RP11-492M23.2
14	23016447	23021097	ENSG00000229164	TRAC
17	38710021	38721724	ENSG00000126353	CCR7
4	22120606	22120712	ENSG00000239001	RNU6-420P
19	35629712	35634013	ENSG00000266964	FXYD1
4	22351073	22351177	ENSG00000238383	snoU13
5	72469022	72470970	ENSG00000164325	TMEM174
16	4364762	4389598	ENSG00000126603	GLIS2
4	22595819	22596073	ENSG00000244538	RP11-10G12.1
11	22644079	22647387	ENSG00000183161	FANCF
1	3728645	3773778	ENSG00000116198	CEP104
9	139377947	139380518	ENSG00000196366	C9orf163
HG883_PATCH	26691290	26692265	ENSG00000263225	SEBOX
14	23025534	23027939	ENSG00000259003	AE000662.92
HSCHR6_MHC_QBL	31811419	31812274	ENSG00000257944	AL844853.2
HG883_PATCH	26691310	26695033	ENSG00000262318	CTB-96E2.2
HSCHR6_MHC_QBL	31811806	31812495	ENSG00000257705	AL844853.1
11	22646860	22647369	ENSG00000229387	AC103801.2
4	22609124	22612686	ENSG00000251516	RP11-10G12.2
6	43139037	43149243	ENSG00000112658	SRF
7	152341864	152373250	ENSG00000196584	XRCC2
1	70610488	70671303	ENSG00000066557	LRRC40
4	22728998	22729573	ENSG00000237350	CDC42P6
14	23033805	23058175	ENSG00000129562	DAD1
7	120427376	120498456	ENSG00000106025	TSPAN12
HG883_PATCH	26691378	26725182	ENSG00000267556	SARM1
GL000222.1	86430	89304	ENSG00000220903	FRG2C
9	139388896	139440314	ENSG00000148400	NOTCH1
2	37428755	37458856	ENSG00000115816	CEBPZ
HSCHR6_MHC_QBL	31815830	31821077	ENSG00000184494	NEU1
8	101585116	101675643	ENSG00000174226	SNX31
15	73852355	73926475	ENSG00000156642	NPTN
GL000222.1	129789	134090	ENSG00000233094	AL592170.1
GL000222.1	15194	15277	ENSG00000266831	MIR4273
13	96230457	96296957	ENSG00000134874	DZIP1
11	22647188	22834601	ENSG00000148935	GAS2
GL000222.1	40456	40754	ENSG00000265343	Metazoa_SRP
GL000222.1	122779	122874	ENSG00000238524	AL592170.2
X	27193037	27417114	ENSG00000228933	RP11-268G12.1
16	4381550	4405608	ENSG00000217930	PAM16
X	27236248	27236795	ENSG00000233807	RP11-268G12.2
1	28099694	28150963	ENSG00000117758	STX12
X	27270236	27270352	ENSG00000252486	Y_RNA
HG883_PATCH	26694297	26700110	ENSG00000262062	VTN
X	27445894	27446348	ENSG00000235642	PTP4A1P5
18	7231123	7232045	ENSG00000206422	LRRC30
9	70646589	70648956	ENSG00000269337	AL591479.1
3	187086120	187089864	ENSG00000136514	RTP4
X	27478921	27481413	ENSG00000224960	SMEK3P
14	23067146	23081265	ENSG00000100439	ABHD4
X	27535888	27535998	ENSG00000223391	GS1-309P15.3
17	4981543	4999669	ENSG00000180787	ZFP3
10	29698331	29776674	ENSG00000224597	PTCHD3P1
6	31938868	31950598	ENSG00000204344	STK19
X	27536001	27537876	ENSG00000238247	GS1-309P15.4
12	51722227	51740463	ENSG00000139610	CELA1
X	27765013	27766908	ENSG00000231315	AC107613.1
7	86974997	87029111	ENSG00000005469	CROT
HSCHR17_1	44738928	44752551	ENSG00000257936	AC139677.6
X	27830002	27831019	ENSG00000229731	RP11-501H19.2
3	75713481	75716371	ENSG00000172969	FRG2C
HSCHR17_1	44771954	44775602	ENSG00000257278	AC139677.2
19	35634154	35645204	ENSG00000221946	FXYD7
X	27850292	27851321	ENSG00000226199	RP11-12D5.2
3	187386694	187388187	ENSG00000157005	SST
X	27865705	27866056	ENSG00000232834	RP11-12D5.3
HSCHR5_1_CTG1	68711180	68739968	ENSG00000263043	MARVELD2
2	10085341	10142411	ENSG00000134317	GRHL1
X	27872440	27873470	ENSG00000228345	RP11-12D5.4
X	27882010	27882466	ENSG00000233243	RP11-12D5.5
10	47746962	47770871	ENSG00000215033	AL603965.1
X	27911465	27912176	ENSG00000224589	RP11-12D5.6
X	28395080	28395178	ENSG00000263509	AC078988.1
X	28589649	28604512	ENSG00000223742	RP11-149B9.2
4	83351715	83382244	ENSG00000145293	ENOPH1
X	28677182	28677586	ENSG00000226436	RP1-22N22.1
X	28942186	28942255	ENSG00000201666	SNORD74
4	22999174	23058485	ENSG00000248837	RP11-412P11.1
17	5008836	5026411	ENSG00000167840	ZNF232
4	23107125	23125110	ENSG00000249645	RP11-552M14.1
12	123104824	123215390	ENSG00000196917	HCAR1
4	23236248	23287196	ENSG00000249547	RP11-453O5.1
14	42076773	42373752	ENSG00000165379	LRFN5
HSCHR17_1	44831766	44874729	ENSG00000257774	AC139677.5
4	23516563	23516907	ENSG00000251220	RFPL4AP3
19	50083903	50094272	ENSG00000126460	PRRG2
4	23562546	23770275	ENSG00000250137	RP11-380P13.1
17	61994560	61996179	ENSG00000259384	GH1
4	23724885	23735202	ENSG00000251292	RP11-380P13.2
12	123185840	123187890	ENSG00000182782	HCAR2
4	23781213	23784183	ENSG00000249453	RP13-497K6.1
10	47894023	47949412	ENSG00000152726	FAM21B
4	24422799	24422924	ENSG00000222262	AC092846.1
12	123199303	123201439	ENSG00000255398	HCAR3
4	24431455	24431523	ENSG00000265001	AC092846.2
4	24521815	24521913	ENSG00000207697	MIR573
4	41258430	41270472	ENSG00000154277	UCHL1
3	19988571	20026667	ENSG00000144566	RAB5A
12	51745031	51786651	ENSG00000139629	GALNT6
9	139553308	139567130	ENSG00000172889	EGFL7
4	24564818	24565084	ENSG00000243005	RN7SL16P
4	24659695	24659998	ENSG00000249256	ATP5LP3
8	145596790	145618457	ENSG00000173137	ADCK5
4	24661479	24673191	ENSG00000261121	RP11-496D24.2
HSCHR5_1_CTG1	68787834	68852251	ENSG00000262667	OCLN
14	44973545	44976482	ENSG00000189139	FSCB
16	4390252	4470495	ENSG00000103426	CORO7-PAM16
4	83404323	83483510	ENSG00000249242	TMEM150C
4	24769671	24769953	ENSG00000251638	AC006390.4
4	24773089	24774042	ENSG00000248444	HNRNPA1P65
12	123237321	123255611	ENSG00000139726	DENR
4	25222025	25222535	ENSG00000271172	RP11-660M5.1
9	70856397	70914929	ENSG00000196873	CBWD3
4	25355592	25355693	ENSG00000264496	AC108218.1
4	25474139	25475437	ENSG00000249320	RP11-206P5.1
14	45366498	45376460	ENSG00000179476	C14orf28
4	25506619	25508297	ENSG00000248608	RP11-206P5.2
13	96329393	96447243	ENSG00000102580	DNAJC3
4	25600186	25600247	ENSG00000238632	RNU7-126P
12	10771538	10826917	ENSG00000060140	STYK1
4	25610333	25621087	ENSG00000248545	RP11-302F12.3
15	45459412	45493373	ENSG00000138606	SHF
4	25624399	25625223	ENSG00000228154	RP11-302F12.2
11	118230300	118269926	ENSG00000110344	UBE4A
4	25680472	25680642	ENSG00000242640	RP11-302F12.1
19	50094900	50129696	ENSG00000126464	PRR12
HSCHR6_MHC_DBB	31608257	31610731	ENSG00000228435	C6orf47
4	25687824	25688080	ENSG00000249277	RP11-302F12.4
6	111981535	112194655	ENSG00000010810	FYN
19	35645633	35660786	ENSG00000089327	FXYD5
3	75758794	75834734	ENSG00000227124	ZNF717
11	71709587	71716761	ENSG00000137496	IL18BP
19	11242196	11266484	ENSG00000161888	SPC24
12	133694740	133707059	ENSG00000214029	ZNF891
2	47572297	47614740	ENSG00000119888	EPCAM
17	56422539	56430454	ENSG00000213246	SUPT4H1
2	220036619	220042828	ENSG00000115649	CNPPD1
1	70671365	70718735	ENSG00000116754	SRSF11
18	7566780	8406859	ENSG00000173482	PTPRM
9	139567595	139581875	ENSG00000169692	AGPAT2
X	28960167	28960685	ENSG00000237994	RP1-146A15.1
X	29000969	29001087	ENSG00000201356	RNA5SP500
11	22835345	22851845	ENSG00000198168	SVIP
X	29387118	29387962	ENSG00000227393	RP6-127F18.2
2	128395956	128439360	ENSG00000072163	LIMS2
22	39745930	39781593	ENSG00000100321	SYNGR1
7	7606503	7648560	ENSG00000164654	MIOS
X	29592395	29592475	ENSG00000264090	MIR4666B
X	30035277	30035998	ENSG00000227592	PIGFP3
X	30227540	30228326	ENSG00000270794	GS1-383H3.6
5	122847793	122952739	ENSG00000151292	CSNK1G3
10	57358750	57360488	ENSG00000249860	MTRNR2L5
X	30333202	30333295	ENSG00000266257	AC005926.1
10	105253736	105352309	ENSG00000107954	NEURL1
HSCHR6_MHC_QBL	31818406	31967104	ENSG00000206338	CYP21A2
1	228327663	228336685	ENSG00000143774	GUK1
X	30635571	30635810	ENSG00000178556	CKS1BP6
HSCHR6_MHC_COX	32824726	32843224	ENSG00000234154	HLA-DMB
X	30648415	30648942	ENSG00000232368	FTLP2
X	30689752	30690283	ENSG00000229331	GK-IT1
15	73976307	74006859	ENSG00000103855	CD276
8	22877646	22926692	ENSG00000120889	TNFRSF10B
X	30716324	30740049	ENSG00000241886	RP11-242C19.2
X	30718115	30742291	ENSG00000243055	GK-AS1
19	50138549	50143458	ENSG00000126458	RRAS
X	30852740	30853417	ENSG00000231542	TAB3-AS1
X	30872438	30872824	ENSG00000235512	TAB3-AS2
1	153931575	153940188	ENSG00000143570	SLC39A1
5	137890571	137911133	ENSG00000113013	HSPA9
X	31366309	31366414	ENSG00000252903	RNU6-894P
X	32120182	32120293	ENSG00000222922	RNA5SP501
X	32224019	32224855	ENSG00000236285	NPM1P8
X	32601773	32601869	ENSG00000263600	MIR3915
X	32659591	32659676	ENSG00000221348	MIR548F5
X	32773057	32774517	ENSG00000236828	DMD-AS3
X	32866024	32866122	ENSG00000238969	snoU13
10	58116989	58121036	ENSG00000122952	ZWINT
X	33059512	33059838	ENSG00000226781	TBCAP1
10	74889913	74928813	ENSG00000122882	ECD
8	6264113	6501144	ENSG00000147316	MCPH1
3	148415571	148460795	ENSG00000144891	AGTR1
11	22868477	22881972	ENSG00000255359	CCDC179
X	33429061	33430290	ENSG00000215310	RP6-60B16.1
15	45544428	45568149	ENSG00000137860	SLC28A2
13	96453834	96705736	ENSG00000102595	UGGT2
X	33744625	33960397	ENSG00000233928	RP11-305F18.1
5	72740654	72744352	ENSG00000251493	FOXD1
X	34165153	34165703	ENSG00000185638	FTH1P14
X	34224842	34433654	ENSG00000233571	RP11-545D19.1
X	34405839	34406581	ENSG00000236072	RP11-281B1.2
9	139607022	139618502	ENSG00000165716	FAM69B
8	101698044	101735037	ENSG00000070756	PABPC1
1	28157289	28178187	ENSG00000117751	PPP1R8
17	10531843	10560626	ENSG00000109063	MYH3
19	11274943	11308467	ENSG00000197256	KANK2
22	39795746	39833065	ENSG00000100324	TAB1
11	24518516	25104150	ENSG00000187398	LUZP2
HG883_PATCH	26721775	26734216	ENSG00000262186	SLC46A1
3	20021453	20053822	ENSG00000183977	PP2D1
9	139632619	139642905	ENSG00000204003	LCN6
5	72794233	72801460	ENSG00000145741	BTF3
7	44788180	44809477	ENSG00000122515	ZMIZ2
1	3773845	3801993	ENSG00000169598	DFFB
HSCHR5_1_CTG1	68855801	68888468	ENSG00000262169	GTF2H2
3	75955846	77699115	ENSG00000185008	ROBO2
4	122800182	122872909	ENSG00000138741	TRPC3
9	139632619	139637808	ENSG00000187922	LCN10
7	87031013	87109751	ENSG00000005471	ABCB4
12	58003963	58013162	ENSG00000240771	ARHGEF25
12	121016567	121019201	ENSG00000167272	POP5
3	20081515	20195896	ENSG00000114166	KAT2B
4	25719704	25721367	ENSG00000250050	MTND4P9
4	25721377	25721652	ENSG00000248133	RP11-302F12.7
16	72146056	72210777	ENSG00000118557	PMFBP1
4	25721721	25722053	ENSG00000251353	MTND3P5
4	25722138	25722678	ENSG00000248654	RP11-302F12.5
20	25207122	25207370	ENSG00000268302	AL035252.1
4	25771888	25775199	ENSG00000250541	RP11-302F12.10
4	25866503	25871172	ENSG00000251009	RP13-494C23.1
19	50145382	50161899	ENSG00000126461	SCAF1
4	26113487	26115461	ENSG00000248452	RP11-324H7.1
4	26639012	26639112	ENSG00000265627	AC093807.1
8	52232138	52722005	ENSG00000147485	PXDNL
4	26703931	26704010	ENSG00000200999	SNORD74
22	39853349	39888199	ENSG00000128268	MGAT3
4	26861428	26862221	ENSG00000240005	RP11-293A21.1
15	45653322	45694525	ENSG00000171766	GATM
8	6357172	6420930	ENSG00000091879	ANGPT2
9	70866135	70866572	ENSG00000228537	AL353608.1
4	26875183	26875971	ENSG00000248340	RP11-293A21.2
4	27135618	27141673	ENSG00000251080	RP11-415C15.1
9	70917276	70920000	ENSG00000187559	FOXD4L3
20	25228705	25278650	ENSG00000100994	PYGB
4	27209127	27220026	ENSG00000205830	AC024132.1
4	27219101	27283847	ENSG00000249699	RP11-415C15.2
4	27224941	27225049	ENSG00000222206	Y_RNA
4	27264128	27268876	ENSG00000251325	RP11-415C15.3
12	123258874	123312075	ENSG00000130783	CCDC62
9	139638463	139642980	ENSG00000267206	LCN6
4	27586767	27587766	ENSG00000250858	IGBP1P5
5	171469077	171615390	ENSG00000072786	STK10
4	27969345	27986685	ENSG00000251410	AC007106.1
4	28437071	28601897	ENSG00000250064	RP11-123O22.1
1	70726271	70820417	ENSG00000118454	ANKRD13C
4	28712820	28713094	ENSG00000243548	RN7SL101P
11	118267810	118272610	ENSG00000254873	RP11-770J1.5
4	28824866	28825833	ENSG00000250927	MESTP3
9	70943224	71145977	ENSG00000154330	PGM5
17	74261283	74267375	ENSG00000185262	UBALD2
4	28998146	29016216	ENSG00000250190	RP11-292B1.2
14	23102673	23103716	ENSG00000255804	OR6J1
HG883_PATCH	26782771	26941216	ENSG00000264547	RP11-192H23.4
4	29048213	29050387	ENSG00000249228	RP11-769N22.1
4	29119930	29204392	ENSG00000248176	RP11-472K22.1
X	34535037	34535475	ENSG00000271136	RP11-320J16.1
16	46723555	46732306	ENSG00000091651	ORC6
4	29216020	29222784	ENSG00000248338	RP11-472K22.2
11	118271869	118302211	ENSG00000167283	ATP5L
X	34735557	34736109	ENSG00000225384	RP13-643D4.1
21	46913486	46964325	ENSG00000173638	SLC19A1
4	29408722	29409634	ENSG00000251373	RP11-68D16.1
4	29467323	29469472	ENSG00000251113	RP11-68D16.2
22	39895437	39914137	ENSG00000100335	MIEF1
4	29512257	29512359	ENSG00000252303	RNU6-1221P
4	29750379	29751722	ENSG00000249542	EEF1A1P21
10	180405	300577	ENSG00000015171	ZMYND11
4	29751818	29751932	ENSG00000212045	AC109351.1
4	29909281	29909413	ENSG00000249564	RP11-390C19.1
9	139648838	139652678	ENSG00000204001	LCN8
4	29964266	29965380	ENSG00000244031	RPS3AP17
7	120590803	120617270	ENSG00000071243	ING3
12	133707161	133736051	ENSG00000256223	ZNF10
4	30008573	30009938	ENSG00000248281	RP11-174E22.2
9	71151496	71155783	ENSG00000181778	TMEM252
HSCHR18_1_CTG2_1	76304096	76304188	ENSG00000262104	Y_RNA
HSCHR6_MHC_MANN	31646291	31659974	ENSG00000228760	BAG6
4	30777879	30795592	ENSG00000249678	RP11-619J20.1
X	100645812	100651105	ENSG00000241343	RPL36A
13	96743093	97485671	ENSG00000185352	HS6ST3
1	28177085	28177255	ENSG00000268552	AL109927.1
4	30886065	30886804	ENSG00000250624	RP11-93M12.1
HSCHR6_MHC_COX	32838712	32860827	ENSG00000243719	HLA-DMA
10	105348285	105615301	ENSG00000107957	SH3PXD2A
18	77275812	77276057	ENSG00000269679	AC018445.1
9	139654086	139660707	ENSG00000177984	LCN15
17	74270130	74303761	ENSG00000129646	QRICH2
19	35715703	35719632	ENSG00000177558	FAM187B
4	83550692	83720010	ENSG00000145284	SCD5
13	97637973	97646984	ENSG00000165621	OXGR1
5	148724993	148734146	ENSG00000164284	GRPEL2
8	145618444	145634753	ENSG00000071894	CPSF1
18	8336437	8337038	ENSG00000268046	AP001094.1
8	6565878	6617184	ENSG00000155189	AGPAT5
7	152456834	152552463	ENSG00000133627	ACTR3B
5	171621176	171630456	ENSG00000214360	EFCAB9
15	74032141	74045088	ENSG00000205363	C15orf59
HSCHR6_MHC_DBB	31611188	31616243	ENSG00000233210	GPANK1
1	70820488	70851022	ENSG00000197568	HHLA3
12	10851683	10875911	ENSG00000060138	YBX3
18	8609443	8639379	ENSG00000206418	RAB12
14	45393522	45511525	ENSG00000179454	KLHL28
9	139685807	139687709	ENSG00000244187	TMEM141
6	43149913	43192325	ENSG00000112659	CUL9
5	171636644	171711075	ENSG00000168246	UBTD2
1	28199055	28213196	ENSG00000130775	THEMIS2
22	39915700	39918691	ENSG00000128272	ATF4
14	23235731	23241007	ENSG00000155463	OXA1L
6	84562985	84567234	ENSG00000203877	RIPPLY2
18	77439801	77514510	ENSG00000060069	CTDP1
X	131760044	132095423	ENSG00000171004	HS6ST2
5	1201710	1225232	ENSG00000174358	SLC6A19
16	4404543	4475706	ENSG00000262246	CORO7
9	139685831	139695047	ENSG00000272896	RP11-216L13.17
9	71320575	71624092	ENSG00000107242	PIP5K1B
8	52730140	52811735	ENSG00000168300	PCMTD1
HSCHR6_MHC_QBL	31821363	31837218	ENSG00000206378	SLC44A4
15	74165949	74181555	ENSG00000167139	TBC1D21
3	121554030	121605373	ENSG00000145088	EAF2
HSCHR6_MHC_MCF	28730486	28730593	ENSG00000272998	AL662890.9
1	228337553	228347527	ENSG00000198835	GJC2
10	48001603	48055018	ENSG00000072444	ASAH2C
8	6728097	6735544	ENSG00000164825	DEFB1
5	171752185	171881527	ENSG00000174705	SH3PXD2B
1	228351787	228353213	ENSG00000203684	IBA57-AS1
13	97873688	98046374	ENSG00000139793	MBNL2
8	6782215	6783598	ENSG00000164822	DEFA6
HSCHR6_MHC_MCF	28870945	28891932	ENSG00000233948	TRIM27
1	228353516	228369958	ENSG00000181873	IBA57
17	56429861	56494956	ENSG00000108375	RNF43
HSCHR17_1	44835770	44898747	ENSG00000258003	AC139677.7
9	139690802	139702193	ENSG00000213213	CCDC183
8	6793344	6795860	ENSG00000164821	DEFA4
19	50162826	50169132	ENSG00000126456	IRF3
17	79981178	79989027	ENSG00000169683	LRRC45
2	220040947	220050201	ENSG00000144567	FAM134A
HSCHR17_1	44907918	44922890	ENSG00000257377	AC217775.1
HSCHR17_1	44934644	44939509	ENSG00000258049	AC217775.2
8	6835171	6837602	ENSG00000206047	DEFA1
15	74218330	74244478	ENSG00000129038	LOXL1
X	100645999	100667285	ENSG00000257529	RPL36A-HNRNPH2
19	35739233	35758867	ENSG00000105699	LSR
HG883_PATCH	26800312	26824800	ENSG00000262654	SLC13A2
HSCHR17_1	45030984	45041395	ENSG00000257939	AC019319.1
1	228391207	228401365	ENSG00000162913	C1orf145
HSCHR17_1	43404731	43404862	ENSG00000266791	5S_rRNA
10	97365696	97416463	ENSG00000059573	ALDH18A1
HSCHR17_1	43494180	43494273	ENSG00000265036	AC217778.3
11	118303836	118305921	ENSG00000255384	RP11-770J1.4
HSCHR17_1	43547829	43548118	ENSG00000264068	Metazoa_SRP
17	62006100	62009714	ENSG00000007312	CD79B
HSCHR17_1	43600420	43600700	ENSG00000265958	Metazoa_SRP
HSCHR17_1	43774683	43774961	ENSG00000258322	AC138688.6
8	6854288	6875778	ENSG00000240247	DEFA1B
17	5019733	5078329	ENSG00000129204	USP6
1	70876901	70905534	ENSG00000116761	CTH
HSCHR17_1	43818325	43818617	ENSG00000264593	Metazoa_SRP
HSCHR17_1	43912820	43913891	ENSG00000257873	AC127032.3
HSCHR6_MHC_DBB	31612912	31644296	ENSG00000258166	CR753842.1
HSCHR17_1	43918344	43918413	ENSG00000265025	AC127032.6
17	40976402	40995774	ENSG00000131467	PSME3
HSCHR17_1	43956274	43956914	ENSG00000257775	AC127032.2
22	39925098	39928860	ENSG00000187051	RPS19BP1
HSCHR17_1	43958570	43958671	ENSG00000264709	Y_RNA
8	6873391	6875823	ENSG00000239839	DEFA3
3	121612936	121662949	ENSG00000163406	SLC15A2
14	45431411	45543634	ENSG00000198718	FAM179B
4	31172766	31213297	ENSG00000251182	RP11-617I14.1
3	52435029	52444366	ENSG00000163930	BAP1
9	71394964	71398609	ENSG00000187866	FAM122A
4	31351906	31353347	ENSG00000251434	RP11-315A17.1
21	47063608	47362368	ENSG00000183570	PCBP3
4	31508288	31560443	ENSG00000249882	RP11-665I14.1
8	6912831	6914256	ENSG00000164816	DEFA5
4	31999019	32157028	ENSG00000251129	RP11-734I18.1
15	45694529	45713617	ENSG00000171763	SPATA5L1
2	234216462	234255701	ENSG00000130561	SAG
2	85788685	85809154	ENSG00000118640	VAMP8
4	32352660	32354842	ENSG00000251329	RP11-240A16.1
9	71627469	71629039	ENSG00000165059	PRKACG
19	11309971	11373157	ENSG00000130158	DOCK6
13	98086476	98121382	ENSG00000125249	RAP2A
4	33012570	33013368	ENSG00000250076	RP11-141P6.1
4	2626988	2734292	ENSG00000125386	FAM193A
8	7213039	7243080	ENSG00000215372	ZNF705G
4	33239861	33240292	ENSG00000249452	RP11-638O6.1
4	33402160	33402301	ENSG00000249766	RP11-802H3.1
4	33435132	33439499	ENSG00000248417	RP11-802H3.2
HSCHR6_MHC_DBB	31615195	31620303	ENSG00000230700	CSNK2B
4	33538366	33538464	ENSG00000265035	AC079772.1
4	33777969	34041515	ENSG00000250954	RP11-79E3.3
X	35074448	35074575	ENSG00000222864	AL596268.1
5	72848160	72861511	ENSG00000164331	ANKRA2
8	7272382	7274385	ENSG00000177257	DEFB4B
9	71650175	71715094	ENSG00000165060	FXN
4	33786557	33786615	ENSG00000251755	RNU7-131P
X	35077044	35078091	ENSG00000229347	RP11-504E21.1
5	148737570	148749216	ENSG00000145882	PCYOX1L
4	33852213	33981558	ENSG00000250723	RP11-79E3.2
X	35612290	35612390	ENSG00000252411	RNU6-1087P
3	148508889	148577974	ENSG00000153002	CPB1
8	7286410	7287870	ENSG00000177243	DEFB103B
X	35644247	35645181	ENSG00000230227	SIAH1P1
10	59951278	60027694	ENSG00000151151	IPMK
X	35729028	35730059	ENSG00000233663	RP11-497J7.1
4	33969796	33970148	ENSG00000239983	RP11-79E3.1
X	35759717	35762699	ENSG00000271088	RP11-497J7.4
20	25275379	25371619	ENSG00000100997	ABHD12
4	34122516	34271369	ENSG00000248685	RP11-548L20.1
X	35779616	35780596	ENSG00000233880	RP11-497J7.2
X	35882975	35887748	ENSG00000271519	RP11-307A17.2
5	1225470	1246304	ENSG00000164363	SLC6A18
4	34388376	34388459	ENSG00000263814	AC093786.1
X	36040056	36040162	ENSG00000206733	RNU6-641P
X	36229213	36229752	ENSG00000229384	HMGB1P16
4	34659228	34671054	ENSG00000250597	RP11-725M22.1
12	121078355	121105127	ENSG00000157782	CABP1
X	36383741	36458375	ENSG00000226484	RP11-87M18.2
7	7676149	7758238	ENSG00000106399	RPA3
18	77623668	77660184	ENSG00000178342	KCNG2
4	34967863	34967966	ENSG00000238694	snoU13
X	36392908	36393298	ENSG00000233921	RPS15AP40
10	29833933	29834026	ENSG00000207612	MIR604
4	35489434	35491372	ENSG00000250416	SEC63P2
X	36595470	36595565	ENSG00000221729	AL590285.1
10	29864235	29864310	ENSG00000212411	SNORD115
4	35497520	35497625	ENSG00000206665	RNU6-573P
X	36737991	36738294	ENSG00000249467	RP11-492O8.1
10	29891193	29891275	ENSG00000216035	MIR938
4	36066682	36067348	ENSG00000248466	RP11-640B6.1
X	36975986	36976212	ENSG00000235510	BX842568.1
10	29986832	29987157	ENSG00000225976	RP11-192N10.2
X	36980269	36981498	ENSG00000223723	BX842568.2
4	36245738	36275842	ENSG00000247193	RP11-431M7.3
17	56497528	56565745	ENSG00000176160	HSF5
8	7300206	7321196	ENSG00000164871	SPAG11B
X	37003596	37004166	ENSG00000231069	BX842568.4
10	30000844	30000937	ENSG00000222092	RNU6-908P
10	30179961	30180396	ENSG00000237936	RP11-224P11.1
4	36312812	36394032	ENSG00000251438	RP11-431M7.2
X	37061096	37061650	ENSG00000243048	FTH1P18
10	30588498	30588602	ENSG00000200887	RNU6-598P
4	36498159	36643522	ENSG00000248215	RP11-722M1.1
10	30590752	30591001	ENSG00000230125	EEF1A1P39
X	37095924	37096474	ENSG00000214071	RP11-31H15.2
4	36507665	36510491	ENSG00000251588	RP11-698E18.1
X	37150420	37151479	ENSG00000233810	MOB1AP2
4	37003438	37022330	ENSG00000261761	RP11-103J17.2
2	85811531	85820535	ENSG00000168899	VAMP5
6	84569362	84677143	ENSG00000065615	CYB5R4
10	30591755	30594995	ENSG00000259994	RP11-305E6.4
4	37080199	37127046	ENSG00000247810	RP11-103J17.1
10	30642635	30646294	ENSG00000250833	DNM1P17
9	139702374	139735639	ENSG00000196642	RABL6
18	77662420	77711664	ENSG00000122490	PQLC1
4	37243532	37243613	ENSG00000264319	MIR4801
3	46742823	46752376	ENSG00000181585	TMIE
4	37589709	37590497	ENSG00000248936	RP11-36B15.1
5	44303646	44389808	ENSG00000070193	FGF10
4	37701517	37701624	ENSG00000207075	Y_RNA
HSCHR17_1	44046140	44046195	ENSG00000266414	U7
HSCHR17_1	44153192	44153384	ENSG00000257348	AC217779.1
HSCHR17_1	44449947	44450193	ENSG00000257565	AC217770.1
11	71713910	71791739	ENSG00000137497	NUMA1
HSCHR17_1	44499892	44500132	ENSG00000257889	AC225613.6
HSCHR17_1	44544030	44544362	ENSG00000257311	AC225613.2
5	172036245	172036436	ENSG00000268553	AC027309.1
HSCHR17_1	44560986	44561298	ENSG00000257305	AC225613.1
HSCHR17_1	44588766	44589837	ENSG00000257468	AC225613.3
X	48687283	48688548	ENSG00000187682	ERAS
10	48189612	48237508	ENSG00000198035	AGAP9
HSCHR17_1	44811786	44811978	ENSG00000257537	AC139677.3
16	72816784	73093597	ENSG00000140836	ZFHX3
HSCHR17_1	44856602	44856882	ENSG00000265274	Metazoa_SRP
5	172068269	172118543	ENSG00000214357	NEURL1B
2	196998290	197041227	ENSG00000081320	STK17B
X	48689504	48694035	ENSG00000102109	PCSK1N
7	44836279	44864163	ENSG00000196262	PPIA
1	71318036	71513491	ENSG00000050628	PTGER3
10	48247669	48252143	ENSG00000197910	FAM25G
8	7327830	7332604	ENSG00000177023	DEFB104B
5	172195093	172198198	ENSG00000120129	DUSP1
7	100277130	100287071	ENSG00000146830	GIGYF1
5	148750887	148783765	ENSG00000127743	IL17B
7	87133175	87342611	ENSG00000085563	ABCB1
HSCHR6_MHC_SSTO	28730511	28730618	ENSG00000257153	BX088523.1
6	30026676	30032686	ENSG00000066379	ZNRD1
8	7340026	7343922	ENSG00000187082	DEFB106B
11	118307205	118397539	ENSG00000118058	KMT2A
16	73160536	73178346	ENSG00000197445	C16orf47
2	161993419	162092732	ENSG00000136560	TANK
1	153940010	153946839	ENSG00000143578	CREB3L4
16	46740891	46824319	ENSG00000140795	MYLK3
8	7345191	7347115	ENSG00000186599	DEFB105B
15	45722727	45740959	ENSG00000166920	C15orf48
HG883_PATCH	26833262	26865915	ENSG00000264253	FOXN1
17	28804380	28854610	ENSG00000108587	GOSR1
2	208445355	208490652	ENSG00000144401	METTL21A
HG883_PATCH	26674233	26684545	ENSG00000262464	POLDIP2
12	123319000	123347507	ENSG00000130787	HIP1R
HG883_PATCH	26684670	26708716	ENSG00000262091	CTB-96E2.3
14	102605840	102691184	ENSG00000140153	WDR20
16	74330673	74340186	ENSG00000103035	PSMD7
12	133707570	133783698	ENSG00000090612	ZNF268
11	26210829	26684835	ENSG00000134343	ANO3
8	22941868	22974950	ENSG00000173535	TNFRSF10C
HSCHR6_MHC_SSTO	28870844	28891821	ENSG00000229006	TRIM27
10	30653339	30663315	ENSG00000241621	GOLGA2P6
15	74275547	74286963	ENSG00000067221	STOML1
9	139738867	139741797	ENSG00000232434	C9orf172
15	45771809	45815005	ENSG00000104154	SLC30A4
5	172261278	172379688	ENSG00000113719	ERGIC1
X	48750730	48755426	ENSG00000126768	TIMM17B
10	30653996	30654077	ENSG00000220997	AL161651.1
9	139743176	139745488	ENSG00000054148	PHPT1
18	8705659	8832776	ENSG00000168502	SOGA2
10	30654962	30655247	ENSG00000239625	RN7SL241P
10	30669103	30669991	ENSG00000214434	NIFKP1
10	30672329	30672551	ENSG00000235679	RP11-449I17.9
10	48255253	48279200	ENSG00000165390	ANXA8
17	38781214	38804760	ENSG00000073584	SMARCE1
10	30692126	30692705	ENSG00000224473	RP11-449I17.5
HSCHR6_MHC_DBB	31616062	31622410	ENSG00000258589	CSNK2B-LY6G5B-1181
14	45553302	45585485	ENSG00000185246	PRPF39
16	46830519	46865323	ENSG00000155330	C16orf87
10	30806545	30807790	ENSG00000213778	HNRNPA1P32
HSCHR6_MHC_DBB	31620339	31623736	ENSG00000244672	LY6G5B
2	220059959	220074373	ENSG00000158552	ZFAND2B
10	30842783	30843412	ENSG00000228800	RP11-253D19.1
8	22993101	23021543	ENSG00000173530	TNFRSF10D
18	77724561	77730822	ENSG00000226742	HSBP1L1
10	30844532	30844833	ENSG00000239744	RN7SL63P
10	30865628	30869111	ENSG00000230298	RP11-253D19.2
10	30944418	30946464	ENSG00000230998	RP11-14C22.3
17	74305567	74380602	ENSG00000161542	PRPSAP1
10	30960495	31006195	ENSG00000234814	SVILP1
16	4421849	4433529	ENSG00000168140	VASN
1	71528974	71546980	ENSG00000132485	ZRANB2
HSCHR6_MHC_SSTO	28911713	28912373	ENSG00000233566	C6orf100
10	105642300	105677963	ENSG00000107960	OBFC1
8	7353368	7366833	ENSG00000198129	DEFB107B
22	39966758	40085742	ENSG00000100346	CACNA1I
18	77732867	77793949	ENSG00000141759	TXNL4A
9	139745395	139755249	ENSG00000177943	MAMDC4
HSCHR6_MHC_SSTO	28962690	28973114	ENSG00000233831	ZNF311
3	187416047	187420345	ENSG00000198471	RTP2
8	7397150	7399972	ENSG00000255251	PRR23D1
8	23047965	23082639	ENSG00000104689	TNFRSF10A
16	46918290	46965209	ENSG00000166123	GPT2
19	35759881	35770724	ENSG00000105698	USF2
8	7636113	7638935	ENSG00000255378	PRR23D2
13	98605912	98676551	ENSG00000065150	IPO5
8	7669242	7673238	ENSG00000186572	DEFB107A
20	25388363	25433264	ENSG00000101003	GINS1
11	26580580	26593780	ENSG00000169550	MUC15
3	187420101	187451637	ENSG00000228804	RP11-211G3.3
8	7679488	7681411	ENSG00000186562	DEFB105A
12	58013310	58019934	ENSG00000135502	SLC26A10
HSCHR6_MHC_SSTO	29012010	29013037	ENSG00000227639	OR2W1
HSCHR6_MHC_SSTO	29054011	29055116	ENSG00000226832	OR2B3
8	7682694	7686575	ENSG00000186579	DEFB106A
6	112375275	112392171	ENSG00000112761	WISP3
HSCHR6_MHC_SSTO	29079695	29080630	ENSG00000233618	OR2J3
8	7693993	7698764	ENSG00000176782	DEFB104A
HSCHR6_MHC_SSTO	29141342	29142382	ENSG00000226000	OR2J2
9	71736209	71870124	ENSG00000119139	TJP2
7	120628731	120937498	ENSG00000106034	CPED1
17	79989500	79992080	ENSG00000169750	RAC3
HSCHR6_MHC_SSTO	29274499	29275615	ENSG00000234195	OR14J1
18	9102628	9134343	ENSG00000178127	NDUFV2
6	3224495	3231964	ENSG00000137285	TUBB2B
3	46753605	46854064	ENSG00000206549	PRSS50
14	89078775	89259096	ENSG00000165521	EML5
HSCHR6_MHC_SSTO	29323121	29399418	ENSG00000227137	OR5V1
16	4475806	4506776	ENSG00000103423	DNAJA3
3	46761073	46777919	ENSG00000261603	PRSS46
HG883_PATCH	26687677	26687757	ENSG00000263411	MIR4723
2	197059094	197458416	ENSG00000138411	HECW2
HG883_PATCH	26688623	26689881	ENSG00000265756	CTB-96E2.7
HSCHR6_MHC_SSTO	29340988	29417550	ENSG00000250364	OR12D3
9	139756571	139760738	ENSG00000107223	EDF1
11	26688566	26744974	ENSG00000148942	SLC5A12
5	44809027	44820530	ENSG00000112996	MRPS30
HG883_PATCH	26729129	26731068	ENSG00000266062	CTD-2350C19.1
19	11348178	11352619	ENSG00000130173	C19orf80
HG883_PATCH	26732259	26733815	ENSG00000266234	CTD-2350C19.2
8	7705398	7726389	ENSG00000178287	SPAG11A
HG883_PATCH	26743941	26744511	ENSG00000266080	H3F3BP2
HSCHR6_MHC_SSTO	29364084	29365116	ENSG00000225247	OR12D2
3	46783582	46854048	ENSG00000188086	PRSS45
8	23101150	23119512	ENSG00000147457	CHMP7
HSCHR6_MHC_SSTO	29384748	29408405	ENSG00000235441	OR10C1
1	71861623	72748417	ENSG00000172260	NEGR1
3	20202085	20227784	ENSG00000129810	SGOL1
1	3805689	3816857	ENSG00000198912	C1orf174
15	45879321	45908197	ENSG00000104164	BLOC1S6
3	148583043	148614983	ENSG00000163751	CPA3
HSCHR6_MHC_QBL	31837931	31855870	ENSG00000206376	EHMT2
3	46871032	46875585	ENSG00000178055	PRSS42
HSCHR6_MHC_SSTO	29392955	29424524	ENSG00000223898	OR11A1
1	28218035	28241257	ENSG00000117748	RPA2
21	47183565	47190005	ENSG00000267883	PRED60
17	56566898	56595266	ENSG00000108389	MTMR4
21	47347679	47352477	ENSG00000268040	PRED62
16	74411776	74425978	ENSG00000196436	NPIPB15
5	148871760	148931007	ENSG00000113712	CSNK1A1
11	27015628	27018630	ENSG00000176971	FIBIN
1	4714792	4852594	ENSG00000196581	AJAP1
3	187439165	187463515	ENSG00000113916	BCL6
3	46899362	46923659	ENSG00000160808	MYL3
2	128403439	128410213	ENSG00000144230	GPR17
HSCHR6_MHC_SSTO	29424634	29431781	ENSG00000229408	OR2H1
5	72861268	72877794	ENSG00000164338	UTP15
12	10954131	10955226	ENSG00000121377	TAS2R7
12	10958650	10959892	ENSG00000121314	TAS2R8
12	10961693	10962767	ENSG00000121381	TAS2R9
16	74442529	74455368	ENSG00000140839	CLEC18B
11	27062272	27149356	ENSG00000129151	BBOX1
19	11406824	11437672	ENSG00000130167	TSPAN16
9	139776364	139821059	ENSG00000127191	TRAF2
21	47401651	47424964	ENSG00000142156	COL6A1
5	137946656	138270723	ENSG00000044115	CTNNA1
1	74491699	74663871	ENSG00000162620	LRRIQ3
HSCHR6_MHC_MANN	31659685	31665479	ENSG00000231974	APOM
5	45259349	45696253	ENSG00000164588	HCN1
1	228395831	228566577	ENSG00000154358	OBSCN
12	10977559	11324212	ENSG00000111215	PRR4
HSCHR6_MHC_COX	32858771	32871622	ENSG00000234507	BRD2
HSCHR6_MHC_MCF	28911820	28912480	ENSG00000237313	C6orf100
7	44866390	44887682	ENSG00000105968	H2AFV
10	60028818	60049346	ENSG00000122873	CISD1
HSCHR6_MHC_MCF	29012143	29013170	ENSG00000228977	OR2W1
18	77794346	77854968	ENSG00000267127	RP11-795F19.5
HSCHR6_MHC_MCF	29054126	29055231	ENSG00000233687	OR2B3
HSCHR6_MHC_SSTO	29454148	29455412	ENSG00000237284	MAS1L
16	46989299	47007699	ENSG00000069345	DNAJA2
HSCHR6_MHC_MCF	29068534	29069806	ENSG00000226931	OR2J1
X	54959394	55024967	ENSG00000158571	PFKFB1
HSCHR6_MHC_MCF	29079818	29080591	ENSG00000230855	OR2J3
HSCHR6_MHC_MCF	29141459	29142499	ENSG00000196231	OR2J2
6	30034486	30038110	ENSG00000204619	PPP1R11
2	234263153	234380750	ENSG00000077044	DGKD
HSCHR6_MHC_MCF	29274637	29275753	ENSG00000112459	OR14J1
19	50168823	50177173	ENSG00000126453	BCL2L12
1	28261504	28285668	ENSG00000130768	SMPDL3B
HSCHR6_MHC_MCF	29323244	29399524	ENSG00000112461	OR5V1
2	85822848	85824736	ENSG00000168894	RNF181
7	153584182	154685995	ENSG00000130226	DPP6
HSCHR6_MHC_MCF	29341124	29417657	ENSG00000204692	OR12D3
1	5922871	6052533	ENSG00000131697	NPHP4
X	48755195	48760420	ENSG00000102103	PQBP1
1	153946745	153950164	ENSG00000143543	JTB
HSCHR6_MHC_MCF	29364201	29365233	ENSG00000204690	OR12D2
9	71869331	71869642	ENSG00000269295	AL358113.1
5	1253262	1295184	ENSG00000164362	TERT
1	74663896	74699770	ENSG00000254685	FPGT
16	4511681	4545764	ENSG00000153406	NMRAL1
HSCHR6_MHC_MCF	29384851	29408511	ENSG00000204689	OR10C1
HSCHR5_1_CTG1	68898377	68954986	ENSG00000263062	NAIP
3	52444673	52457657	ENSG00000010318	PHF7
19	11432722	11456946	ENSG00000105514	RAB3D
4	123073488	123283913	ENSG00000138688	KIAA1109
5	123972608	124084500	ENSG00000168916	ZNF608
10	60094735	60130513	ENSG00000072401	UBE2D1
9	139834887	139839148	ENSG00000159069	FBXW5
HG348_PATCH	94695787	94706777	ENSG00000261974	CWC15
7	7680342	8043689	ENSG00000219545	RPA3-AS1
HSCHR6_MHC_MCF	29393060	29424633	ENSG00000206472	OR11A1
HG883_PATCH	26771082	26772582	ENSG00000265447	CTD-2350C19.5
9	71939488	72007371	ENSG00000135063	FAM189A2
15	74287014	74340153	ENSG00000140464	PML
HG883_PATCH	26794841	26795425	ENSG00000263266	RPS7P1
11	27352374	27385415	ENSG00000109881	CCDC34
18	77794358	77806397	ENSG00000101546	RBFA
12	121124672	121139667	ENSG00000110917	MLEC
HSCHR6_MHC_MCF	29424743	29431890	ENSG00000206471	OR2H1
2	128458596	128568761	ENSG00000136709	WDR33
12	40787197	40964632	ENSG00000205592	MUC19
7	8008425	8133902	ENSG00000106415	GLCCI1
11	118398187	118401912	ENSG00000172425	TTC36
4	2743375	2758103	ENSG00000168884	TNIP2
6	84743475	84800600	ENSG00000135324	MRAP2
HSCHR6_MHC_SSTO	29624456	29639844	ENSG00000236561	MOG
HSCHR6_MHC_MCF	29454259	29455523	ENSG00000206470	MAS1L
19	11453452	11457194	ENSG00000105518	TMEM205
3	46919236	46945287	ENSG00000160801	PTH1R
2	74641304	74648718	ENSG00000159239	C2orf81
9	72042446	72287222	ENSG00000107282	APBA1
18	9136226	9285983	ENSG00000101745	ANKRD12
16	74485856	74641012	ENSG00000090863	GLG1
15	45879549	45968512	ENSG00000260170	RP11-96O20.4
9	139839698	139841426	ENSG00000176919	C8G
12	121148238	121161443	ENSG00000175970	UNC119B
2	85825671	85830319	ENSG00000168890	TMEM150A
4	37822983	37823460	ENSG00000239532	RP11-9D8.1
4	37869913	37871599	ENSG00000249863	RP11-177C12.1
4	37962056	37962665	ENSG00000227325	AC021106.1
11	27387508	27494322	ENSG00000205213	LGR4
1	74663919	75009666	ENSG00000259030	FPGT-TNNI3K
4	37997115	37997824	ENSG00000251332	RP11-177C12.4
12	51785101	51902980	ENSG00000050438	SLC4A8
4	38008405	38008726	ENSG00000249649	MRPS33P2
4	38240234	38240317	ENSG00000221495	AC098680.1
18	77866915	77905406	ENSG00000101544	ADNP2
4	38288615	38289112	ENSG00000251642	RP11-600L4.1
HG348_PATCH	94706846	94732679	ENSG00000261946	KDM4D
4	38368535	38387380	ENSG00000248227	RP11-83C7.1
14	69517598	69619867	ENSG00000139990	DCAF5
6	31949801	31970458	ENSG00000244731	C4A
13	98794816	99102027	ENSG00000152767	FARP1
4	38422283	38524801	ENSG00000249534	RP11-83C7.2
6	84833960	84937353	ENSG00000135315	KIAA1009
4	38511388	38519677	ENSG00000249667	RP11-213G21.1
HG348_PATCH	94758423	94760761	ENSG00000262258	KDM4E
4	38565624	38572292	ENSG00000251635	RP11-213G21.2
HG348_PATCH	94607217	94658686	ENSG00000262340	RP11-856F16.2
2	99215773	99224978	ENSG00000183513	COA5
HSCHR6_MHC_DBB	31626644	31634001	ENSG00000226404	LY6G5C
4	38614322	38666504	ENSG00000231160	RP11-617D20.1
8	7738726	7740186	ENSG00000176797	DEFB103A
12	103981051	104160505	ENSG00000136011	STAB2
9	72324438	72374875	ENSG00000188647	PTAR1
2	74648805	74652882	ENSG00000005448	WDR54
9	139844003	139849949	ENSG00000184925	LCN12
8	7752151	7754233	ENSG00000171711	DEFB4A
2	10182976	10194963	ENSG00000172059	KLF11
16	47111614	47177908	ENSG00000171208	NETO2
16	4524691	4560348	ENSG00000103415	HMOX2
8	7783859	7812271	ENSG00000215356	ZNF705B
5	172385732	172396774	ENSG00000037241	RPL26L1
2	99225042	99234978	ENSG00000115446	UNC50
8	23127633	23153792	ENSG00000104679	R3HCC1
12	10977916	10978957	ENSG00000121318	TAS2R10
8	8046158	8046331	ENSG00000268955	LRLE1
18	9334765	9402418	ENSG00000128791	TWSG1
15	45923346	45983492	ENSG00000137767	SQRDL
12	11033610	11036854	ENSG00000231887	PRH1
14	45584803	45604522	ENSG00000100442	FKBP3
12	11060525	11062161	ENSG00000212128	TAS2R13
9	72435709	72521148	ENSG00000204711	C9orf135
9	139863695	139866442	ENSG00000198454	C9orf141
8	8175258	8244008	ENSG00000182319	SGK223
2	208576264	208626563	ENSG00000163249	CCNYL1
12	11081835	11084940	ENSG00000134551	PRH2
1	153954127	153958834	ENSG00000143545	RAB13
5	49692026	49739082	ENSG00000170571	EMB
8	8559448	8561616	ENSG00000253958	CLDN23
7	44915896	44924960	ENSG00000146676	PURB
18	9475007	9538114	ENSG00000017797	RALBP1
3	52467069	52479101	ENSG00000010319	SEMA3G
8	8640864	8751155	ENSG00000147324	MFHAS1
4	41361624	41702061	ENSG00000064042	LIMCH1
11	118401756	118417995	ENSG00000149582	TMEM25
7	8152814	8302317	ENSG00000003147	ICA1
12	121163538	121177811	ENSG00000122971	ACADS
3	148709128	148745419	ENSG00000163754	GYG1
7	100303676	100305118	ENSG00000172336	POP7
1	74663947	75010112	ENSG00000116783	TNNI3K
HSCHR6_MHC_MANN	31665567	31668042	ENSG00000228177	C6orf47
6	112391980	112408732	ENSG00000074935	TUBE1
9	139871956	139879887	ENSG00000107317	PTGDS
10	74927924	75004262	ENSG00000138286	FAM149B1
9	72658497	72841886	ENSG00000165072	MAMDC2
19	35771619	35776046	ENSG00000105697	HAMP
7	100318423	100321323	ENSG00000130427	EPO
HG348_PATCH	94646212	94646931	ENSG00000261844	ST13P11
19	50179043	50192286	ENSG00000126457	PRMT1
HG348_PATCH	94745023	94745697	ENSG00000263346	RP11-60C6.9
12	11090005	11324172	ENSG00000212127	TAS2R14
HG348_PATCH	94770647	94771621	ENSG00000262799	RP11-735A19.3
HG348_PATCH	94773581	94774736	ENSG00000263291	RP11-735A19.5
HG348_PATCH	94782587	94784110	ENSG00000261874	RP11-735A19.2
3	183903811	183911800	ENSG00000161204	ABCF3
19	11455360	11465620	ENSG00000183401	CCDC159
1	228581374	228594541	ENSG00000154370	TRIM11
13	98828039	98829519	ENSG00000139797	RNF113B
20	25433341	25566153	ENSG00000101004	NINL
HG348_PATCH	94800157	94801323	ENSG00000263465	RP11-735A19.4
7	45002261	45018697	ENSG00000136286	MYO1G
8	8859657	8974256	ENSG00000104626	ERI1
12	11138512	11139511	ENSG00000212126	TAS2R50
6	56819773	56892140	ENSG00000151917	BEND6
12	11149094	11150474	ENSG00000255837	TAS2R20
18	77905807	77936315	ENSG00000267270	AC139100.2
HSCHR6_MHC_MANN	31668499	31673553	ENSG00000223932	GPANK1
12	11174218	11175219	ENSG00000212124	TAS2R19
X	55026790	55035490	ENSG00000169188	APEX2
11	71791382	71821828	ENSG00000184154	LRTOMT
12	11182986	11184006	ENSG00000256436	TAS2R31
12	11187087	11187275	ENSG00000268301	AC018630.1
12	11213964	11214893	ENSG00000226761	TAS2R46
HSCHR5_1_CTG1	68969494	68998376	ENSG00000262170	SMN2
12	11243886	11244912	ENSG00000255374	TAS2R43
12	11285557	11287243	ENSG00000256188	TAS2R30
18	77915115	78005429	ENSG00000178184	PARD6G
9	139876356	139880862	ENSG00000214402	LCNL1
12	11338599	11339543	ENSG00000186136	TAS2R42
16	4560676	4588829	ENSG00000089486	CDIP1
12	121200313	121342174	ENSG00000157837	SPPL3
10	97423158	97453900	ENSG00000119977	TCTN3
18	11103	15928	ENSG00000262352	AP005530.1
18	14195	16898	ENSG00000263305	AP005530.2
19	35783028	35804707	ENSG00000105695	MAG
18	45004	45556	ENSG00000262181	RP11-683L23.2
9	139886870	139888436	ENSG00000148362	C9orf142
18	80140	88570	ENSG00000262081	IL9RP4
5	172410760	172462448	ENSG00000113732	ATP6V0E1
9	72873937	72969804	ENSG00000198887	SMC5
HSCHR6_MHC_MANN	31670223	31701614	ENSG00000257421	CR354443.1
18	109065	122219	ENSG00000263006	ROCK1P1
18	268148	270278	ENSG00000263884	RP11-705O1.8
5	148931510	149014531	ENSG00000183111	ARHGEF37
18	316737	319165	ENSG00000264514	RP11-720L2.4
18	316740	317366	ENSG00000264433	RP11-720L2.3
1	228595641	228604562	ENSG00000162931	TRIM17
17	62015914	62050278	ENSG00000007314	SCN4A
13	99102455	99230194	ENSG00000102572	STK24
20	25593571	25604811	ENSG00000170191	NANP
18	423744	424416	ENSG00000265477	RP11-720L2.2
15	47425693	47426320	ENSG00000259752	FKSG62
3	78646390	79816965	ENSG00000169855	ROBO1
18	508568	515294	ENSG00000264265	RP11-14P20.1
9	139889087	139891255	ENSG00000169583	CLIC3
1	74935562	74978298	ENSG00000162621	LRRC53
14	69658228	69709075	ENSG00000081177	EXD2
21	47518011	47552763	ENSG00000142173	COL6A2
10	48255279	48279199	ENSG00000215020	AL591684.1
HSCHR6_MHC_MANN	31672506	31677613	ENSG00000232960	CSNK2B
17	10583654	10601692	ENSG00000133028	SCO1
20	25654851	25677477	ENSG00000130684	ZNF337
16	4606491	4650715	ENSG00000205832	C16orf96
11	27516123	27528320	ENSG00000148943	LIN7C
12	58017193	58027138	ENSG00000135454	B4GALNT1
5	172483355	172566291	ENSG00000164463	CREBRF
X	37300776	37301321	ENSG00000241607	RP11-357K9.2
10	48355024	48373866	ENSG00000165388	ZNF488
X	37351274	37351801	ENSG00000219186	FTH1P19
1	75033795	75139422	ENSG00000178965	C1orf173
X	37364563	37365113	ENSG00000234355	FTH1P27
9	72999503	73029540	ENSG00000119138	KLF9
X	37400330	37404515	ENSG00000174678	FAM47DP
1	28285973	28294607	ENSG00000158156	XKR8
X	37729362	37729468	ENSG00000206983	RNU6-49P
HSCHR6_MHC_DBB	31636901	31653368	ENSG00000231488	ABHD16A
X	37765400	37808658	ENSG00000259977	AL121578.2
17	56597611	56618179	ENSG00000108387	SEPT4
1	228612546	228613026	ENSG00000168148	HIST3H3
X	37805137	37806028	ENSG00000224339	AL121578.5
20	25744102	25848861	ENSG00000175170	FAM182B
16	47188298	47498060	ENSG00000129636	ITFG1
X	37853597	37854043	ENSG00000229674	AL121578.7
1	228645065	228645560	ENSG00000181218	HIST3H2A
16	4658884	4665028	ENSG00000153443	UBALD1
X	37883148	37883239	ENSG00000221466	MIR548AJ2
X	38080644	38082920	ENSG00000226679	RP13-43E11.1
6	30038043	30043664	ENSG00000204618	RNF39
X	38167365	38167494	ENSG00000252050	SNORA31
X	38254622	38255148	ENSG00000227988	TDGF1P1
HSCHR6_MHC_MCF	29523204	29600766	ENSG00000206466	GABBR1
1	228645808	228646259	ENSG00000196890	HIST3H2BB
17	10600911	10614550	ENSG00000170222	ADPRM
X	38338468	38339166	ENSG00000232370	AF241726.2
4	2794750	2842825	ENSG00000087266	SH3BP2
X	38344005	38344517	ENSG00000229735	FTLP16
12	11418857	11422739	ENSG00000197870	PRB3
X	38391176	38393427	ENSG00000233007	AF241726.4
HSCHR6_MHC_COX	32894248	32899682	ENSG00000232962	HLA-DOA
X	38467468	38467529	ENSG00000238606	RNU7-7P
1	228674762	228683467	ENSG00000168159	RNF187
X	38629584	38658911	ENSG00000235806	RP4-646N3.1
X	38660821	38663136	ENSG00000238123	MID1IP1-AS1
X	38940433	38940538	ENSG00000207122	RNU6-591P
X	39085356	39159040	ENSG00000224610	RP11-265P11.1
2	99235569	99347589	ENSG00000071073	MGAT4A
X	39164210	39186616	ENSG00000235304	RP11-265P11.2
14	23242431	23299029	ENSG00000155465	SLC7A7
X	39226539	39251028	ENSG00000236747	RP11-157D23.1
X	39260506	39294078	ENSG00000234191	RP11-157D23.2
3	52485118	52488086	ENSG00000114854	TNNC1
20	29611857	29634010	ENSG00000149531	FRG1B
6	112408802	112423993	ENSG00000203778	FAM229B
X	39520470	39520575	ENSG00000263730	MIR3937
X	39645780	39646077	ENSG00000264618	RN7SL732P
HSCHR6_MHC_MANN	31673372	31679720	ENSG00000258543	CSNK2B-LY6G5B-1181
1	153963235	153964626	ENSG00000177954	RPS27
14	45605143	45670093	ENSG00000187790	FANCM
X	39646386	39647390	ENSG00000228232	GAPDHP1
X	39650834	39651158	ENSG00000270759	CTD-2324A24.2
X	39696790	39707612	ENSG00000261435	MIR1587
11	27676440	27743605	ENSG00000176697	BDNF
1	228870824	228882416	ENSG00000116574	RHOU
X	39696815	39696867	ENSG00000263972	MIR1587
2	10196907	10221071	ENSG00000205795	CYS1
HSCHR6_MHC_MANN	31677649	31680816	ENSG00000240433	LY6G5B
17	10602332	10633633	ENSG00000187824	TMEM220
17	28884130	28890511	ENSG00000266733	TBC1D29
1	229385383	229387557	ENSG00000177800	TMEM78
13	99336055	99404908	ENSG00000088386	SLC15A1
HSCHR6_MHC_MANN	31683954	31691310	ENSG00000228883	LY6G5C
8	145635126	145642279	ENSG00000147804	SLC39A4
1	75171170	75199092	ENSG00000116791	CRYZ
2	10223908	10226228	ENSG00000233502	AC104794.4
2	220074490	220083712	ENSG00000115657	ABCB6
17	79993012	79995608	ENSG00000169738	DCXR
17	74372665	74383941	ENSG00000176170	SPHK1
1	229406822	229441641	ENSG00000168118	RAB4A
1	28296855	28415207	ENSG00000158161	EYA3
2	74652963	74669549	ENSG00000114993	RTKN
15	74362198	74374891	ENSG00000159289	GOLGA6A
19	50191921	50193832	ENSG00000224420	ADM5
HSCHR6_MHC_SSTO	29639864	29658187	ENSG00000234669	ZFP57
19	11466062	11476374	ENSG00000105520	DKFZP761J1410
2	10262455	10271545	ENSG00000171848	RRM2
17	62075711	62081664	ENSG00000224383	C17orf72
20	29845467	29847435	ENSG00000215547	DEFB115
1	229440129	229441248	ENSG00000213029	SPHAR
20	29891015	29896388	ENSG00000215545	DEFB116
19	35810164	35838258	ENSG00000012124	CD22
X	39724678	39725142	ENSG00000214047	RPS11P7
2	208627310	208634287	ENSG00000163251	FZD5
X	39868529	39871435	ENSG00000223486	AC092198.1
20	29956421	29961726	ENSG00000131068	DEFB118
X	40122170	40146973	ENSG00000236393	RP11-320G24.1
12	1929433	1945918	ENSG00000166159	LRTM2
3	21459915	22414812	ENSG00000151789	ZNF385D
X	40144349	40144452	ENSG00000238920	snoU13
1	229456758	229479041	ENSG00000154429	CCSAP
X	40218436	40219979	ENSG00000214045	RP6-186E3.1
X	40352092	40352192	ENSG00000206677	Y_RNA
X	40374147	40374760	ENSG00000235685	RP11-126D17.1
20	29964967	29978406	ENSG00000180483	DEFB119
18	9546789	9615238	ENSG00000154845	PPP4R1
X	40394754	40394815	ENSG00000238730	RNU7-164P
10	48381487	48390991	ENSG00000107618	RBP3
X	40482836	40483112	ENSG00000238205	MPC1L
X	40594652	40597950	ENSG00000234636	MED14-AS1
X	40617736	40618303	ENSG00000270791	DPRXP6
X	40619357	40620523	ENSG00000214031	RP11-169L17.3
X	55035488	55057497	ENSG00000158578	ALAS2
X	40691097	40691815	ENSG00000237661	RP11-169L17.5
10	74943120	75008620	ENSG00000213551	DNAJC9
3	52489134	52527087	ENSG00000010322	NISCH
X	40693738	40695258	ENSG00000238222	MKRN4P
2	208693027	208890284	ENSG00000178385	PLEKHM3
X	40749900	40750790	ENSG00000232801	SDCBPP3
3	46927699	46930171	ENSG00000268537	AC109583.1
X	40767237	40767644	ENSG00000189145	RP11-77G22.2
1	75198836	75232362	ENSG00000162623	TYW3
X	40794198	40795117	ENSG00000216866	RPS2P55
X	40936252	40937003	ENSG00000237931	RP11-469E19.1
X	41092886	41093536	ENSG00000269941	RP5-1172N10.4
16	4666494	4740975	ENSG00000102858	MGRN1
1	229566992	229569845	ENSG00000143632	ACTA1
X	41134992	41136031	ENSG00000223714	RP5-1172N10.2
X	41152051	41152169	ENSG00000199564	RNA5SP502
X	41175741	41175842	ENSG00000238426	Y_RNA
X	100652791	100662913	ENSG00000102393	GLA
X	41181854	41182364	ENSG00000226641	RP13-13A3.1
7	8473585	8792593	ENSG00000122584	NXPH1
X	41204835	41205129	ENSG00000264573	RN7SL15P
HSCHR6_MHC_SSTO	29687514	29703210	ENSG00000229698	HLA-F
X	41331517	41331906	ENSG00000225238	RP1-169I5.4
3	46963216	47023500	ENSG00000160799	CCDC12
14	102690837	102771537	ENSG00000080823	MOK
1	28473677	28520447	ENSG00000169403	PTAFR
6	56911347	56920023	ENSG00000168116	KIAA1586
6	3231637	3303607	ENSG00000180822	PSMG4
7	10971578	10979883	ENSG00000189043	NDUFA4
10	60144782	60158981	ENSG00000108064	TFAM
15	74392652	74430881	ENSG00000167178	ISLR2
17	29096406	29151794	ENSG00000176390	CRLF3
1	75594119	75627218	ENSG00000162624	LHX8
HSCHR5_1_CTG1	69004901	69022788	ENSG00000262305	SERF1B
8	52730143	52730969	ENSG00000232941	AC090186.1
1	28525967	28559536	ENSG00000126698	DNAJC8
10	105726959	105788991	ENSG00000065613	SLK
12	2055220	2113701	ENSG00000151065	DCP1B
3	23244511	23633284	ENSG00000182247	UBE2E2
8	23154702	23282841	ENSG00000134013	LOXL2
20	29992648	30000641	ENSG00000204548	DEFB121
12	11460017	11463369	ENSG00000230657	PRB4
8	145649000	145653931	ENSG00000160948	VPS28
20	30028322	30038060	ENSG00000180424	DEFB123
1	153965161	154127592	ENSG00000143552	NUP210L
19	50194155	50216988	ENSG00000169169	CPT1C
14	23286463	23291750	ENSG00000215306	AL135998.1
20	30053309	30064560	ENSG00000180383	DEFB124
12	11504757	11548500	ENSG00000251655	PRB1
1	6051526	6161253	ENSG00000069424	KCNAB2
10	60272900	60591195	ENSG00000122870	BICC1
20	30063096	30072708	ENSG00000088320	REM1
1	229577045	229644103	ENSG00000069248	NUP133
6	56951642	57035105	ENSG00000112200	ZNF451
9	139901686	139923367	ENSG00000107331	ABCA2
16	74655292	74700779	ENSG00000168411	RFWD3
8	53023399	53373519	ENSG00000147488	ST18
6	112429963	112576141	ENSG00000112769	LAMA4
12	11544476	11653975	ENSG00000121335	PRB2
5	1317859	1345214	ENSG00000049656	CLPTM1L
14	23299088	23304246	ENSG00000172590	MRPL52
15	47476298	48066420	ENSG00000137872	SEMA6D
16	47495034	47735434	ENSG00000102893	PHKB
22	40139049	40289868	ENSG00000176177	ENTHD1
16	4743695	4745860	ENSG00000168101	NUDT16L1
11	118415243	118443685	ENSG00000118096	IFT46
7	87256864	87461611	ENSG00000105784	RUNDC3B
8	23243296	23315208	ENSG00000197217	ENTPD4
X	41379289	41381589	ENSG00000233033	CASK-AS1
1	75667816	76076801	ENSG00000137968	SLC44A5
X	41430176	41430282	ENSG00000212207	RNU6-1321P
2	47630108	47789450	ENSG00000095002	MSH2
2	162164549	162268228	ENSG00000115233	PSMD14
X	41496727	41497012	ENSG00000265741	RN7SL406P
X	41535013	41535747	ENSG00000217624	RP11-204C16.4
16	74705753	74734858	ENSG00000168404	MLKL
4	83739814	83822319	ENSG00000138674	SEC31A
X	41542424	41542719	ENSG00000242559	RN7SL144P
3	121706170	121741051	ENSG00000145103	ILDR1
21	47556176	47575481	ENSG00000160282	FTCD
X	41607475	41607861	ENSG00000229822	RP5-1174J21.2
X	41649445	41649503	ENSG00000237875	RP5-1174J21.1
X	41778507	41778602	ENSG00000251807	RNU6-202P
HSCHR6_MHC_MANN	31694219	31710687	ENSG00000224552	ABHD16A
X	41907136	41914089	ENSG00000233103	RP11-524P6.1
5	149109861	149234585	ENSG00000155846	PPARGC1B
X	41958007	41958426	ENSG00000228847	ATP5G2P4
X	41998678	41998783	ENSG00000212560	RNU6-630P
X	42009764	42009997	ENSG00000228780	RP1-50A13.1
X	42033532	42033638	ENSG00000206896	RNU6-1124P
22	40297086	40369725	ENSG00000100351	GRAP2
X	42111712	42558636	ENSG00000231772	RP1-154K9.2
X	42636722	42637330	ENSG00000102055	PPP1R2P9
X	42859423	42859645	ENSG00000270280	RP11-265D20.1
X	100663283	100669121	ENSG00000126945	HNRNPH2
X	43036243	43085847	ENSG00000224294	RP3-326I13.1
X	43137374	43138907	ENSG00000237206	IMPDH1P4
X	43266914	43267808	ENSG00000231750	NANOGP10
X	43808978	43828866	ENSG00000236276	NDP-AS1
X	43888578	43890167	ENSG00000214019	RP6-218J18.2
3	148747914	148804341	ENSG00000071794	HLTF
X	44143162	44145492	ENSG00000198414	TATDN2P1
5	72894203	72896845	ENSG00000268217	AC008387.1
X	44168560	44169722	ENSG00000214018	RRM2P3
7	120965421	120981158	ENSG00000002745	WNT16
X	44260849	44260950	ENSG00000200702	Y_RNA
X	55101496	55105342	ENSG00000238269	PAGE2B
X	44325937	44328201	ENSG00000224054	RP4-551E13.2
16	74746853	74808729	ENSG00000103089	FA2H
X	44335273	44336668	ENSG00000215035	FDPSP5
2	208986331	208989225	ENSG00000118231	CRYGD
17	10725792	10741762	ENSG00000233670	PIRT
X	44436600	44436684	ENSG00000252120	AL136137.1
12	133707570	133778955	ENSG00000256825	CTD-2140B24.4
X	44492938	44494478	ENSG00000233543	CHTF8P1
12	11802788	12048336	ENSG00000139083	ETV6
2	208992861	208994554	ENSG00000163254	CRYGC
X	44508375	44508965	ENSG00000229168	RPL19P20
X	55115441	55119275	ENSG00000234068	PAGE2
X	44600333	44601210	ENSG00000214016	RP6-105D16.1
X	100673275	100788446	ENSG00000196440	ARMCX4
X	44632021	44632307	ENSG00000242065	RN7SL291P
X	44744751	44744811	ENSG00000252113	RNU6-523P
7	11013499	11209250	ENSG00000106443	PHF14
2	209007297	209010892	ENSG00000182187	CRYGB
X	45042496	45193162	ENSG00000229491	RP11-342D14.1
1	28527013	28527152	ENSG00000215902	AL353354.1
1	28527070	28527419	ENSG00000269804	AL353354.2
7	120988905	121036418	ENSG00000196937	FAM3C
3	47021173	47051193	ENSG00000160796	NBEAL2
2	209025464	209028300	ENSG00000168582	CRYGA
5	49961733	50142356	ENSG00000151883	PARP8
2	85829979	85876403	ENSG00000168883	USP39
1	28562620	28573417	ENSG00000130770	ATPIF1
11	28042167	28129855	ENSG00000121621	KIF18A
20	30102231	30157370	ENSG00000101294	HM13
22	40390953	40439533	ENSG00000133477	FAM83F
6	85397069	85474237	ENSG00000112837	TBX18
8	145654165	145669827	ENSG00000160949	TONSL
1	229652329	229694442	ENSG00000135776	ABCB10
17	62079954	62097994	ENSG00000108622	ICAM2
2	209030067	209054797	ENSG00000188674	C2orf80
13	99445741	99738879	ENSG00000088387	DOCK9
17	11144580	11467380	ENSG00000188803	SHISA6
11	71796941	71814433	ENSG00000149357	LAMTOR1
18	9708162	9862548	ENSG00000168461	RAB31
1	28586038	28609002	ENSG00000130766	SESN2
8	53446597	53478067	ENSG00000196711	FAM150A
14	69725994	69821183	ENSG00000100626	GALNT16
18	586517	586850	ENSG00000222174	RN7SKP146
16	4746513	4784379	ENSG00000168096	ANKS3
16	74907468	75034071	ENSG00000103091	WDR59
18	603166	603258	ENSG00000239158	AP001178.1
18	650229	652843	ENSG00000266456	RP11-806L2.2
18	653985	657259	ENSG00000263727	RP11-806L2.5
18	706523	707648	ENSG00000265490	RP11-806L2.6
18	735746	737459	ENSG00000266171	RP11-769O8.1
18	738058	739662	ENSG00000264635	RP11-769O8.3
18	738058	739444	ENSG00000264339	RP11-769O8.2
18	797990	798136	ENSG00000206687	RNU1-109P
18	813275	813757	ENSG00000273355	RP11-672L10.6
18	832239	832470	ENSG00000266575	RP11-672L10.4
18	856527	857046	ENSG00000264179	RP11-672L10.5
HSCHR5_1_CTG1	69477955	69510579	ENSG00000262261	GTF2H2D
18	894436	907681	ENSG00000265671	RP11-672L10.3
X	45240772	45241325	ENSG00000237782	RP1-192P9.1
18	902767	906668	ENSG00000265179	RP11-672L10.2
X	45364633	45489447	ENSG00000229563	RP11-245M24.1
12	133787246	133787772	ENSG00000255748	AC226150.4
18	926084	927994	ENSG00000259837	RP11-672L10.1
18	962593	976884	ENSG00000272461	RP11-689C9.1
11	28129795	28355054	ENSG00000169519	METTL15
X	45491537	45492978	ENSG00000214282	KRT8P14
19	11485361	11487627	ENSG00000173928	SWSAP1
18	976590	1174824	ENSG00000263551	RP11-78F17.1
X	45590241	45591177	ENSG00000204915	RP6-99M1.1
12	133794898	133812681	ENSG00000227059	ANHX
X	45604639	45629677	ENSG00000270069	RP6-99M1.2
18	9885763	9889272	ENSG00000168454	TXNDC2
4	2845584	2931803	ENSG00000087274	ADD1
X	45605585	45605694	ENSG00000207870	MIR221
18	1159199	1160405	ENSG00000263505	RP11-78F17.3
1	229728858	229761794	ENSG00000135801	TAF5L
7	121513143	121702090	ENSG00000106278	PTPRZ1
18	1176791	1177013	ENSG00000266251	COX6CP3
11	118443105	118473748	ENSG00000095139	ARCN1
3	23847394	23932807	ENSG00000170142	UBE2E1
HSCHR6_MHC_SSTO	29791438	29795610	ENSG00000233095	HLA-G
10	75006510	75012451	ENSG00000182180	MRPS16
18	1254384	1408345	ENSG00000132204	LINC00470
2	209100951	209130798	ENSG00000138413	IDH1
19	11488236	11495018	ENSG00000187266	EPOR
21	47581062	47604390	ENSG00000160284	SPATC1L
8	53535016	53658403	ENSG00000023287	RB1CC1
9	139921916	139931234	ENSG00000180539	C9orf139
11	30031288	30038570	ENSG00000182255	KCNA4
9	139924626	139927462	ENSG00000180549	FUT7
6	86159809	86205500	ENSG00000135318	NT5E
11	30252563	30256808	ENSG00000131808	FSHB
12	67607	69138	ENSG00000249054	RP11-598F7.1
1	229761981	229795946	ENSG00000135763	URB2
5	172571445	172591390	ENSG00000113734	BNIP1
22	40440821	40731812	ENSG00000100354	TNRC6B
7	100331249	100395419	ENSG00000146839	ZAN
11	71817424	71823826	ENSG00000110200	ANAPC15
18	1323795	1324086	ENSG00000199197	RN7SKP72
18	1357652	1357943	ENSG00000263396	RP11-288C17.3
12	73185	73322	ENSG00000238823	AC215219.1
17	29158988	29222887	ENSG00000176208	ATAD5
18	1362446	1363874	ENSG00000265417	RP11-288C17.1
1	28655513	28662476	ENSG00000130772	MED18
12	73725	91218	ENSG00000226210	ABC7-42389800N19.1
9	139933922	139940655	ENSG00000107281	NPDC1
18	1509184	1647098	ENSG00000266602	RP11-476K15.1
11	30344598	30359774	ENSG00000152219	ARL14EP
18	1655178	1779956	ENSG00000266450	CTD-2015H3.2
18	1780330	1782065	ENSG00000264080	CTD-2015H3.1
18	9913999	9960018	ENSG00000101558	VAPA
3	23933151	23988082	ENSG00000197885	NKIRAS1
18	1883525	2240847	ENSG00000263745	RP11-161I6.2
19	35842445	35843367	ENSG00000126266	FFAR1
1	76190036	76253260	ENSG00000117054	ACADM
12	12202778	12364018	ENSG00000121380	BCL2L14
2	99410309	99552722	ENSG00000196872	KIAA1211L
19	35849362	35851387	ENSG00000185897	FFAR3
18	1927728	1929095	ENSG00000264189	CTD-2533G20.1
HSCHR6_MHC_MANN	31697638	31859776	ENSG00000257782	CR354443.3
18	2555357	2555491	ENSG00000238575	snoU109
18	2561171	2562219	ENSG00000266783	RP11-715F3.2
18	2568391	2569121	ENSG00000264150	RP11-715F3.1
5	72921983	73237818	ENSG00000214944	ARHGEF28
11	30406040	30608419	ENSG00000066382	MPPED2
19	35861831	35863855	ENSG00000126251	GPR42
18	2593673	2594912	ENSG00000235422	KATNBL1P3
HSCHR6_MHC_MANN	31714135	31725073	ENSG00000239741	LY6G6F
18	2621089	2621200	ENSG00000202224	Y_RNA
1	28696114	28826881	ENSG00000204138	PHACTR4
18	2649760	2649866	ENSG00000200875	RNU6-340P
15	74418256	74421619	ENSG00000248540	RP11-247C2.2
18	2652169	2655394	ENSG00000266405	CBX3P2
5	149237519	149324356	ENSG00000132915	PDE6A
12	123349882	123380991	ENSG00000139722	VPS37B
18	2688562	2833063	ENSG00000266049	RP11-703M24.5
19	35934809	35942669	ENSG00000126262	FFAR2
1	230193536	230417870	ENSG00000143641	GALNT2
18	2774872	2774961	ENSG00000238425	snoU13
18	2778939	2779055	ENSG00000207034	Y_RNA
18	2920964	2921683	ENSG00000272625	RP11-737O24.5
18	2945548	2946888	ENSG00000263606	RP11-737O24.3
X	55169535	55187743	ENSG00000182518	FAM104B
15	74466012	74469213	ENSG00000129009	ISLR
X	100805514	100809683	ENSG00000126947	ARMCX1
18	2948236	2960754	ENSG00000265907	RP11-737O24.2
18	2967016	2985408	ENSG00000266397	RP11-737O24.1
19	35978226	35986460	ENSG00000188508	KRTDAP
14	23305766	23318236	ENSG00000157227	MMP14
18	2990650	2991076	ENSG00000264186	RP11-737O24.4
18	3025432	3025564	ENSG00000252258	SNORA70
1	6100630	6101399	ENSG00000268332	AL035406.1
18	3093566	3093627	ENSG00000252353	RNU7-25P
9	139942550	139948497	ENSG00000054179	ENTPD2
18	3190395	3247275	ENSG00000265399	RP13-270P17.2
18	3246399	3247084	ENSG00000272688	RP13-270P17.3
18	3255434	3261848	ENSG00000264235	RP13-270P17.1
19	11495017	11530018	ENSG00000205517	RGL3
HSCHR6_MHC_DBB	31656815	31667754	ENSG00000243003	LY6G6F
18	3284143	3327290	ENSG00000266578	RP11-838N2.5
18	3347774	3350557	ENSG00000259256	RP11-838N2.3
10	60936350	61007534	ENSG00000165443	PHYHIPL
HSCHR6_MHC_SSTO	29897513	29902154	ENSG00000223980	HLA-A
18	3377914	3378245	ENSG00000240364	RPL31P59
3	187871072	188608460	ENSG00000145012	LPP
X	100870110	100872991	ENSG00000198960	ARMCX6
18	3394887	3395310	ENSG00000265243	IGLJCOR18
16	4784273	4799397	ENSG00000166246	C16orf71
7	45039074	45116068	ENSG00000136280	CCM2
18	3406340	3406816	ENSG00000243720	RPL21P127
HSCHR6_MHC_DBB	31656856	31667868	ENSG00000259101	MEGT1
9	73143979	74061820	ENSG00000083067	TRPM3
18	3415143	3415578	ENSG00000263460	RP11-838N2.8
18	3424257	3424347	ENSG00000238863	snoU13
7	87462883	87505672	ENSG00000075303	SLC25A40
8	23386318	23432976	ENSG00000147454	SLC25A37
1	230457392	230561475	ENSG00000177614	PGBD5
9	139956581	139965040	ENSG00000186193	SAPCD2
18	3466248	3478976	ENSG00000266835	RP11-838N2.4
HSCHR6_MHC_DBB	31662286	31663762	ENSG00000237482	LY6G6E
2	37458774	37480546	ENSG00000003509	NDUFAF7
8	53850991	53853677	ENSG00000183729	NPBWR1
18	3571214	3571509	ENSG00000241223	RN7SL39P
18	3572938	3573041	ENSG00000238445	snoU13
22	40742507	40786467	ENSG00000239900	ADSL
18	3580167	3580752	ENSG00000266373	RP11-710M11.1
HSCHR6_MHC_DBB	31665306	31667754	ENSG00000234443	LY6G6D
6	3269196	3457256	ENSG00000137266	SLC22A23
18	3593730	3598350	ENSG00000177337	DLGAP1-AS1
11	30851916	31391357	ENSG00000170959	DCDC1
8	54138284	54164257	ENSG00000082556	OPRK1
3	23958036	23965183	ENSG00000174748	RPL15
X	55207824	55208944	ENSG00000256045	MTRNR2L10
HSCHR5_1_CTG1	69966745	70078950	ENSG00000261932	BDP1
HSCHR6_MHC_MANN	31714176	31725187	ENSG00000258635	MEGT1
16	4798240	4817625	ENSG00000103199	ZNF500
9	139971953	139978991	ENSG00000197355	UAP1L1
HSCHR6_MHC_MANN	31719609	31721085	ENSG00000236210	LY6G6E
X	55246788	55250541	ENSG00000158639	PAGE5
15	48413169	48434869	ENSG00000188467	SLC24A5
2	234384166	234475428	ENSG00000085982	USP40
HSCHR6_MHC_DBB	31668544	31676660	ENSG00000224393	C6orf25
6	30070674	30080883	ENSG00000204616	TRIM31
HSCHR6_MHC_MANN	31722629	31725073	ENSG00000225993	LY6G6D
21	47608055	47648738	ENSG00000160285	LSS
8	23412287	23420651	ENSG00000268085	AC051642.1
17	11501748	11873065	ENSG00000007174	DNAH9
8	23430157	23432974	ENSG00000215298	FP15737
X	100877787	100882833	ENSG00000102401	ARMCX3
1	230778235	230829728	ENSG00000135775	COG2
8	23536206	23540440	ENSG00000167034	NKX3-1
9	139980807	139981121	ENSG00000268996	AL807752.1
18	3602998	3608334	ENSG00000262001	DLGAP1-AS2
18	3653410	3656282	ENSG00000266401	RP11-874J12.4
18	3770017	3771430	ENSG00000266513	RP11-874J12.3
18	3811317	3811420	ENSG00000238790	snoU13
18	3878180	3897069	ENSG00000263724	DLGAP1-AS3
8	23559964	23564111	ENSG00000180053	NKX2-6
HSCHR6_MHC_MANN	31725863	31733980	ENSG00000228090	C6orf25
1	6161853	6240183	ENSG00000116254	CHD5
18	3894699	3894805	ENSG00000207278	RNU6-831P
18	3962353	4013943	ENSG00000263878	DLGAP1-AS4
16	4827670	4838522	ENSG00000140623	SEPT12
6	57037124	57054631	ENSG00000112208	BAG2
8	23699428	23712320	ENSG00000159167	STC1
19	50243010	50266587	ENSG00000126467	TSKS
18	3977649	3978615	ENSG00000250933	GAPDHP66
7	11409984	11871824	ENSG00000005108	THSD7A
18	4264602	4295405	ENSG00000261520	DLGAP1-AS5
GL000218.1	38792	97421	ENSG00000215615	AL354822.1
2	162272605	162282381	ENSG00000136535	TBR1
X	132158659	132231137	ENSG00000134588	USP26
3	52529354	52558511	ENSG00000010327	STAB1
X	55284848	55291279	ENSG00000204279	PAGE3
5	138204612	138211057	ENSG00000146006	LRRTM2
14	45672393	45722743	ENSG00000129534	MIS18BP1
X	132350697	132352376	ENSG00000183434	TFDP3
12	58087738	58115340	ENSG00000135506	OS9
9	139981379	140003635	ENSG00000177239	MAN1B1
6	57053607	57087078	ENSG00000112210	RAB23
1	76251879	76260764	ENSG00000137955	RABGGTB
1	230838269	230850043	ENSG00000135744	AGT
X	132434131	132549518	ENSG00000076716	GPC4
12	123405498	123466196	ENSG00000150967	ABCB9
13	99853028	100038688	ENSG00000134882	UBAC2
HSCHR6_MHC_SSTO	30016261	30022268	ENSG00000233795	ZNRD1
5	172659112	172662360	ENSG00000183072	NKX2-5
2	37477645	37551951	ENSG00000115825	PRKD3
22	40766595	40806293	ENSG00000100359	SGSM3
10	75013517	75118617	ENSG00000156042	TTC18
19	107471	111696	ENSG00000176695	OR4F17
10	97471536	97637023	ENSG00000138185	ENTPD1
18	10454625	10489945	ENSG00000154856	APCDD1
19	50270225	50310370	ENSG00000196961	AP2A1
15	48431625	48470714	ENSG00000104177	MYEF2
10	12207324	12238143	ENSG00000165609	NUDT5
14	23340822	23350789	ENSG00000197324	LRP10
19	281040	291393	ENSG00000141934	PPAP2C
5	172741716	172756506	ENSG00000113739	STC2
1	230883130	230937749	ENSG00000135773	CAPN9
5	138282409	138629246	ENSG00000120725	SIL1
8	24151553	24216531	ENSG00000042980	ADAM28
HSCHR6_MHC_MANN	31725917	31729114	ENSG00000235452	LY6G6C
8	54628117	54756118	ENSG00000047249	ATP6V1H
13	99906968	99913998	ENSG00000125245	GPR18
11	118477155	118528741	ENSG00000019144	PHLDB1
13	99946784	99959659	ENSG00000169508	GPR183
5	173034517	173043663	ENSG00000145919	BOD1
18	10525902	10552758	ENSG00000134265	NAPG
12	92239	93430	ENSG00000256263	DDX11L8
12	147073	149350	ENSG00000206114	FAM138D
10	105791044	105845760	ENSG00000065618	COL17A1
12	215690	221016	ENSG00000256948	RP11-598F7.3
19	305575	344798	ENSG00000105556	MIER2
12	246577	258335	ENSG00000249695	RP11-598F7.4
17	5082831	5095178	ENSG00000180626	ZNF594
HSCHR6_MHC_MANN	31734308	31737887	ENSG00000233076	DDAH2
13	100153671	100216260	ENSG00000125304	TM9SF2
12	273830	275487	ENSG00000256694	RP11-598F7.5
3	23986751	24022109	ENSG00000174738	NR1D2
12	276022	291565	ENSG00000256540	RP11-598F7.6
1	230972865	231005335	ENSG00000119280	C1orf198
8	101928753	101965616	ENSG00000164924	YWHAZ
9	140004994	140009629	ENSG00000176978	DPP7
17	5112256	5138155	ENSG00000161929	SCIMP
1	76262567	76378923	ENSG00000057468	MSH4
14	69846848	69865344	ENSG00000100632	ERH
17	74385532	74449288	ENSG00000175931	UBE2O
16	4838398	4846492	ENSG00000267795	SMIM22
1	154127784	154167124	ENSG00000143549	TPM3
7	154720208	154741618	ENSG00000214106	PAXIP1-AS2
11	31391387	31453396	ENSG00000170946	DNAJC24
18	4430945	4431152	ENSG00000264246	RP11-138C24.2
2	10281509	10351851	ENSG00000163009	C2orf48
11	71825915	71850936	ENSG00000110203	FOLR3
2	234526291	234681956	ENSG00000241635	UGT1A8
18	4459230	4459458	ENSG00000265545	RP11-183C12.1
1	76384558	76398116	ENSG00000154007	ASB17
18	4775053	5004536	ENSG00000266268	RP11-172F10.1
10	320130	735683	ENSG00000151240	DIP2C
18	4988091	4988168	ENSG00000222463	AP005138.1
HSCHR6_MHC_COX	28478550	28503695	ENSG00000257328	AL049543.1
18	5002758	5003253	ENSG00000264775	PPIAP14
14	23352374	23356895	ENSG00000139890	REM2
HSCHR6_MHC_SSTO	30024068	30027692	ENSG00000237829	PPP1R11
18	5081181	5095814	ENSG00000265514	RP11-92G19.2
18	5132748	5133228	ENSG00000215368	RP11-190I17.4
X	55478538	55479998	ENSG00000187601	MAGEH1
18	5159331	5171025	ENSG00000266153	RP11-190I17.2
1	76540404	77100286	ENSG00000184005	ST6GALNAC3
13	100258919	100549387	ENSG00000125246	CLYBL
18	5232875	5238525	ENSG00000265091	RP11-835E18.5
2	10443015	10567743	ENSG00000115756	HPCAL1
X	55511049	55515635	ENSG00000247746	USP51
19	361750	376013	ENSG00000105549	THEG
18	5236723	5238597	ENSG00000264575	LINC00526
HSCHR6_MHC_COX	28493789	28502728	ENSG00000257770	GPX5
2	99613724	99771427	ENSG00000135951	TSGA10
HSCHR6_MHC_MCF	29523204	29527517	ENSG00000206468	UBD
X	55649833	55652621	ENSG00000189299	FOXR2
18	5232875	5246507	ENSG00000263753	LINC00667
3	121774213	121839983	ENSG00000114013	CD86
2	128458597	128461385	ENSG00000173349	SFT2D3
HSCHR6_MHC_MCF	29555489	29556551	ENSG00000206467	OR2H2
HSCHR6_MHC_SSTO	30027625	30033246	ENSG00000230467	RNF39
18	5240254	5241166	ENSG00000265188	RP11-835E18.4
11	31453948	31531192	ENSG00000148950	IMMP1L
7	12250867	12282993	ENSG00000106460	TMEM106B
18	5310395	5317663	ENSG00000264254	CTD-3096M3.1
17	5185558	5289129	ENSG00000029725	RABEP1
11	71900602	71907345	ENSG00000110195	FOLR1
1	77333126	77531396	ENSG00000117069	ST6GALNAC5
18	5381640	5385329	ENSG00000266288	CTD-3096M3.2
18	5463626	5480974	ENSG00000265316	RP11-286N3.1
18	5558188	5558272	ENSG00000252576	snR65
X	55744172	55785207	ENSG00000083750	RRAGB
18	5567129	5570941	ENSG00000264000	RP11-286N3.2
6	30103885	30116512	ENSG00000204614	TRIM40
9	74298282	74431606	ENSG00000135048	TMEM2
12	12268959	12419946	ENSG00000070018	LRP6
18	5579413	5579484	ENSG00000252572	SNORD112
18	5661944	5662049	ENSG00000252432	AP001032.1
2	209130991	209223475	ENSG00000115020	PIKFYVE
X	132669773	133119922	ENSG00000147257	GPC3
18	5748818	5876327	ENSG00000261738	RP11-945C19.1
16	48116884	48189929	ENSG00000140798	ABCC12
13	100615218	100624163	ENSG00000139800	ZIC5
18	5840694	5840832	ENSG00000272380	MIR3976
10	61005890	61122939	ENSG00000148541	FAM13C
18	5887486	5909121	ENSG00000264449	RP11-945C19.4
15	74471807	74504608	ENSG00000137868	STRA6
HSCHR6_MHC_COX	28539408	28555112	ENSG00000248496	SCAND3
2	128603840	128615731	ENSG00000144231	POLR2D
18	5956100	5960784	ENSG00000265487	RP11-793A3.1
18	6017722	6017838	ENSG00000200637	RNU5F-3P
18	6025090	6082454	ENSG00000266846	RP11-793A3.2
12	95770984	95774672	ENSG00000258247	RP11-167N24.6
13	100634026	100639018	ENSG00000043355	ZIC2
18	6256746	6260933	ENSG00000264707	RP11-760N9.1
X	100910267	100914876	ENSG00000184867	ARMCX2
17	38785049	38821393	ENSG00000264058	KRT222
17	80005778	80009707	ENSG00000169733	RFNG
18	6437063	6437337	ENSG00000265628	RN7SL723P
18	6454961	6455067	ENSG00000199272	RNU6-349P
18	6462143	6463014	ENSG00000235552	RPL6P27
1	231041989	231114621	ENSG00000143643	TTC13
18	6493419	6495667	ENSG00000266065	CTD-2124B20.2
HSCHR6_MHC_COX	28731301	28731408	ENSG00000257917	AL901607.1
HSCHR6_MHC_MANN	31737851	31747033	ENSG00000226651	CLIC1
18	6557821	6558653	ENSG00000265174	CTD-2124B20.3
5	173315283	173388979	ENSG00000113742	CPEB4
18	6601539	6601834	ENSG00000243591	RN7SL282P
12	302202	303296	ENSG00000255671	RP11-283I3.1
18	6641970	6642477	ENSG00000261627	RP11-91I8.1
18	6728820	6729861	ENSG00000266441	RP11-91I8.3
12	312808	314189	ENSG00000256577	RP11-283I3.2
16	4846969	4852951	ENSG00000067836	ROGDI
1	77554675	77685115	ENSG00000142892	PIGK
12	362608	366465	ENSG00000255746	RP11-283I3.4
18	6873398	6875023	ENSG00000263797	RP11-146G7.2
11	31531297	31805546	ENSG00000109911	ELP4
HSCHR6_MHC_MCF	29624568	29639934	ENSG00000232641	MOG
X	133371077	133380237	ENSG00000203952	CCDC160
18	6919495	6929965	ENSG00000265933	LINC00668
11	71927645	71932994	ENSG00000165457	FOLR2
6	30119722	30128711	ENSG00000204613	TRIM10
17	62116502	62208179	ENSG00000178607	ERN1
7	121715701	121784334	ENSG00000008311	AASS
3	81538850	81811312	ENSG00000114480	GBE1
4	2932288	2936586	ENSG00000109736	MFSD10
7	154735397	154794794	ENSG00000157212	PAXIP1
18	6926943	6928209	ENSG00000264127	SCML2P1
18	6936911	6937019	ENSG00000251897	RNU6-916P
18	6954676	6957418	ENSG00000265069	RP11-781P6.1
18	6972707	6972988	ENSG00000265890	RN7SL537P
18	7064031	7064196	ENSG00000265869	RP11-76K13.2
15	48483736	48495953	ENSG00000233932	CTXN2
4	41746099	41750987	ENSG00000109132	PHOX2B
HSCHR6_MHC_COX	28871599	28892590	ENSG00000237071	TRIM27
18	7076816	7080122	ENSG00000264475	RP11-76K13.3
12	383120	386289	ENSG00000261799	RP11-283I3.6
18	7134930	7135818	ENSG00000263716	SLC25A51P2
18	10666480	11148587	ENSG00000154864	PIEZO2
12	695031	695652	ENSG00000256020	RP5-1154L15.2
X	133507283	133562820	ENSG00000156531	PHF6
12	698696	698755	ENSG00000238370	RNU7-103P
12	699799	700435	ENSG00000255825	RP5-1154L15.1
12	740057	772872	ENSG00000177406	RP11-218M22.1
12	95867296	95909615	ENSG00000111142	METAP2
2	234545100	234681951	ENSG00000242515	UGT1A10
13	100741269	101182686	ENSG00000175198	PCCA
12	783967	793293	ENSG00000256672	RP11-218M22.2
2	128619204	128643496	ENSG00000144233	AMMECR1L
12	890299	890424	ENSG00000221439	RNU4ATAC16P
14	69864732	69929105	ENSG00000029364	SLC39A9
12	1083299	1100356	ENSG00000250132	RP11-359B12.2
6	62284008	62284534	ENSG00000255633	MTRNR2L9
12	1119501	1119792	ENSG00000265997	RN7SL852P
12	1489226	1500668	ENSG00000249028	RP5-951N9.1
12	1494999	1496153	ENSG00000267285	RP5-951N9.2
19	405438	409139	ENSG00000183186	C2CD4C
12	1609691	1616484	ENSG00000249628	LINC00942
9	74477368	74525847	ENSG00000107362	ABHD17B
X	56100757	56102014	ENSG00000233889	AL353698.1
6	62389865	62996132	ENSG00000112232	KHDRBS2
12	1769481	1769546	ENSG00000266043	MIR3649
17	56618948	56621729	ENSG00000181013	C17orf47
4	41937137	41962589	ENSG00000109133	TMEM33
HSCHR6_MHC_MCF	29639954	29648669	ENSG00000223858	ZFP57
5	173400782	173433143	ENSG00000185056	C5orf47
HSCHR6_MHC_SSTO	30060269	30070469	ENSG00000224168	TRIM31
17	74449433	74466199	ENSG00000129673	AANAT
1	77747736	78025651	ENSG00000154027	AK5
X	56258854	56314322	ENSG00000102349	KLF8
19	416583	460996	ENSG00000129946	SHC2
9	74526426	74600970	ENSG00000155621	C9orf85
3	121902530	122005342	ENSG00000036828	CASR
6	86215214	86303874	ENSG00000135317	SNX14
11	71934745	71950149	ENSG00000165458	INPPL1
HSCHR6_MHC_DBB	31668598	31671795	ENSG00000228859	LY6G6C
2	234580499	234681946	ENSG00000241119	UGT1A9
19	50310126	50320633	ENSG00000010361	FUZ
1	28832455	28865812	ENSG00000180198	RCC1
HSCHR6_MHC_MCF	29687668	29690477	ENSG00000234487	HLA-F
8	102190106	102218421	ENSG00000120963	ZNF706
2	234590584	234681945	ENSG00000244122	UGT1A7
15	48483861	48596275	ENSG00000074803	SLC12A1
9	74666292	74687733	ENSG00000204669	C9orf57
17	62224587	62340661	ENSG00000136478	TEX2
1	231114727	231136341	ENSG00000173409	ARV1
17	38810917	38821433	ENSG00000213424	KRT222
3	187896331	187898598	ENSG00000213132	AC022498.1
19	463346	474983	ENSG00000181781	ODF3L2
HSCHR6_MHC_SSTO	30093487	30106107	ENSG00000233931	TRIM40
4	2939660	2965112	ENSG00000087269	NOP14
2	10580094	10588630	ENSG00000115758	ODC1
13	101183810	101241782	ENSG00000134864	GGACT
HSCHR6_MHC_DBB	31676987	31680566	ENSG00000227317	DDAH2
1	231154704	231175992	ENSG00000182118	FAM89A
8	54764368	54871863	ENSG00000147509	RGS20
14	23369854	23388393	ENSG00000100461	RBM23
21	47612391	47613673	ENSG00000235878	AP001468.1
7	87505531	87538856	ENSG00000006634	DBF4
19	489176	505347	ENSG00000099866	MADCAM1
5	173472607	173670504	ENSG00000170091	NSG2
1	154171848	154178809	ENSG00000163263	C1orf189
2	37571717	37600465	ENSG00000115828	QPCT
HSCHR6_MHC_MANN	31747261	31754696	ENSG00000230961	MSH5
22	40806285	41032706	ENSG00000196588	MKL1
17	56634039	56769416	ENSG00000121101	TEX14
8	102504660	102681954	ENSG00000083307	GRHL2
1	231297858	231357302	ENSG00000119283	TRIM67
19	11531272	11546603	ENSG00000198003	CCDC151
3	188665003	189043093	ENSG00000188001	TPRG1
12	1804996	1807210	ENSG00000271500	RP11-288K12.1
12	1866397	1867177	ENSG00000243663	RPS4XP14
12	2027117	2032033	ENSG00000256706	RP5-1096D14.3
2	128698791	128785694	ENSG00000136715	SAP130
1	78028101	78149104	ENSG00000036549	ZZZ3
6	63921351	63922929	ENSG00000198225	FKBP1C
14	89290497	89344335	ENSG00000165533	TTC8
1	6241329	6269449	ENSG00000116251	RPL22
17	29224354	29233838	ENSG00000172171	TEFM
9	74729511	74872109	ENSG00000119125	GDA
12	51984050	52206648	ENSG00000196876	SCN8A
13	101256181	101327347	ENSG00000125247	TMTC4
6	63985856	64029882	ENSG00000146166	LGSN
8	24241798	24263526	ENSG00000134028	ADAMDEC1
5	1392909	1445545	ENSG00000142319	SLC6A3
2	162280843	162841792	ENSG00000144290	SLC4A10
1	28879597	28905051	ENSG00000180098	TRNAU1AP
18	7301018	7301151	ENSG00000212626	SNORA48
18	7738109	7738223	ENSG00000221631	AP000897.1
17	38854243	38860002	ENSG00000167916	KRT24
18	7741308	7754829	ENSG00000266767	RP11-678G15.2
18	7814116	7815728	ENSG00000264596	RP11-678G15.1
GL000212.1	64252	65919	ENSG00000212857	AL356585.1
18	7840935	7841058	ENSG00000263827	AP005118.1
GL000212.1	35322	36221	ENSG00000215719	AL356585.3
2	234600253	234681946	ENSG00000167165	UGT1A6
18	7995568	7995782	ENSG00000199856	U3
GL000212.1	111481	111574	ENSG00000238993	AL356585.4
20	30193086	30194318	ENSG00000125968	ID1
18	8154556	8155068	ENSG00000273368	RP11-376P6.3
18	8227101	8227183	ENSG00000212067	AP005227.1
6	64231666	64293492	ENSG00000112245	PTP4A1
18	8360818	8367032	ENSG00000266149	RP11-789C17.3
21	47655047	47706211	ENSG00000160294	MCM3AP
18	8402845	8405159	ENSG00000265413	RP11-789C17.1
18	8406759	8406951	ENSG00000263970	RP11-789C17.5
17	38904273	38911584	ENSG00000204897	KRT25
1	231359509	231376933	ENSG00000143633	C1orf131
18	8412127	8414302	ENSG00000266613	RFWD2P1
14	69951409	69995215	ENSG00000175985	PLEKHD1
18	8471829	8472124	ENSG00000242985	RN7SL50P
18	8486995	8513847	ENSG00000229442	THEMIS3P
18	8545633	8546815	ENSG00000225212	AKR1B1P6
20	30225691	30232809	ENSG00000131055	COX4I2
18	8635177	8636345	ENSG00000266708	RP11-661O13.1
18	8688020	8688408	ENSG00000263935	RP11-674N23.2
18	8695854	8707619	ENSG00000265962	RP11-674N23.1
HSCHR6_MHC_SSTO	30109310	30118301	ENSG00000229346	TRIM10
18	8720032	8720130	ENSG00000252319	Y_RNA
17	38922490	38928414	ENSG00000186393	KRT26
18	8801654	8802303	ENSG00000272788	RP11-674N23.4
18	9020027	9020762	ENSG00000242058	RPS4XP19
HSCHR6_MHC_MCF	29791626	29795784	ENSG00000237216	HLA-G
X	133594183	133654543	ENSG00000165704	HPRT1
18	9102734	9254344	ENSG00000265257	RP11-21J18.1
16	4853204	4897343	ENSG00000140632	GLYR1
18	9112402	9115875	ENSG00000263847	RP11-143J12.3
6	112668532	112672498	ENSG00000251258	RFPL4B
12	2038368	2045740	ENSG00000235049	LINC00940
1	6265535	6281359	ENSG00000158286	RNF207
18	9121263	9136643	ENSG00000266053	RP11-143J12.2
10	695888	711109	ENSG00000180525	PRR26
1	28915835	28969597	ENSG00000120656	TAF12
18	9249647	9249744	ENSG00000200883	Y_RNA
X	56590026	56593443	ENSG00000188021	UBQLN2
12	12482198	12503475	ENSG00000111261	MANSC1
17	29233362	29286340	ENSG00000184060	ADAP2
18	9250108	9250209	ENSG00000207092	Y_RNA
18	9259386	9260388	ENSG00000273284	RP11-888D10.4
5	174151536	174157896	ENSG00000120149	MSX2
9	140032842	140063207	ENSG00000176884	GRIN1
18	9277977	9278077	ENSG00000239087	snoU13
18	9315192	9334439	ENSG00000264964	RP11-888D10.3
18	9473419	9474004	ENSG00000273335	RP11-61L19.2
20	30252255	30311792	ENSG00000171552	BCL2L1
X	57002803	57021970	ENSG00000204271	SPIN3
18	9506240	9509724	ENSG00000266805	RP11-61L19.1
18	9518117	9518258	ENSG00000251994	RNU2-27P
17	38933060	38938786	ENSG00000171446	KRT27
18	9519447	9520197	ENSG00000273352	RP11-61L19.3
18	9587384	9590180	ENSG00000266541	RP11-881L2.1
18	9615262	9619361	ENSG00000263627	RP11-692N5.1
18	9617962	9618070	ENSG00000212572	RNU6-903P
12	12508342	12510001	ENSG00000205791	LOH12CR2
6	114178541	114184648	ENSG00000155130	MARCKS
18	9678245	9679490	ENSG00000264644	KRT18P8
18	9734879	9735599	ENSG00000266891	RP11-692N5.2
X	101087085	101112549	ENSG00000126952	NXF5
18	9785105	9787802	ENSG00000266127	RP11-474N24.2
18	9830329	9830624	ENSG00000242651	RN7SL862P
11	31806340	31839509	ENSG00000007372	PAX6
12	12510013	12619840	ENSG00000165714	LOH12CR1
X	133699868	133898352	ENSG00000170965	PLAC1
18	9844714	9844843	ENSG00000252680	RNA5SP449
2	37869032	37965611	ENSG00000163171	CDC42EP3
1	28918712	28921955	ENSG00000188060	RAB42
18	9880577	9880883	ENSG00000265564	PIGPP4
18	9912313	9912846	ENSG00000272799	RP11-474N24.6
18	9923917	9924018	ENSG00000223138	RNA5SP450
18	10005097	10005194	ENSG00000263630	AP005271.1
18	10125337	10144403	ENSG00000265554	RP11-419J16.1
18	10323129	10372377	ENSG00000264876	RP11-138E9.2
2	85833777	85839189	ENSG00000168887	C2orf68
9	74966341	74980163	ENSG00000107372	ZFAND5
14	70037483	70038032	ENSG00000255994	CCDC177
18	10375100	10378111	ENSG00000266102	RP11-243E13.2
HSCHR6_MHC_SSTO	30120577	30130067	ENSG00000224145	TRIM15
3	122044091	122060819	ENSG00000121552	CSTA
18	10389895	10389997	ENSG00000239031	snoU13
22	41074754	41078818	ENSG00000128285	MCHR1
14	70038216	70040339	ENSG00000267909	CCDC177
18	10405130	10414512	ENSG00000260913	RP11-243E13.1
10	75134859	75173834	ENSG00000138279	ANXA7
17	40996617	41002724	ENSG00000131480	AOC2
18	10594587	10604795	ENSG00000265728	RP11-883A18.3
20	30309001	30309134	ENSG00000268457	AL160175.1
14	70078313	70181859	ENSG00000100647	KIAA0247
18	10612301	10626350	ENSG00000266604	RP11-856M7.6
19	11546109	11561783	ENSG00000130175	PRKCSH
1	231376953	231413719	ENSG00000116906	GNPAT
18	10622120	10622264	ENSG00000264503	RP11-856M7.7
1	28995244	29045865	ENSG00000162419	GMEB1
18	10623873	10624302	ENSG00000264311	CCDC58P1
18	10627643	10628843	ENSG00000264072	RP11-856M7.4
3	122078438	122102078	ENSG00000160124	CCDC58
18	10632235	10632393	ENSG00000266470	RP11-856M7.8
1	154179182	154193104	ENSG00000143612	C1orf43
11	71950121	71956708	ENSG00000165462	PHOX2A
18	10636667	10637396	ENSG00000265038	PMM2P1
18	10661930	10666884	ENSG00000260779	RP11-856M7.1
18	10704295	10709597	ENSG00000264843	RP11-856M7.2
4	2965335	3042474	ENSG00000125388	GRK4
13	101706130	102068843	ENSG00000102452	NALCN
18	10724617	10728537	ENSG00000264714	RP11-21G15.1
10	855484	977564	ENSG00000107929	LARP4B
GL000212.1	126294	128249	ENSG00000215608	AL356585.2
HSCHR6_MHC_MANN	31860647	31861502	ENSG00000257736	CR933877.1
20	30327074	30389608	ENSG00000088325	TPX2
HSCHR6_MHC_MANN	31861034	31861723	ENSG00000258126	CR933877.2
2	47743720	47798078	ENSG00000184261	KCNK12
7	121941448	121950745	ENSG00000128610	FEZF1
8	102698771	103137135	ENSG00000104490	NCALD
5	149340300	149373018	ENSG00000155850	SLC26A2
19	507299	519654	ENSG00000141933	TPGS1
HSCHR6_MHC_MANN	31865098	31870345	ENSG00000223957	NEU1
6	114254192	114332472	ENSG00000196591	HDAC2
22	41165634	41215403	ENSG00000100372	SLC25A17
4	41983713	41988476	ENSG00000182308	DCAF4L1
17	74466973	74497872	ENSG00000129667	RHBDF2
9	75136717	75451267	ENSG00000165091	TMC1
3	122103023	122131181	ENSG00000114023	FAM162A
19	531714	542097	ENSG00000099804	CDC34
1	231468480	231473598	ENSG00000116903	EXOC8
4	41992489	42092474	ENSG00000014824	SLC30A9
15	48623208	48635570	ENSG00000128951	DUT
12	2113832	2120558	ENSG00000203593	RP5-1096D14.6
12	2127379	2129698	ENSG00000256837	CACNA1C-IT1
1	78161672	78225537	ENSG00000077254	USP33
3	24158651	24536773	ENSG00000151090	THRB
12	2157518	2158629	ENSG00000256257	CACNA1C-IT2
12	123459127	123464590	ENSG00000111325	OGFOD2
17	38948455	38956211	ENSG00000173908	KRT28
12	2329703	2332645	ENSG00000256025	CACNA1C-AS4
X	57144984	57147980	ENSG00000186787	SPIN2B
12	2378942	2398103	ENSG00000256721	CACNA1C-IT3
18	11688955	11885684	ENSG00000141404	GNAL
12	2712516	2716606	ENSG00000256769	CACNA1C-AS3
1	231472850	231490769	ENSG00000010072	SPRTN
12	2769103	2770135	ENSG00000203648	AC007618.3
11	118528026	118550399	ENSG00000118094	TREH
19	50321539	50342073	ENSG00000104973	MED25
19	544034	549919	ENSG00000197540	GZMM
6	3722848	3752260	ENSG00000168994	PXDC1
12	41086244	41466220	ENSG00000018236	CNTN1
9	140063210	140064503	ENSG00000184709	LRRC26
HSCHR6_MHC_SSTO	30141782	30170758	ENSG00000234046	TRIM26
9	140065310	140066861	ENSG00000185863	TMEM210
10	12237964	12292588	ENSG00000151465	CDC123
12	95910336	95945266	ENSG00000136014	USP44
12	2777666	2781386	ENSG00000256271	CACNA1C-AS2
2	10710892	10830101	ENSG00000115761	NOL10
1	231499497	231560790	ENSG00000135766	EGLN1
12	2785167	2800366	ENSG00000246627	CACNA1C-AS1
15	74509613	74628813	ENSG00000140481	CCDC33
12	2851792	2881074	ENSG00000256150	RP11-885B4.1
12	2861763	2862298	ENSG00000256902	RP11-986G18.1
12	2870366	2879621	ENSG00000255669	RP11-885B4.2
12	2891070	2891537	ENSG00000224438	RP4-816N1.1
X	133903596	133931262	ENSG00000156504	FAM122B
11	72003469	72145692	ENSG00000162129	CLPB
12	2896097	2903461	ENSG00000256030	CBX3P4
8	24298443	24384483	ENSG00000069206	ADAM7
5	174867042	174871211	ENSG00000184845	DRD1
HSCHR6_MHC_MCF	29846763	29992167	ENSG00000227715	HLA-A
18	10893615	10908781	ENSG00000263952	RP11-513M1.1
9	140069236	140082989	ENSG00000176248	ANAPC2
6	3849620	3851551	ENSG00000145945	FAM50B
18	11326269	11328831	ENSG00000263682	RP11-93H10.1
2	234621638	234681945	ENSG00000240224	UGT1A5
18	11366912	11378408	ENSG00000267051	RP11-128P17.2
18	11390032	11390728	ENSG00000273119	RP11-128P17.4
10	97620305	97684601	ENSG00000270099	RP11-248J23.7
9	75515578	75695358	ENSG00000165092	ALDH1A1
1	231664399	231954990	ENSG00000270106	TSNAX-DISC1
2	99757948	99939204	ENSG00000241962	C2orf15
16	48200821	48281479	ENSG00000121270	ABCC11
7	12370511	12443567	ENSG00000146530	VWDE
8	54879112	54935089	ENSG00000187735	TCEA1
17	80008567	80015346	ENSG00000169727	GPS1
6	30130993	30140473	ENSG00000204610	TRIM15
19	571297	583493	ENSG00000172270	BSG
1	29063133	29096287	ENSG00000198492	YTHDF2
12	2906043	2922068	ENSG00000258325	RP4-816N1.6
11	31833939	32127301	ENSG00000049449	RCN1
21	47706251	47717665	ENSG00000182362	YBEY
6	3982909	3984372	ENSG00000145965	C6ORF50
1	231664399	231702270	ENSG00000116918	TSNAX
5	174904065	174956745	ENSG00000164466	SFXN1
2	220074494	220094439	ENSG00000198925	ATG9A
18	11447755	11489368	ENSG00000267564	RP11-128P17.3
GL000209.1	7891	96246	ENSG00000215764	KIR2DL2
5	138609441	138667360	ENSG00000015479	MATR3
20	30407111	30422492	ENSG00000101306	MYLK2
18	11454477	11465995	ENSG00000267425	RP11-128P17.1
X	57160963	57164058	ENSG00000147059	SPIN2A
19	35988122	36004560	ENSG00000161249	DMKN
18	11488569	11506982	ENSG00000267252	RP11-712C7.1
9	140083099	140084822	ENSG00000176101	SSNA1
1	29138654	29190208	ENSG00000116329	OPRD1
5	1456595	1524092	ENSG00000153395	LPCAT1
10	97667360	97698480	ENSG00000173088	C10orf131
X	57313139	57515629	ENSG00000165591	FAAH2
3	85008132	86123579	ENSG00000175161	CADM2
18	11552365	11552846	ENSG00000267371	RP11-712C7.2
18	11609544	11610687	ENSG00000236396	RP11-677O4.3
2	38150330	38294285	ENSG00000115841	RMDN2
2	85884437	85895864	ENSG00000168878	SFTPB
18	11618207	11618314	ENSG00000267794	RP11-677O4.5
18	11619508	11639698	ENSG00000257513	NPIPB1P
10	97709725	97744785	ENSG00000269948	RP11-248J23.6
20	30432103	30433420	ENSG00000179772	FOXS1
9	140086069	140098645	ENSG00000176058	TPRN
18	11620716	11621157	ENSG00000267143	RP11-677O4.6
18	11644335	11644823	ENSG00000267773	RP11-677O4.4
18	11666455	11670164	ENSG00000260759	RP11-677O4.2
18	11745625	11747580	ENSG00000267333	RP11-677O4.7
18	11810405	11811483	ENSG00000267455	RP11-78A19.2
7	121958481	122526813	ENSG00000081803	CADPS2
1	78245309	78344106	ENSG00000180488	FAM73A
18	11851413	11852750	ENSG00000267165	RP11-78A19.3
18	11857154	11857553	ENSG00000272703	RP11-78A19.4
18	11908711	11909222	ENSG00000273141	RP11-820I16.4
18	11910633	11914343	ENSG00000267079	RP11-820I16.1
18	11928837	11929475	ENSG00000267661	RP11-820I16.2
22	41220539	41253026	ENSG00000100380	ST13
18	11993987	11994937	ENSG00000266955	RP11-820I16.3
8	103216730	103251346	ENSG00000048392	RRM2B
18	12031177	12032180	ENSG00000267480	RP11-703I16.1
18	12040100	12040299	ENSG00000266995	RP11-703I16.3
17	41003201	41010147	ENSG00000131471	AOC3
10	97733786	97792441	ENSG00000188649	CC2D2B
18	12050308	12050671	ENSG00000267292	RP11-703I16.2
9	140098534	140100090	ENSG00000187713	TMEM203
18	12056675	12057821	ENSG00000212712	AP002414.1
8	24770525	24776607	ENSG00000104722	NEFM
11	32409321	32457176	ENSG00000184937	WT1
3	148847371	148891519	ENSG00000163755	HPS3
4	42112955	42154895	ENSG00000188848	BEND4
18	12067172	12068416	ENSG00000267533	RP11-815J4.7
18	12073231	12076653	ENSG00000256616	RP11-815J4.6
7	87563458	87832204	ENSG00000008277	ADAM22
20	30435440	30458550	ENSG00000149599	DUSP15
21	47720095	47743789	ENSG00000160298	C21orf58
1	6281253	6296032	ENSG00000116237	ICMT
2	234627424	234681945	ENSG00000244474	UGT1A4
9	75766673	75785309	ENSG00000135046	ANXA1
3	25215823	25639423	ENSG00000077092	RARB
19	11562141	11591861	ENSG00000196361	ELAVL3
10	61410523	61495760	ENSG00000165449	SLC16A9
17	38974369	38978847	ENSG00000186395	KRT10
4	42399856	42404504	ENSG00000178343	SHISA3
17	5264258	5323480	ENSG00000108559	NUP88
HSCHR6_MHC_MANN	31927379	31952872	ENSG00000204364	C2
X	57618269	57623906	ENSG00000198455	ZXDB
17	38975358	38992522	ENSG00000167920	TMEM99
9	140100147	140111461	ENSG00000188566	NDOR1
2	234637754	234681945	ENSG00000243135	UGT1A3
10	61548521	61666414	ENSG00000108091	CCDC6
2	47799601	47801998	ENSG00000269563	AC138655.1
19	11577055	11616513	ENSG00000267477	CTC-398G3.6
2	234668894	234681945	ENSG00000242366	UGT1A1
17	39017555	39023462	ENSG00000187242	KRT12
1	6304252	6305638	ENSG00000173673	HES3
6	4021501	4065217	ENSG00000112739	PRPF4B
6	30152232	30181204	ENSG00000234127	TRIM26
10	61715188	61720671	ENSG00000235931	C10orf40
10	105881816	105886143	ENSG00000156384	SFR1
18	11851395	11854448	ENSG00000255112	CHMP1B
19	11594242	11616738	ENSG00000161914	ZNF653
1	6307406	6321035	ENSG00000158292	GPR153
15	48700503	48938046	ENSG00000166147	FBN1
2	234684370	234742069	ENSG00000185038	MROH2A
5	149372681	149380730	ENSG00000164296	TIGD6
1	29213603	29446553	ENSG00000159023	EPB41
7	154858777	154863267	ENSG00000220575	HTR5A-AS1
7	154862034	154877459	ENSG00000157219	HTR5A
4	3076408	3245676	ENSG00000197386	HTT
5	73923234	73937249	ENSG00000171617	ENC1
16	4896666	4932361	ENSG00000118900	UBN1
10	97733786	97792432	ENSG00000269920	RP11-690P14.4
7	154988273	154990165	ENSG00000217825	AC099552.4
1	78354198	78409580	ENSG00000162614	NEXN
9	140114707	140116033	ENSG00000212864	RNF208
3	86987119	87040269	ENSG00000206538	VGLL3
5	149379884	149432386	ENSG00000113716	HMGXB3
15	74630100	74660081	ENSG00000140459	CYP11A1
9	140119087	140120763	ENSG00000197191	C9orf169
12	96051583	96184930	ENSG00000074527	NTN4
5	175085033	175113245	ENSG00000113749	HRH2
9	140122018	140124090	ENSG00000233198	RNF224
X	133930819	133988640	ENSG00000156500	FAM122C
7	155089486	155101945	ENSG00000186480	INSIG1
10	97803151	97820627	ENSG00000107443	CCNJ
7	12610203	12693228	ENSG00000006747	SCIN
9	140125209	140131006	ENSG00000198569	SLC34A3
9	77112281	77308093	ENSG00000198963	RORB
3	87276421	87304698	ENSG00000083937	CHMP2B
4	42410390	42659122	ENSG00000124406	ATP8A1
HSCHR6_MHC_MCF	30105180	30111187	ENSG00000236808	ZNRD1
19	50353992	50364001	ENSG00000104960	PTOV1
5	175223313	175311023	ENSG00000145920	CPLX2
12	2906302	2913104	ENSG00000258092	RP4-816N1.7
13	102104966	102375456	ENSG00000198542	ITGBL1
19	11616731	11639989	ENSG00000130159	ECSIT
12	2969115	2969199	ENSG00000222493	Y_RNA
12	3038131	3038191	ENSG00000238689	RNU7-166P
12	3063406	3063504	ENSG00000252996	RNU6-1315P
12	3150603	3154116	ENSG00000250899	RP11-253E3.3
12	3180698	3181314	ENSG00000234589	RP11-253E3.1
12	3258963	3260642	ENSG00000256197	TSPAN9-IT1
5	149432854	149492935	ENSG00000182578	CSF1R
2	47922669	48037240	ENSG00000116062	MSH6
9	140135665	140138159	ENSG00000188229	TUBB4B
2	99757948	99767950	ENSG00000273045	C2ORF15
17	29295803	29326929	ENSG00000181481	RNF135
4	83821837	83841122	ENSG00000168152	THAP9
12	3320775	3321096	ENSG00000227081	RP11-543P15.1
12	41582250	41968392	ENSG00000165966	PDZRN4
17	62461569	62464760	ENSG00000271605	MILR1
14	102783714	102809044	ENSG00000022976	ZNF839
12	3405368	3409390	ENSG00000250770	RP5-1063M23.1
HSCHR6_MHC_SSTO	30179165	30328137	ENSG00000257212	BX248419.1
12	3427884	3434509	ENSG00000236908	RP5-1063M23.2
1	6324329	6454451	ENSG00000097021	ACOT7
12	3476999	3480512	ENSG00000257048	RP11-476M19.2
16	4932508	5010742	ENSG00000118898	PPL
HSCHR6_MHC_MCF	30112987	30116611	ENSG00000237403	PPP1R11
9	140138036	140142222	ENSG00000188163	FAM166A
17	39032193	39041479	ENSG00000171431	KRT20
13	102372134	103054124	ENSG00000102466	FGF14
10	105889646	105992120	ENSG00000197748	WDR96
2	234742062	234763212	ENSG00000123485	HJURP
17	62473902	62493154	ENSG00000256525	POLG2
12	12628829	12715317	ENSG00000111266	DUSP16
6	64345725	64489229	ENSG00000118482	PHF3
6	30294256	30311506	ENSG00000204599	TRIM39
20	30458505	30532764	ENSG00000131044	TTLL9
9	140145713	140147934	ENSG00000197768	C9orf173
X	57931864	57937067	ENSG00000198205	ZXDA
HSCHR6_MHC_MCF	30116544	30122165	ENSG00000230332	RNF39
17	39078948	39093886	ENSG00000108244	KRT23
12	3571884	3572752	ENSG00000256691	RP11-476M19.3
X	62567107	62571223	ENSG00000186767	SPIN4
11	118620034	118661858	ENSG00000110367	DDX6
18	12081539	12085266	ENSG00000267722	RP11-815J4.1
3	122130715	122134882	ENSG00000196981	WDR5B
18	12091673	12093140	ENSG00000267478	RP11-815J4.5
18	12098426	12098531	ENSG00000200827	RNU6-324P
18	12101996	12102469	ENSG00000267162	RP11-815J4.4
18	11882621	11909222	ENSG00000154889	MPPE1
9	140149625	140167998	ENSG00000188986	NELFB
18	12192202	12192933	ENSG00000267116	RP11-64C12.7
18	12200778	12201978	ENSG00000267643	RP11-64C12.4
17	5322961	5336196	ENSG00000129197	RPAIN
19	589893	617159	ENSG00000099822	HCN2
18	12201981	12223538	ENSG00000267733	RP11-64C12.3
HSCHR5_1_CTG1	70098418	70169834	ENSG00000262057	MCCC2
2	99771418	99779620	ENSG00000144182	LIPT1
1	231762561	232177018	ENSG00000162946	DISC1
11	32605344	32627808	ENSG00000149100	EIF3M
18	12211377	12211806	ENSG00000267076	CCDC58P3
10	1017097	1034281	ENSG00000205740	AL359878.1
18	12230410	12231572	ENSG00000267247	RP11-64C12.6
18	12246588	12247054	ENSG00000267663	RP11-64C12.9
HSCHR6_MHC_SSTO	30283373	30303707	ENSG00000229929	TRIM39
18	12288307	12291487	ENSG00000267069	RP11-64C12.8
9	140172201	140177093	ENSG00000198113	TOR4A
X	62854847	63005426	ENSG00000131089	ARHGEF9
12	58118980	58135940	ENSG00000135439	AGAP2
18	12304090	12304193	ENSG00000199702	RNU6-170P
18	12400411	12400472	ENSG00000251937	RNU7-129P
13	103249353	103331521	ENSG00000134900	TPP2
18	12431581	12432232	ENSG00000256786	AP001029.1
11	118754475	118768508	ENSG00000160683	CXCR5
9	140194083	140196703	ENSG00000198435	NRARP
12	3578116	3578462	ENSG00000243507	RP11-476M19.1
18	12432896	12437634	ENSG00000267108	RP11-861E21.1
5	175344876	175461683	ENSG00000051596	THOC3
12	3797876	3799650	ENSG00000196138	AC005831.1
18	12438889	12448204	ENSG00000267199	RP11-861E21.2
12	3835388	3835493	ENSG00000222338	RNU6-174P
12	3948625	3951691	ENSG00000118976	HIN1L
18	12450446	12451041	ENSG00000267515	RP11-861E21.3
6	31973945	31974881	ENSG00000268923	AL645922.1
12	3980900	4019504	ENSG00000256862	RP11-664D1.1
18	12533423	12533524	ENSG00000238309	snoU13
22	41253081	41363838	ENSG00000196236	XPNPEP3
18	12670425	12671144	ENSG00000267249	RP11-973H7.3
18	12738964	12750067	ENSG00000266961	RP11-973H7.5
12	4130143	4135824	ENSG00000256969	RP11-320N7.2
16	48278207	48397033	ENSG00000102910	LONP2
3	122140796	122233792	ENSG00000114030	KPNA1
HSCHR5_1_CTG1	68609180	68609681	ENSG00000263071	CFL1P5
18	12739489	12749420	ENSG00000267654	RP11-973H7.4
12	4206617	4208685	ENSG00000256356	HSPA8P5
HSCHR5_1_CTG1	68629688	68630008	ENSG00000263197	CHCHD2P2
10	61786056	62493248	ENSG00000151150	ANK3
18	12760716	12760817	ENSG00000201466	Y_RNA
1	78409740	78444794	ENSG00000162613	FUBP1
18	12774650	12775922	ENSG00000260302	RP11-973H7.1
HSCHR5_1_CTG1	68751160	68751417	ENSG00000263996	Metazoa_SRP
18	12911185	12912022	ENSG00000267570	RP11-773H22.1
HSCHR5_1_CTG1	68765415	68765668	ENSG00000262864	RPS27P14
4	83831126	83934079	ENSG00000189308	LIN54
18	12912843	12913905	ENSG00000267336	RP11-773H22.2
HSCHR5_1_CTG1	68773020	68798008	ENSG00000262146	RP11-241G9.3
18	12984693	12991172	ENSG00000266969	RP11-773H22.4
15	74701630	74726808	ENSG00000138623	SEMA7A
11	118764584	118796317	ENSG00000186174	BCL9L
HSCHR5_1_CTG1	68774539	68774811	ENSG00000266528	Metazoa_SRP
18	13139779	13140488	ENSG00000267656	RP11-807E13.3
5	1798500	1801480	ENSG00000171421	MRPL36
HSCHR5_1_CTG1	68826198	68826302	ENSG00000261895	U6
18	13151636	13152688	ENSG00000267032	RP11-807E13.2
HSCHR5_1_CTG1	68834750	68834853	ENSG00000262205	snoU13
19	617223	633597	ENSG00000099821	POLRMT
HSCHR5_1_CTG1	68889083	68890825	ENSG00000262977	RP11-1151M9.1
18	13183401	13185616	ENSG00000267286	RP11-794M8.2
17	41052814	41065386	ENSG00000131482	G6PC
HSCHR6_MHC_DBB	31680530	31689717	ENSG00000226248	CLIC1
18	13203773	13216366	ENSG00000267239	RP11-794M8.1
HSCHR5_1_CTG1	69050904	69144625	ENSG00000263113	RP11-124L9.2
14	70193617	70238722	ENSG00000100650	SRSF5
18	13234944	13236469	ENSG00000267177	RP11-756J15.3
18	13362202	13366242	ENSG00000267393	RP11-691H4.3
12	4218827	4227298	ENSG00000242444	RP11-320N7.1
18	13419420	13427479	ENSG00000267690	LDLRAD4-AS1
X	101137262	101187004	ENSG00000166432	ZMAT1
HSCHR5_1_CTG1	69054485	69055468	ENSG00000262391	RP11-846E15.4
3	87308554	87325737	ENSG00000064835	POU1F1
18	13459946	13460025	ENSG00000266146	MIR5190
2	99771461	99811761	ENSG00000273155	MRPL30
HSCHR5_1_CTG1	69057393	69058099	ENSG00000262989	RP11-846E15.3
18	13461019	13470822	ENSG00000267694	RP11-691H4.4
6	114376750	114664209	ENSG00000249853	HS3ST5
12	4357931	4385350	ENSG00000256164	CCND2-AS1
11	32623792	32816204	ENSG00000186714	CCDC73
9	140201348	140317714	ENSG00000187609	EXD3
10	1034338	1065876	ENSG00000107937	GTPBP4
18	13471849	13472669	ENSG00000267529	RP11-53B2.1
18	13486461	13490675	ENSG00000267702	RP11-53B2.2
18	13500640	13501288	ENSG00000267366	RP11-53B2.5
18	13514519	13522887	ENSG00000267136	RP11-53B2.3
18	13526077	13526687	ENSG00000272746	RP11-53B2.6
18	13561398	13565034	ENSG00000267503	RP11-53B2.4
11	118795873	118829269	ENSG00000110375	UPK2
18	13611113	13611199	ENSG00000263527	MIR4526
18	13644814	13645684	ENSG00000266954	RP11-701H16.4
2	99777890	99797521	ENSG00000158411	MITD1
18	13665114	13665165	ENSG00000266606	AP001010.1
18	13715099	13715367	ENSG00000242707	RN7SL362P
18	13823914	13823985	ENSG00000211528	AP001525.1
18	13919602	13919922	ENSG00000243779	RP11-681N23.1
18	14053950	14054760	ENSG00000270469	RP11-411B10.8
18	14074911	14075740	ENSG00000267756	RP11-411B10.4
7	155149680	155160629	ENSG00000204960	BLACE
18	14089934	14091018	ENSG00000267150	RP11-411B10.2
18	14104541	14105225	ENSG00000267356	RP11-411B10.3
7	155174771	155189051	ENSG00000218672	AC008060.7
18	14118593	14118701	ENSG00000252234	AC006557.1
18	14137709	14139271	ENSG00000267704	RP11-411B10.6
11	118842417	118852001	ENSG00000176302	FOXR1
16	75032928	75144892	ENSG00000186187	ZNRF1
12	52203789	52206636	ENSG00000260415	AC068987.1
HSCHR6_MHC_SSTO	30302028	30303781	ENSG00000239927	RPP21
7	155250824	155257526	ENSG00000164778	EN2
18	14143595	14151138	ENSG00000267324	RP11-411B10.5
12	104164231	104234975	ENSG00000111696	NT5DC3
20	30532758	30539895	ENSG00000088356	PDRG1
18	14152998	14157341	ENSG00000175319	NF1P5
12	42475647	42538681	ENSG00000151233	GXYLT1
7	155266901	155326557	ENSG00000146910	CNPY1
5	149493400	149535435	ENSG00000113721	PDGFRB
12	4361901	4384231	ENSG00000255920	CCND2-AS2
8	25042238	25275598	ENSG00000147459	DOCK5
10	97951458	98031344	ENSG00000095585	BLNK
12	52281744	52285448	ENSG00000167612	ANKRD33
3	25639475	25706398	ENSG00000077097	TOP2B
HSCHR6_MHC_MCF	30149160	30159367	ENSG00000223531	TRIM31
18	14179096	14249455	ENSG00000186481	ANKRD20A5P
20	30555805	30591190	ENSG00000260903	XKR7
6	31982539	32003195	ENSG00000224389	C4B
2	209224438	209719227	ENSG00000144407	PTH2R
GL000209.1	147649	156325	ENSG00000217792	KIR3DL2
11	118868852	118886501	ENSG00000186166	CCDC84
16	75145758	75150669	ENSG00000166816	LDHD
2	234826043	234928166	ENSG00000144481	TRPM8
20	30598245	30619984	ENSG00000101331	CCM2L
18	14190699	14190805	ENSG00000212329	RNU6-316P
16	5008318	5069159	ENSG00000103184	SEC14L5
13	103338094	103346854	ENSG00000139780	METTL21C
18	14222007	14222330	ENSG00000266145	RHOT1P1
18	14244624	14252139	ENSG00000264222	RP11-757O6.1
19	50364461	50371166	ENSG00000039650	PNKP
12	12764761	12798042	ENSG00000111269	CREBL2
18	14337422	14342524	ENSG00000265787	CYP4F35P
X	134021656	134049297	ENSG00000101928	MOSPD1
18	14361433	14361942	ENSG00000265437	RP11-757O6.4
8	54958938	55014577	ENSG00000120992	LYPLA1
18	14377545	14378756	ENSG00000187589	TERF1P2
12	42550906	42632151	ENSG00000015153	YAF2
18	14391912	14393908	ENSG00000265296	FEM1AP2
13	103381801	103389159	ENSG00000175820	CCDC168
12	12813825	12849141	ENSG00000183150	GPR19
9	140317802	140328858	ENSG00000188747	NOXA1
19	11649532	11661138	ENSG00000130176	CNN1
14	102808956	102829253	ENSG00000100865	CINP
1	29445940	29450447	ENSG00000253304	TMEM200B
1	78444859	78483648	ENSG00000162616	DNAJB4
22	41255553	41258130	ENSG00000172404	DNAJB7
22	41347351	41369313	ENSG00000100387	RBX1
3	148880197	148939842	ENSG00000047457	CP
2	38294116	38337044	ENSG00000138061	CYP1B1
16	75182390	75206134	ENSG00000184517	ZFP1
13	103418340	103426161	ENSG00000151287	TEX30
HSCHR5_1_CTG1	69062740	69064595	ENSG00000262491	RP11-846E15.2
HSCHR6_MHC_MANN	31952850	31957964	ENSG00000204359	CFB
HSCHR5_1_CTG1	69062889	69063183	ENSG00000262041	RP11-974F13.1
17	62495734	62504317	ENSG00000108654	DDX5
21	47744036	47865682	ENSG00000160299	PCNT
HSCHR5_1_CTG1	69110379	69110816	ENSG00000263336	RP11-846E15.1
HSCHR5_1_CTG1	69122191	69122773	ENSG00000262957	RP11-124L9.5
1	29474255	29508499	ENSG00000116350	SRSF4
HSCHR5_1_CTG1	69145316	69148817	ENSG00000262932	RP11-124L9.3
HSCHR5_1_CTG1	69151881	69194073	ENSG00000263035	RP11-124L9.1
9	77337411	77503010	ENSG00000119121	TRPM6
1	78445226	78604133	ENSG00000137960	GIPC2
HSCHR5_1_CTG1	69165769	69169270	ENSG00000262034	RP11-124L9.4
HSCHR5_1_CTG1	69359870	69430017	ENSG00000263330	RP11-1264N5.1
HSCHR5_1_CTG1	69415951	69416918	ENSG00000262331	RP11-1151M9.3
HSCHR5_1_CTG1	69433886	69438199	ENSG00000262197	RP11-1305N21.2
HSCHR5_1_CTG1	69446751	69463695	ENSG00000262713	RP11-1305N21.3
HSCHR6_MHC_MCF	30182385	30195005	ENSG00000236399	TRIM40
1	154192655	154243986	ENSG00000143569	UBAP2L
HSCHR5_1_CTG1	69475596	69477340	ENSG00000262360	RP11-1275J23.2
3	88039846	88042919	ENSG00000179097	HTR1F
9	140328816	140336268	ENSG00000188833	ENTPD8
HSCHR5_1_CTG1	69515271	69515340	ENSG00000263922	AC138827.1
16	5074845	5084142	ENSG00000103174	NAGPA
15	74738318	74753523	ENSG00000138629	UBL7
17	39114669	39123144	ENSG00000196859	KRT39
HSCHR5_1_CTG1	69517117	69536103	ENSG00000262474	RP11-1275J23.3
HSCHR5_1_CTG1	69531524	69531627	ENSG00000264351	snoU13
16	75237994	75241083	ENSG00000168928	CTRB2
17	11880756	11900827	ENSG00000154957	ZNF18
HSCHR5_1_CTG1	69545807	69571649	ENSG00000262915	RP11-1280N14.3
HSCHR5_1_CTG1	69575889	69576183	ENSG00000263188	CDH12P4
11	32851489	32879669	ENSG00000135378	PRRG4
3	88101094	88199035	ENSG00000163320	CGGBP1
HSCHR5_1_CTG1	69640521	69650987	ENSG00000262641	RP11-124L9.6
3	52558386	52569070	ENSG00000168268	NT5DC2
16	48390275	48482313	ENSG00000196470	SIAH1
13	103436631	103451357	ENSG00000134901	KDELC1
15	49005125	49103343	ENSG00000103995	CEP152
1	78769568	79005434	ENSG00000122420	PTGFR
22	41487790	41576081	ENSG00000100393	EP300
11	118886422	118889401	ENSG00000118181	RPS25
1	232533711	232697304	ENSG00000116991	SIPA1L2
16	75252898	75258822	ENSG00000168925	CTRB1
2	85912298	85925977	ENSG00000115523	GNLY
X	63404997	63425624	ENSG00000184675	AMER1
HSCHR6_MHC_SSTO	30448676	30453414	ENSG00000230254	HLA-E
6	116252312	116381921	ENSG00000111816	FRK
19	11661962	11670051	ENSG00000130165	ELOF1
13	103451399	103493885	ENSG00000134897	BIVM
11	32914724	33014862	ENSG00000060749	QSER1
X	101380660	101382683	ENSG00000184905	TCEAL2
X	63444076	63450511	ENSG00000198881	ASB12
14	89591215	90085493	ENSG00000053254	FOXN3
11	72287185	72385635	ENSG00000186642	PDE2A
6	64429876	66417118	ENSG00000188107	EYS
2	220094479	220101391	ENSG00000163516	ANKZF1
X	101395448	101397942	ENSG00000204071	TCEAL6
1	79085607	79111830	ENSG00000137959	IFI44L
5	175476681	175489024	ENSG00000248469	RP11-826N14.2
3	122246771	122283424	ENSG00000138496	PARP9
12	4433538	4433977	ENSG00000213970	RP11-264F23.1
16	48572637	48654059	ENSG00000102921	N4BP1
HSCHR6_MHC_MCF	30198208	30207199	ENSG00000229381	TRIM10
X	101408680	101411029	ENSG00000184515	BEX5
X	63444187	63615333	ENSG00000102043	MTMR8
7	155403925	155437899	ENSG00000216895	AC009403.2
12	4711157	4712586	ENSG00000256748	RP11-234B24.5
12	12867992	12875305	ENSG00000111276	CDKN1B
19	639879	643703	ENSG00000070388	FGF22
1	232940643	232946092	ENSG00000212916	MAP10
13	103459704	103524748	ENSG00000270181	BIVM-ERCC5
10	75183339	75193319	ENSG00000166343	MSS51
7	12726481	12730559	ENSG00000122644	ARL4A
1	29519385	29557454	ENSG00000116353	MECR
1	233086351	233119628	ENSG00000135778	NTPCR
12	12878851	12982909	ENSG00000178878	APOLD1
11	33037410	33055128	ENSG00000121690	DEPDC7
3	88108424	88188123	ENSG00000229729	RP11-159G9.5
2	10861775	10925236	ENSG00000143882	ATP6V1C2
12	4744515	4745306	ENSG00000256799	RP11-500M8.6
18	14450215	14450882	ENSG00000266605	LONRF2P1
17	56769934	56811703	ENSG00000108384	RAD51C
19	11670189	11729950	ENSG00000198551	ZNF627
8	103265240	103425069	ENSG00000104517	UBR5
18	14477954	14499277	ENSG00000265766	CXADRP3
HSCHR6_MHC_SSTO	30500573	30516369	ENSG00000226882	GNL1
20	30639991	30689659	ENSG00000101336	HCK
18	14485805	14487500	ENSG00000266242	GRAMD4P7
18	14531675	14531781	ENSG00000200132	RNU6-1021P
5	1801514	1816719	ENSG00000145494	NDUFS6
18	14570843	14571787	ENSG00000265340	OR4K7P
19	647526	663277	ENSG00000070423	RNF126
18	14613136	14614183	ENSG00000266693	OR4K8P
18	14629831	14632805	ENSG00000264570	SNX19P3
13	103497194	103528345	ENSG00000134899	ERCC5
16	75262928	75301951	ENSG00000050820	BCAR1
18	14759187	14759293	ENSG00000200645	RNU6-1210P
4	3246096	3273465	ENSG00000188981	MSANTD1
18	14771248	14771326	ENSG00000265481	AP006564.1
18	14816150	14825248	ENSG00000265737	RP11-1157N2__B.2
12	4754662	4757193	ENSG00000256381	RP11-500M8.4
17	5336097	5352150	ENSG00000108561	C1QBP
12	4809583	4829268	ENSG00000255474	RP11-234B24.2
18	14830165	14830241	ENSG00000265499	MIR3156-2
12	4915708	4917807	ENSG00000256988	RP11-234B24.4
18	14877610	14884051	ENSG00000265786	RP11-527H14.6
16	49311828	49315742	ENSG00000102924	CBLN1
12	4948121	4951841	ENSG00000255608	RP3-377H17.2
12	5127631	5130879	ENSG00000256790	RP11-429A20.3
18	14888708	14890085	ENSG00000264061	FGF7P1
9	77561497	77567802	ENSG00000135045	C9orf40
12	5132848	5134758	ENSG00000256654	RP11-429A20.4
18	14903579	14915627	ENSG00000263618	RP11-527H14.4
5	175487692	175559261	ENSG00000182230	FAM153B
12	52300692	52317145	ENSG00000139567	ACVRL1
18	14946266	14973769	ENSG00000266554	RP11-527H14.2
HSCHR5_1_CTG1	69863007	69957472	ENSG00000262417	RP11-136K7.2
2	38522022	38604427	ENSG00000119787	ATL2
HSCHR5_1_CTG1	69883824	69886046	ENSG00000263095	RP11-136K7.3
18	14969000	14970467	ENSG00000264301	RP11-527H14.3
16	49407734	49433342	ENSG00000166152	C16orf78
2	128848774	128953251	ENSG00000136731	UGGT1
HSCHR5_1_CTG1	69886934	69897142	ENSG00000263349	AC145141.1
18	14978738	14979838	ENSG00000263821	RP11-527H14.1
X	64136250	64254593	ENSG00000126970	ZC4H2
18	15003974	15006351	ENSG00000266522	RP11-805F19.4
18	15075444	15122766	ENSG00000263635	RP11-805F19.2
18	15090177	15090457	ENSG00000266544	RN7SL662P
12	12966250	12982915	ENSG00000213782	DDX47
X	101470280	101581634	ENSG00000185554	NXF2
HSCHR5_1_CTG1	69898425	69898512	ENSG00000264498	AC139463.1
1	79115481	79129763	ENSG00000137965	IFI44
18	15159723	15164466	ENSG00000264880	RP11-805F19.1
19	50372295	50381716	ENSG00000204673	AKT1S1
5	1877541	1887350	ENSG00000113430	IRX4
HSCHR5_1_CTG1	69956746	69957699	ENSG00000261989	RP11-136K7.1
18	15196998	15197774	ENSG00000265015	RP11-454P7.3
9	77595936	77643339	ENSG00000156017	C9orf41
HSCHR5_1_CTG1	69986891	69987446	ENSG00000262726	RP11-1174L13.2
18	15247428	15247996	ENSG00000265631	BNIP3P3
HSCHR5_1_CTG1	70048782	70048976	ENSG00000262274	HMGN1P12
3	88188254	88193815	ENSG00000175105	ZNF654
18	15254417	15271743	ENSG00000266818	RP11-454P7.1
5	149546358	149564120	ENSG00000113722	CDX1
18	15307662	15330281	ENSG00000215512	AP005901.1
3	88198893	88217879	ENSG00000179021	C3orf38
12	5141554	5142107	ENSG00000255996	RP11-429A20.2
12	5343163	5352317	ENSG00000256115	RP11-319E16.1
5	73935848	74018472	ENSG00000049860	HEXB
19	11685475	11689823	ENSG00000102575	ACP5
7	155437145	155574179	ENSG00000184863	RBM33
22	41601209	41627275	ENSG00000100395	L3MBTL2
18	15320839	15320943	ENSG00000222087	RNU6-721P
18	18642344	18642434	ENSG00000216205	AC036178.1
18	18699143	18699622	ENSG00000244527	RP11-254G11.1
18	18700365	18700467	ENSG00000251886	RNU6-120P
5	149569520	149602351	ENSG00000011083	SLC6A7
18	18762464	18763460	ENSG00000263748	EXOGP1
18	18820636	18821332	ENSG00000265984	RP11-699A5.2
13	103696350	103719196	ENSG00000125255	SLC10A2
18	18896839	18897756	ENSG00000265948	RP11-296E23.2
18	18960247	19030978	ENSG00000265751	RP11-296E23.1
18	19030614	19030717	ENSG00000221139	SNORD23
18	19210099	19213485	ENSG00000263350	RP11-13N13.2
18	19241748	19242356	ENSG00000264188	RP11-13N13.5
18	19253589	19262522	ENSG00000265656	RP11-13N13.6
18	19263471	19263558	ENSG00000221493	MIR320C1
18	19291911	19292080	ENSG00000252677	SNORA81
18	19304080	19304190	ENSG00000200750	Y_RNA
18	19356839	19356938	ENSG00000264183	AC091038.1
18	19373844	19374118	ENSG00000242971	RN7SL233P
1	233119181	233431459	ENSG00000135749	PCNXL2
11	118889142	118896164	ENSG00000196655	TRAPPC4
14	102829300	102968818	ENSG00000196663	TECPR2
16	5083703	5137380	ENSG00000033011	ALG1
18	19397585	19397789	ENSG00000199977	SNORA73
15	74833518	74890472	ENSG00000179361	ARID3B
3	89156674	89531284	ENSG00000044524	EPHA3
18	19405448	19411371	ENSG00000265142	MIR1-2
16	75327596	75467383	ENSG00000153774	CFDP1
18	19434601	19434948	ENSG00000243303	RP11-268I9.1
18	19451407	19473957	ENSG00000264149	RP11-268I9.3
18	19459762	19459865	ENSG00000252325	RNU6-1038P
18	19494330	19494621	ENSG00000264289	RP11-268I9.4
12	123464607	123467456	ENSG00000182196	ARL6IP4
1	79355449	79472403	ENSG00000162618	ELTD1
HSCHR6_MHC_MANN	32072022	32105429	ENSG00000236221	TNXB
13	106118216	106143383	ENSG00000182346	DAOA
9	77675489	77703133	ENSG00000106733	NMRK1
11	33060963	33127489	ENSG00000176148	TCP11L1
5	149599054	149669854	ENSG00000070808	CAMK2A
6	116422012	116570660	ENSG00000178425	NT5DC1
21	47878812	47989926	ENSG00000160305	DIP2A
14	70242134	70264006	ENSG00000100652	SLC10A1
8	55047770	55060461	ENSG00000137547	MRPL15
2	210288782	210598842	ENSG00000078018	MAP2
16	75446582	75498604	ENSG00000261717	RP11-77K12.1
9	140342022	140353786	ENSG00000165802	NSMF
15	49115932	49255641	ENSG00000185634	SHC4
12	96196875	96217085	ENSG00000258292	RP11-536G4.1
12	42624050	42628075	ENSG00000269367	AC020629.1
13	107142079	107187462	ENSG00000125266	EFNB2
16	75476952	75499395	ENSG00000166822	TMEM170A
16	49521435	49891830	ENSG00000102935	ZNF423
10	75196186	75255782	ENSG00000107758	PPP3CB
HSCHR6_MHC_MANN	32155583	32161597	ENSG00000229488	PRRT1
12	96252706	96297606	ENSG00000139343	SNRPF
X	134124968	134126501	ENSG00000184785	SMIM10
HSCHR6_MHC_MCF	30209467	30218957	ENSG00000235905	TRIM15
X	134154543	134156559	ENSG00000212747	FAM127C
1	6472478	6484730	ENSG00000069812	HES2
7	13930853	14031050	ENSG00000006468	ETV1
13	107194021	107220512	ENSG00000134884	ARGLU1
X	134166333	134167576	ENSG00000134590	FAM127A
17	11924141	12047147	ENSG00000065559	MAP2K4
16	75510949	75529282	ENSG00000183196	CHST6
14	70320848	70499083	ENSG00000198732	SMOC1
9	77703459	77762181	ENSG00000134996	OSTF1
8	55370495	55373448	ENSG00000164736	SOX17
X	134184962	134186226	ENSG00000203950	FAM127B
16	75562430	75579326	ENSG00000260092	RP11-77K12.7
6	116440086	116479910	ENSG00000123500	COL10A1
19	676392	683385	ENSG00000070404	FSTL3
4	3294755	3441640	ENSG00000159788	RGS12
13	107820883	108519083	ENSG00000204442	FAM155A
17	39133968	39143387	ENSG00000204889	KRT40
16	75562433	75569145	ENSG00000135702	CHST5
2	85978467	86015189	ENSG00000168874	ATOH8
6	116442320	116443093	ENSG00000234188	AL121963.1
4	42895284	43032675	ENSG00000215203	GRXCR1
18	19508946	19509055	ENSG00000222520	RNA5SP451
X	134290461	134305322	ENSG00000169551	CT55
6	116571151	116575261	ENSG00000187189	TSPYL4
18	19561082	19631120	ENSG00000265758	RP11-595B24.1
HSCHR6_MHC_SSTO	30516081	30522918	ENSG00000229202	PRR3
18	19579530	19579612	ENSG00000265568	AC091043.1
19	50380682	50392005	ENSG00000104946	TBC1D17
18	19710564	19710690	ENSG00000221363	RNU6ATAC20P
1	6484848	6521430	ENSG00000187017	ESPN
18	19746859	19748929	ENSG00000266010	GATA6-AS1
17	39149686	39150385	ENSG00000212899	KRTAP3-3
18	19755426	19756623	ENSG00000264012	RP11-627G18.2
16	50058321	50070999	ENSG00000205423	CNEP1R1
13	108859787	108870716	ENSG00000174405	LIG4
18	19760073	19760179	ENSG00000201852	RNU6-702P
18	19780582	19785192	ENSG00000266283	RP11-627G18.1
8	55528627	55543394	ENSG00000104237	RP1
18	19793741	19807992	ENSG00000264825	RP11-627G18.4
16	75572015	75590184	ENSG00000205084	TMEM231
19	685521	695460	ENSG00000185198	PRSS57
18	19840539	19840640	ENSG00000238907	snoU13
18	19927809	19928215	ENSG00000273348	RP11-535A5.1
18	19998792	19999257	ENSG00000270855	RP11-863N1.4
18	20166428	20167190	ENSG00000239490	RPS4XP18
18	20227545	20227651	ENSG00000206827	RNU6-1032P
18	20279444	20513727	ENSG00000265943	RP11-739L10.1
13	108870727	108886603	ENSG00000139826	ABHD13
17	74523438	74547257	ENSG00000161544	CYGB
18	20303454	20487684	ENSG00000266850	RP11-370A5.1
15	74890841	74932057	ENSG00000179335	CLK3
12	96260826	96336752	ENSG00000165972	CCDC38
18	20462788	20463320	ENSG00000273232	RP11-370A5.2
4	44175926	44450824	ENSG00000183783	KCTD8
HSCHR6_MHC_MCF	30230672	30259555	ENSG00000231641	TRIM26
18	20480449	20480958	ENSG00000265939	UBE2CP2
6	116575336	116762424	ENSG00000111817	DSE
18	20481487	20481589	ENSG00000238537	snoU13
3	52568029	52613253	ENSG00000168273	SMIM4
18	20513312	20513401	ENSG00000264817	MIR4741
18	20584527	20584820	ENSG00000242182	RN7SL745P
18	20604559	20604666	ENSG00000223023	Y_RNA
18	20716399	20716476	ENSG00000222999	AC105247.1
1	233463514	233520894	ENSG00000143674	MLK4
11	118914900	118927913	ENSG00000149428	HYOU1
18	20837128	20840318	ENSG00000266495	RP11-17J14.2
18	21036335	21036431	ENSG00000199357	Y_RNA
18	21161980	21162085	ENSG00000199366	Y_RNA
18	21252217	21252712	ENSG00000267752	RPS10P27
2	86066267	86116137	ENSG00000115525	ST3GAL5
18	21289789	21290251	ENSG00000267301	RPL23AP77
4	44624086	44680573	ENSG00000177752	YIPF7
13	108903588	108960832	ENSG00000102524	TNFSF13B
5	50678921	50690564	ENSG00000016082	ISL1
18	21474079	21474170	ENSG00000221389	AC010754.1
18	21537718	21562520	ENSG00000265752	RP11-403A21.1
19	708953	748329	ENSG00000099864	PALM
18	21574177	21595303	ENSG00000264745	RP11-403A21.2
18	21656758	21679284	ENSG00000265204	RP11-403A21.3
16	75600249	75611779	ENSG00000034713	GABARAPL2
18	21693601	21700967	ENSG00000264924	RP11-799B12.2
4	83955600	83996971	ENSG00000138663	COPS4
18	21704134	21704249	ENSG00000206863	RNU5A-6P
17	39155447	39156138	ENSG00000212900	KRTAP3-2
18	21739473	21742175	ENSG00000265750	RP11-799B12.4
18	21750469	21750587	ENSG00000199874	RNA5SP452
2	162848751	162931052	ENSG00000197635	DPP4
17	39164773	39175576	ENSG00000212901	KRTAP3-1
12	52345451	52390862	ENSG00000135503	ACVR1B
15	49170083	49172380	ENSG00000255302	EID1
2	99797542	99814089	ENSG00000185414	MRPL30
1	233749750	233808258	ENSG00000135750	KCNK1
17	39182278	39183454	ENSG00000221852	KRTAP1-5
2	234959323	234985778	ENSG00000072080	SPP2
8	56014949	56454613	ENSG00000206579	XKR4
17	39185949	39186356	ENSG00000204887	KRTAP1-4
18	21798264	21798368	ENSG00000206766	RNU6-435P
9	78505560	78977255	ENSG00000099139	PCSK5
17	39190142	39191107	ENSG00000221880	KRTAP1-3
12	42632249	42853517	ENSG00000134283	PPHLN1
8	56047763	56054918	ENSG00000253976	RP11-386G21.1
17	39196811	39197713	ENSG00000188581	KRTAP1-1
17	74523668	74549660	ENSG00000214140	PRCD
22	41625517	41636938	ENSG00000100399	CHADL
8	56074043	56077287	ENSG00000253857	RP11-386G21.2
12	5399646	5492819	ENSG00000256417	RP11-1038A11.3
11	33098734	33183917	ENSG00000176102	CSTF3
17	39202793	39203568	ENSG00000212725	KRTAP2-1
12	5425127	5428513	ENSG00000256146	RP11-319E16.2
12	5475214	5476940	ENSG00000256218	RP11-1038A11.2
1	234040679	234460262	ENSG00000183780	SLC35F3
17	39210750	39211482	ENSG00000214518	KRTAP2-2
16	75630879	75657198	ENSG00000065457	ADAT1
2	220101328	220110200	ENSG00000163521	GLB1L
18	11981024	12030876	ENSG00000141401	IMPA2
19	11832080	11849824	ENSG00000197933	ZNF823
5	2745959	2752969	ENSG00000170561	IRX2
17	39215495	39216344	ENSG00000212724	KRTAP2-3
8	25276776	25282170	ENSG00000147437	GNRH1
17	56833230	57058983	ENSG00000175175	PPM1E
1	234509202	234519795	ENSG00000168275	COA6
10	1064847	1071799	ENSG00000148377	IDI2
5	51303865	51376821	ENSG00000248789	CTD-2203A3.1
HSCHR6_MHC_MCF	30535711	30540449	ENSG00000225201	HLA-E
12	5497755	5515817	ENSG00000255983	RP11-1038A11.1
HSCHR6_MHC_MANN	32160665	32179182	ENSG00000168452	PPT2
6	30297359	30314631	ENSG00000248167	TRIM39-RPP21
12	5692963	5693251	ENSG00000255973	RP11-592H6.3
7	122337766	122339210	ENSG00000188050	RNF133
12	6204867	6205136	ENSG00000240533	RN7SL69P
17	39221369	39222131	ENSG00000213417	KRTAP2-4
12	6264201	6269885	ENSG00000255775	RP3-454B23.1
12	6343511	6343621	ENSG00000202318	Y_RNA
12	6379325	6379591	ENSG00000256103	RP1-96H9.5
7	122341718	122343021	ENSG00000235631	RNF148
17	39240459	39241396	ENSG00000240871	KRTAP4-7
16	5094123	5116111	ENSG00000153446	C16orf89
19	11877815	11894893	ENSG00000197044	ZNF441
12	6453720	6453999	ENSG00000265388	RN7SL391P
X	134382867	134478012	ENSG00000186376	ZNF75D
12	6503071	6504235	ENSG00000256433	RP1-102E24.8
7	122634759	122635754	ENSG00000128519	TAS2R16
5	175665365	175772994	ENSG00000170085	SIMC1
1	234527059	234614849	ENSG00000059588	TARBP1
8	25285366	25315992	ENSG00000104756	KCTD9
12	96337071	96362370	ENSG00000139344	AMDHD1
8	56608983	56685966	ENSG00000167904	TMEM68
6	4049668	4087578	ENSG00000145975	FAM217A
1	6521211	6526255	ENSG00000215788	TNFRSF25
19	11908482	11920437	ENSG00000177599	ZNF491
13	109248500	109860355	ENSG00000041515	MYO16
9	79000433	79009433	ENSG00000135002	RFK
X	134478721	134497077	ENSG00000173275	ZNF449
7	122753585	122840040	ENSG00000081800	SLC13A1
10	105995114	106027217	ENSG00000148834	GSTO1
5	52083730	52255040	ENSG00000213949	ITGA1
3	189349205	189615068	ENSG00000073282	TP63
17	39253233	39254393	ENSG00000204880	KRTAP4-8
19	11925099	11946016	ENSG00000171295	ZNF440
18	12093852	12129748	ENSG00000181626	ANKRD62
19	751126	764319	ENSG00000099812	MISP
1	154244987	154248351	ENSG00000143575	HAX1
19	50392911	50432796	ENSG00000104951	IL4I1
2	99858709	99871745	ENSG00000185674	LYG2
6	116597741	116601066	ENSG00000189241	TSPYL1
6	86267696	86324952	ENSG00000271793	RP11-321N4.5
1	234740015	234745271	ENSG00000168264	IRF2BP2
16	75661622	75682541	ENSG00000065427	KARS
10	1085848	1095110	ENSG00000067064	IDI1
2	235401685	235405697	ENSG00000188042	ARL4C
9	79034752	79122332	ENSG00000187210	GCNT1
X	134654584	134716435	ENSG00000165359	DDX26B
5	149675906	149718870	ENSG00000183876	ARSI
12	6518803	6519179	ENSG00000213942	RP1-102E24.1
1	235272651	235292251	ENSG00000173726	TOMM20
X	101470280	101567445	ENSG00000215046	TCP11X1
20	30697309	30755061	ENSG00000101337	TM9SF4
6	116782533	116784934	ENSG00000188820	FAM26F
18	12254318	12277594	ENSG00000176194	CIDEA
17	57059999	57184282	ENSG00000108395	TRIM37
9	140354404	140444986	ENSG00000130653	PNPLA7
3	122283085	122294050	ENSG00000163840	DTX3L
X	64708615	64727767	ENSG00000102053	ZC3H12B
16	50099852	50140298	ENSG00000155393	HEATR3
5	2752245	2755508	ENSG00000186493	C5orf38
22	41641615	41682255	ENSG00000100401	RANGAP1
17	29421945	29709134	ENSG00000196712	NF1
4	44680444	44702943	ENSG00000151806	GUF1
17	39257754	39258461	ENSG00000241241	KRTAP4-16P
12	6547664	6548018	ENSG00000224906	RP1-102E24.9
17	39261584	39262740	ENSG00000212722	KRTAP4-9
14	102973179	102976136	ENSG00000156381	ANKRD9
1	235294498	235324772	ENSG00000188739	RBM34
17	39273433	39274606	ENSG00000212721	KRTAP4-11
14	23389720	23398794	ENSG00000100462	PRMT5
8	103540968	103550896	ENSG00000253633	KB-1980E6.3
6	86318053	86353510	ENSG00000135316	SYNCRIP
12	6548167	6560733	ENSG00000215039	CD27-AS1
17	39279343	39280419	ENSG00000213416	KRTAP4-12
7	100400187	100425121	ENSG00000196411	EPHB4
2	235860617	235964358	ENSG00000130147	SH3BP4
8	103563800	103573245	ENSG00000155087	ODF1
17	39295685	39296739	ENSG00000198090	KRTAP4-6
17	39305178	39306054	ENSG00000198271	KRTAP4-5
17	39315910	39316983	ENSG00000171396	KRTAP4-4
13	110406184	110438915	ENSG00000185950	IRS2
HSCHR6_MHC_SSTO	30530573	30556377	ENSG00000225989	ABCF1
20	30780306	30795594	ENSG00000126003	PLAGL2
17	39323484	39324424	ENSG00000196156	KRTAP4-3
2	99900701	99921205	ENSG00000144214	LYG1
19	11959541	11994565	ENSG00000171291	ZNF439
11	33278218	33378569	ENSG00000110422	HIPK3
4	84011201	84058228	ENSG00000145287	PLAC8
17	80015382	80023763	ENSG00000169718	DUS1L
19	36014269	36019253	ENSG00000189001	SBSN
X	64732462	64754655	ENSG00000001497	LAS1L
3	122296449	122357894	ENSG00000173200	PARP15
12	6586880	6589373	ENSG00000256913	RP1-102E24.6
6	30312908	30314661	ENSG00000241370	RPP21
19	11998599	12025144	ENSG00000198429	ZNF69
18	12307668	12344319	ENSG00000176014	TUBB6
20	30795683	30826470	ENSG00000101346	POFUT1
HSCHR6_MHC_DBB	31689902	31714807	ENSG00000230293	MSH5
6	116816152	116866773	ENSG00000173626	TRAPPC3L
6	4079440	4131185	ENSG00000185689	C6orf201
19	797075	812327	ENSG00000011304	PTBP1
9	140445651	140447007	ENSG00000182154	MRPL41
19	12035883	12061588	ENSG00000196757	ZNF700
8	103661007	103668130	ENSG00000155090	KLF10
9	79226292	79521003	ENSG00000106772	PRUNE2
19	36024314	36036218	ENSG00000105679	GAPDHS
13	110801318	110959496	ENSG00000187498	COL4A1
14	103058998	103196913	ENSG00000089902	RCOR1
12	6619388	6619717	ENSG00000239002	SCARNA10
12	96366440	96390143	ENSG00000084110	HAL
5	175773064	175788971	ENSG00000122203	KIAA1191
HSCHR6_MHC_MCF	30587611	30603408	ENSG00000228581	GNL1
19	12035890	12091196	ENSG00000197054	ZNF763
5	3596168	3601517	ENSG00000170549	IRX1
9	140449356	140473387	ENSG00000148399	DPH7
1	154293566	154297801	ENSG00000143595	AQP10
17	5344232	5372380	ENSG00000005100	DHX33
16	75681684	75795770	ENSG00000166848	TERF2IP
20	30865467	30922814	ENSG00000101350	KIF3B
12	6641456	6642664	ENSG00000255966	RP5-940J5.3
12	6646960	6647536	ENSG00000269968	RP5-940J5.9
12	6652670	6654097	ENSG00000245667	RP5-940J5.8
17	74559792	74583038	ENSG00000070731	ST6GALNAC2
X	101615316	101726732	ENSG00000185945	NXF2B
1	29563028	29653325	ENSG00000060656	PTPRU
21	48018875	48025121	ENSG00000160307	S100B
4	84182689	84206067	ENSG00000173085	COQ2
2	99935445	99957165	ENSG00000115514	TXNDC9
12	123468027	123634562	ENSG00000090975	PITPNM2
19	36036497	36038428	ENSG00000105677	TMEM147
19	50410082	50433020	ENSG00000213024	NUP62
17	12569207	12672266	ENSG00000141052	MYOCD
16	50186829	50269221	ENSG00000121274	PAPD5
8	25316513	25365436	ENSG00000184661	CDCA2
2	162999392	163008914	ENSG00000115263	GCG
6	116832809	116845955	ENSG00000178033	FAM26E
14	90095265	90109015	ENSG00000258792	RP11-944C7.1
9	140476531	140484942	ENSG00000165724	ZMYND19
17	74620843	74639920	ENSG00000070526	ST6GALNAC1
12	6687788	6693905	ENSG00000247853	RP5-940J5.6
9	79634571	79635869	ENSG00000204612	FOXB2
12	6690640	6690775	ENSG00000251898	SCARNA11
12	6772426	6781235	ENSG00000219410	RP4-761J14.8
1	235294949	235491534	ENSG00000054267	ARID4B
HSCHR6_MHC_MANN	32171812	32175485	ENSG00000243897	EGFL8
GL000237.1	899	2487	ENSG00000268590	BAGE5
15	74922899	74988633	ENSG00000179151	EDC3
17	39333698	39334460	ENSG00000244537	KRTAP4-2
6	116850174	116880031	ENSG00000164451	FAM26D
17	39340354	39341594	ENSG00000198443	KRTAP4-1
1	81771845	82458120	ENSG00000117114	LPHN2
22	41685388	41685686	ENSG00000269104	AL035681.1
17	39344697	39346891	ENSG00000240542	KRTAP9-1
10	106028631	106064703	ENSG00000065621	GSTO2
16	75728367	75734089	ENSG00000214325	AC025287.1
17	39382900	39383904	ENSG00000239886	KRTAP9-2
14	90261013	90421121	ENSG00000140025	EFCAB11
5	5140443	5320417	ENSG00000145536	ADAMTS16
19	12035890	12090105	ENSG00000267179	ZNF763
17	39388715	39389705	ENSG00000204873	KRTAP9-3
17	39394297	39395256	ENSG00000187272	KRTAP9-8
17	39405939	39406904	ENSG00000241595	KRTAP9-4
6	30457244	30461982	ENSG00000204592	HLA-E
17	39411636	39412616	ENSG00000198083	KRTAP9-9
22	41697526	41756151	ENSG00000100403	ZC3H7B
9	140500106	140509812	ENSG00000197070	ARRDC1
21	48055079	48085036	ENSG00000160310	PRMT2
8	56685701	56738007	ENSG00000137574	TGS1
8	25699246	25902913	ENSG00000221818	EBF2
8	103838585	103906092	ENSG00000155096	AZIN1
13	110958159	111165374	ENSG00000134871	COL4A2
19	12125547	12146556	ENSG00000197647	ZNF433
3	25760435	25831530	ENSG00000151092	NGLY1
10	1095478	1178237	ENSG00000047056	WDR37
12	58120054	58122139	ENSG00000255737	AGAP2-AS1
7	123092454	123175131	ENSG00000164675	IQUB
11	33563618	33695648	ENSG00000110427	KIAA1549L
12	6818618	6818718	ENSG00000252186	RNU6-781P
16	5134305	5147809	ENSG00000118894	FAM86A
1	154298029	154323783	ENSG00000143515	ATP8B2
12	6832399	6832853	ENSG00000270068	RP4-761J14.9
12	6852151	6852807	ENSG00000269892	RP4-761J14.10
12	6893020	6893327	ENSG00000244532	RN7SL380P
20	30946155	31027122	ENSG00000171456	ASXL1
12	6982553	6993905	ENSG00000240370	RPL13P5
3	93591881	93692910	ENSG00000184500	PROS1
HSCHR6_MHC_MANN	32175416	32185300	ENSG00000227642	AGPAT1
12	6993846	6994950	ENSG00000248593	DSTNP2
2	236402733	237040444	ENSG00000157985	AGAP1
12	58131796	58143994	ENSG00000135452	TSPAN31
12	7052671	7053767	ENSG00000272173	U47924.31
2	163027194	163101661	ENSG00000078098	FAP
16	76311176	76593135	ENSG00000152910	CNTNAP4
HSCHR6_MHC_MCF	30603120	30609957	ENSG00000233564	PRR3
10	98064085	98098321	ENSG00000107447	DNTT
17	39421591	39422893	ENSG00000212659	KRTAP9-6
17	39431911	39432949	ENSG00000180386	KRTAP9-7
4	44684217	44728612	ENSG00000163281	GNPDA2
9	140509784	140513358	ENSG00000203993	C9orf37
4	3443614	3451211	ENSG00000109758	HGFAC
11	33719807	33722347	ENSG00000205177	C11orf91
2	86247339	86333278	ENSG00000068654	POLR1A
13	111175417	111214080	ENSG00000139832	RAB20
22	41763337	41795330	ENSG00000167074	TEF
16	50280048	50352046	ENSG00000121281	ADCY7
17	74668633	74707098	ENSG00000182534	MXRA7
18	12328943	12377313	ENSG00000141385	AFG3L2
12	52400724	52409673	ENSG00000161835	GRASP
1	235490665	235507847	ENSG00000152904	GGPS1
22	41829496	41843027	ENSG00000183864	TOB2
X	134847185	134857354	ENSG00000232478	CT45A1
13	111267881	111292340	ENSG00000213995	CARKD
15	75011883	75017951	ENSG00000140465	CYP1A1
11	33719807	33757991	ENSG00000085063	CD59
8	56792372	56923940	ENSG00000254087	LYN
17	5374571	5390131	ENSG00000072849	DERL2
22	41855721	41864729	ENSG00000100410	PHF5A
17	41102543	41132545	ENSG00000108825	PTGES3L-AARSD1
HSCHR6_MHC_SSTO	30559598	30577810	ENSG00000238104	PPP1R10
6	4115923	4135831	ENSG00000198721	ECI2
9	140513444	140764468	ENSG00000181090	EHMT1
2	210636717	210864024	ENSG00000144406	UNC80
10	106071894	106098162	ENSG00000148841	ITPRIP
6	116892530	116918838	ENSG00000111832	RWDD1
8	26149007	26230196	ENSG00000221914	PPP2R2A
19	50412758	50461648	ENSG00000269179	CTC-326K19.6
5	149737202	149779871	ENSG00000070814	TCOF1
6	30509154	30524951	ENSG00000204590	GNL1
19	36040945	36054560	ENSG00000105675	ATP4A
2	38789120	38830728	ENSG00000143889	HNRNPLL
1	235530675	235612283	ENSG00000116957	TBCE
4	46037786	46126098	ENSG00000163285	GABRG1
19	12128703	12163782	ENSG00000257355	CTD-2006C1.10
19	50431959	50437192	ENSG00000169136	ATF5
20	31030862	31172876	ENSG00000197183	C20orf112
14	103243813	103377837	ENSG00000131323	TRAF3
19	12154620	12167127	ENSG00000257446	ZNF878
18	12407895	12432237	ENSG00000141391	SLMO1
19	12175514	12192380	ENSG00000223547	ZNF844
4	84213614	84256306	ENSG00000173083	HPSE
19	12203078	12248050	ENSG00000214189	ZNF788
19	50452242	50464429	ENSG00000161640	SIGLEC11
HSCHR6_MHC_SSTO	30576907	30585593	ENSG00000223775	MRPS18B
10	62538089	62554610	ENSG00000170312	CDK1
5	175792471	175828866	ENSG00000175414	ARL10
21	9683191	9683272	ENSG00000238411	CR381670.1
21	9825832	9826011	ENSG00000264462	MIR3648
21	9826203	9826263	ENSG00000264063	MIR3687
15	75041185	75048543	ENSG00000140505	CYP1A2
19	12203078	12225491	ENSG00000188474	ZNF788
7	100424442	100464631	ENSG00000146828	SLC12A9
21	9907190	9968585	ENSG00000188681	TEKT4P2
13	111293759	111365950	ENSG00000134905	CARS2
1	235613238	235667781	ENSG00000162885	B3GALNT2
HSCHR6_MHC_MCF	30617610	30643414	ENSG00000236342	ABCF1
21	9937696	9937777	ENSG00000239179	CR392039.2
16	6069095	7763340	ENSG00000078328	RBFOX1
21	9937936	9938018	ENSG00000239107	CR392039.1
21	10199943	10200025	ENSG00000263839	CR381653.1
19	12203658	12251222	ENSG00000132010	ZNF20
21	10380380	10380661	ENSG00000264002	RN7SL52P
21	10385953	10386047	ENSG00000252199	SNORA70
7	14184674	15014402	ENSG00000136267	DGKB
1	84330711	84464833	ENSG00000137941	TTLL7
11	118955576	118964259	ENSG00000256269	HMBS
21	10475515	10476061	ENSG00000270533	bP-21201H5.1
11	72396114	72504644	ENSG00000186635	ARAP1
5	175810949	175815976	ENSG00000048162	NOP16
5	52083774	52099880	ENSG00000152684	PELO
21	10872119	10872429	ENSG00000235476	AF254982.2
X	64808257	64961791	ENSG00000147065	MSN
21	10899082	10900005	ENSG00000223925	SLC25A15P4
HSCHR6_MHC_MANN	32185558	32187997	ENSG00000228907	RNF5
21	10935976	10936167	ENSG00000227691	CYCSP41
12	7052979	7053041	ENSG00000238923	RNU7-1
3	122399465	122449687	ENSG00000173193	PARP14
2	10923517	10978103	ENSG00000143870	PDIA6
19	12242932	12267546	ENSG00000213297	ZNF625-ZNF20
5	74017029	74063196	ENSG00000164347	GFM2
19	36103646	36116251	ENSG00000249115	HAUS5
3	52579368	52719933	ENSG00000163939	PBRM1
4	46250444	46477247	ENSG00000151834	GABRA2
17	57187312	57232630	ENSG00000182628	SKA2
10	98102973	98119092	ENSG00000197430	OPALIN
17	39458078	39459103	ENSG00000212658	KRTAP29-1
12	7072408	7105520	ENSG00000126749	EMG1
1	154377669	154441926	ENSG00000160712	IL6R
19	12251032	12267546	ENSG00000257591	ZNF625
2	236682499	236692031	ENSG00000222007	AC064874.1
17	39463952	39465505	ENSG00000212657	KRTAP16-1
1	235710987	235814054	ENSG00000168243	GNG4
17	39471173	39471947	ENSG00000186860	KRTAP17-1
X	134866214	134874614	ENSG00000242185	CT45A2
2	237073879	237077012	ENSG00000168505	GBX2
17	39502344	39507064	ENSG00000006059	KRT33A
15	75074398	75095539	ENSG00000103653	CSK
17	39519746	39526052	ENSG00000131738	KRT33B
11	33762485	33796089	ENSG00000110429	FBXO3
HSCHR6_MHC_COX	28908184	28908844	ENSG00000237634	C6orf100
6	116937642	116954148	ENSG00000111834	RSPH4A
9	79792269	80036457	ENSG00000197969	VPS13A
6	69345259	70099403	ENSG00000135298	BAI3
X	134883488	134891885	ENSG00000232417	CT45A3
16	76587314	76669520	ENSG00000261833	RP11-58C22.1
X	101629549	101726732	ENSG00000215029	TCP11X2
16	50347398	50402845	ENSG00000166164	BRD7
4	3465033	3503200	ENSG00000175920	DOK7
2	99953816	100017789	ENSG00000158417	EIF5B
10	1228073	1779670	ENSG00000185736	ADARB2
HSCHR6_MHC_COX	28959158	28969698	ENSG00000223687	ZNF311
5	175815748	175816772	ENSG00000146066	HIGD2A
16	77224732	77236302	ENSG00000103111	MON1B
18	12446511	12658133	ENSG00000134278	SPIRE1
8	103876528	103990104	ENSG00000253320	KB-1507C5.2
2	237102095	237173052	ENSG00000182177	ASB18
2	220110177	220115059	ENSG00000115661	STK16
8	56979854	56987069	ENSG00000008988	RPS20
19	812518	821967	ENSG00000129951	LPPR3
HSCHR6_MHC_MANN	32188172	32191528	ENSG00000229058	AGER
HSCHR21_4_CTG1_1	34757299	34861212	ENSG00000262795	IFNGR2
17	39533902	39538655	ENSG00000131737	KRT34
4	3508103	3534286	ENSG00000163956	LRPAP1
20	31175281	31196695	ENSG00000204393	RP11-410N8.4
12	123636867	123728561	ENSG00000051825	MPHOSPH9
14	90421283	90511106	ENSG00000042088	TDP1
17	39549976	39553844	ENSG00000094796	KRT31
5	175819456	175843570	ENSG00000175416	CLTB
10	106113522	106214848	ENSG00000120051	CCDC147
16	77233294	77247112	ENSG00000205078	SYCE1L
17	12692856	12894960	ENSG00000006740	ARHGAP44
5	52285156	52390609	ENSG00000164171	ITGA2
1	31184124	31196434	ENSG00000162510	MATN1
19	825097	832017	ENSG00000172232	AZU1
20	31290493	31331803	ENSG00000149600	COMMD7
5	138677276	138705406	ENSG00000120727	PAIP2
X	101768604	101771712	ENSG00000158164	TMSB15A
HSCHR21_4_CTG1_1	34804792	34861875	ENSG00000263160	TMEM50B
22	41865129	41924993	ENSG00000100412	ACO2
17	39577005	39580775	ENSG00000108417	KRT37
10	12391481	12877545	ENSG00000183049	CAMK1D
7	155592680	155604967	ENSG00000164690	SHH
4	84328496	84377009	ENSG00000163312	HELQ
1	235824341	236046940	ENSG00000143669	LYST
16	8619502	8622304	ENSG00000232258	TMEM114
1	154442248	154474589	ENSG00000169291	SHE
19	12273879	12300064	ENSG00000196646	ZNF136
17	62502706	62538579	ENSG00000258890	CEP95
17	39592698	39597173	ENSG00000171360	KRT38
7	155755326	155759037	ENSG00000204876	AC021218.2
6	87647024	87726349	ENSG00000168830	HTR1E
1	31205316	31230667	ENSG00000162511	LAPTM5
7	156431057	156433348	ENSG00000244291	C7orf13
19	840963	848175	ENSG00000196415	PRTN3
9	140772241	141019076	ENSG00000148408	CACNA1B
6	87795216	87804824	ENSG00000135346	CGA
16	77281710	77469011	ENSG00000140873	ADAMTS18
HSCHR21_4_CTG1_1	34870054	34873585	ENSG00000262911	DNAJC28
X	101854096	101859087	ENSG00000125962	ARMCX5
1	31342314	31381608	ENSG00000162512	SDC3
5	138702885	138720242	ENSG00000170482	SLC23A1
19	12335501	12405702	ENSG00000197857	ZNF44
2	237232794	237416185	ENSG00000132321	IQCA1
2	220114433	220142892	ENSG00000127824	TUBA4A
8	26240414	26363152	ENSG00000104765	BNIP3L
21	10996026	11098980	ENSG00000187172	BAGE2
4	46736844	46911252	ENSG00000170516	COX7B2
6	32006042	32009447	ENSG00000231852	CYP21A2
X	134928331	134953994	ENSG00000228836	CT45A4
16	8715540	8740081	ENSG00000067365	METTL22
14	23415437	23426370	ENSG00000092036	HAUS4
7	156432975	156469824	ENSG00000105982	RNF32
8	57025501	57026541	ENSG00000172680	MOS
HSCHR21_4_CTG1_1	34880498	34925355	ENSG00000262473	GART
21	11153837	11155057	ENSG00000231962	VN1R7P
19	12428291	12444534	ENSG00000188868	ZNF563
21	11169720	11184046	ENSG00000271308	AP003900.6
10	62629196	62761198	ENSG00000072422	RHOBTB1
21	11180920	11181815	ENSG00000234643	EIF3FP1
12	96394606	96437298	ENSG00000111144	LTA4H
21	14371997	14389013	ENSG00000229306	AP001464.4
8	57073463	57123883	ENSG00000181690	PLAG1
1	154474695	154520623	ENSG00000163239	TDRD10
21	14410481	14439354	ENSG00000224309	ANKRD30BP2
19	12460185	12476719	ENSG00000198342	ZNF442
21	14419904	14420010	ENSG00000207097	RNU6-614P
21	14467626	14486111	ENSG00000168122	ZNF355P
22	41921808	41940610	ENSG00000100413	POLR3H
3	93698983	93774512	ENSG00000169379	ARL13B
21	14492565	14493128	ENSG00000237202	AJ239321.3
13	111365083	111373421	ENSG00000153487	ING1
21	14721586	14722969	ENSG00000185390	FGF7P2
8	104033291	104085279	ENSG00000155097	ATP6V1C1
4	46920917	46996424	ENSG00000109158	GABRA4
6	87862551	87973914	ENSG00000188994	ZNF292
X	65241580	65259967	ENSG00000155659	VSIG4
6	116956781	116989957	ENSG00000153975	ZUFSP
21	14756570	14800094	ENSG00000175302	ANKRD30BP1
16	50582241	50670647	ENSG00000140807	NKD1
17	74708919	74722866	ENSG00000070495	JMJD6
7	87834433	87856308	ENSG00000075142	SRI
21	14778705	14778781	ENSG00000266211	MIR3156-3
12	52416616	52453291	ENSG00000123358	NR4A1
21	14815694	14861497	ENSG00000226930	GTF2IP2
19	36119932	36128588	ENSG00000126254	RBM42
21	14848692	14849584	ENSG00000219280	VN1R8P
19	851014	856242	ENSG00000197561	ELANE
17	57232860	57282066	ENSG00000068489	PRR11
13	111521578	111522162	ENSG00000255874	LINC00346
6	70385694	70507003	ENSG00000168216	LMBRD1
21	14897920	14900900	ENSG00000228184	SNX19P1
21	14916603	14917506	ENSG00000179381	OR4K11P
21	14918354	14930782	ENSG00000228159	AP001465.5
9	11987	14522	ENSG00000236875	DDX11L5
8	104145191	104153703	ENSG00000236939	C8orf56
21	14953365	14954325	ENSG00000218549	OR4K12P
21	14993898	14994004	ENSG00000207476	RNU6-286P
21	15017096	15017171	ENSG00000266299	MIR3118-5
21	15038189	15039867	ENSG00000227874	GRAMD4P1
1	236139130	236228462	ENSG00000116962	NID1
21	15048343	15049437	ENSG00000214319	CXADRP1
19	12490003	12512088	ENSG00000268744	CTD-3105H18.14
21	15134659	15136653	ENSG00000229231	FEM1AP1
HSCHR6_MHC_COX	29008603	29009630	ENSG00000234101	OR2W1
21	15142253	15144061	ENSG00000224922	AL050303.7
19	859453	863453	ENSG00000197766	CFD
9	14511	29739	ENSG00000181404	XXyac-YRM2039.2
8	104152938	104242533	ENSG00000164929	BAALC
21	15148407	15149587	ENSG00000173231	TERF1P1
21	15164956	15165462	ENSG00000232797	FAM207CP
13	111530887	111567416	ENSG00000088448	ANKRD10
19	50479724	50529203	ENSG00000105053	VRK3
12	104235229	104238442	ENSG00000257327	RP11-650K20.3
21	15196727	15197956	ENSG00000224860	GXYLT1P2
21	15199017	15199948	ENSG00000215562	CNN2P7
2	128994290	129076151	ENSG00000136720	HS6ST1
5	175874629	175937075	ENSG00000113194	FAF2
12	58141510	58149796	ENSG00000135446	CDK4
21	15211439	15211730	ENSG00000234538	ZNF114P1
19	12500830	12512085	ENSG00000196466	ZNF799
21	15215454	15220685	ENSG00000228314	CYP4F29P
HSCHR6_MHC_COX	29050654	29051759	ENSG00000233180	OR2B3
20	31350191	31397162	ENSG00000088305	DNMT3B
9	80037995	80263223	ENSG00000156049	GNA14
HSCHR6_MHC_MCF	30646635	30664848	ENSG00000235291	PPP1R10
18	12658042	12663470	ENSG00000215527	AP005482.1
1	84543745	84704181	ENSG00000142875	PRKACB
19	12502763	12551896	ENSG00000268870	CTD-3105H18.16
8	57124245	57131357	ENSG00000170791	CHCHD7
10	75257296	75385711	ENSG00000166348	USP54
7	15239943	15601640	ENSG00000187546	AGMO
8	26362202	26371608	ENSG00000240694	PNMA2
17	39616063	39623681	ENSG00000108759	KRT32
19	12540521	12551926	ENSG00000180855	ZNF443
X	134945598	134953994	ENSG00000242284	CT45A5
HSCHR21_4_CTG1_1	34836774	34836866	ENSG00000266367	AC207981.1
9	27657	30891	ENSG00000227518	MIR1302-9
10	98124363	98273675	ENSG00000095587	TLL2
HSCHR21_4_CTG1_1	34863444	34864059	ENSG00000262148	RPS5P3
14	103388993	103399933	ENSG00000166126	AMN
17	5389605	5394134	ENSG00000167842	MIS12
HSCHR21_4_CTG1_1	34864363	34866122	ENSG00000263314	AP000302.58
9	34394	35856	ENSG00000218839	FAM138C
16	77756411	77776157	ENSG00000140876	NUDT7
17	80036214	80056208	ENSG00000169710	FASN
4	3511523	3511678	ENSG00000268781	AL590235.1
9	80331003	80646374	ENSG00000156052	GNAQ
9	52452	73323	ENSG00000144140	RP11-143M1.7
4	3578596	3592438	ENSG00000216560	LINC00955
16	50700211	50715264	ENSG00000167208	SNX20
9	72701	88826	ENSG00000225655	RP11-143M1.2
HSCHR6_MHC_DBB	31689974	31714813	ENSG00000266027	MSH5-SAPCD1
6	117002350	117063029	ENSG00000196911	KPNA5
18	12658737	12725739	ENSG00000128789	PSMG2
4	3768075	3770251	ENSG00000184160	ADRA2C
1	236305832	236385165	ENSG00000077585	GPR137B
3	25824408	25836025	ENSG00000151093	OXSM
9	100804	102941	ENSG00000227917	RP11-143M1.3
9	112716	113754	ENSG00000231808	RP11-143M1.4
9	267966	273002	ENSG00000235880	RP11-59O6.3
2	86333305	86369280	ENSG00000132300	PTCD3
12	104323885	104347423	ENSG00000166598	HSP90B1
4	84377085	84390888	ENSG00000163319	MRPS18C
19	12543917	12595630	ENSG00000269755	CTD-3105H18.18
9	454304	492112	ENSG00000227155	RP11-165F24.3
7	123177051	123198309	ENSG00000128609	NDUFA5
14	70510934	70655787	ENSG00000100678	SLC8A3
22	41956767	41973745	ENSG00000172346	CSDC2
19	36132647	36135773	ENSG00000105672	ETV2
2	130737235	130740311	ENSG00000222014	RAB6C
19	12571998	12624668	ENSG00000242852	ZNF709
1	154521053	154531504	ENSG00000160714	UBE2Q1
9	477750	478423	ENSG00000235330	RP11-165F24.2
5	138723169	138725770	ENSG00000170476	MZB1
HSCHR6_MHC_SSTO	30586040	30606022	ENSG00000234549	ATAT1
2	220143989	220151622	ENSG00000135924	DNAJB2
7	15650837	15726437	ENSG00000106511	MEOX2
9	487774	495610	ENSG00000228115	RP11-165F24.5
9	507258	507553	ENSG00000264949	RN7SL412P
9	547317	549531	ENSG00000226403	RP11-31F19.1
9	558826	558930	ENSG00000202172	RNU6-1327P
19	12572373	12662288	ENSG00000196826	ZNF709
9	659986	660326	ENSG00000229875	RP11-130C19.1
8	26371791	26515694	ENSG00000092964	DPYSL2
9	673478	685555	ENSG00000227914	RP11-130C19.3
3	149036285	149052201	ENSG00000163762	TM4SF18
9	1001858	1001963	ENSG00000252991	RNU6-1073P
9	1011085	1011799	ENSG00000228783	RP11-147I11.1
21	15278281	15278809	ENSG00000230965	SNX18P13
X	101906294	101914011	ENSG00000198932	GPRASP1
9	1151807	1152140	ENSG00000224836	RP11-341G2.3
22	41972898	41985894	ENSG00000100417	PMM1
9	1164414	1164867	ENSG00000236594	RPS27AP14
16	77822427	78014004	ENSG00000171724	VAT1L
7	16130817	16460947	ENSG00000214960	ISPD
9	1328664	1328987	ENSG00000233575	RP11-459D20.1
9	1333837	1333953	ENSG00000202383	RNA5SP279
19	867962	893218	ENSG00000175221	MED16
9	1977784	1978547	ENSG00000224092	RP11-443B9.1
21	15281895	15352758	ENSG00000215559	ANKRD20A11P
9	2041900	2046023	ENSG00000236199	RP11-264I13.2
9	2162763	2162953	ENSG00000222973	RNU2-25P
9	2228963	2229241	ENSG00000264615	RN7SL592P
3	122458846	122512671	ENSG00000169087	HSPBAP1
HSCHR6_MHC_DBB	31712761	31714813	ENSG00000227074	SAPCD1
2	130831108	130886795	ENSG00000196604	POTEF
9	2422702	2641395	ENSG00000236404	RP11-125B21.2
12	7072409	7073610	ENSG00000257084	U47924.27
5	175953698	175965026	ENSG00000146083	RNF44
1	236378855	236445319	ENSG00000086619	ERO1LB
9	80850978	80894606	ENSG00000148019	CEP78
16	50727514	50766988	ENSG00000167207	NOD2
3	25900024	25915191	ENSG00000230891	LINC00692
8	104310661	104345094	ENSG00000164930	FZD6
9	2541097	2541635	ENSG00000231052	RP11-91N2.3
4	46995740	47428461	ENSG00000163288	GABRB1
3	149086809	149095652	ENSG00000169908	TM4SF1
9	2875442	2876427	ENSG00000236496	RP11-255J3.2
9	2900320	2900804	ENSG00000229184	RP11-255J3.3
21	15309314	15309646	ENSG00000203616	RHOT1P2
19	36139125	36149763	ENSG00000126267	COX6B1
21	15340810	15340916	ENSG00000223287	RNU6-954P
21	15357768	15357840	ENSG00000266838	AP001634.1
21	15373248	15377600	ENSG00000183249	NF1P3
9	2907073	3053408	ENSG00000227835	CARM1P1
21	15379455	15387201	ENSG00000233442	PPP6R2P1
5	5420777	5490347	ENSG00000164151	KIAA0947
3	26664297	26752267	ENSG00000179796	LRRC3B
1	84764049	84855640	ENSG00000203943	SAMD13
9	2924323	2924410	ENSG00000221450	AL589675.1
10	3108525	3179904	ENSG00000067057	PFKP
9	3181589	3198517	ENSG00000236511	RP11-32F11.2
4	4190530	4228616	ENSG00000163982	OTOP1
9	3364329	3364792	ENSG00000215297	RP11-62E14.2
12	13043716	13070871	ENSG00000013588	GPRC5A
12	58148881	58154190	ENSG00000139266	MARCH9
1	31404353	31538838	ENSG00000134644	PUM1
HSCHR6_MHC_MCF	30663945	30672631	ENSG00000229861	MRPS18B
1	6526152	6580121	ENSG00000171680	PLEKHG5
9	3526723	3671646	ENSG00000232104	RP11-509J21.1
11	33880122	33913836	ENSG00000135363	LMO2
2	237476430	237491001	ENSG00000144476	ACKR3
16	78056412	78100658	ENSG00000166509	CLEC3A
6	87992696	88038996	ENSG00000164411	GJB7
9	3647335	3648338	ENSG00000237359	RP11-509J21.2
9	3674546	3691814	ENSG00000235326	RP11-509J21.3
7	16501106	16570205	ENSG00000171243	SOSTDC1
9	3684076	3689626	ENSG00000226669	RP11-509J21.4
9	3875584	3878809	ENSG00000236724	RP11-252M18.3
4	4237269	4249950	ENSG00000132406	TMEM128
9	3898642	3901248	ENSG00000237009	GLIS3-AS1
3	149191761	149221068	ENSG00000169903	TM4SF4
9	4070906	4071884	ENSG00000230001	RP11-70J12.1
9	4299390	4306046	ENSG00000228322	RP11-358M14.2
12	13093709	13105081	ENSG00000111291	GPRC5D
X	101967104	101973607	ENSG00000158301	GPRASP2
11	33902189	33903338	ENSG00000184566	AC132216.1
9	4378423	4378494	ENSG00000221730	AL162419.1
12	7072862	7072929	ENSG00000207713	MIR200C
6	88032301	88052043	ENSG00000111850	SMIM8
9	4386410	4386556	ENSG00000200941	RNU6-694P
12	7073260	7073354	ENSG00000207708	MIR141
9	4633027	4633756	ENSG00000225893	RP11-6J24.3
12	7074112	7074545	ENSG00000271969	U47924.29
19	36157715	36169367	ENSG00000105668	UPK1A
12	7076500	7076769	ENSG00000238795	SCARNA12
9	4676600	4679502	ENSG00000273061	RP11-6J24.6
12	7087683	7089103	ENSG00000272201	U47924.30
4	84382092	84444501	ENSG00000163322	FAM175A
14	103398716	103523799	ENSG00000198752	CDC42BPB
9	4768617	4769895	ENSG00000270639	RP11-307I14.4
15	75105057	75118099	ENSG00000140506	LMAN1L
9	4781475	4782078	ENSG00000220105	RP11-307I14.2
HSCHR6_MHC_COX	29076341	29077276	ENSG00000232178	OR2J3
GL000196.1	24523	24637	ENSG00000266316	AC145060.1
12	13127798	13153207	ENSG00000013583	HEBP1
10	106400859	107024993	ENSG00000156395	SORCS3
17	5402747	5522744	ENSG00000091592	NLRP1
9	4803788	4804972	ENSG00000233186	RP11-307I14.3
17	74722912	74730018	ENSG00000181038	METTL23
9	4850291	4850381	ENSG00000199065	MIR101-2
18	12661832	12702776	ENSG00000101624	CEP76
9	4850299	4850373	ENSG00000228165	RP11-125K10.5
1	84864215	84880701	ENSG00000137976	DNASE2B
22	41994032	42017100	ENSG00000100418	DESI1
4	47452885	47465736	ENSG00000169019	COMMD8
9	4944670	4945902	ENSG00000220937	HNRNPA1P41
HSCHR6_MHC_COX	29137979	29139019	ENSG00000231676	OR2J2
1	236511562	236648214	ENSG00000186197	EDARADD
4	4269428	4291896	ENSG00000145220	LYAR
10	63166401	63213208	ENSG00000196932	TMEM26
9	80912059	80945009	ENSG00000135069	PSAT1
19	12636184	12662356	ENSG00000249709	ZNF564
9	4968097	4968185	ENSG00000238362	AL158147.1
9	5040945	5041940	ENSG00000234534	RP11-39K24.2
HSCHR6_MHC_COX	29271118	29272234	ENSG00000225291	OR14J1
9	5084999	5086112	ENSG00000182347	RP11-39K24.9
9	5091093	5091604	ENSG00000227730	MTND6P5
2	237993955	238009109	ENSG00000198612	COPS8
9	5094139	5095014	ENSG00000228166	MTND1P11
9	5096666	5098193	ENSG00000224083	RP11-39K24.4
17	57274927	57292587	ENSG00000265303	CTD-2510F5.6
19	12636534	12691789	ENSG00000269693	CTD-2192J16.20
9	5098341	5099325	ENSG00000235917	RP11-39K24.14
9	5099560	5100229	ENSG00000228097	RP11-39K24.12
12	13197218	13295455	ENSG00000084444	KIAA1467
2	210867289	210886300	ENSG00000197713	RPE
9	5100236	5101009	ENSG00000237711	RP11-39K24.13
5	149781200	149792492	ENSG00000019582	CD74
HSCHR6_MHC_COX	29319722	29396318	ENSG00000233046	OR5V1
9	5107937	5109290	ENSG00000236254	MTND4P14
19	12688775	12750912	ENSG00000188033	ZNF490
X	134962849	134971244	ENSG00000226907	CT45A6
9	5109496	5110762	ENSG00000230225	MTND5P14
1	84944942	84963473	ENSG00000117133	RPF1
9	5110913	5112849	ENSG00000236567	RP11-39K24.7
9	5113549	5114804	ENSG00000254017	IGHEP2
9	5193339	5193558	ENSG00000237553	RP11-140C18.2
X	101975616	102008468	ENSG00000198908	BHLHB9
9	5311444	5311716	ENSG00000214195	HMGN2P31
6	30524663	30531500	ENSG00000204576	PRR3
9	5351796	5352410	ENSG00000272866	RP11-12D24.10
9	5356312	5356525	ENSG00000231967	RP11-12D24.6
17	57286761	57292608	ENSG00000167447	SMG8
11	34073230	34122703	ENSG00000135387	CAPRIN1
9	5418373	5418976	ENSG00000214190	RP11-12D24.7
16	78133310	79246564	ENSG00000186153	WWOX
9	5584490	5588994	ENSG00000231509	RP11-574F11.3
9	5719021	5720244	ENSG00000225408	RP11-207C16.4
15	75118888	75124141	ENSG00000213578	CPLX3
9	5855781	5856426	ENSG00000223621	AK4P4
2	163123589	163175213	ENSG00000115267	IFIH1
9	5890150	5890256	ENSG00000238654	snoU13
9	6007826	6007904	ENSG00000263575	MIR4665
2	100016938	100106497	ENSG00000135945	REV1
9	6047360	6066714	ENSG00000228739	RP11-218I7.2
9	6195934	6197248	ENSG00000237274	RP11-575C20.1
HSCHR6_MHC_SSTO	30606238	30612400	ENSG00000237100	C6orf136
19	12721732	12742735	ENSG00000173875	ZNF791
21	15399742	15516789	ENSG00000224905	AP001347.6
10	63422719	63526524	ENSG00000183346	C10orf107
9	6276640	6276974	ENSG00000228132	RP11-279E1.1
9	6278667	6279153	ENSG00000233846	RP11-307L3.2
9	6415145	6449558	ENSG00000233367	RP11-307L3.4
7	156461646	156685924	ENSG00000105983	LMBR1
21	15436646	15441408	ENSG00000249493	ANKRD20A18P
3	27151576	27410951	ENSG00000163491	NEK10
9	6542094	6542350	ENSG00000264530	RN7SL25P
9	6566332	6566425	ENSG00000252110	snoU13
21	15443192	15443307	ENSG00000201812	RNA5SP488
9	6568844	6569360	ENSG00000237158	RP11-472F14.4
21	15515902	15516479	ENSG00000240755	ERLEC1P1
9	6639139	6639604	ENSG00000206147	RP11-106A1.2
1	84964008	84972248	ENSG00000174021	GNG5
9	6645956	6670635	ENSG00000236924	RP11-390F4.6
8	104383743	104395225	ENSG00000164932	CTHRC1
6	88032323	88109459	ENSG00000226524	RP1-102H19.8
7	87905744	87936206	ENSG00000127954	STEAP4
9	6661651	6661936	ENSG00000266863	RN7SL123P
9	6662424	6663792	ENSG00000229057	RP11-106A1.3
16	8768422	8878432	ENSG00000183044	ABAT
13	111766906	111958084	ENSG00000102606	ARHGEF7
9	6668999	6670008	ENSG00000231381	RNF2P1
10	63661059	63856703	ENSG00000150347	ARID5B
6	88054567	88075181	ENSG00000203872	C6orf163
9	6675284	6675614	ENSG00000232946	RP11-390F4.2
7	123207064	123277951	ENSG00000146809	ASB15
4	47487305	47595503	ENSG00000145246	ATP10D
9	6704471	6707780	ENSG00000229611	RP11-390F4.10
21	15608527	15735075	ENSG00000243064	ABCC13
9	6716548	6727438	ENSG00000225489	RP11-390F4.3
1	154540257	154552502	ENSG00000160716	CHRNB2
2	130896860	130902707	ENSG00000152076	CCDC74B
9	6734598	6735076	ENSG00000231108	RP11-390F4.9
6	88106840	88109467	ENSG00000203871	C6orf164
9	6748703	6748981	ENSG00000256968	SNRPEP2
7	88388682	88966346	ENSG00000182348	ZNF804B
9	6834456	6835577	ENSG00000230581	RP11-390F4.8
17	39632941	39637392	ENSG00000197079	KRT35
9	6902670	6978859	ENSG00000224972	RP11-403H13.1
9	7477045	7478320	ENSG00000230207	RPL4P5
8	104410863	104427417	ENSG00000164933	SLC25A32
9	7597823	7598377	ENSG00000178654	RP11-366I21.1
7	88423420	88425035	ENSG00000164645	C7orf62
9	7786105	7786688	ENSG00000273056	RP11-77E14.2
9	7930827	7935137	ENSG00000226376	RP11-29B9.1
9	7960413	7961080	ENSG00000231902	RP11-29B9.2
19	36195429	36207940	ENSG00000011590	ZBTB32
22	42017123	42060044	ENSG00000196419	XRCC6
9	8700595	8701552	ENSG00000235389	RP11-134K1.3
9	8713311	8713841	ENSG00000212695	RP11-134K1.2
11	118964564	118966177	ENSG00000188486	H2AFX
6	88117701	88174183	ENSG00000272514	C6ORF165
7	100464760	100471076	ENSG00000087077	TRIP6
7	89783689	89794143	ENSG00000164647	STEAP1
1	6581407	6614595	ENSG00000162408	NOL9
9	8797135	8797194	ENSG00000239102	RNU7-185P
X	65382391	65488709	ENSG00000089472	HEPH
17	39642388	39648798	ENSG00000126337	KRT36
1	85015289	85040163	ENSG00000117151	CTBS
9	8858130	8862255	ENSG00000225706	RP11-75C9.1
12	52463030	52471278	ENSG00000123395	C12orf44
9	8888136	8888207	ENSG00000251699	SNORD27
9	8936079	8963077	ENSG00000234021	RP11-75C9.2
HSCHR6_MHC_MANN	32191945	32197387	ENSG00000232005	PBX2
HSCHR6_MHC_DBB	31715552	31727293	ENSG00000230048	VWA7
9	9090876	9091311	ENSG00000212829	RPS26P3
9	9425461	9425558	ENSG00000221708	AL353733.1
10	108333421	108924292	ENSG00000108018	SORCS1
9	9442060	9442347	ENSG00000265735	RN7SL5P
9	9799423	9803784	ENSG00000230920	RP11-527D15.1
17	57297828	57353328	ENSG00000153982	GDPD1
9	10532145	10532411	ENSG00000234360	RP11-87N24.1
5	175969512	176022975	ENSG00000074276	CDHR2
9	10613202	10620420	ENSG00000226717	RP11-87N24.2
14	70791798	70826448	ENSG00000133983	COX16
4	84457067	84527028	ENSG00000138678	AGPAT9
9	10631750	10632203	ENSG00000232035	RP11-87N24.3
9	10777357	10777525	ENSG00000227138	RP11-421B23.2
9	10829752	10830308	ENSG00000230589	IMP3P1
9	10948372	10948481	ENSG00000270372	RP11-109M17.2
15	75128457	75135687	ENSG00000140474	ULK3
9	11011748	11013096	ENSG00000234146	RP11-109M17.1
9	11275314	11276314	ENSG00000230365	RP11-23D5.1
12	7139412	7139702	ENSG00000239701	RP3-461F17.1
9	12098660	12159147	ENSG00000224935	RP11-74C3.1
12	7148460	7148945	ENSG00000257078	RP3-461F17.2
9	12287320	12288238	ENSG00000231491	RP11-71E22.1
9	12300266	12300451	ENSG00000222581	RNU2-47P
3	122513642	122599986	ENSG00000138463	DIRC2
11	118967213	118979041	ENSG00000172269	DPAGT1
9	12700100	12814344	ENSG00000235448	RP11-3L8.3
1	236681300	236716281	ENSG00000116977	LGALS8
9	12764762	12765054	ENSG00000243115	RN7SL849P
9	12885320	12885416	ENSG00000222658	Y_RNA
12	7260648	7275097	ENSG00000205885	C1RL-AS1
9	12972842	12973437	ENSG00000214121	TDPX2
19	36208921	36229779	ENSG00000272333	KMT2B
9	13021693	13022891	ENSG00000234586	RP11-382H24.2
11	34127149	34169217	ENSG00000135372	NAT10
17	39657233	39661957	ENSG00000171401	KRT13
9	13274509	13279186	ENSG00000234740	RP11-272P10.2
9	13322805	13323449	ENSG00000223672	RP11-272P10.3
8	57212569	57233335	ENSG00000170786	SDR16C5
7	16566505	16621193	ENSG00000205858	LRRC72
9	13406379	13433052	ENSG00000270547	RP11-536O18.2
12	7271381	7271487	ENSG00000200345	RNU6-485P
12	7281675	7283794	ENSG00000256967	RP11-273B20.1
9	13446490	13487510	ENSG00000226197	RP11-536O18.1
9	13927970	13945609	ENSG00000205636	LINC00583
5	138727635	138730885	ENSG00000228672	PROB1
12	7319270	7341665	ENSG00000255572	RP11-273B20.3
12	42705880	42719920	ENSG00000139168	ZCRB1
9	13986174	13987908	ENSG00000229268	PES1P2
9	14025970	14030114	ENSG00000235533	RP11-284P20.3
12	7390028	7393582	ENSG00000256480	RP11-185H22.1
9	14040715	14041860	ENSG00000223568	RPL3P11
12	7591376	7592586	ENSG00000255836	RP11-157G21.2
10	98277866	98347209	ENSG00000077147	TM9SF3
12	58156117	58162769	ENSG00000111012	CYP27B1
12	7718965	7719978	ENSG00000235868	GAPDHP31
9	14068931	14069416	ENSG00000213954	RP11-280O24.1
9	14204247	14205038	ENSG00000234982	RP11-280O24.3
9	14317084	14357907	ENSG00000225472	RP11-120J1.1
1	85093913	85100703	ENSG00000180869	C1orf180
5	6371994	6378707	ENSG00000133398	MED10
9	14531914	14532040	ENSG00000237137	RP11-408A13.2
3	93733213	93747454	ENSG00000178750	STX19
X	134971374	134995220	ENSG00000181433	SAGE1
9	14586767	14587324	ENSG00000273399	RP11-408A13.3
19	896503	913240	ENSG00000198858	R3HDM4
X	102192200	102193228	ENSG00000102128	RAB40AL
9	14588795	14590063	ENSG00000272871	RP11-408A13.4
7	123295861	123304344	ENSG00000170807	LMOD2
10	63942794	64028466	ENSG00000182010	RTKN2
9	14593575	14594198	ENSG00000229029	RP11-408A13.1
9	14850427	14850533	ENSG00000199814	RNU6-1260P
7	16639401	16685442	ENSG00000106524	ANKMY2
9	14921335	14922332	ENSG00000214110	LDHAP4
12	7756946	7757810	ENSG00000256331	NIFKP3
12	7759430	7759927	ENSG00000255977	RP11-444J21.2
3	93766680	93782233	ENSG00000178700	DHFRL1
12	13236494	13256619	ENSG00000111305	GSG1
12	7936999	7937107	ENSG00000201549	Y_RNA
5	138732252	138739777	ENSG00000170469	SPATA24
18	12785477	12929642	ENSG00000175354	PTPN2
12	7952957	7953063	ENSG00000199912	Y_RNA
9	14987300	15146399	ENSG00000232000	RP11-54D18.3
12	7999884	7999978	ENSG00000222978	Y_RNA
19	36230058	36233354	ENSG00000126246	IGFLR1
12	8003313	8003414	ENSG00000201663	Y_RNA
12	8013033	8013360	ENSG00000241828	RP11-277J24.1
7	123321989	123389121	ENSG00000106299	WASL
8	57349233	57359293	ENSG00000181195	PENK
9	14993310	15019727	ENSG00000215237	RP11-54D18.2
6	117073363	117086886	ENSG00000183807	FAM162B
16	50775961	50835846	ENSG00000083799	CYLD
14	23415479	23451467	ENSG00000259132	RP11-298I3.5
9	15055055	15056050	ENSG00000234297	RP11-54D18.4
9	15143287	15143384	ENSG00000251960	RNU6-559P
9	15348166	15348453	ENSG00000263817	RN7SL157P
9	15361391	15362132	ENSG00000215236	RPL7P33
2	38893052	38968379	ENSG00000143891	GALM
9	15431897	15432004	ENSG00000251834	RNU6-319P
HSCHR6_MHC_SSTO	30612310	30632260	ENSG00000226171	DHX16
9	15525782	15526079	ENSG00000240613	RN7SL98P
9	15527131	15527681	ENSG00000213362	FTH1P12
X	102317579	102319168	ENSG00000133169	BEX1
8	104426942	104455681	ENSG00000164934	DCAF13
2	163175350	163228105	ENSG00000115271	GCA
11	72465774	72504726	ENSG00000214530	STARD10
9	15544186	15544292	ENSG00000207433	RNU6-246P
19	36230153	36236333	ENSG00000267120	AD000671.6
9	82186688	82341658	ENSG00000106829	TLE4
9	15588353	15588613	ENSG00000231376	HMGN2P16
3	149235022	149454501	ENSG00000018408	WWTR1
9	15776179	15776284	ENSG00000207360	RNU6-14P
11	118972908	118989252	ENSG00000172375	C2CD2L
9	16473186	16476235	ENSG00000231756	RP11-183I6.2
12	123717463	123742506	ENSG00000130921	C12orf65
9	16625674	16626388	ENSG00000230694	RP11-62F24.1
16	79015647	79015739	ENSG00000268977	PIH1
4	4291924	4323513	ENSG00000168826	ZBTB49
17	62538413	62658186	ENSG00000108854	SMURF2
9	16726812	16727522	ENSG00000234779	RP11-62F24.2
9	16775571	16775843	ENSG00000233551	RP11-335H2.2
13	111968531	111996596	ENSG00000153495	TEX29
9	17048917	17112813	ENSG00000237153	RP11-132E11.2
6	117113248	117150200	ENSG00000173612	GPRC6A
9	17053899	17054200	ENSG00000241152	RN7SL720P
12	52562780	52585784	ENSG00000167767	KRT80
9	17096299	17096444	ENSG00000226470	RP11-132E11.3
2	220154345	220174370	ENSG00000054356	PTPRN
16	79619740	79634611	ENSG00000178573	MAF
9	17108302	17108602	ENSG00000237083	RP11-132E11.4
9	17447143	17448541	ENSG00000224488	RP11-492A12.2
9	17589159	17591316	ENSG00000228810	PABPC1P11
16	8874241	8891505	ENSG00000184857	TMEM186
13	112240548	112324955	ENSG00000204398	RP11-65D24.2
9	18360595	18362218	ENSG00000227167	RP11-570H19.2
9	18573304	18573377	ENSG00000264638	MIR3152
9	18651145	18651448	ENSG00000252960	RN7SKP258
9	18717972	18718524	ENSG00000236857	RP11-503K16.2
13	112721913	112726020	ENSG00000182968	SOX1
9	18834835	18834925	ENSG00000223211	AL158150.1
12	42852140	42984157	ENSG00000139174	PRICKLE1
9	19026890	19028127	ENSG00000236680	RP11-296P7.4
1	154554538	154600475	ENSG00000160710	ADAR
9	19063654	19063784	ENSG00000251733	SCARNA8
9	19073841	19073944	ENSG00000252943	RNU6-264P
17	57409050	57479090	ENSG00000175155	YPEL2
6	70576463	70919679	ENSG00000082293	COL19A1
9	19089591	19089686	ENSG00000201118	Y_RNA
9	19106479	19106788	ENSG00000264126	RN7SL158P
20	31407699	31438211	ENSG00000101367	MAPRE1
9	19200333	19201044	ENSG00000232176	RP11-146N23.1
9	19291335	19292574	ENSG00000232978	RP11-146N23.4
9	19310689	19310786	ENSG00000238348	snoU13
13	113030633	113089003	ENSG00000153498	SPACA7
6	117198375	117253326	ENSG00000185002	RFX6
9	19371384	19371943	ENSG00000272842	RP11-513M16.7
9	19375449	19375994	ENSG00000273226	RP11-513M16.8
9	19383215	19383885	ENSG00000234853	NDUFA5P3
X	102330738	102348157	ENSG00000147206	NXF3
9	19453207	19455171	ENSG00000260912	RP11-363E7.4
21	15954523	15970624	ENSG00000223662	SAMSN1-AS1
9	19460924	19464522	ENSG00000231909	RP11-363E7.3
3	183948217	183960117	ENSG00000145198	VWA5B2
4	85413140	85419603	ENSG00000163623	NKX6-1
21	16119083	16126184	ENSG00000232884	AF127936.3
9	19705336	19705653	ENSG00000232158	RP11-252O2.2
19	50528971	50556671	ENSG00000142528	ZNF473
12	58162254	58166576	ENSG00000037897	METTL1
9	19829751	19829845	ENSG00000266224	AL158077.1
21	16129909	16130673	ENSG00000228600	POLR2CP
19	36233365	36236346	ENSG00000161265	U2AF1L4
9	19926092	19929935	ENSG00000261402	RP11-378I6.1
5	6448736	6495022	ENSG00000215218	UBE2QL1
21	16134031	16135411	ENSG00000226751	AF127936.5
9	19957392	19958145	ENSG00000270712	RP11-378I6.2
7	89796904	89867451	ENSG00000157214	STEAP2
21	16146622	16147583	ENSG00000225502	GAPDHP16
9	20295002	20295086	ENSG00000221744	AL512635.1
20	31446729	31549006	ENSG00000215529	EFCAB8
9	20331444	20332275	ENSG00000237434	RP11-15P13.1
9	20411146	20411236	ENSG00000263790	MIR4473
12	8023448	8023966	ENSG00000255885	RP11-815D16.1
4	85504132	85572491	ENSG00000163624	CDS1
9	20418319	20418425	ENSG00000222202	RNU4-26P
21	16191164	16254296	ENSG00000235609	AF127936.7
9	20502263	20502340	ENSG00000264941	MIR4474
16	8882680	8943188	ENSG00000140650	PMM2
12	8045172	8052736	ENSG00000176654	NANOGP1
9	20532550	20533337	ENSG00000237088	RP11-73E6.2
6	117586721	117594728	ENSG00000170162	VGLL2
21	16201475	16202310	ENSG00000226406	RBMX2P1
9	20576216	20576300	ENSG00000252324	AL163193.1
9	20683303	20684687	ENSG00000227071	RP11-4E23.2
21	16290855	16319417	ENSG00000235277	AF127577.8
3	93781760	93847389	ENSG00000178694	NSUN3
1	85109390	85156486	ENSG00000117155	SSX2IP
21	16333630	16336554	ENSG00000229047	AF127577.10
9	20716104	20716187	ENSG00000207609	MIR491
10	64133951	64431771	ENSG00000138311	ZNF365
HSCHR6_MHC_MANN	32197967	32202724	ENSG00000236697	GPSM3
21	16343791	16365175	ENSG00000231201	AF127577.11
9	20786926	20787054	ENSG00000202189	SNORA30
9	21058770	21059322	ENSG00000230208	IFNNP1
21	16439391	16440158	ENSG00000236471	AF127577.12
9	21106542	21106835	ENSG00000225027	IFNWP4
8	26605667	26724790	ENSG00000120907	ADRA1A
9	21160234	21160335	ENSG00000199635	Y_RNA
21	16742841	16774624	ENSG00000229425	AJ006998.2
9	21178588	21179187	ENSG00000232281	IFNWP15
2	238165734	238166319	ENSG00000224132	AC112715.2
9	21190653	21191243	ENSG00000226597	IFNWP9
21	16862849	16863086	ENSG00000224524	CYCSP42
17	74729060	74734604	ENSG00000267168	RP11-318A15.7
2	10987703	10995081	ENSG00000232056	AC092687.4
21	16866251	16868443	ENSG00000224247	AJ009632.3
9	21209188	21209778	ENSG00000223684	IFNWP18
1	6615241	6639817	ENSG00000173662	TAS1R1
21	16986602	16986708	ENSG00000212564	RNU6-1326P
9	21231265	21231852	ENSG00000232138	IFNWP5
21	17065527	17065622	ENSG00000221497	AL034449.1
9	21278049	21278618	ENSG00000224416	IFNA22P
21	17066619	17068900	ENSG00000226298	RAD23BLP
11	118992297	119006752	ENSG00000172273	HINFP
2	11052063	11054350	ENSG00000162975	KCNF1
9	21321299	21321826	ENSG00000226393	IFNA20P
19	50655805	50666452	ENSG00000161652	IZUMO2
21	17080978	17081077	ENSG00000238591	snoU13
9	21394887	21396345	ENSG00000261696	RP11-354P17.15
9	21398613	21399138	ENSG00000231195	IFNA11P
21	17116323	17117399	ENSG00000234159	RBPMSLP
14	90528109	90652201	ENSG00000152315	KCNK13
13	113139325	113242481	ENSG00000126216	TUBGCP3
9	21403080	21403650	ENSG00000235108	IFNA12P
20	31571579	31592239	ENSG00000167098	SUN5
21	17407733	17407829	ENSG00000252273	RNU6-426P
2	11273179	11286916	ENSG00000150873	C2orf50
9	21420233	21420812	ENSG00000237691	IFNWP2
19	12754645	12759211	ENSG00000269242	CTD-2192J16.22
9	21455483	21456048	ENSG00000238271	IFNWP19
X	135044229	135056222	ENSG00000169446	MMGT1
9	21455641	21559668	ENSG00000171889	MIR31HG
9	21512114	21512184	ENSG00000199177	MIR31
9	21524306	21524381	ENSG00000264379	SNORD39
9	21638284	21638675	ENSG00000227443	RP11-344A7.1
9	21695175	21696942	ENSG00000229835	KHSRPP1
16	80574631	80584657	ENSG00000168589	DYNLRB2
9	21699313	21699569	ENSG00000244230	RN7SL151P
9	21808057	21808123	ENSG00000266732	AL359922.1
14	90722839	90738968	ENSG00000100764	PSMC1
9	21811620	21812346	ENSG00000229298	TUBB8P1
9	21858909	21861925	ENSG00000265194	RP11-70L8.4
9	21929456	21931072	ENSG00000264801	RP11-149I2.5
HSCHR6_MHC_MCF	30673078	30693061	ENSG00000231257	ATAT1
HSCHR6_MHC_MANN	32202044	32231292	ENSG00000232339	NOTCH4
HG1304_PATCH	112375275	112392172	ENSG00000266134	WISP3
21	17442842	17999716	ENSG00000215386	LINC00478
17	39669995	39678781	ENSG00000171346	KRT15
5	6599352	6633404	ENSG00000037474	NSUN2
7	16685756	16746148	ENSG00000136261	BZW2
14	70838148	70883778	ENSG00000213463	SYNJ2BP
2	11295324	11319000	ENSG00000162976	PQLC3
1	236712305	236767804	ENSG00000119285	HEATR1
5	138744279	138780180	ENSG00000170464	DNAJC18
8	57870492	57906403	ENSG00000104331	IMPAD1
9	21994777	22121096	ENSG00000240498	CDKN2B-AS1
1	6640061	6649340	ENSG00000204859	ZBTB48
20	31595406	31611515	ENSG00000078898	BPIFB2
6	32008931	32083111	ENSG00000168477	TNXB
14	70918874	70926622	ENSG00000139985	ADAM21
1	31652592	31712401	ENSG00000084628	NKAIN1
3	96335981	96337000	ENSG00000269028	MTRNR2L12
X	135067598	135129423	ENSG00000198689	SLC9A6
14	70989075	71001732	ENSG00000134007	ADAM20
16	80631803	80838226	ENSG00000166446	CDYL2
8	58907068	59116838	ENSG00000169122	FAM110B
19	12757325	12777556	ENSG00000104774	MAN2B1
6	30539153	30564956	ENSG00000204574	ABCF1
HG1304_PATCH	112391980	112408732	ENSG00000264528	TUBE1
17	12895708	12921504	ENSG00000006744	ELAC2
9	21995481	21996012	ENSG00000266446	RP11-149I2.4
9	22012154	22012535	ENSG00000215221	UBA52P6
9	22203989	22214671	ENSG00000236921	RP11-408N14.1
19	917287	921015	ENSG00000116014	KISS1R
17	57642886	57685706	ENSG00000108406	DHX40
9	22646199	22824212	ENSG00000234840	RP11-399D6.2
1	85277285	85358896	ENSG00000171517	LPAR3
9	22747699	22748233	ENSG00000236739	RP11-370B11.1
1	154585067	154585190	ENSG00000268141	AL606500.1
9	22767174	22768315	ENSG00000224549	RP11-370B11.3
5	149822753	149829319	ENSG00000164587	RPS14
9	22953018	22953102	ENSG00000265572	AL391117.1
9	23632104	23632358	ENSG00000227607	SUMO2P2
13	113301358	113338811	ENSG00000197595	C13orf35
9	23671786	23672397	ENSG00000233906	RP11-315I14.2
9	23681892	23682660	ENSG00000226626	RP11-315I14.5
9	23829668	23849912	ENSG00000231460	RP11-321L2.1
1	31732417	31769662	ENSG00000060688	SNRNP40
HSCHR6_MHC_SSTO	30635612	30638612	ENSG00000236428	PPP1R18
9	23894988	23898052	ENSG00000237414	RP11-321L2.2
14	71047974	71067384	ENSG00000133997	MED6
9	24545950	24591991	ENSG00000269957	RP11-20A20.2
18	12947132	12987535	ENSG00000085415	SEH1L
9	24872710	24872796	ENSG00000216088	AL157830.1
9	84198598	84304220	ENSG00000196781	TLE1
9	24905467	24905733	ENSG00000223088	RMRPP5
9	25088809	25089149	ENSG00000222693	RN7SKP120
19	925781	975939	ENSG00000116017	ARID3A
9	25780054	25784560	ENSG00000236306	RP11-33G16.1
9	25937910	25938432	ENSG00000270683	RP11-477G9.1
9	26614038	26614123	ENSG00000266429	AL442639.1
9	26746951	26786872	ENSG00000254261	RP11-18A15.1
15	75136071	75165706	ENSG00000140497	SCAMP2
9	26796171	26796302	ENSG00000252580	SNORA31
9	26801731	26805860	ENSG00000253400	RP11-337A23.6
3	96533425	97471304	ENSG00000080224	EPHA6
9	26880176	26880547	ENSG00000232466	RP11-337A23.5
6	88117730	88221352	ENSG00000213204	C6orf165
9	26895676	26895968	ENSG00000240306	RN7SL100P
9	26955778	26956293	ENSG00000234676	RP11-337A23.3
9	27102628	27104726	ENSG00000254396	RP11-56F10.3
9	27198285	27198399	ENSG00000223162	RNA5SP280
3	149456257	149470286	ENSG00000114744	COMMD2
HSCHR6_MHC_DBB	31727480	31745915	ENSG00000096171	VARS
9	27210325	27210624	ENSG00000232867	RP11-179D22.1
9	27245682	27282791	ENSG00000231459	LINC00032
12	8049204	8049552	ENSG00000255356	RP11-277E18.2
12	8128855	8128956	ENSG00000206636	Y_RNA
16	81009698	81053875	ENSG00000103121	CMC2
1	85391268	85462796	ENSG00000153898	MCOLN2
2	48016455	48132932	ENSG00000138081	FBXO11
12	8147366	8147680	ENSG00000240739	RP11-69M1.1
4	4349867	4420785	ENSG00000168824	NSG1
9	27391732	27397561	ENSG00000237734	RP11-298E2.2
12	8167620	8169002	ENSG00000255964	RP11-69M1.3
9	27608380	27610743	ENSG00000215441	CTAGE12P
12	8169797	8170456	ENSG00000255581	RP11-69M1.4
9	27829274	27844479	ENSG00000260390	RP11-575I8.1
2	38970741	38978636	ENSG00000115875	SRSF7
12	8286368	8287447	ENSG00000235602	POU5F1P3
9	27937615	27944495	ENSG00000260412	RP11-438B23.2
9	28148209	28149234	ENSG00000229060	RP11-20P5.2
9	28598666	28599290	ENSG00000224955	RP11-32I2.1
12	8293764	8295293	ENSG00000256171	GCSHP4
9	28863624	28863704	ENSG00000215966	MIR876
9	28888877	28888953	ENSG00000215939	MIR873
1	154669931	154842756	ENSG00000143603	KCNN3
9	29254073	29254424	ENSG00000230276	RP11-373A6.1
9	29636484	29636851	ENSG00000229834	RP11-48L13.1
5	149865381	149937773	ENSG00000070614	NDST1
12	8332805	8368747	ENSG00000226711	FAM66C
9	29824740	29826709	ENSG00000230097	RP11-460C6.1
8	26943694	26944766	ENSG00000253903	RP11-521M14.2
9	30178473	30178575	ENSG00000239155	snoU13
21	17466735	17467692	ENSG00000214976	VDAC2P1
9	30558878	30559479	ENSG00000232060	RP11-255N24.4
12	58165275	58176324	ENSG00000123427	METTL21B
4	47596015	47840123	ENSG00000145244	CORIN
9	30670962	30671964	ENSG00000239792	RP11-255N24.1
21	17493630	17493964	ENSG00000224602	RPS26P5
HSCHR6_MHC_SSTO	30659033	30677115	ENSG00000231135	MDC1
9	30689103	30690270	ENSG00000215210	RBMXP2
21	17657017	17657089	ENSG00000201025	SNORD74
21	17664112	17680454	ENSG00000270071	AP001172.2
9	30771095	30771197	ENSG00000221111	AL590726.2
21	17789459	17791400	ENSG00000270139	AP001172.3
9	30773462	30774730	ENSG00000235626	KRT18P66
20	31619454	31631853	ENSG00000167104	BPIFB6
21	17911409	17911489	ENSG00000207638	MIR99A
9	30774226	30774317	ENSG00000211510	AL590726.1
21	17912143	17912236	ENSG00000199030	MIRLET7C
9	30799469	30800744	ENSG00000226246	KRT18P36
11	119019722	119033360	ENSG00000172350	ABCG4
21	17947038	17954957	ENSG00000269950	AP000962.2
9	30831876	30832223	ENSG00000233278	RPS26P2
21	17962557	17962645	ENSG00000207863	MIR125B2
12	123745528	123756881	ENSG00000111328	CDK2AP1
9	30935483	30935975	ENSG00000214020	FTLP4
21	18003146	18013002	ENSG00000228798	AP000473.5
5	74062817	74072737	ENSG00000164346	NSA2
21	18015848	18017384	ENSG00000270093	AP000473.8
9	30988083	30990570	ENSG00000228557	HSPA8P17
21	18091317	18091476	ENSG00000239023	RNU1-98P
19	983174	994569	ENSG00000065268	WDR18
21	18126838	18188007	ENSG00000237735	AP000473.6
19	36236015	36237911	ENSG00000205155	PSENEN
9	31165616	31166978	ENSG00000223421	RP11-572H4.1
21	18235195	18246011	ENSG00000232886	AF212831.2
9	31253899	31254775	ENSG00000232203	SLC25A6P2
21	18582787	18583665	ENSG00000225735	NEK4P1
13	113344643	113541482	ENSG00000068650	ATP11A
9	31371609	31381488	ENSG00000260720	RP11-271O3.1
20	31643230	31661434	ENSG00000186190	BPIFB3
21	18803865	18803965	ENSG00000252462	RNU6-113P
9	31505278	31505941	ENSG00000226998	RP11-291J9.1
21	18824999	18825052	ENSG00000252613	RNU7-168P
9	31505944	31506613	ENSG00000229080	RP11-291J9.2
21	18872997	18873142	ENSG00000226580	RPL39P40
21	18878771	18879044	ENSG00000266195	RN7SL163P
17	74730197	74733456	ENSG00000161547	SRSF2
9	31644574	31645158	ENSG00000235148	HMGB3P23
21	18890841	18891311	ENSG00000232260	BTF3L4P1
3	149478892	149686172	ENSG00000206199	ANKUB1
22	42069934	42086508	ENSG00000100138	NHP2L1
9	32293556	32293690	ENSG00000252313	RNA5SP281
19	36236579	36245420	ENSG00000188223	AC002398.9
9	32333455	32334352	ENSG00000225347	SLC25A5P8
11	72525353	72554719	ENSG00000168010	ATG16L2
9	32547881	32548148	ENSG00000203543	AL353671.2
9	32548215	32548487	ENSG00000203542	AL353671.1
8	27092840	27115937	ENSG00000015592	STMN4
6	4706393	4955785	ENSG00000153046	CDYL
9	32551142	32567003	ENSG00000235453	TOPORS-AS1
14	23440383	23451851	ENSG00000129474	AJUBA
19	36239262	36245420	ENSG00000267796	LIN37
2	163227917	163695240	ENSG00000184611	KCNH7
9	32553187	32553801	ENSG00000203659	AL353671.3
6	88180341	88222054	ENSG00000164414	SLC35A1
9	32556904	32557921	ENSG00000214006	AL353671.4
9	84603687	84610171	ENSG00000214929	SPATA31D1
9	32566146	32567124	ENSG00000232303	RP11-205M20.7
22	42084943	42094140	ENSG00000184208	C22orf46
9	32629452	32635667	ENSG00000256239	AL589642.1
1	236849754	236927931	ENSG00000077522	ACTN2
9	32633452	32648683	ENSG00000223440	RP11-555J4.4
9	32643101	32645024	ENSG00000230516	RP11-555J4.3
9	32676061	32676518	ENSG00000238001	RP11-555J4.2
9	32727067	32727520	ENSG00000230867	RP11-462B18.1
9	32764294	32764420	ENSG00000221696	AL157884.1
9	32820249	32820356	ENSG00000272113	Y_RNA
9	32836573	32869593	ENSG00000236796	RP11-462B18.3
9	85594500	85678092	ENSG00000165105	RASEF
4	85590704	85887544	ENSG00000163625	WDFY3
12	96588160	96663613	ENSG00000111145	ELK3
7	89874488	89940377	ENSG00000105792	C7orf63
9	32840596	32841760	ENSG00000231193	RP11-462B18.2
9	32926049	32926448	ENSG00000223807	RP11-562M8.4
9	32945994	32947220	ENSG00000237437	ASS1P12
1	85464830	85598821	ENSG00000162643	WDR63
12	8352195	8371507	ENSG00000244050	RP11-266K4.1
9	32979558	32980401	ENSG00000236184	TCEA1P4
1	31769842	31837783	ENSG00000121766	ZCCHC17
8	59323823	59364060	ENSG00000215114	UBXN2B
9	33019680	33020163	ENSG00000225693	RP11-54K16.2
12	8380330	8384360	ENSG00000254016	ALG1L10P
9	33042107	33042214	ENSG00000222169	AL162590.1
9	33166973	33179981	ENSG00000233554	RP11-326F20.5
12	8382368	8382433	ENSG00000266026	AC092111.1
9	33174168	33174293	ENSG00000252224	RNU4ATAC15P
12	8385108	8395544	ENSG00000164845	FAM86FP
9	33352786	33352872	ENSG00000200544	Y_RNA
9	33402855	33409946	ENSG00000223678	RP11-311H10.4
2	11319887	11488456	ENSG00000134318	ROCK2
9	33449753	33449939	ENSG00000270542	RP11-311H10.7
16	51169886	51185278	ENSG00000103449	SALL1
2	210886147	211036107	ENSG00000144445	KANSL1L
9	33503653	33510709	ENSG00000226823	SUGT1P
HSCHR6_MHC_MANN	32299914	32391764	ENSG00000206245	C6orf10
1	154897210	154909467	ENSG00000163344	PMVK
9	33512957	33514771	ENSG00000228072	RP11-255A11.2
19	50691443	50813802	ENSG00000105357	MYH14
7	100472733	100486285	ENSG00000087087	SRRT
9	33574359	33574586	ENSG00000225123	RP11-255A11.4
5	149980642	150038782	ENSG00000171992	SYNPO
9	33576378	33577012	ENSG00000234373	SNX18P7
19	12775642	12780211	ENSG00000269590	CTD-2192J16.24
9	33580693	33605289	ENSG00000226562	CYP4F26P
16	8946799	8962866	ENSG00000153048	CARHSP1
8	59402737	59412795	ENSG00000167910	CYP7A1
16	81040103	81066719	ENSG00000166451	CENPN
9	33613846	33614007	ENSG00000204982	PRSS3P4
5	74073399	74162776	ENSG00000198780	FAM169A
9	33624223	33625532	ENSG00000231991	ANXA2P2
3	122628041	122747452	ENSG00000082684	SEMA5B
9	33634109	33634244	ENSG00000234122	TRBV22OR9-2
9	33649045	33649612	ENSG00000215206	TRBV24OR9-2
15	75182346	75191798	ENSG00000178802	MPI
4	4417469	4544073	ENSG00000168818	STX18
9	33662164	33662661	ENSG00000240215	TRBV25OR9-2
2	86371055	86422893	ENSG00000132305	IMMT
9	33673502	33677497	ENSG00000237984	PTENP1
11	119027590	119027930	ENSG00000268192	AP002956.1
9	85857905	86153461	ENSG00000172159	FRMD3
9	33695765	33696057	ENSG00000231165	TRBV26OR9-2
9	33697457	33700984	ENSG00000260947	RP11-384P7.7
9	33719688	33722553	ENSG00000227301	RP11-384P7.5
3	183960089	183967336	ENSG00000214160	ALG3
9	33732973	33738414	ENSG00000233776	RP11-384P7.6
17	62850430	62915598	ENSG00000176809	LRRC37A3
9	33785948	33818793	ENSG00000235481	RP11-133O22.6
6	88224096	88299721	ENSG00000146282	RARS2
9	33786526	33786826	ENSG00000223394	TRBV29OR9-2
22	42095503	42195460	ENSG00000167077	MEI1
9	33830976	33831076	ENSG00000200834	Y_RNA
9	33868538	33868663	ENSG00000251748	RNU4ATAC11P
12	58166811	58180829	ENSG00000257921	RP11-571M6.15
14	23456110	23479375	ENSG00000100802	C14orf93
9	33909607	33911120	ENSG00000230925	RP11-176F3.7
9	33934294	33934374	ENSG00000238300	SNORD121B
9	33952767	33952848	ENSG00000238886	SNORD121A
HSCHR6_MHC_MANN	32400085	32414370	ENSG00000225412	BTNL2
9	33968069	33968516	ENSG00000226801	OSTCP8
9	34018258	34018319	ENSG00000252406	RNU7-36P
9	34049964	34050242	ENSG00000222259	RN7SKP114
9	34084330	34096223	ENSG00000228352	RP11-537H15.3
9	34109169	34109966	ENSG00000224802	TUBB4BP2
1	6650784	6674667	ENSG00000162413	KLHL21
9	34133155	34134694	ENSG00000239392	RP11-537H15.4
5	138784245	138842328	ENSG00000249751	ECSCR
9	34169687	34169934	ENSG00000203513	AL353662.3
9	34191553	34191879	ENSG00000227383	RP11-571F15.2
19	36245469	36248980	ENSG00000004776	HSPB6
HG1304_PATCH	112408802	112423993	ENSG00000264440	FAM229B
9	34194810	34194905	ENSG00000200141	Y_RNA
1	85483765	85514182	ENSG00000055732	MCOLN3
9	34195642	34195883	ENSG00000203512	AL353662.2
5	138852108	138852506	ENSG00000269071	AC138517.1
9	34201271	34201513	ENSG00000203511	AL353662.1
9	34206132	34206239	ENSG00000252164	RNA5SP282
2	164449906	164592522	ENSG00000182263	FIGN
9	34223982	34224626	ENSG00000233668	RP11-571F15.3
9	34282526	34282668	ENSG00000222426	RNU2-50P
12	13349650	13369708	ENSG00000134531	EMP1
9	34296377	34296428	ENSG00000266881	AL353662.4
19	12777614	12786646	ENSG00000123154	WDR83
10	75391412	75401515	ENSG00000177791	MYOZ1
8	59465483	59495419	ENSG00000137575	SDCBP
1	6673745	6684093	ENSG00000116273	PHF13
12	58176372	58201854	ENSG00000123297	TSFM
12	8388011	8395160	ENSG00000215241	RP11-266K4.9
5	138855119	138862520	ENSG00000184584	TMEM173
14	71108504	71142077	ENSG00000133985	TTC9
12	8407123	8461445	ENSG00000256589	ENPP7P5
7	123469037	123517532	ENSG00000106302	HYAL4
12	8448582	8549399	ENSG00000226091	LINC00937
1	236958610	237067281	ENSG00000116984	MTR
9	86237964	86259045	ENSG00000148057	IDNK
17	39679869	39684560	ENSG00000171345	KRT19
12	13524023	13540101	ENSG00000180861	C12orf36
20	31667450	31699557	ENSG00000186191	BPIFB4
11	119037277	119054725	ENSG00000160703	NLRX1
1	6684926	6695646	ENSG00000041988	THAP3
5	150040436	150058927	ENSG00000164591	MYOZ3
18	12991361	13125051	ENSG00000101639	CEP192
16	52039399	52112386	ENSG00000261190	C16orf97
19	36249044	36261930	ENSG00000167595	C19orf55
10	75404639	75423561	ENSG00000166317	SYNPO2L
1	85622556	85666729	ENSG00000097096	SYDE2
17	80059336	80170706	ENSG00000176155	CCDC57
7	123565286	123611468	ENSG00000106304	SPAM1
12	8472977	8522151	ENSG00000256552	RP11-113C12.4
16	8985951	9058371	ENSG00000187555	USP7
20	31749574	31769218	ENSG00000131050	BPIFA2
HSCHR6_MHC_SSTO	30679427	30684652	ENSG00000232421	TUBB
16	52471917	52581714	ENSG00000103460	TOX3
1	85715639	85725355	ENSG00000162642	C1orf52
2	238232646	238323018	ENSG00000163359	COL6A3
X	102470020	102472174	ENSG00000102409	BEX4
12	43747669	43945724	ENSG00000173157	ADAMTS20
14	71189243	71276251	ENSG00000006432	MAP3K9
9	86274878	86323118	ENSG00000135018	UBQLN1
14	103566481	103576896	ENSG00000205436	EXOC3L4
5	150070356	150080669	ENSG00000086589	RBM22
20	31805116	31815564	ENSG00000131059	BPIFA3
11	34172535	34379555	ENSG00000166016	ABTB2
12	96672039	96794338	ENSG00000059758	CDK17
1	85731931	85742773	ENSG00000142867	BCL10
HSCHR6_MHC_MCF	30693277	30699447	ENSG00000224120	C6orf136
16	81069452	81080963	ENSG00000166454	ATMIN
HSCHR6_MHC_COX	29337930	29414451	ENSG00000251394	OR12D3
1	31838472	31849697	ENSG00000121769	FABP3
1	154916552	154928599	ENSG00000163346	PBXIP1
HG1304_PATCH	112430063	112576141	ENSG00000263699	LAMA4
20	31823091	31823387	ENSG00000269117	AL121901.1
8	104512976	105268322	ENSG00000176406	RIMS2
HSCHR6_MHC_COX	29361002	29362034	ENSG00000235966	OR12D2
3	149530495	149679926	ENSG00000082996	RNF13
12	13693165	14133053	ENSG00000273079	GRIN2B
12	52626304	52645970	ENSG00000135480	KRT7
1	237167403	237167718	ENSG00000244020	MT1HL1
12	123773656	123849390	ENSG00000139697	SBNO1
2	220192131	220197899	ENSG00000182698	RESP18
HSCHR6_MHC_COX	29381648	29405305	ENSG00000224234	OR10C1
20	31823801	31831115	ENSG00000198183	BPIFA1
1	6694228	6761984	ENSG00000007923	DNAJC11
1	85784164	86043933	ENSG00000153904	DDAH1
11	34460472	34493609	ENSG00000121691	CAT
2	100162323	100759201	ENSG00000144218	AFF3
1	31882412	31907525	ENSG00000168528	SERINC2
6	70924764	71012786	ENSG00000112280	COL9A1
9	86354336	86444431	ENSG00000165113	GKAP1
HSCHR6_MHC_COX	29389855	29421426	ENSG00000230780	OR11A1
4	47849257	47916653	ENSG00000170448	NFXL1
17	5675554	6027747	ENSG00000179314	WSCD1
19	999601	999952	ENSG00000269169	AC004528.1
17	39722096	39728310	ENSG00000171403	KRT9
7	123670973	123673523	ENSG00000234224	TMEM229A
2	130908981	130940323	ENSG00000136699	SMPD4
19	1000418	1009731	ENSG00000116032	GRIN3B
7	124386051	124405681	ENSG00000170775	GPR37
HSCHR6_MHC_MCF	30699357	30719302	ENSG00000231377	DHX16
1	31902192	31902614	ENSG00000268950	AC114494.1
17	39738531	39743173	ENSG00000186847	KRT14
19	36265434	36279724	ENSG00000004777	ARHGAP33
1	86046444	86049645	ENSG00000142871	CYR61
21	18899458	18899565	ENSG00000200754	Y_RNA
21	18949116	18949224	ENSG00000199962	Y_RNA
21	19031594	19032702	ENSG00000226956	AP000432.2
7	156742417	156765876	ENSG00000146909	NOM1
HSCHR6_MHC_MANN	32446282	32451493	ENSG00000226260	HLA-DRA
HSCHR6_MHC_COX	29421536	29428682	ENSG00000235132	OR2H1
21	19135632	19164840	ENSG00000240770	C21orf91-OT1
6	88299839	88377169	ENSG00000135336	ORC3
21	19165805	19183162	ENSG00000244676	AL109761.5
10	64564516	64568238	ENSG00000181915	ADO
21	19207333	19257925	ENSG00000231755	CHODL-AS1
21	19264028	19264116	ENSG00000221335	AP000745.1
21	19266510	19266802	ENSG00000215369	RPL37P3
1	32042116	32053288	ENSG00000142910	TINAGL1
2	38978676	39012142	ENSG00000152147	GEMIN6
21	19394687	19487222	ENSG00000227330	AP000998.2
21	19849676	19858917	ENSG00000228708	AL109763.1
10	64571756	64679660	ENSG00000122877	EGR2
HSCHR6_MHC_MANN	32542662	32557610	ENSG00000227826	DRB4
21	19933583	20132321	ENSG00000224141	AL109763.2
17	29599031	29624557	ENSG00000126861	OMG
12	8474472	8482210	ENSG00000256101	RP11-90D4.3
15	75192328	75199462	ENSG00000178761	FAM219B
14	90742580	90798481	ENSG00000119720	NRDE2
8	27142404	27168836	ENSG00000104228	TRIM35
11	34500340	34535352	ENSG00000135374	ELF5
1	86115106	86174116	ENSG00000117174	ZNHIT6
10	75434033	75457639	ENSG00000172650	AGAP5
19	1009647	1021117	ENSG00000182087	TMEM259
10	64893050	64914783	ENSG00000148572	NRBF2
HSCHR6_MHC_MANN	32691166	32725266	ENSG00000229074	HLA-DRB1
9	86451613	86536342	ENSG00000165115	KIF27
X	102507923	102510131	ENSG00000180964	TCEAL8
13	113548692	113754053	ENSG00000126217	MCF2L
7	124462440	124570037	ENSG00000128513	POT1
12	8476927	8477027	ENSG00000221307	AC092745.1
12	8511650	8512430	ENSG00000242661	RPS3AP43
HSCHR6_MHC_MCF	30722654	30734160	ENSG00000225060	PPP1R18
12	8519282	8519427	ENSG00000221104	AC092865.1
12	8559429	8559791	ENSG00000256136	RP11-113C12.8
12	8567376	8568401	ENSG00000238152	OR7E140P
12	8579196	8579283	ENSG00000266218	AC092865.2
12	8580236	8581206	ENSG00000214487	OR7E148P
4	4861393	4865663	ENSG00000163132	MSX1
10	12938627	13141652	ENSG00000151468	CCDC3
17	63006833	63052957	ENSG00000120063	GNA13
16	81087102	81110872	ENSG00000166455	C16orf46
12	14518610	14651697	ENSG00000171681	ATF7IP
X	135229559	135293518	ENSG00000022267	FHL1
22	42196683	42222303	ENSG00000100147	CCDC134
20	31861286	31897684	ENSG00000125999	BPIFB1
HSCHR6_MHC_MANN	32748724	32771089	ENSG00000225890	HLA-DQA1
19	50815194	50836772	ENSG00000131398	KCNC3
X	65815479	65859108	ENSG00000131080	EDA2R
HSCHR6_MHC_DBB	31747358	31756947	ENSG00000231502	LSM2
9	86553226	86571901	ENSG00000165118	C9orf64
16	81115566	81130008	ENSG00000140905	GCSH
10	111624524	111683311	ENSG00000108039	XPNPEP1
1	154929502	154936329	ENSG00000163348	PYGO2
11	72547790	72853306	ENSG00000137478	FCHSD2
6	4994966	5004297	ENSG00000124787	RPP40
1	237205505	237997288	ENSG00000198626	RYR2
HSCHR6_MHC_COX	29451051	29452315	ENSG00000233141	MAS1L
3	97483365	97519953	ENSG00000113966	ARL6
12	58191159	58212487	ENSG00000135407	AVIL
22	42229109	42303312	ENSG00000198911	SREBF2
17	57697219	57773671	ENSG00000141367	CLTC
11	119056166	119060932	ENSG00000172367	PDZD3
4	5016313	5021199	ENSG00000170891	CYTL1
HSCHR6_MHC_MANN	32768066	32777985	ENSG00000258145	BX927168.3
HSCHR6_MHC_MANN	32768896	32769252	ENSG00000258062	BX927168.2
15	75212132	75230509	ENSG00000178741	COX5A
HSCHR6_MHC_MANN	32778165	32778539	ENSG00000257123	BX927168.1
12	8589999	8591021	ENSG00000177586	OR7E149P
8	59496063	59572403	ENSG00000035681	NSMAF
12	8613214	8613828	ENSG00000243830	RP11-113C12.2
12	8637342	8637448	ENSG00000201780	RNU6-275P
12	8664970	8665322	ENSG00000246115	RP11-561P12.2
6	117609463	117747018	ENSG00000047936	ROS1
19	1026298	1039068	ENSG00000064666	CNN2
5	138906016	139008018	ENSG00000131508	UBE2D2
11	34642640	34682604	ENSG00000135373	EHF
8	105342552	105479281	ENSG00000147647	DPYS
16	53088945	53363062	ENSG00000177200	CHD9
7	156786745	156803345	ENSG00000130675	MNX1
14	103589779	103603776	ENSG00000185215	TNFAIP2
17	6297013	6338519	ENSG00000129221	AIPL1
HSCHR6_MHC_DBB	31759586	31765032	ENSG00000234258	HSPA1L
HSCHR6_MHC_SSTO	30686935	30701969	ENSG00000230143	FLOT1
8	105351315	105368917	ENSG00000164935	DCSTAMP
16	81134480	81253975	ENSG00000166473	PKD1L2
HSCHR6_MHC_DBB	31765431	31767913	ENSG00000234475	HSPA1A
1	86194916	86622626	ENSG00000171502	COL24A1
17	29630784	29641130	ENSG00000185862	EVI2B
HSCHR6_MHC_MCF	30734312	30737685	ENSG00000234809	NRM
10	75504120	75531919	ENSG00000176986	SEC24C
1	32083287	32098119	ENSG00000121764	HCRTR1
10	3179920	3215003	ENSG00000107959	PITRM1
17	41102543	41116515	ENSG00000266967	AARSD1
2	211052663	211090215	ENSG00000115361	ACADL
16	9185505	9215497	ENSG00000182831	C16orf72
5	176022803	176037134	ENSG00000169258	GPRIN1
16	9760742	9770700	ENSG00000260362	RP11-297M9.1
13	113755563	113756608	ENSG00000268130	AL137002.1
11	119060347	119067479	ENSG00000248712	CCDC153
3	122785909	122944074	ENSG00000065485	PDIA5
1	6845384	7829766	ENSG00000171735	CAMTA1
1	238045705	238054094	ENSG00000116996	ZP4
5	176047085	176057530	ENSG00000074317	SNCB
5	52391509	52405893	ENSG00000164172	MOCS2
22	42307297	42310570	ENSG00000234965	SHISA8
2	220238268	220264744	ENSG00000123992	DNPEP
20	31946645	31989367	ENSG00000101391	CDK5RAP1
13	113760105	113774995	ENSG00000057593	F7
1	32095463	32110497	ENSG00000162517	PEF1
12	8700957	8720209	ENSG00000255801	RP11-561P12.5
X	102528619	102531800	ENSG00000204065	TCEAL5
4	86396267	86923823	ENSG00000138639	ARHGAP24
HSCHR6_MHC_DBB	31777702	31780222	ENSG00000231555	HSPA1B
12	44122410	44152620	ENSG00000129317	PUS7L
14	71374122	71582099	ENSG00000100731	PCNX
1	238107024	238108575	ENSG00000270188	MTRNR2L11
2	11584501	11606297	ENSG00000169016	E2F6
19	50832910	50886239	ENSG00000131408	NR1H2
5	176057683	176073642	ENSG00000175766	EIF4E1B
1	239549865	240078750	ENSG00000133019	CHRM3
X	102564274	102565974	ENSG00000133134	BEX2
19	36290890	36304201	ENSG00000250799	PRODH2
11	119076752	119178859	ENSG00000110395	CBL
12	52643084	52702947	ENSG00000170442	KRT86
HSCHR6_MHC_DBB	31784575	31789730	ENSG00000229300	C6orf48
3	97540884	97594132	ENSG00000233280	CRYBG3
X	102585124	102587254	ENSG00000182916	TCEAL7
13	113777128	113803843	ENSG00000126218	F10
11	72929343	72947397	ENSG00000175591	P2RY2
16	9852376	10276611	ENSG00000183454	GRIN2A
3	97595819	97663810	ENSG00000080200	CRYBG3
1	240177648	240638489	ENSG00000155816	FMN2
17	63133549	63223821	ENSG00000108370	RGS9
9	86582998	86595569	ENSG00000165119	HNRNPK
HSCHR6_MHC_MCF	30746071	30764152	ENSG00000237095	MDC1
2	165349322	165478358	ENSG00000115290	GRB14
4	47916159	48042188	ENSG00000163293	NIPAL1
8	105501459	105601252	ENSG00000147650	LRP12
10	64926981	65225722	ENSG00000171988	JMJD1C
5	176074388	176086058	ENSG00000048140	TSPAN17
8	27168999	27316903	ENSG00000120899	PTK2B
19	36316866	36360189	ENSG00000161270	NPHS1
13	113812968	113826694	ENSG00000126231	PROZ
17	29632231	29645849	ENSG00000265118	CTD-2370N5.3
5	139026884	139063467	ENSG00000171604	CXXC5
15	75246757	75249805	ENSG00000178718	RPP25
11	72975550	73009662	ENSG00000171631	P2RY6
X	102611373	102613397	ENSG00000185222	WBP5
14	103799881	103811362	ENSG00000100664	EIF5
7	156902674	156903764	ENSG00000269446	AC006967.1
8	105602961	106431488	ENSG00000253350	RP11-127H5.1
1	240629183	240643504	ENSG00000268365	AL646016.1
19	12778885	12782170	ENSG00000105583	WDR83OS
1	240652873	240775449	ENSG00000180875	GREM2
HSCHR6_MHC_MANN	32779140	32788434	ENSG00000225824	HLA-DQB1
11	34874641	34938046	ENSG00000149089	APIP
14	90862846	90874605	ENSG00000198668	CALM1
7	156931607	157062066	ENSG00000009335	UBE3C
22	42321045	42322822	ENSG00000159958	TNFRSF13C
3	52715172	52728508	ENSG00000163938	GNL3
1	7831329	7841492	ENSG00000049245	VAMP3
HSCHR6_MHC_MANN	32849115	32852880	ENSG00000258296	BX927168.4
8	106330920	106816760	ENSG00000169946	ZFPM2
17	74731947	74777531	ENSG00000092931	MFSD11
HSCHR6_MHC_MANN	32862880	32868441	ENSG00000231823	HLA-DQA2
2	211154874	211179914	ENSG00000168530	MYL1
12	8745072	8745181	ENSG00000238943	Y_RNA
6	117639374	117923691	ENSG00000047932	GOPC
12	8750105	8750236	ENSG00000252727	SCARNA11
12	8786963	8790204	ENSG00000255967	RP11-438L7.3
12	8816607	8821607	ENSG00000255829	RP11-20D14.3
4	47937994	48018689	ENSG00000198515	CNGA1
19	50861734	50869087	ENSG00000131400	NAPSA
15	75249560	75313837	ENSG00000198794	SCAMP5
12	8831369	8832266	ENSG00000256004	RP11-20D14.4
12	8895024	8895668	ENSG00000244131	RPSAP51
12	52679697	52685318	ENSG00000205426	KRT81
HSCHR6_MHC_MANN	32877673	32885131	ENSG00000229493	HLA-DQB2
19	12786531	12792716	ENSG00000095059	DHPS
22	42334725	42343168	ENSG00000100162	CENPM
16	81272053	81324747	ENSG00000135697	BCMO1
5	6633456	6669675	ENSG00000145545	SRD5A1
5	150088002	150138671	ENSG00000132912	DCTN4
17	29644578	29648902	ENSG00000126860	EVI2A
19	1040102	1065571	ENSG00000064687	ABCA7
1	7844380	7905237	ENSG00000049246	PER3
HSCHR6_MHC_DBB	31807625	31812872	ENSG00000234343	NEU1
12	123868320	123893905	ENSG00000183955	SETD8
X	102631268	102633005	ENSG00000166681	NGFRAP1
12	8928815	8983543	ENSG00000256661	A2ML1-AS1
2	165510134	165700189	ENSG00000082438	COBLL1
12	8940853	8948385	ENSG00000249790	RP11-20D14.6
HSCHR6_MHC_MANN	32943409	32960357	ENSG00000206235	TAP2
16	81348557	81424489	ENSG00000261609	GAN
12	8972412	8973309	ENSG00000256904	A2ML1-AS2
5	176237478	176307897	ENSG00000113763	UNC5A
12	9139771	9149162	ENSG00000257105	RP11-259O18.4
11	34937376	35042138	ENSG00000110435	PDHX
3	122920774	122992977	ENSG00000121542	SEC22A
12	9180128	9181685	ENSG00000213049	HNRNPA1P34
1	86814344	86862023	ENSG00000122417	ODF2L
12	9188940	9189840	ENSG00000255776	RP11-436I9.3
12	9208182	9217666	ENSG00000214851	LINC00612
12	123899936	123921264	ENSG00000150977	RILPL2
1	32117848	32169920	ENSG00000084636	COL16A1
X	102754678	102774417	ENSG00000172476	RAB40A
12	9217773	9220651	ENSG00000245105	A2M-AS1
X	135295381	135338641	ENSG00000129680	MAP7D3
12	9280379	9281241	ENSG00000256937	RP11-436I9.5
12	44152747	44183346	ENSG00000198001	IRAK4
13	113831891	113863029	ENSG00000126226	PCID2
6	5085720	5087455	ENSG00000219607	PPP1R3G
3	149682691	149768575	ENSG00000070087	PFN2
5	52776239	52782964	ENSG00000134363	FST
12	9280467	9280581	ENSG00000211542	AC007436.1
12	9287680	9288187	ENSG00000256720	RP11-436I9.6
5	139175406	139224051	ENSG00000146005	PSD2
1	240931554	241520530	ENSG00000182901	RGS7
12	123942188	123957701	ENSG00000184209	SNRNP35
8	59717977	60031767	ENSG00000198846	TOX
15	75315896	75409803	ENSG00000138621	PPCDC
7	89964537	90020769	ENSG00000105793	GTPBP10
4	5053169	5502725	ENSG00000152953	STK32B
5	150157508	150176296	ENSG00000256235	SMIM3
6	5102827	5261172	ENSG00000214113	LYRM4
22	42372276	42394225	ENSG00000100167	SEPT3
5	150157867	150176297	ENSG00000269636	AC010441.1
11	73019334	73080136	ENSG00000110237	ARHGEF17
19	12798867	12807457	ENSG00000132004	FBXW9
HSCHR6_MHC_SSTO	30702435	30703790	ENSG00000235030	IER3
5	150226085	150280298	ENSG00000237693	IRGM
2	86426478	86440917	ENSG00000132313	MRPL35
4	48068410	48136273	ENSG00000074966	TXK
6	117774980	117891021	ENSG00000164465	DCBLD1
9	86595626	86618985	ENSG00000178966	RMI1
12	9308477	9308968	ENSG00000256817	TPT1P12
HSCHR6_MHC_SSTO	30978726	30994957	ENSG00000258291	BX248321.1
16	81478775	81745367	ENSG00000153815	CMIP
12	9362159	9362217	ENSG00000238831	RNU7-189P
HSCHR6_MHC_SSTO	31120397	31126071	ENSG00000234674	TCF19
6	30568177	30586389	ENSG00000204569	PPP1R10
5	6714718	6757161	ENSG00000112941	PAPD7
5	74323289	74326724	ENSG00000176928	GCNT4
5	150273954	150284545	ENSG00000145908	ZNF300
12	123955925	124018265	ENSG00000188026	RILPL1
3	183967438	184010819	ENSG00000145194	ECE2
15	75487984	75504510	ENSG00000167173	C15orf39
7	126078652	126893348	ENSG00000179603	GRM8
9	86890372	86955672	ENSG00000197506	SLC28A3
11	73087309	73108519	ENSG00000054967	RELT
17	29718642	29865236	ENSG00000131242	RAB11FIP4
HSCHR6_MHC_MANN	32962293	32966279	ENSG00000236443	PSMB8
6	88384790	88411927	ENSG00000135334	AKIRIN2
5	74364100	74532703	ENSG00000145700	ANKRD31
19	50887461	50921273	ENSG00000062822	POLD1
1	241660903	241683061	ENSG00000091483	FH
5	176307870	176326333	ENSG00000160883	HK3
1	86889769	86922241	ENSG00000137975	CLCA2
X	102831159	102842657	ENSG00000133142	TCEAL4
17	6347735	6354789	ENSG00000129195	FAM64A
20	31995761	32031698	ENSG00000101400	SNTA1
X	66764465	66950461	ENSG00000169083	AR
12	9381129	9428413	ENSG00000256069	A2MP1
16	10420291	10577495	ENSG00000166669	ATF7IP2
5	139226364	139422884	ENSG00000158458	NRG2
10	13141449	13180291	ENSG00000123240	OPTN
1	7903143	7913572	ENSG00000049247	UTS2
2	86441116	86565206	ENSG00000068615	REEP1
12	9392582	9392927	ENSG00000231503	PTMAP4
5	150400124	150408554	ENSG00000211445	GPX3
15	75550940	75562540	ENSG00000167195	GOLGA6C
7	100486346	100487339	ENSG00000176125	UFSP1
12	52708085	52715182	ENSG00000170523	KRT83
2	100889753	100939195	ENSG00000170500	LONRF2
4	5526296	5529528	ENSG00000082929	C4orf6
3	52728505	52740048	ENSG00000016864	GLT8D1
8	61099906	61193971	ENSG00000178538	CA8
15	75575176	75586816	ENSG00000140478	GOLGA6D
1	86934051	86965972	ENSG00000016490	CLCA1
11	73111532	73309234	ENSG00000054965	FAM168A
10	98353069	98480271	ENSG00000155629	PIK3AP1
HG1304_PATCH	112475967	112487670	ENSG00000266823	RP1-142L7.5
11	35150091	35150215	ENSG00000269766	AL356215.1
HG1304_PATCH	112538842	112540772	ENSG00000271233	RP1-142L7.9
19	36346763	36358011	ENSG00000126259	KIRREL2
HG1304_PATCH	112555367	112555960	ENSG00000270663	RP1-142L7.8
10	65281123	65384883	ENSG00000165476	REEP3
17	13399006	13505244	ENSG00000153976	HS3ST3A1
17	80186273	80219005	ENSG00000141526	SLC16A3
HSCHR6_MHC_MCF	30766464	30771689	ENSG00000229684	TUBB
1	241695434	241758944	ENSG00000117009	KMO
HSCHR6_MHC_SSTO	31121263	31132565	ENSG00000237582	POU5F1
12	9392599	9395635	ENSG00000237248	LINC00987
10	75531935	75532378	ENSG00000267964	AC022400.2
3	97660662	97691301	ENSG00000170854	MINA
17	57751997	57784987	ENSG00000141378	PTRH2
16	10622279	10674555	ENSG00000213853	EMP2
12	58213710	58240522	ENSG00000175215	CTDSP2
HSCHR2_1_CTG12	169643049	169722026	ENSG00000262773	NOSTRIN
1	7979907	8000926	ENSG00000049249	TNFRSF9
10	75532049	75540009	ENSG00000196968	FUT11
3	27414214	27525911	ENSG00000033867	SLC4A7
17	13972813	14111994	ENSG00000006695	COX10
1	87012761	87046437	ENSG00000016602	CLCA4
4	86936276	87515284	ENSG00000109339	MAPK10
5	176332006	176449634	ENSG00000087206	UIMC1
12	9399093	9410556	ENSG00000256427	RP11-118B22.4
8	61429416	61536186	ENSG00000104388	RAB2A
12	124069078	124083116	ENSG00000086598	TMED2
11	119179241	119192231	ENSG00000076706	MCAM
12	9429831	9466684	ENSG00000111788	RP11-22B23.1
12	14656595	14721283	ENSG00000121316	PLBD1
17	39766030	39772151	ENSG00000186832	KRT16
19	12810008	12834825	ENSG00000105576	TNPO2
1	8014351	8045565	ENSG00000116288	PARK7
1	241753404	241840678	ENSG00000054277	OPN3
4	5544499	5711275	ENSG00000173040	EVC2
20	32077881	32237842	ENSG00000078699	CBFA2T2
1	87170259	87213867	ENSG00000097033	SH3GLB1
10	67672276	69455927	ENSG00000183230	CTNNA3
6	117996665	118031803	ENSG00000153989	NUS1
4	48137800	48271881	ENSG00000135605	TEC
1	241792155	241799232	ENSG00000203668	CHML
3	123001143	123168605	ENSG00000173175	ADCY5
HSCHR15_1_CTG4	28356186	28567298	ENSG00000263162	HERC2
1	154934774	154946871	ENSG00000160691	SHC1
6	5261277	5771813	ENSG00000145982	FARS2
19	36358801	36370693	ENSG00000105290	APLP1
6	118228689	118638839	ENSG00000196376	SLC35F1
9	87283466	87638505	ENSG00000148053	NTRK2
5	74632154	74657929	ENSG00000113161	HMGCR
7	90013035	90142716	ENSG00000157224	CLDN12
17	74864538	74946475	ENSG00000167889	MGAT5B
HSCHR2_1_CTG12	169690642	169786870	ENSG00000262452	SPC25
7	100487615	100494594	ENSG00000087085	ACHE
11	119205237	119208023	ENSG00000173456	RNF26
10	75541805	75543410	ENSG00000172586	CHCHD1
2	39024871	39103075	ENSG00000163214	DHX57
7	157128075	157210133	ENSG00000105993	DNAJB6
11	119209652	119217383	ENSG00000223953	C1QTNF5
22	42394729	42454460	ENSG00000183066	WBP2NL
19	1065922	1086627	ENSG00000180448	HMHA1
1	87328132	87380107	ENSG00000183291	SEP15
12	104343980	104359486	ENSG00000204954	C12orf73
HSCHR15_1_CTG4	28623776	28637136	ENSG00000261967	GOLGA8F
2	211295973	211342376	ENSG00000115365	LANCL1
12	52709128	52709790	ENSG00000267873	AC121757.1
X	102862379	102884618	ENSG00000196507	TCEAL3
HSCHR6_MHC_MANN	32965712	33001163	ENSG00000239836	PSMB9
12	52753790	52761265	ENSG00000135443	KRT85
1	241815580	241965435	ENSG00000162843	WDR64
14	71683031	71683462	ENSG00000267901	AC004817.1
6	118781935	119031238	ENSG00000111860	CEP85L
HSCHR2_1_CTG12	169774739	169783494	ENSG00000262563	G6PC2
11	119209652	119217383	ENSG00000235718	MFRP
X	67262186	67653755	ENSG00000079482	OPHN1
17	57784553	57919616	ENSG00000062716	VMP1
1	87380331	87602334	ENSG00000153936	HS2ST1
HSCHR15_1_CTG4	28776381	28789737	ENSG00000262872	GOLGA8G
22	42454358	42466846	ENSG00000198951	NAGA
HSCHR6_MHC_MANN	32966785	32975554	ENSG00000226173	TAP1
5	52856463	52979168	ENSG00000164258	NDUFS4
17	6354584	6459814	ENSG00000091622	PITPNM3
11	119209652	119217368	ENSG00000259159	MFRP
15	75628232	75634268	ENSG00000140365	COMMD4
16	53467889	53525561	ENSG00000103479	RBL2
8	61591337	61779465	ENSG00000171316	CHD7
1	87458692	87634884	ENSG00000267561	RP5-1052I5.2
2	238330063	238333919	ENSG00000222022	AC112721.1
11	73357223	73373864	ENSG00000021300	PLEKHB1
HSCHR2_1_CTG12	169796437	169904821	ENSG00000263298	ABCB11
1	87794151	87814606	ENSG00000143013	LMO4
22	42470255	42475445	ENSG00000177096	FAM109B
HSCHR15_1_CTG4	28577376	28581745	ENSG00000262581	RP11-536P16.2
16	81772702	81991899	ENSG00000197943	PLCG2
12	58335324	58351052	ENSG00000166896	XRCC6BP1
6	32065953	32096030	ENSG00000213676	ATF6B
HSCHR15_1_CTG4	28594196	28603160	ENSG00000261951	RP11-536P16.3
16	10721358	10788802	ENSG00000153060	TEKT5
5	53179775	53606412	ENSG00000185305	ARL15
HSCHR15_1_CTG4	28606968	28610830	ENSG00000262906	RP11-536P16.4
HSCHR15_1_CTG4	28632285	28632589	ENSG00000270043	Metazoa_SRP
HSCHR15_1_CTG4	28633480	28633562	ENSG00000263579	AC138747.1
3	149689066	149690535	ENSG00000268175	AC117395.1
HSCHR15_1_CTG4	28647912	28650069	ENSG00000262627	RP11-536P16.5
HSCHR15_1_CTG4	28682937	28683030	ENSG00000265006	AC138747.2
22	42475695	42480288	ENSG00000183172	SMDT1
HSCHR15_1_CTG4	28711609	28714548	ENSG00000262353	RP11-147B8.1
HSCHR15_1_CTG4	28730092	28730212	ENSG00000262733	RP11-147B8.2
HSCHR6_MHC_DBB	31813158	31829008	ENSG00000228263	SLC44A4
1	242011269	242058450	ENSG00000174371	EXO1
11	119225925	119252436	ENSG00000036672	USP2
8	27317279	27337400	ENSG00000120903	CHRNA2
14	71787166	72207946	ENSG00000197555	SIPA1L1
5	150409506	150473138	ENSG00000145901	TNIP1
3	150126122	150184218	ENSG00000196428	TSC22D2
6	30585486	30594172	ENSG00000204568	MRPS18B
12	124086624	124105488	ENSG00000111364	DDX55
16	10837643	10863208	ENSG00000103274	NUBP1
12	2079952	2802108	ENSG00000151067	CACNA1C
HSCHR6_MHC_MANN	33056220	33074714	ENSG00000239329	HLA-DMB
12	58937907	59206842	ENSG00000258231	RP11-362K2.2
8	107282473	107764922	ENSG00000164830	OXR1
HSCHR6_MHC_MCF	30773972	30787802	ENSG00000224740	FLOT1
14	23485752	23504439	ENSG00000100804	PSMB5
4	48343339	48428229	ENSG00000109171	SLAIN2
12	96883349	97269333	ENSG00000188596	C12orf55
19	12841454	12845589	ENSG00000123144	C19orf43
5	53751445	53752207	ENSG00000169271	HSPB3
2	11603927	11606274	ENSG00000269074	AC099344.1
1	242158792	242162375	ENSG00000197769	MAP1LC3C
13	113862552	113919399	ENSG00000139842	CUL4A
X	67718165	67757127	ENSG00000181704	YIPF6
5	53813589	53842415	ENSG00000178996	SNX18
11	35160417	35253949	ENSG00000026508	CD44
14	91006932	91282823	ENSG00000165914	TTC7B
10	75545340	75561551	ENSG00000214655	ZSWIM8
19	12847953	12859137	ENSG00000198356	ASNA1
1	8064464	8086368	ENSG00000116285	ERRFI1
5	54252063	54253674	ENSG00000249016	RP11-45H22.3
X	102883632	102885881	ENSG00000172465	TCEAL1
7	16793160	16824161	ENSG00000106537	TSPAN13
5	54273692	54318499	ENSG00000164283	ESM1
22	42481529	42486959	ENSG00000184983	NDUFA6
7	16828866	16829246	ENSG00000267906	AC073333.1
1	242246288	242687998	ENSG00000180287	PLD5
14	103851729	103970168	ENSG00000075413	MARK3
9	88161455	88356944	ENSG00000135049	AGTPBP1
16	10854776	10912651	ENSG00000166676	TVP23A
2	238394071	238463961	ENSG00000115648	MLPH
1	89149905	89301938	ENSG00000065243	PKN2
1	8377886	8404227	ENSG00000162426	SLC45A1
17	80196899	80231607	ENSG00000141551	CSNK1D
HSCHR15_1_CTG4	28747518	28747611	ENSG00000264457	MIR4509-3
12	14765576	14849519	ENSG00000070019	GUCY2C
HSCHR15_1_CTG4	28763390	28765572	ENSG00000262250	ABCB10P4
HSCHR15_1_CTG4	28779951	28780033	ENSG00000266882	AC138749.2
HSCHR15_1_CTG4	28780919	28781197	ENSG00000262127	Metazoa_SRP
7	16831435	16873057	ENSG00000106541	AGR2
HSCHR6_MHC_SSTO	31229147	31232539	ENSG00000206435	HLA-C
HSCHR15_1_CTG4	28846258	28942030	ENSG00000262080	RP11-578F21.1
16	53524952	53538323	ENSG00000166971	AKTIP
20	32244893	32262269	ENSG00000125967	NECAB3
2	11674242	11782914	ENSG00000196208	GREB1
4	5712924	5830772	ENSG00000072840	EVC
19	1086594	1095598	ENSG00000099817	POLR2E
19	36378555	36393205	ENSG00000167604	NFKBID
17	39775689	39781094	ENSG00000128422	KRT17
7	100547187	100611118	ENSG00000169894	MUC3A
13	113951556	113977987	ENSG00000185896	LAMP1
22	42522501	42526908	ENSG00000100197	CYP2D6
X	102930424	102943086	ENSG00000123562	MORF4L2
3	52738971	52742182	ENSG00000114902	SPCS1
14	23511376	23513269	ENSG00000222028	PSMB11
6	88757507	88776550	ENSG00000118434	SPACA1
13	113978505	114018446	ENSG00000139835	GRTP1
2	86667770	86719839	ENSG00000115548	KDM3A
6	71122644	71270877	ENSG00000082269	FAM135A
19	36393382	36395279	ENSG00000126264	HCST
19	12862516	12869272	ENSG00000039987	BEST2
12	44187526	44200178	ENSG00000151239	TWF1
13	114076260	114107839	ENSG00000153531	ADPRHL1
14	23516271	23526747	ENSG00000139880	CDH24
6	88849583	88876078	ENSG00000118432	CNR1
16	10971055	11026079	ENSG00000179583	CIITA
1	8412457	8877702	ENSG00000142599	RERE
5	7396321	7830194	ENSG00000078295	ADCY2
1	89318615	89357627	ENSG00000137947	GTF2B
HSCHR6_MHC_MANN	33070204	33092323	ENSG00000243189	HLA-DMA
4	48485360	48491213	ENSG00000145248	SLC10A4
3	52744800	52804965	ENSG00000114904	NEK4
4	48492269	48496406	ENSG00000182223	ZAR1
19	36395303	36399197	ENSG00000011600	TYROBP
12	52771596	52779436	ENSG00000161849	KRT84
6	30594619	30614600	ENSG00000137343	ATAT1
2	220283099	220291461	ENSG00000175084	DES
13	114110134	114145267	ENSG00000150401	DCUN1D2
1	243287730	243418650	ENSG00000143702	CEP170
2	165752696	165812035	ENSG00000169507	SLC38A11
8	27348296	27403081	ENSG00000120915	EPHX2
17	14138990	14140179	ENSG00000223510	CDRT15
12	59265931	59314303	ENSG00000139263	LRIG3
3	97705517	97754148	ENSG00000183185	GABRR3
9	88556061	88637213	ENSG00000135040	NAA35
16	82031221	82045093	ENSG00000184860	SDR42E1
7	16899029	16921611	ENSG00000173467	AGR3
5	176449697	176508190	ENSG00000113761	ZNF346
X	135383122	135519215	ENSG00000156920	GPR112
12	52787715	52800139	ENSG00000161850	KRT82
HSCHR6_MHC_MCF	30927312	30938427	ENSG00000223680	DDR1
7	100547257	100550424	ENSG00000228273	MUC3A
10	68685764	68859588	ENSG00000198739	LRRTM3
19	12873817	12983554	ENSG00000095066	HOOK2
19	50919056	50931666	ENSG00000142539	CTD-2545M3.6
17	14204400	14252721	ENSG00000125430	HS3ST3B1
17	39775692	39943183	ENSG00000173801	JUP
6	5998232	6007200	ENSG00000124785	NRN1
HSCHR17_1_CTG4	39463952	39465505	ENSG00000263186	KRTAP16-1
6	32096484	32098068	ENSG00000204315	FKBPL
16	82068609	82132139	ENSG00000086696	HSD17B2
13	114145310	114204542	ENSG00000150403	TMCO3
2	100986705	100987007	ENSG00000269383	AC012493.2
10	69556427	69597924	ENSG00000108176	DNAJC12
X	135570046	135575939	ENSG00000102239	BRS3
19	1103936	1106787	ENSG00000167468	GPX4
12	14920933	14924065	ENSG00000197837	HIST4H4
1	89401456	89458636	ENSG00000137944	CCBL2
19	50922195	50934570	ENSG00000269404	SPIB
15	75639296	75647592	ENSG00000140398	NEIL1
6	32116136	32122150	ENSG00000204314	PRRT1
17	15133095	15168643	ENSG00000109099	PMP22
6	118869461	118881893	ENSG00000198523	PLN
1	32192718	32230494	ENSG00000121753	BAI2
1	154947129	154951725	ENSG00000173207	CKS1B
22	42536214	42540576	ENSG00000205702	CYP2D7P
19	36426260	36436669	ENSG00000126243	LRFN3
X	135579238	135594505	ENSG00000102241	HTATSF1
HSCHR6_MHC_MANN	33090267	33103106	ENSG00000234704	BRD2
2	101008327	101034118	ENSG00000115526	CHST10
7	100612904	100662230	ENSG00000205277	MUC12
6	89319985	89673348	ENSG00000111880	RNGTT
9	88641061	88715088	ENSG00000135052	GOLM1
6	119134605	119256327	ENSG00000111877	MCM9
16	82181403	82203831	ENSG00000135698	MPHOSPH6
11	73386683	73472182	ENSG00000175582	RAB6A
19	50936160	50969578	ENSG00000086967	MYBPC2
1	243388058	243395911	ENSG00000269795	AC092782.1
13	114239013	114295785	ENSG00000198176	TFDP1
12	52817854	52828309	ENSG00000170454	KRT75
17	57936851	57970304	ENSG00000108423	TUBD1
22	42556019	42739622	ENSG00000100207	TCF20
7	90095738	90839905	ENSG00000058091	CDK14
19	36486090	36487220	ENSG00000205138	SDHAF1
3	97783316	97784240	ENSG00000213439	OR5AC1
17	29898161	29902678	ENSG00000228768	AC003101.1
3	97806017	97806946	ENSG00000196578	OR5AC2
4	5749811	5894785	ENSG00000072832	CRMP1
3	97851542	97852483	ENSG00000231192	OR5H1
3	97868170	97869249	ENSG00000236032	OR5H14
1	89445139	89458643	ENSG00000213516	RBMXL1
17	30178883	30186356	ENSG00000172301	COPRS
3	97887544	97888485	ENSG00000233412	OR5H15
13	114303119	114312501	ENSG00000186009	ATP4B
19	36494209	36499695	ENSG00000181392	SYNE4
3	97983088	97984200	ENSG00000230301	OR5H6
6	6144318	6321246	ENSG00000124491	F13A1
19	50970042	50980010	ENSG00000142530	FAM71E1
3	98001732	98002676	ENSG00000197938	OR5H2
19	1107636	1174282	ENSG00000064932	SBNO2
5	74664311	74807963	ENSG00000113163	COL4A3BP
7	126986844	127071978	ENSG00000048405	ZNF800
1	243419320	243663394	ENSG00000054282	SDCCAG8
9	88835180	88874572	ENSG00000187753	C9orf153
3	98030757	98031687	ENSG00000232535	OR5H8P
3	98072698	98073663	ENSG00000196098	OR5K4
13	114321470	114440708	ENSG00000185974	GRK1
HSCHR17_1_CTG4	39471169	39471947	ENSG00000263341	KRTAP17-1
HSCHR6_MHC_MCF	30954519	30960441	ENSG00000234370	GTF2H4
3	98109510	98110475	ENSG00000206536	OR5K3
3	98188324	98189420	ENSG00000232382	OR5K1
HSCHR17_1_CTG4	39502344	39507064	ENSG00000261986	KRT33A
3	150259781	150321015	ENSG00000120742	SERP1
HSCHR6_MHC_SSTO	31314550	31317907	ENSG00000228964	HLA-B
HSCHR17_1_CTG4	39519746	39526052	ENSG00000263012	KRT33B
16	53631595	53737850	ENSG00000103494	RPGRIP1L
9	88879461	88897676	ENSG00000135070	ISCA1
10	69644427	69678147	ENSG00000096717	SIRT1
13	114462216	114514926	ENSG00000184497	TMEM255B
HSCHR6_MHC_COX	29519995	29597568	ENSG00000232632	GABBR1
HSCHR17_1_CTG4	39533917	39538652	ENSG00000262045	RP1-18F17.1
4	48499378	48782339	ENSG00000075539	FRYL
HSCHR17_1_CTG4	39541224	39545959	ENSG00000262748	AC004231.7
12	52840435	52845910	ENSG00000185479	KRT6B
12	14927270	14930936	ENSG00000246705	H2AFJ
19	50979657	50986608	ENSG00000161671	EMC10
1	89472349	89488577	ENSG00000117226	GBP3
14	23527773	23564823	ENSG00000100813	ACIN1
1	8921061	8939308	ENSG00000074800	ENO1
5	176513887	176525145	ENSG00000160867	FGFR4
X	67867508	67945684	ENSG00000130052	STARD8
12	52862300	52867569	ENSG00000170465	KRT6C
12	97301001	97347129	ENSG00000139350	NEDD1
17	30187923	30228784	ENSG00000108651	UTP6
12	14939410	14956474	ENSG00000084463	WBP11
17	63524681	63557765	ENSG00000168646	AXIN2
11	119288090	119295695	ENSG00000154096	THY1
16	82660408	83830204	ENSG00000140945	CDH13
17	6481468	6544247	ENSG00000198920	KIAA0753
12	124104953	124118313	ENSG00000111361	EIF2B1
HSCHR6_MHC_SSTO	31360501	31376956	ENSG00000231225	MICA
15	75648133	75660971	ENSG00000140400	MAN2C1
22	42776416	42828401	ENSG00000235568	NFAM1
12	9439269	9439418	ENSG00000212440	SNORA75
2	211342406	211543831	ENSG00000021826	CPS1
12	9466998	9468769	ENSG00000255753	RP11-22B23.2
12	9520060	9550213	ENSG00000260423	RP13-735L24.1
3	123209667	123304032	ENSG00000206527	PTPLB
12	9550951	9567447	ENSG00000256673	RP11-599J14.2
19	51009255	51014610	ENSG00000161677	JOSD2
13	114523522	114567046	ENSG00000183087	GAS6
19	12902310	12904124	ENSG00000171223	JUNB
16	11022748	11036317	ENSG00000182108	DEXI
1	243651535	244014381	ENSG00000117020	AKT3
4	5958845	5991545	ENSG00000181215	C4orf50
22	42905974	42915808	ENSG00000189306	RRP7A
HSCHR6_MHC_MANN	33125750	33131183	ENSG00000231558	HLA-DOA
1	154955814	154965587	ENSG00000160688	FLAD1
12	9570309	9600825	ENSG00000214826	DDX12P
X	68048840	68061990	ENSG00000090776	EFNB1
11	119494120	119599794	ENSG00000110400	PVRL1
16	53737875	54155853	ENSG00000140718	FTO
19	51014857	51017947	ENSG00000204653	ASPDH
2	220299568	220363009	ENSG00000072195	SPEG
1	89518002	89531043	ENSG00000117228	GBP1
3	98216448	98217496	ENSG00000231861	OR5K2
17	75082798	75213179	ENSG00000129657	SEC14L1
6	119215384	119230332	ENSG00000111875	ASF1A
16	11038345	11276046	ENSG00000038532	CLEC16A
HSCHR6_MHC_SSTO	31455821	31468850	ENSG00000227772	MICB
6	32121218	32134011	ENSG00000221988	PPT2
9	88902648	88969369	ENSG00000083223	ZCCHC6
19	36500022	36505141	ENSG00000239382	ALKBH6
19	51020149	51071302	ENSG00000131409	LRRC4B
12	124118375	124147153	ENSG00000111358	GTF2H3
1	244214585	244220778	ENSG00000179456	ZBTB18
3	52811603	52826078	ENSG00000055957	ITIH1
19	12907634	12912694	ENSG00000167815	PRDX2
1	244227632	244231211	ENSG00000268146	AL590483.1
7	17338246	17385776	ENSG00000106546	AHR
2	39103103	39156213	ENSG00000188010	MORN2
1	244515937	244552965	ENSG00000173728	C1orf100
22	42949623	42970388	ENSG00000183569	SERHL2
17	63534220	63637151	ENSG00000266076	CTD-2535L24.2
13	114747194	114898086	ENSG00000185989	RASA3
1	89571815	89616139	ENSG00000162645	GBP2
19	12917394	12924452	ENSG00000104889	RNASEH2A
19	51124564	51171651	ENSG00000213023	SYT3
1	244571796	244615436	ENSG00000035687	ADSS
HSCHR6_MHC_MANN	33186489	33202701	ENSG00000228163	HLA-DPA1
4	6027926	6202318	ENSG00000152969	JAKMIP1
16	54279456	54304658	ENSG00000259517	RP11-324D17.1
4	87515468	87736324	ENSG00000163629	PTPN13
16	11343476	11445619	ENSG00000175643	RMI2
20	32250090	32253425	ENSG00000149609	C20orf144
11	73498361	73576178	ENSG00000175581	MRPL48
16	54317216	54320675	ENSG00000177508	IRX3
3	150264465	150302029	ENSG00000144895	EIF2A
1	89597434	89641723	ENSG00000213512	GBP7
20	32254304	32256331	ENSG00000182584	ACTL10
HSCHR6_MHC_SSTO	31474452	31474925	ENSG00000267840	BX005439.2
HSCHR6_MHC_SSTO	31486441	31487956	ENSG00000226841	MCCD1
11	119981983	120056237	ENSG00000137699	TRIM29
8	61969717	62414204	ENSG00000177182	CLVS1
20	32263489	32274210	ENSG00000101412	E2F1
16	83841448	83853342	ENSG00000230989	HSBP1
HSCHR6_MHC_SSTO	31487943	31504306	ENSG00000254899	DASS-161H22.6
2	39117021	39202590	ENSG00000214694	ARHGEF33
HSCHR17_1_CTG4	39557276	39561144	ENSG00000262993	KRT31
1	89646831	89664615	ENSG00000162654	GBP4
19	1189406	1228428	ENSG00000118046	STK11
HSCHR17_1_CTG4	39584330	39588100	ENSG00000263022	KRT37
HSCHR17_1_CTG4	39479679	39485797	ENSG00000262591	TBC1D3P7
HSCHR17_1_CTG4	39490884	39491985	ENSG00000262282	AC003958.6
20	32294512	32308125	ENSG00000101417	PXMP4
6	119280928	119470552	ENSG00000111879	FAM184A
HSCHR17_1_CTG4	39565993	39588626	ENSG00000262603	AC003958.2
7	17830385	17980124	ENSG00000071189	SNX13
HSCHR17_1_CTG4	39570089	39575352	ENSG00000262040	AC003958.1
16	83932731	83949787	ENSG00000103150	MLYCD
17	63631656	64188202	ENSG00000154240	CEP112
6	89674246	89676685	ENSG00000203863	AL079342.1
12	14956506	15059520	ENSG00000182993	C12orf60
11	35272753	35441610	ENSG00000110436	SLC1A2
3	183977001	183979251	ENSG00000163888	CAMK2N2
6	89790470	89794879	ENSG00000146278	PNRC1
16	83941738	83985058	ENSG00000260300	RP11-505K9.4
12	14957584	14967116	ENSG00000179256	SMCO3
19	12936292	12946242	ENSG00000132026	RTBDN
11	73583712	73588033	ENSG00000181924	COA4
16	11348262	11350036	ENSG00000185338	SOCS1
12	14978503	14996429	ENSG00000111339	ART4
9	89559279	89562104	ENSG00000180447	GAS1
6	89805678	89827800	ENSG00000154548	SRSF12
3	98216756	98241910	ENSG00000080822	CLDND1
1	244617679	244804479	ENSG00000179397	C1orf101
16	11361605	11363390	ENSG00000178279	TNP2
9	89763559	89774471	ENSG00000204446	C9orf170
16	11367144	11367452	ENSG00000178257	PRM3
1	154966062	154966791	ENSG00000163352	LENEP
10	98592017	98740800	ENSG00000196233	LCOR
16	11369496	11370337	ENSG00000122304	PRM2
6	89855769	89875284	ENSG00000146281	PM20D2
19	36505562	36524245	ENSG00000105270	CLIP3
3	123328896	123603178	ENSG00000065534	MYLK
20	32319463	32380075	ENSG00000131061	ZNF341
1	89724633	89738544	ENSG00000154451	GBP5
16	11374693	11375207	ENSG00000175646	PRM1
19	51152702	51162567	ENSG00000235034	C19orf81
5	54320081	54330398	ENSG00000113088	GZMK
16	54964774	54968397	ENSG00000176842	IRX5
2	11798304	11810290	ENSG00000169006	NTSR2
HSCHR6_MHC_MANN	33197846	33209127	ENSG00000229295	HLA-DPB1
14	47120222	47121028	ENSG00000165496	RPL10L
6	89887220	89940997	ENSG00000146276	GABRR1
13	115000362	115038198	ENSG00000130177	CDC16
5	54398476	54406080	ENSG00000145649	GZMA
2	101086944	101099742	ENSG00000204640	NMS
2	165944032	166060577	ENSG00000153253	SCN3A
16	55357672	55364672	ENSG00000159387	IRX6
2	238475217	238475818	ENSG00000071677	PRLH
1	154975127	154990998	ENSG00000160685	ZBTB7B
2	101179152	101193197	ENSG00000115539	PDCL3
1	244816237	244872335	ENSG00000121644	DESI2
16	11453702	11617444	ENSG00000188897	CTD-3088G3.8
3	184016497	184026842	ENSG00000175166	PSMD2
3	27757440	27764206	ENSG00000163508	EOMES
1	89829617	89852020	ENSG00000183347	GBP6
16	83981887	83999937	ENSG00000140961	OSGIN1
6	6588341	6655216	ENSG00000112799	LY86
1	244998624	245008359	ENSG00000203667	COX20
2	238482965	238510257	ENSG00000124839	RAB17
14	47308826	48144157	ENSG00000139915	MDGA2
14	23563974	23569665	ENSG00000179933	C14orf119
HG75_PATCH	34493132	34503984	ENSG00000260069	TBC1D3B
11	73587744	73638790	ENSG00000175575	PAAF1
19	51165084	51222707	ENSG00000161681	SHANK1
1	32256023	32281652	ENSG00000134668	SPOCD1
7	18066405	18067486	ENSG00000229937	PRPS1L1
8	107771711	107782473	ENSG00000174429	ABRA
10	69681665	69835105	ENSG00000148634	HERC4
19	1228286	1238026	ENSG00000099625	C19orf26
5	54408799	54469005	ENSG00000164287	CDC20B
8	27454434	27472548	ENSG00000120885	CLU
9	90112143	90323548	ENSG00000196730	DAPK1
HSCHR6_MHC_MCF	30954577	30972803	ENSG00000234032	VARS2
16	84002237	84036381	ENSG00000103154	NECAB2
1	89990395	90063423	ENSG00000197147	LRRC8B
2	238499663	238504624	ENSG00000234949	AC104667.3
2	11817721	11967535	ENSG00000134324	LPIN1
13	115047059	115071283	ENSG00000169062	UPF3A
7	45120037	45128513	ENSG00000136274	NACAD
2	101436614	101613291	ENSG00000170485	NPAS2
15	75661720	75748183	ENSG00000169375	SIN3A
8	108261721	108510283	ENSG00000154188	ANGPT1
19	1241749	1244824	ENSG00000099624	ATP5D
7	100663353	100702020	ENSG00000169876	MUC17
1	90098631	90235462	ENSG00000171488	LRRC8C
14	72399156	73030654	ENSG00000182732	RGS6
10	111701029	111713649	ENSG00000203876	RP11-451M19.3
19	36525887	36545664	ENSG00000161277	THAP8
1	245014468	245027844	ENSG00000153187	HNRNPU
1	90098699	90398809	ENSG00000271949	RP11-302M6.4
7	127220672	127233665	ENSG00000179562	GCC1
16	55423612	55540603	ENSG00000087245	MMP2
11	120039685	120042387	ENSG00000176984	AP000679.2
5	150480273	150537443	ENSG00000197043	ANXA6
13	115079988	115092796	ENSG00000198824	CHAMP1
1	154990996	155006257	ENSG00000163354	DCST2
10	98741041	98745582	ENSG00000155640	C10orf12
11	120081475	120101041	ENSG00000184232	OAF
1	9005926	9035151	ENSG00000131686	CA6
13	19041312	19059588	ENSG00000215604	ZNF962P
16	84043272	84076241	ENSG00000166558	SLC38A8
10	3818188	3827473	ENSG00000067082	KLF6
13	19066044	19066559	ENSG00000270496	BNIP3P7
2	238536219	238722325	ENSG00000124831	LRRFIP1
13	19114637	19124837	ENSG00000231238	LINC00349
13	19183272	19183842	ENSG00000233905	LONRF2P2
7	157318477	157320019	ENSG00000236669	AC006372.1
13	19184438	19185815	ENSG00000229788	LINC00388
11	35453370	35551848	ENSG00000149090	PAMR1
12	44229770	44783545	ENSG00000139173	TMEM117
1	90286573	90402170	ENSG00000171492	LRRC8D
13	19239375	19241361	ENSG00000235876	FEM1AP4
HSCHR6_MHC_DBB	31829721	31847649	ENSG00000227333	EHMT2
13	19246967	19250303	ENSG00000231914	LINC00387
17	15207128	15244958	ENSG00000125409	TEKT3
13	19254634	19255846	ENSG00000226361	TERF1P5
7	45139699	45151646	ENSG00000136270	TBRG4
X	135614311	135638966	ENSG00000102243	VGLL1
13	19271143	19271647	ENSG00000228797	FAM207BP
13	19292907	19293869	ENSG00000236169	LINC00418
13	19298555	19299044	ENSG00000230931	GXYLT1P1
1	9063359	9086404	ENSG00000197241	SLC2A7
16	11641853	11730237	ENSG00000189067	LITAF
13	19300846	19301554	ENSG00000204718	CNN2P12
11	120107349	120190653	ENSG00000137709	POU2F3
5	7830491	7851603	ENSG00000215217	C5orf49
13	19308220	19309036	ENSG00000227784	ZNF965P
13	19315870	19316858	ENSG00000244155	CYP4F34P
13	19381419	19382158	ENSG00000227568	SNX18P26
17	39845137	39848920	ENSG00000173812	EIF1
13	19383970	19384188	ENSG00000225016	LINC00328-2P
10	111756126	111895323	ENSG00000148700	ADD3
X	68380694	68385636	ENSG00000181191	PJA1
13	19390858	19446107	ENSG00000206192	ANKRD20A9P
HSCHR6_MHC_SSTO	31487943	31500172	ENSG00000235439	DDX39B
10	98757795	99052413	ENSG00000269891	ARHGAP19-SLIT1
13	19411908	19412238	ENSG00000242756	RHOT1P3
13	19433967	19434882	ENSG00000227332	RP11-38M15.11
13	19443325	19443431	ENSG00000223024	RNU6-55P
12	52880958	52887041	ENSG00000205420	KRT6A
13	19454194	19454297	ENSG00000206787	RNU6-76P
20	32399110	32442172	ENSG00000101421	CHMP4B
12	15034115	15038860	ENSG00000111341	MGP
13	19466400	19469370	ENSG00000235500	SNX19P2
8	62413116	62627155	ENSG00000198363	ASPH
13	19479579	19481950	ENSG00000226250	LINC00408
13	19496029	19497905	ENSG00000231358	RP11-442J17.3
13	19520895	19636858	ENSG00000226057	PHF2P2
X	68725084	68752351	ENSG00000130054	FAM155B
8	108911544	109095913	ENSG00000147655	RSPO2
2	39186764	39187483	ENSG00000269210	AC019171.1
19	51226586	51228974	ENSG00000105472	CLEC11A
1	90460671	90501090	ENSG00000162664	ZNF326
1	245132652	245134390	ENSG00000272195	RP11-156E8.1
19	36545783	36596008	ENSG00000075702	WDR62
12	15066969	15092016	ENSG00000139055	ERP27
13	19582399	19586699	ENSG00000232685	LINC00442
11	120195838	120204391	ENSG00000181264	TMEM136
14	91336799	91526980	ENSG00000100784	RPS6KA5
19	1248552	1259142	ENSG00000167470	MIDN
13	19589627	19593476	ENSG00000229375	USP24P1
19	51273721	51274989	ENSG00000142511	GPR32
13	19600138	19606766	ENSG00000187721	GTF2IP3
9	90340434	90346308	ENSG00000135047	CTSL
1	9095166	9148537	ENSG00000142583	SLC2A5
19	51293672	51298481	ENSG00000142513	ACPT
13	19601977	19602841	ENSG00000226619	RP11-301J16.7
14	50043390	50065408	ENSG00000213741	RPS29
13	19662627	19662721	ENSG00000252287	RNA5SP24
13	19700539	19713751	ENSG00000224778	CENPIP1
X	135730352	135742549	ENSG00000102245	CD40LG
X	68835911	69259319	ENSG00000158813	EDA
13	19717122	19717217	ENSG00000252675	RNU6-52P
13	19725694	19726447	ENSG00000234894	RP11-408E5.6
7	127228399	127231759	ENSG00000004059	ARF5
13	19726707	19745334	ENSG00000229147	SMPD4P2
5	7851299	7906138	ENSG00000124275	MTRR
11	35639735	35642419	ENSG00000179431	FJX1
13	19775777	19801572	ENSG00000227879	PSPC1P1
12	15094951	15114662	ENSG00000111348	ARHGDIB
13	19836937	19838013	ENSG00000232243	RP11-408E5.5
1	245133007	245290466	ENSG00000203666	EFCAB2
11	35684353	35829775	ENSG00000166326	TRIM44
1	91177096	91182794	ENSG00000143032	BARHL2
13	19864733	19918965	ENSG00000237636	ANKRD26P3
20	32581452	32696114	ENSG00000125970	RALY
19	12944765	12985765	ENSG00000105613	MAST1
13	19878733	19879765	ENSG00000215349	MRPL3P1
13	19919189	19920889	ENSG00000236834	LINC00421
13	19923277	19982102	ENSG00000224976	PARP4P2
1	32372022	32410457	ENSG00000184007	PTP4A2
13	19956348	19957525	ENSG00000231184	FAM58DP
13	19982182	19983669	ENSG00000229791	RP11-385E5.5
13	19985371	19990328	ENSG00000237164	SLC25A15P2
13	20032538	20032858	ENSG00000223625	CYCSP32
2	130939310	130948302	ENSG00000152082	MZT2B
7	100728720	100735017	ENSG00000169871	TRIM56
17	5810	31427	ENSG00000272636	DOC2B
13	20126711	20144428	ENSG00000232894	MRPS31P2
13	20134153	20135409	ENSG00000215572	ESRRAP1
13	20137729	20139040	ENSG00000238132	CASC4P1
7	157331750	158380480	ENSG00000155093	PTPRN2
19	51300961	51308186	ENSG00000167747	C19orf48
13	20161258	20162490	ENSG00000225316	LINC00350
5	139487362	139496321	ENSG00000185129	PURA
13	20247071	20247197	ENSG00000257110	AL354808.1
22	42979727	43010968	ENSG00000100227	POLDIP3
13	20248764	20250024	ENSG00000226352	RP11-523H24.3
17	80214131	80216080	ENSG00000268852	AC132872.2
13	20311117	20311394	ENSG00000265624	RN7SL166P
7	90893783	90898123	ENSG00000157240	FZD1
4	6271576	6304992	ENSG00000109501	WFS1
17	57970447	58027925	ENSG00000108443	RPS6KB1
13	20392261	20392759	ENSG00000233469	ST6GALNAC4P1
2	39208537	39351486	ENSG00000115904	SOS1
5	139505521	139508391	ENSG00000182700	IGIP
13	20415967	20417812	ENSG00000223576	RP11-61K9.2
13	20449327	20449425	ENSG00000238665	snoU13
13	20504944	20505031	ENSG00000266230	AL591925.1
13	20644390	20646276	ENSG00000237672	KRR1P1
X	135747706	135864247	ENSG00000129675	ARHGEF6
13	20676840	20677369	ENSG00000236076	LINC01072
11	73661364	73681411	ENSG00000187726	DNAJB13
5	139554227	139661637	ENSG00000120306	CYSTM1
13	20753117	20753601	ENSG00000226633	PPIAP28
13	20755670	20756081	ENSG00000260131	LINC00556
7	18126572	19042039	ENSG00000048052	HDAC9
13	21007917	21007985	ENSG00000263978	MIR4499
17	80272744	80275478	ENSG00000173762	CD7
13	21181407	21182270	ENSG00000238286	SLC35E1P1
13	21186300	21186477	ENSG00000222726	RNU2-7P
13	21277842	21277922	ENSG00000265710	AL161772.1
19	12986025	12992282	ENSG00000105612	DNASE2
13	21286570	21288285	ENSG00000203614	AL512652.1
16	84087368	84150511	ENSG00000140943	MBTPS1
5	54455946	54462899	ENSG00000164294	GPX8
HG75_PATCH	34522245	34524134	ENSG00000260199	CCL3L3
1	91380859	91487829	ENSG00000122482	ZNF644
13	21321174	21322196	ENSG00000233524	RANP8
3	189674517	189840226	ENSG00000090530	LEPREL1
12	52908359	52914471	ENSG00000186081	KRT5
11	35965531	36253686	ENSG00000179241	LDLRAD3
5	176560026	176727216	ENSG00000165671	NSD1
13	21495803	21497372	ENSG00000236704	CNOT4P1
5	139624624	139682706	ENSG00000113068	PFDN1
13	21512703	21523738	ENSG00000233780	HNRNPA1P30
1	245318287	245872733	ENSG00000162849	KIF26B
8	27491385	27534293	ENSG00000168077	SCARA3
3	47057919	47205457	ENSG00000181555	SETD2
2	130949318	130956034	ENSG00000152086	TUBA3E
HG75_PATCH	34538284	34540254	ENSG00000260717	CCL4L1
20	32676104	32700138	ENSG00000125977	EIF2S2
1	155006300	155023406	ENSG00000163357	DCST1
13	21530318	21530582	ENSG00000234363	PPIAP27
13	21535449	21536334	ENSG00000213621	RPSAP54
13	21543457	21543555	ENSG00000238893	snoU13
13	21573506	21573606	ENSG00000251902	RNU6-51P
13	21579296	21592261	ENSG00000233851	LATS2-AS1
11	73685712	73694352	ENSG00000175567	UCP2
17	15339332	15406922	ENSG00000239704	CDRT4
11	36295051	36310999	ENSG00000110442	COMMD9
13	21612668	21612806	ENSG00000201821	RNU4-9P
12	59917059	59917965	ENSG00000257230	RP11-272B17.2
13	21668457	21668853	ENSG00000180172	RPS12P23
5	54515442	54523143	ENSG00000234602	MCIDAS
13	21677142	21678510	ENSG00000225585	IPPKP1
16	55542910	55620582	ENSG00000087253	LPCAT2
13	21714025	21714096	ENSG00000252128	SNORD27
13	21716330	21716629	ENSG00000263607	RN7SL80P
X	69260392	69269788	ENSG00000147160	AWAT2
13	21790694	21790799	ENSG00000271250	RP11-101P17.14
HG75_PATCH	34581015	34591935	ENSG00000259795	TBC1D3
13	21808707	21809343	ENSG00000233405	LINC01046
17	80278900	80291950	ENSG00000141574	SECTM1
6	71276620	71299272	ENSG00000154079	C6orf57
13	21834154	21867568	ENSG00000235438	ESRRAP2
17	15339338	15466875	ENSG00000259024	TVP23C-CDRT4
9	90497741	90503814	ENSG00000177992	SPATA31E1
2	220363589	220371710	ENSG00000144591	GMPPA
17	62293	236045	ENSG00000181031	RPH3AL
13	21861545	21868998	ENSG00000229137	RP11-101P17.11
HSCHR6_MHC_MANN	33199096	33201475	ENSG00000257544	CR847849.1
15	75759462	75871630	ENSG00000169410	PTPN9
13	21872278	21880512	ENSG00000233325	MIPEPP3
19	51322404	51327043	ENSG00000167748	KLK1
HG75_PATCH	34651203	34662129	ENSG00000260287	TBC1D3G
2	86730554	86948245	ENSG00000115561	CHMP3
2	131095814	131099922	ENSG00000136710	CCDC115
5	139712428	139726216	ENSG00000113070	HBEGF
13	21877654	21922860	ENSG00000224429	LINC00422
16	84155886	84178797	ENSG00000103160	HSDL1
X	102962152	102983583	ENSG00000188828	GLRA4
12	98879322	98897633	ENSG00000245017	RP11-181C3.1
13	21893231	21895005	ENSG00000215571	GRK6P1
19	12995237	12997995	ENSG00000105610	KLF1
HG75_PATCH	34704907	34715799	ENSG00000259801	AC126327.5
1	9160364	9189229	ENSG00000180758	GPR157
20	32782375	32857150	ENSG00000101440	ASIP
8	109213445	109447562	ENSG00000104408	EIF3E
6	7107830	7252213	ENSG00000124782	RREB1
11	120207787	120360645	ENSG00000196914	ARHGEF12
13	21932512	21933453	ENSG00000235076	GAPDHP52
5	54526980	54529508	ENSG00000152669	CCNO
12	59989848	60176395	ENSG00000118596	SLC16A7
6	119498374	119670926	ENSG00000111885	MAN1A1
1	245912642	246670614	ENSG00000185420	SMYD3
X	102965837	102968956	ENSG00000179363	TMEM31
4	6322305	6565327	ENSG00000074211	PPP2R2C
17	15341205	15466909	ENSG00000175106	TVP23C
6	32121622	32139755	ENSG00000258388	PPT2-EGFL8
2	86732791	86948245	ENSG00000249884	RNF103-CHMP3
12	44902058	45315631	ENSG00000184613	NELL2
14	50064193	50065882	ENSG00000253459	AL139099.1
1	9294834	9331396	ENSG00000049239	H6PD
9	90581356	90589668	ENSG00000156345	CDK20
13	21943929	21944038	ENSG00000222747	RNA5SP25
19	36602104	36604613	ENSG00000105261	OVOL3
13	21951116	21952013	ENSG00000236953	ZDHHC20-IT1
20	32868074	32899608	ENSG00000101444	AHCY
13	22057973	22058313	ENSG00000226908	HIST1H2BPS3
13	22101939	22102039	ENSG00000238878	snoU13
13	22104829	22105462	ENSG00000230022	FNTAP2
13	22125443	22125549	ENSG00000207518	RNU6-59P
11	36317838	36486754	ENSG00000135362	PRR5L
13	22202552	22203154	ENSG00000226525	RPS7P10
13	22364676	22364982	ENSG00000244197	RN7SL766P
14	50065415	50081390	ENSG00000165501	LRR1
1	9352939	9429591	ENSG00000171621	SPSB1
13	22446909	22449705	ENSG00000226722	LINC00424
6	71377479	71571718	ENSG00000112305	SMAP1
19	36604612	36606248	ENSG00000105258	POLR2I
13	22673302	22673683	ENSG00000237175	NME1P1
13	22687258	22687477	ENSG00000226118	MTND3P1
7	91321323	91510034	ENSG00000127989	MTERF
13	23270162	23270713	ENSG00000232187	FTH1P7
12	124155660	124192948	ENSG00000168778	TCTN2
13	23278878	23280345	ENSG00000225777	DDX39AP1
10	4828821	4890254	ENSG00000165568	AKR1E2
13	23377284	23377363	ENSG00000253094	SNORD36
13	23377435	23377787	ENSG00000237952	RPL7AP73
1	9599541	9645237	ENSG00000171612	SLC25A33
13	23411165	23412019	ENSG00000226507	IPMKP1
13	23424240	23424700	ENSG00000231650	RFESDP1
12	52922915	52922980	ENSG00000268716	AC055736.1
13	23425912	23428277	ENSG00000229556	RP11-363G2.4
19	13001840	13025021	ENSG00000105607	GCDH
13	23453264	23453338	ENSG00000240341	AL162853.1
10	75556272	75571409	ENSG00000272916	RP11-574K11.31
13	23468795	23490508	ENSG00000262619	LINC00621
6	89966927	90025018	ENSG00000111886	GABRR2
12	52937693	52946931	ENSG00000139648	KRT71
13	23471480	23472144	ENSG00000230535	BASP1P1
22	43013846	43045574	ENSG00000100243	CYB5R3
13	23489790	23490662	ENSG00000234685	NUS1P2
12	15125956	15134799	ENSG00000139053	PDE6H
13	23492730	23498741	ENSG00000262198	RP11-124N19.3
12	9597654	9597801	ENSG00000212432	SNORA75
8	109455830	109499145	ENSG00000104412	EMC2
X	103028647	103047548	ENSG00000123560	PLP1
17	30264037	30328064	ENSG00000178691	SUZ12
14	50085237	50087403	ENSG00000165502	RPL36AL
1	246703862	246729626	ENSG00000162851	TFB2M
11	73711326	73720480	ENSG00000175564	UCP3
12	52959566	52967609	ENSG00000170484	KRT74
6	90036344	90062567	ENSG00000198833	UBE2J1
14	50087489	50090198	ENSG00000168282	MGAT2
12	15260717	15501609	ENSG00000134533	RERG
16	84178865	84212373	ENSG00000154099	DNAAF1
10	75561669	75571589	ENSG00000166507	NDST2
14	23586513	23588825	ENSG00000092067	CEBPE
14	50091892	50101948	ENSG00000165506	DNAAF2
9	91003334	91093609	ENSG00000106723	SPIN1
15	75890424	75918810	ENSG00000169371	SNUPN
7	127231463	127242198	ENSG00000106328	FSCN3
10	98757795	98945677	ENSG00000187122	SLIT1
19	1259384	1274879	ENSG00000099622	CIRBP
6	121400640	121655891	ENSG00000146350	TBC1D32
2	86830516	86850989	ENSG00000239305	RNF103
19	51328545	51340469	ENSG00000174562	KLK15
8	27590835	27630170	ENSG00000147419	CCDC25
1	246729746	246831886	ENSG00000162852	CNST
7	45197390	45225901	ENSG00000122679	RAMP3
6	90074355	90121989	ENSG00000025039	RRAGD
1	91726323	91870426	ENSG00000162669	HFM1
7	100770370	100782547	ENSG00000106366	SERPINE1
16	55600584	55601599	ENSG00000256812	CAPNS2
1	32379174	32380745	ENSG00000212673	AL136115.1
9	91150016	91199189	ENSG00000130045	NXNL2
1	9648932	9674935	ENSG00000188807	TMEM201
12	104359582	104382652	ENSG00000139372	TDG
2	86947296	87005164	ENSG00000153561	RMND5A
X	135930163	135962923	ENSG00000147274	RBMX
12	9620148	9728864	ENSG00000214776	RP11-726G1.1
9	91605778	91611055	ENSG00000186354	C9orf47
12	9658943	9661036	ENSG00000256975	RP11-525E9.1
12	52979373	52995322	ENSG00000170486	KRT72
19	36605191	36616849	ENSG00000105254	TBCB
5	139739787	139754728	ENSG00000113073	SLC4A9
1	32479430	32526451	ENSG00000121774	KHDRBS1
12	9699564	9699633	ENSG00000266633	AC006432.1
12	9776718	9776824	ENSG00000212345	RNU6-700P
14	23594504	23652883	ENSG00000092068	SLC7A8
7	100797678	100804877	ENSG00000106367	AP1S1
1	246887349	246931439	ENSG00000143653	SCCPDH
12	98909290	98944157	ENSG00000120802	TMPO
12	9787188	9811008	ENSG00000256594	RP11-705C15.2
9	91606362	91619925	ENSG00000213694	S1PR3
17	58018269	58050462	ENSG00000267318	RP11-178C3.1
12	9794398	9795603	ENSG00000233719	GOT2P3
12	9795468	9809666	ENSG00000272917	RP11-705C15.5
14	50110273	50155140	ENSG00000100479	POLE2
12	9799610	9800605	ENSG00000256442	RP11-705C15.4
19	51358171	51364020	ENSG00000142515	KLK3
17	15468797	15469590	ENSG00000181464	CDRT1
17	6544078	6547861	ENSG00000129235	TXNDC17
20	32951041	33099198	ENSG00000078747	ITCH
9	91628060	91793682	ENSG00000148082	SHC3
5	74807581	74896969	ENSG00000122008	POLK
17	30334891	30380523	ENSG00000185158	LRRC37B
17	64208151	64252643	ENSG00000091583	APOH
17	58029601	58042122	ENSG00000189050	RNFT1
HSCHR6_MHC_MCF	30977672	30978494	ENSG00000237814	SFTA2
8	109619079	109799844	ENSG00000164841	TMEM74
17	15468798	15522826	ENSG00000241322	CDRT1
X	69282341	69284029	ENSG00000189401	OTUD6A
16	55689516	55740104	ENSG00000103546	SLC6A2
8	110098850	110131813	ENSG00000174417	TRHR
5	176728199	176730745	ENSG00000169228	RAB24
6	71566382	71666741	ENSG00000112309	B3GAT2
X	69353299	69386174	ENSG00000089289	IGBP1
HSCHR6_MHC_MCF	30987293	30997453	ENSG00000257232	DPCR1
12	9811163	9814681	ENSG00000257027	RP11-705C15.3
12	9847980	9848823	ENSG00000213443	RP11-75L1.2
12	9856673	9861946	ENSG00000256582	RP11-75L1.1
12	9969946	9970621	ENSG00000256912	RP11-75L1.6
12	10019626	10022407	ENSG00000255882	RP11-290C10.1
HSCHR6_MHC_MCF	31030034	31036234	ENSG00000227506	C6orf205
17	39868578	39872221	ENSG00000184502	GAST
6	71998506	72018653	ENSG00000119900	OGFRL1
9	91926113	91931618	ENSG00000123975	CKS2
X	69397333	69425395	ENSG00000184210	DGAT2L6
8	110253148	110346614	ENSG00000120526	NUDCD1
6	90142889	90343553	ENSG00000135299	ANKRD6
11	36508577	36531822	ENSG00000175104	TRAF6
HSCHR6_MHC_MCF	31039435	31040043	ENSG00000257590	CR759772.2
X	69454505	69460477	ENSG00000204195	AWAT1
7	127250346	127255982	ENSG00000106331	PAX4
3	28283075	28366633	ENSG00000187118	CMC1
HSCHR6_MHC_MCF	31157528	31158864	ENSG00000224105	C6orf15
5	54552073	54603550	ENSG00000067248	DHX29
1	32537632	32568467	ENSG00000121775	TMEM39B
HSCHR6_MHC_MCF	31161055	31186363	ENSG00000233734	PSORS1C1
12	124196865	124246302	ENSG00000185344	ATP6V0A2
15	75931426	75941047	ENSG00000177971	IMP3
11	36532259	36614706	ENSG00000166349	RAG1
11	73723763	73882255	ENSG00000168014	C2CD3
2	101618177	101640494	ENSG00000071082	RPL31
7	45613739	45762715	ENSG00000164742	ADCY1
HSCHR6_MHC_MCF	31161395	31166747	ENSG00000237165	CDSN
15	75940247	75954642	ENSG00000173548	SNX33
16	11762270	11773015	ENSG00000184602	SNN
4	87744621	87770416	ENSG00000145283	SLC10A6
2	238707032	238751451	ENSG00000177483	RBM44
HSCHR6_MHC_MCF	31183859	31185675	ENSG00000227246	PSORS1C2
17	39873994	39890896	ENSG00000173805	HAP1
11	36597124	36619829	ENSG00000175097	RAG2
4	6576902	6625089	ENSG00000013288	MAN2B2
12	62102040	62672931	ENSG00000198673	FAM19A2
14	103985996	103989448	ENSG00000166165	CKB
7	91570181	91739987	ENSG00000127914	AKAP9
1	247002400	247095280	ENSG00000153207	AHCTF1
15	75966663	76005189	ENSG00000173546	CSPG4
4	87797358	87857354	ENSG00000163633	C4orf36
9	91933421	91974557	ENSG00000187742	SECISBP2
16	55836763	55867249	ENSG00000198848	CES1
15	75970672	75973093	ENSG00000203392	AC105020.1
16	84211458	84220669	ENSG00000103168	TAF1C
16	11772936	11836734	ENSG00000153066	TXNDC11
12	10089178	10096094	ENSG00000225231	AC091814.2
15	76016318	76020029	ENSG00000182950	ODF3L1
2	238767536	238820756	ENSG00000132329	RAMP1
17	41120105	41132545	ENSG00000267060	PTGES3L
3	28356494	28390618	ENSG00000163512	AZI2
11	120329880	120330047	ENSG00000269601	AP000758.1
15	76030311	76031568	ENSG00000256530	AC019294.1
X	69478016	69479654	ENSG00000186912	P2RY4
6	32132360	32136058	ENSG00000241404	EGFL8
19	51364824	51383823	ENSG00000167751	KLK2
1	91966408	91991321	ENSG00000097046	CDC7
2	87011729	87035519	ENSG00000153563	CD8A
2	131099798	131105383	ENSG00000136718	IMP4
12	53001354	53012343	ENSG00000186049	KRT73
5	150560613	150603706	ENSG00000198624	CCDC69
3	150320662	150348222	ENSG00000198843	SELT
17	39958199	39968856	ENSG00000141696	LEPREL4
X	69488155	69501690	ENSG00000120500	ARR3
8	110346553	110358182	ENSG00000120533	ENY2
11	120382468	120859613	ENSG00000149403	GRIK4
5	176728462	176739758	ENSG00000213347	MXD3
17	15474805	15554967	ENSG00000251537	RP11-385D13.1
17	80317123	80321652	ENSG00000182459	TEX19
4	48807229	48863834	ENSG00000109180	OCIAD1
15	76135622	76193419	ENSG00000140367	UBE2Q2
17	80332153	80333462	ENSG00000181408	UTS2R
6	7268539	7347679	ENSG00000124783	SSR1
19	13009600	13030090	ENSG00000161860	SYCE2
2	220378892	220403494	ENSG00000072182	ASIC4
2	12857015	12882860	ENSG00000071575	TRIB2
HSCHR6_MHC_MCF	31188755	31204550	ENSG00000224180	CCHCR1
3	190023490	190040264	ENSG00000163347	CLDN1
2	39402787	39456729	ENSG00000205111	CDKL4
7	127292234	127732661	ENSG00000197157	SND1
14	23654525	23742686	ENSG00000215277	C14orf164
8	27629466	27670157	ENSG00000171320	ESCO2
3	47269516	47324941	ENSG00000088727	KIF9
1	247108849	247242113	ENSG00000135747	ZNF670
5	150591711	150650001	ENSG00000196743	GM2A
11	36616051	36694823	ENSG00000166352	C11orf74
16	11844442	11891123	ENSG00000122299	ZC3H7A
17	58120555	58156292	ENSG00000068097	HEATR6
20	33104214	33128762	ENSG00000125971	DYNLRB1
1	247108849	247171395	ENSG00000197472	ZNF695
4	87856154	88062206	ENSG00000172493	AFF1
6	30614816	30620987	ENSG00000204564	C6orf136
2	220403669	220408509	ENSG00000123989	CHPF
4	6641818	6644472	ENSG00000179010	MRFAP1
7	157406715	157411457	ENSG00000222012	AC005481.5
1	92145902	92371892	ENSG00000069702	TGFBR3
20	33134658	33148149	ENSG00000101460	MAP1LC3A
1	9711790	9789172	ENSG00000171608	PIK3CD
11	40135753	41481323	ENSG00000148948	LRRC4C
4	6693782	6694189	ENSG00000268791	AC093323.1
3	28390637	28579613	ENSG00000206559	ZCWPW2
2	166095912	166248818	ENSG00000136531	SCN2A
4	6694796	6698897	ENSG00000163993	S100P
12	53038342	53045948	ENSG00000172867	KRT2
1	32573639	32642169	ENSG00000025800	KPNA6
10	4934796	5025475	ENSG00000187134	AKR1C1
19	13033293	13044851	ENSG00000179115	FARSA
4	6709428	6711607	ENSG00000178988	MRFAP1L1
1	247263264	247267674	ENSG00000188295	ZNF669
12	104382762	104457961	ENSG00000120820	GLT8D2
5	150656323	150683327	ENSG00000186334	SLC36A3
4	6717842	6719387	ENSG00000186222	BLOC1S4
HSCHR6_MHC_MANN	33284377	33314194	ENSG00000223699	COL11A2
X	136112307	136113833	ENSG00000165370	GPR101
19	36630477	36641255	ENSG00000126247	CAPNS1
X	136648301	136659850	ENSG00000156925	ZIC3
1	247273462	247275719	ENSG00000221953	C1orf229
X	103077252	103087158	ENSG00000123570	RAB9B
4	6783102	6885897	ENSG00000170871	KIAA0232
3	52828784	52843025	ENSG00000162267	ITIH3
14	23741666	23768656	ENSG00000215271	HOMEZ
1	247285277	247335318	ENSG00000196418	ZNF124
X	103173479	103229570	ENSG00000158427	TMSB15B
22	43035809	43036607	ENSG00000249222	ATP5L2
7	45902684	45906045	ENSG00000267988	AC096582.1
11	120382511	120385732	ENSG00000204306	AP002348.1
15	76196200	76227609	ENSG00000167196	FBXO22
19	13049392	13055303	ENSG00000179218	CALR
22	43088127	43117304	ENSG00000128274	A4GALT
9	91975702	92113045	ENSG00000187764	SEMA4D
5	54603588	54721409	ENSG00000039123	SKIV2L2
X	69501943	69504852	ENSG00000147127	RAB41
5	139781399	139929163	ENSG00000131503	ANKHD1
8	63161150	63912211	ENSG00000185942	NKAIN3
19	36641824	36643771	ENSG00000161281	COX7A1
14	91526677	91691976	ENSG00000133943	C14orf159
1	247460714	247495148	ENSG00000162714	ZNF496
17	15531274	15587625	ENSG00000221926	TRIM16
X	103265719	103268259	ENSG00000123569	H2BFWT
2	238875469	238951236	ENSG00000184182	UBE2F
11	43333513	43366079	ENSG00000166181	API5
17	80347099	80376513	ENSG00000181396	OGFOD3
2	220408385	220415317	ENSG00000188760	TMEM198
11	120894781	120961484	ENSG00000154114	TBCEL
8	110374706	110542559	ENSG00000205038	PKHD1L1
16	11929056	11945442	ENSG00000171490	RSL1D1
X	103268269	103297021	ENSG00000101812	H2BFM
3	190040330	190129932	ENSG00000113946	CLDN16
8	27667137	27695612	ENSG00000168078	PBK
19	36673188	36737159	ENSG00000196357	ZNF565
7	45927956	45933267	ENSG00000146678	IGFBP1
12	124247042	124420753	ENSG00000197653	DNAH10
8	63927638	63951730	ENSG00000137563	GGH
19	36705504	36729676	ENSG00000167635	ZNF146
11	73882144	73965748	ENSG00000214517	PPME1
22	43192508	43254112	ENSG00000242247	ARFGAP3
5	150694539	150727151	ENSG00000186335	SLC36A2
20	33148346	33264910	ENSG00000101464	PIGU
9	92219928	92221470	ENSG00000130222	GADD45G
19	36827162	36870101	ENSG00000142065	ZFP14
1	32645287	32663886	ENSG00000084652	TXLNA
X	103343898	103401708	ENSG00000176274	SLC25A53
17	41132582	41145707	ENSG00000198863	RUNDC1
16	55880066	55989943	ENSG00000159398	CES5A
12	53068520	53074191	ENSG00000167768	KRT1
X	103356822	103360533	ENSG00000166707	ZCCHC18
19	36874022	36909558	ENSG00000181007	ZFP82
3	29322473	30051886	ENSG00000144642	RBMS3
19	51377552	51378040	ENSG00000267880	AC037199.1
7	158424003	158497520	ENSG00000146918	NCAPG2
9	93372114	93405386	ENSG00000165023	DIRAS2
1	247579458	247612410	ENSG00000162711	NLRP3
14	103995521	104003410	ENSG00000166166	TRMT61A
1	9712668	9714644	ENSG00000179840	C1orf200
HG75_PATCH	34756462	34765353	ENSG00000261256	AC126327.6
19	1275026	1279248	ENSG00000228300	C19orf24
X	103411301	103440583	ENSG00000123575	FAM199X
3	190146444	190167665	ENSG00000198398	TMEM207
19	51409608	51413994	ENSG00000167749	KLK4
12	15475331	15750333	ENSG00000151490	PTPRO
HG75_PATCH	34814005	34823193	ENSG00000260952	ZNHIT3
12	98987369	98995946	ENSG00000075415	SLC25A3
4	6910969	7034845	ENSG00000132405	TBC1D14
12	53083410	53097247	ENSG00000189182	KRT77
X	137713735	138304939	ENSG00000129682	FGF13
8	63961112	63998612	ENSG00000137561	TTPA
5	176730775	176733960	ENSG00000169230	PRELID1
19	36936021	36980804	ENSG00000186017	ZNF566
11	120971882	121062202	ENSG00000109927	TECTA
10	75572259	75634343	ENSG00000148660	CAMK2G
14	50159823	50219870	ENSG00000197776	KLHDC1
20	33284722	33413452	ENSG00000198646	NCOA6
6	32135989	32145873	ENSG00000204310	AGPAT1
1	247614255	247615308	ENSG00000177535	OR2B11
14	104022881	104029168	ENSG00000166170	BAG5
2	48541776	48606433	ENSG00000170802	FOXN2
HG75_PATCH	34823008	34869611	ENSG00000260164	MYO19
6	121756838	121770873	ENSG00000152661	GJA1
1	92414928	92479983	ENSG00000137948	BRDT
9	93564069	93660831	ENSG00000165025	SYK
X	69506445	69510364	ENSG00000120509	PDZD11
19	51446559	51456349	ENSG00000167754	KLK5
12	53161939	53171129	ENSG00000185069	KRT76
8	64081112	64125346	ENSG00000185728	YTHDF3
1	9789084	9884584	ENSG00000171603	CLSTN1
1	32665987	32670988	ENSG00000160050	CCDC28B
2	87042462	87089047	ENSG00000172116	CD8B
19	1285890	1378430	ENSG00000160953	MUM1
14	23764852	23772057	ENSG00000235194	PPP1R3E
16	84224744	84230774	ENSG00000140955	ADAD2
19	13056669	13064456	ENSG00000179262	RAD23A
1	247670360	247740992	ENSG00000169224	GCSAML
4	88081255	88161466	ENSG00000145332	KLHL8
6	122720691	122754264	ENSG00000025156	HSF2
HG75_PATCH	34862388	34866669	ENSG00000261300	PIGW
14	72456191	72458326	ENSG00000257040	AC005477.1
7	100805790	100808874	ENSG00000128564	VGF
22	43231418	43411151	ENSG00000100266	PACSIN2
X	103494719	103499614	ENSG00000123576	ESX1
HG75_PATCH	34872292	34917807	ENSG00000260508	GGNBP2
7	100813774	100823557	ENSG00000167011	NAT16
1	32671236	32674288	ENSG00000160051	IQCC
14	23767999	23780968	ENSG00000129473	BCL2L2
2	14772810	14790933	ENSG00000162981	FAM84A
2	87089023	87092827	ENSG00000229615	AC111200.1
19	51461887	51472929	ENSG00000167755	KLK6
1	247693434	247697141	ENSG00000196242	OR2C3
14	73086004	73360809	ENSG00000205683	DPF3
17	6546635	6554954	ENSG00000108590	MED31
15	76228310	76352136	ENSG00000169752	NRG4
GL000230.1	19097	19180	ENSG00000264001	CT867976.3
1	247751662	247752615	ENSG00000177489	OR2G2
GL000230.1	33748	33830	ENSG00000266558	CT867976.5
14	50234326	50249909	ENSG00000165516	KLHDC2
GL000230.1	33986	34068	ENSG00000241601	CT867976.2
19	37001597	37019562	ENSG00000254004	ZNF260
GL000230.1	37003	37085	ENSG00000265604	CT867976.4
GL000230.1	40401	40482	ENSG00000240010	CT867976.1
1	247768856	247769838	ENSG00000177476	OR2G3
4	48887036	48908954	ENSG00000145247	OCIAD2
9	93976097	94124195	ENSG00000148090	AUH
1	247835320	247836365	ENSG00000197437	OR13G1
HSCHR6_MHC_SSTO	31502186	31504572	ENSG00000234920	ATP6V1G2
14	23776044	23794578	ENSG00000258643	BCL2L2-PABPN1
2	166326157	166545917	ENSG00000178662	CSRNP3
1	247875045	247876105	ENSG00000169214	OR6F1
1	247886401	247887345	ENSG00000241128	OR14A2
11	121163162	121179403	ENSG00000109929	SC5D
16	84255823	84273356	ENSG00000168418	KCNG4
2	220415451	220436581	ENSG00000124006	OBSL1
1	247901917	247902861	ENSG00000153230	OR14K1
X	69509879	69640682	ENSG00000090889	KIF4A
X	138612917	138645617	ENSG00000101981	F9
5	176758563	176778853	ENSG00000169223	LMAN2
1	247920676	247921982	ENSG00000221888	OR1C1
7	100838288	100844302	ENSG00000106384	MOGAT3
HSCHR6_MHC_DBB	31847749	31895640	ENSG00000231543	C2
1	247978102	247979031	ENSG00000196772	OR14A16
16	84328252	84363450	ENSG00000103175	WFDC1
16	56225302	56391356	ENSG00000087258	GNAO1
HSCHR6_MHC_MCF	31197072	31197189	ENSG00000257396	CR759815.1
1	248004199	248005254	ENSG00000197591	OR11L1
9	94171327	94186144	ENSG00000165030	NFIL3
HSCHR6_MHC_SSTO	31504594	31516550	ENSG00000236346	NFKBIL1
1	92495539	92529093	ENSG00000172031	EPHX4
17	260118	273510	ENSG00000187624	C17orf97
1	248020501	248041507	ENSG00000162722	TRIM58
HSCHR6_MHC_MCF	31204889	31210518	ENSG00000224472	TCF19
14	23790498	23795394	ENSG00000100836	PABPN1
1	32674695	32681797	ENSG00000222046	DCDC2B
17	6554971	6556791	ENSG00000212734	C17orf100
2	87135076	87241104	ENSG00000187627	RGPD1
20	33292094	33301243	ENSG00000078804	TP53INP2
17	289769	295730	ENSG00000183688	FAM101B
X	103810996	105011822	ENSG00000189108	IL1RAPL2
19	37025676	37096178	ENSG00000186020	ZNF529
16	11961985	12009939	ENSG00000103342	GSPT1
1	248031277	248060449	ENSG00000238243	OR2W3
11	73946846	74022702	ENSG00000149380	P4HA3
11	43380482	43516483	ENSG00000052841	TTC17
1	248084320	248085258	ENSG00000177462	OR2T8
19	13064972	13068050	ENSG00000179271	GADD45GIP1
9	94325373	94712444	ENSG00000169071	ROR2
1	248097071	248098057	ENSG00000177275	OR2AJ1
1	92545862	92613393	ENSG00000189195	BTBD8
19	13075973	13085567	ENSG00000179284	DAND5
10	111967363	112047123	ENSG00000119950	MXI1
1	248100493	248264224	ENSG00000196071	OR2L13
8	65492814	65496181	ENSG00000180828	BHLHE22
7	19060614	19157295	ENSG00000122691	TWIST1
8	110551940	110578225	ENSG00000147654	EBAG9
6	122764499	122792967	ENSG00000111897	SERINC1
1	248112160	248113098	ENSG00000196936	OR2L8
12	62654119	62811211	ENSG00000135655	USP15
1	248128535	248129641	ENSG00000187080	OR2AK2
8	65500320	65711318	ENSG00000172817	CYP7B1
7	19184405	19185044	ENSG00000146618	FERD3L
20	33432523	33460663	ENSG00000131067	GGT7
1	248185250	248186188	ENSG00000197454	OR2L5
1	248201474	248202607	ENSG00000203663	OR2L2
1	32680073	32687972	ENSG00000160055	TMEM234
1	248223984	248224922	ENSG00000198128	OR2L3
17	75276651	75496678	ENSG00000184640	SEPT9
7	45951949	45961473	ENSG00000146674	IGFBP3
1	248308450	248309388	ENSG00000162727	OR2M5
19	1286153	1301430	ENSG00000099617	EFNA2
17	6588032	6616886	ENSG00000141485	SLC13A5
HSCHR6_MHC_MCF	31205745	31217015	ENSG00000235068	POU5F1
16	56395364	56459450	ENSG00000159461	AMFR
1	248343288	248344331	ENSG00000198601	OR2M2
1	248366332	248367392	ENSG00000228198	OR2M3
3	30647994	30735634	ENSG00000163513	TGFBR2
1	248402231	248403166	ENSG00000171180	OR2M4
4	88224941	88244058	ENSG00000170509	HSD17B13
16	12021230	12070500	ENSG00000234719	RP11-166B2.1
1	92632542	92650280	ENSG00000069712	KIAA1107
9	94794281	94877666	ENSG00000090054	SPTLC1
1	248436073	248437138	ENSG00000177212	OR2T33
6	122793076	123047518	ENSG00000135549	PKIB
1	248457918	248458880	ENSG00000177201	OR2T12
1	248486894	248487899	ENSG00000177186	OR2M7
1	9908334	9970394	ENSG00000178585	CTNNBIP1
8	66514694	66546442	ENSG00000104442	ARMC1
10	13203554	13253104	ENSG00000065328	MCM10
1	248512077	248513015	ENSG00000177174	OR14C36
5	150816607	150871942	ENSG00000123643	SLC36A1
12	10100736	10105935	ENSG00000231560	AC091814.3
12	10167839	10183205	ENSG00000256803	RP11-133L14.5
1	248524883	248525929	ENSG00000196944	OR2T4
16	84402133	84497793	ENSG00000064270	ATP2C2
12	10193447	10198310	ENSG00000256626	RP11-133L14.2
1	248550910	248551836	ENSG00000198104	OR2T6
12	10236785	10237089	ENSG00000223042	RN7SKP161
19	51479729	51487355	ENSG00000169035	KLK7
12	10264337	10265070	ENSG00000255734	HNRNPABP1
HG75_PATCH	34919858	34928764	ENSG00000261508	DHRS11
12	10366760	10367360	ENSG00000255958	RP11-656E20.5
1	92683497	92711370	ENSG00000203910	C1orf146
1	248569296	248570405	ENSG00000175143	OR2T1
1	248604508	248605434	ENSG00000227152	OR2T7
1	248616077	248617130	ENSG00000196240	OR2T2
7	19735085	19748710	ENSG00000105849	TWISTNB
HG75_PATCH	34929530	34936936	ENSG00000262595	MRM1
10	69865912	69971774	ENSG00000138347	MYPN
1	248636627	248637634	ENSG00000196539	OR2T3
15	76352178	76521462	ENSG00000169758	C15orf27
1	248651885	248652898	ENSG00000203661	OR2T5
14	23790839	23791484	ENSG00000268702	AL049829.1
HG75_PATCH	34561825	34561930	ENSG00000261545	CH17-260O16.1
8	27727399	27850244	ENSG00000168079	SCARA5
HG75_PATCH	34569075	34569182	ENSG00000261032	CH17-235K9.4
1	248684916	248685964	ENSG00000188558	OR2G6
17	64298754	64806861	ENSG00000154229	PRKCA
11	74041363	74109518	ENSG00000165434	PGM2L1
1	248721784	248722797	ENSG00000182783	OR2T29
1	248737022	248738080	ENSG00000183310	OR2T34
5	176784838	176799602	ENSG00000169220	RGS14
1	248756052	248757100	ENSG00000184022	OR2T10
3	47324407	47388306	ENSG00000114648	KLHL18
17	80376194	80400521	ENSG00000169660	HEXDC
2	14775215	14790933	ENSG00000265629	AC011897.1
1	248789420	248790491	ENSG00000183130	OR2T11
HSCHR6_MHC_SSTO	31529774	31532044	ENSG00000230279	LTA
1	248801588	248802559	ENSG00000177151	OR2T35
6	90277863	90348472	ENSG00000083099	LYRM2
19	1383526	1395583	ENSG00000115286	NDUFS7
X	104463611	104465358	ENSG00000133149	TEX13A
1	248813232	248814185	ENSG00000187701	OR2T27
11	43577986	43878167	ENSG00000149084	HSD17B12
1	248844628	248845629	ENSG00000189181	OR14I1
4	7042579	7044728	ENSG00000173013	CCDC96
1	248902716	248903150	ENSG00000266949	LYPD8
14	104028233	104167888	ENSG00000126214	KLC1
11	74165886	74178774	ENSG00000175538	KCNE3
14	23815515	23822121	ENSG00000092096	SLC22A17
12	10485460	10490891	ENSG00000256288	RP11-277P12.10
HG75_PATCH	34601602	34647923	ENSG00000261499	CH17-260O16.2
12	10511063	10513644	ENSG00000256155	RP11-277P12.9
17	411908	624957	ENSG00000141252	VPS53
4	7043626	7059679	ENSG00000173011	TADA2B
12	10516368	10551105	ENSG00000245648	RP11-277P12.20
HG75_PATCH	34612688	34612789	ENSG00000265889	Y_RNA
12	10703865	10704134	ENSG00000257016	SLC25A39P2
1	249104648	249120832	ENSG00000175137	SH3BP5L
7	100849258	100861701	ENSG00000106397	PLOD3
12	10705962	10710648	ENSG00000256039	RP11-291B21.2
HG75_PATCH	34624739	34654989	ENSG00000261099	CH17-260O16.3
19	13106422	13209610	ENSG00000008441	NFIX
HG75_PATCH	34732197	34732303	ENSG00000263315	U6
2	238875656	239008053	ENSG00000258984	UBE2F-SCLY
4	7060633	7069924	ENSG00000109519	GRPEL1
HG75_PATCH	34777516	34784896	ENSG00000261152	CTB-91J4.1
17	58227297	58248260	ENSG00000167434	CA4
4	48988264	49064098	ENSG00000109182	CWH43
12	10741077	10752434	ENSG00000256667	KLRAP1
HG75_PATCH	34818569	34818692	ENSG00000262017	5S_rRNA
HG75_PATCH	34901830	34902693	ENSG00000261688	CTB-75G16.1
HSCHR6_MHC_SSTO	31533287	31536056	ENSG00000230108	TNF
1	9982173	10003465	ENSG00000162441	LZIC
1	92711959	92764544	ENSG00000174842	GLMN
1	249132409	249143716	ENSG00000171161	ZNF672
5	150883654	150948505	ENSG00000086570	FAT2
11	121322912	121504402	ENSG00000137642	SORL1
16	12058964	12061925	ENSG00000048462	TNFRSF17
19	37095719	37119499	ENSG00000161298	ZNF382
HSCHR6_MHC_SSTO	31538275	31540242	ENSG00000238114	LTB
4	7194265	7744554	ENSG00000184985	SORCS2
19	51499263	51505967	ENSG00000129455	KLK8
HSCHR5_3_CTG1	29079491	29079605	ENSG00000261955	SNORA18
HSCHR5_3_CTG1	29113866	29114424	ENSG00000262399	RP11-42L13.2
16	12062000	12062333	ENSG00000269121	AC007216.2
HSCHR5_3_CTG1	29152548	29181345	ENSG00000263134	CTD-2118P12.1
3	47422501	47454931	ENSG00000076201	PTPN23
7	19758933	19813221	ENSG00000173452	TMEM196
5	7859272	7869150	ENSG00000124279	FASTKD3
2	166604101	166651192	ENSG00000115339	GALNT3
22	43435522	43485434	ENSG00000100271	TTLL1
15	76507696	76603813	ENSG00000140374	ETFA
11	74202757	74204778	ENSG00000175536	LIPT2
19	37128094	37157755	ENSG00000197808	ZNF461
16	12070594	12668146	ENSG00000048471	SNX29
16	56463045	56486111	ENSG00000167005	NUDT21
X	105066536	105202602	ENSG00000123572	NRK
9	94972489	95056038	ENSG00000196305	IARS
12	10902833	10930043	ENSG00000256888	RP13-81N3.2
8	27879481	27941388	ENSG00000189233	NUGGC
3	98239976	98312567	ENSG00000080819	CPOX
17	58256455	58499831	ENSG00000170832	USP32
7	20174278	20257027	ENSG00000183742	MACC1
2	238969530	239008054	ENSG00000132330	SCLY
2	131113580	131132982	ENSG00000072135	PTPN18
6	32146131	32151930	ENSG00000204308	RNF5
HSCHR6_MHC_MANN	33315284	33322384	ENSG00000231321	RXRB
19	13209847	13213975	ENSG00000104903	LYL1
3	98250743	98251960	ENSG00000154165	GPR15
11	74204896	74380162	ENSG00000077514	POLD3
16	12180603	12184159	ENSG00000175604	RP11-276H1.3
11	43902361	43941816	ENSG00000166199	ALKBH3
2	101624079	101869328	ENSG00000204634	TBC1D8
22	43506754	43525718	ENSG00000100290	BIK
16	12756919	12897874	ENSG00000103381	CPPED1
19	37178514	37218603	ENSG00000189042	ZNF567
10	112050488	112064709	ENSG00000119953	SMNDC1
3	30767692	30936257	ENSG00000144644	GADL1
7	46713383	46799449	ENSG00000233539	AC011294.3
1	92764522	92867613	ENSG00000122484	RPAP2
22	43528212	43539400	ENSG00000100294	MCAT
1	249144205	249153343	ENSG00000171163	ZNF692
19	1397091	1401569	ENSG00000130005	GAMT
16	56485402	56513012	ENSG00000087263	OGFOD1
X	138663929	138790386	ENSG00000101977	MCF2
8	66556969	66683496	ENSG00000066855	MTFR1
12	10922904	10923204	ENSG00000235930	HSPE1P12
12	10983673	10984615	ENSG00000256651	RP11-144O23.8
12	11047542	11048481	ENSG00000256682	TAS2R12
19	51499274	51512837	ENSG00000269741	KLK9
2	15307032	15701454	ENSG00000151779	NBAS
12	11117024	11117951	ENSG00000212125	TAS2R15
12	11200931	11201855	ENSG00000256019	TAS2R63P
12	11229368	11231770	ENSG00000256274	TAS2R64P
22	43547520	43559248	ENSG00000100300	TSPO
16	84511681	84587639	ENSG00000140950	TLDC1
5	74907284	74967671	ENSG00000189045	ANKDD1B
6	123100620	123105219	ENSG00000164434	FABP7
1	10003486	10045559	ENSG00000173614	NMNAT1
2	87229682	87248975	ENSG00000183281	PLGLB1
16	12995477	13334272	ENSG00000237515	SHISA9
1	32687529	32697205	ENSG00000084623	EIF3I
19	51503806	51512890	ENSG00000213022	KLK9
17	64831235	64881603	ENSG00000075429	CACNG5
7	20370325	20455377	ENSG00000105855	ITGB8
12	11249778	11249873	ENSG00000256400	RP11-673D15.7
12	11311384	11312293	ENSG00000256981	TAS2R18
3	123616152	123680564	ENSG00000175455	CCDC14
12	11315699	11315763	ENSG00000253095	RNU6-676P
12	11318689	11323952	ENSG00000256712	RP11-785H5.2
3	98451080	98540045	ENSG00000064225	ST3GAL6
12	11323963	11324164	ENSG00000256537	RP11-785H5.1
12	11332272	11333061	ENSG00000256629	TAS2R67P
10	69990386	69991871	ENSG00000179774	ATOH7
1	10057264	10076078	ENSG00000162444	RBP7
19	37205285	37263727	ENSG00000267041	ZNF850
5	176806236	176825849	ENSG00000131183	SLC34A1
6	30620896	30640814	ENSG00000204560	DHX16
19	51515995	51523431	ENSG00000129451	KLK10
19	37264055	37267980	ENSG00000267260	CTD-2162K18.4
1	92940319	92952433	ENSG00000162676	GFI1
22	43562628	43583139	ENSG00000100304	TTLL12
8	27947190	28048673	ENSG00000134014	ELP3
14	73393040	73426411	ENSG00000119599	DCAF4
6	90352218	90529442	ENSG00000112159	MDN1
HSCHR6_MHC_SSTO	31543845	31546630	ENSG00000230791	LST1
2	166713985	166810353	ENSG00000123607	TTC21B
5	9035138	9546187	ENSG00000112902	SEMA5A
14	23825611	23834961	ENSG00000100842	EFS
19	1407568	1435719	ENSG00000071626	DAZAP1
19	37308330	37341689	ENSG00000197863	ZNF790
10	70042417	70092806	ENSG00000108187	PBLD
1	32712834	32714457	ENSG00000183615	FAM167B
HSCHR6_MHC_MCF	31216884	31232984	ENSG00000258002	CR759815.2
16	84599200	84651683	ENSG00000103187	COTL1
19	13215716	13228381	ENSG00000104907	TRMT1
6	123110315	123130865	ENSG00000172594	SMPDL3A
1	249200395	249214145	ENSG00000185220	PGBD2
19	51525472	51531295	ENSG00000167757	KLK11
20	33459949	33515769	ENSG00000131069	ACSS2
1	155023042	155035252	ENSG00000143537	ADAM15
1	11869	14412	ENSG00000223972	DDX11L1
12	11348987	11349908	ENSG00000256657	RP11-144O23.20
12	11365126	11404303	ENSG00000256373	RP11-711K1.8
6	123317116	123394072	ENSG00000146352	CLVS2
17	64961026	65029514	ENSG00000075461	CACNG4
12	53183469	53189901	ENSG00000186442	KRT3
3	31574130	31679112	ENSG00000163527	STT3B
7	47314752	47622156	ENSG00000136205	TNS3
19	37341263	37403931	ENSG00000251247	ZNF345
12	11552315	11639612	ENSG00000255790	RP11-711K1.7
12	45408455	45444882	ENSG00000185610	DBX2
HSCHR6_MHC_MCF	31313666	31317037	ENSG00000225691	HLA-C
5	176827108	176827637	ENSG00000196570	PFN3
12	124403207	124457378	ENSG00000119242	CCDC92
1	92974253	93257961	ENSG00000067208	EVI5
1	10092890	10241297	ENSG00000130939	UBE4B
1	14363	29806	ENSG00000227232	WASH7P
4	52709166	52783003	ENSG00000109184	DCUN1D4
5	54720682	54830878	ENSG00000067113	PPAP2A
16	14014014	14046202	ENSG00000175595	ERCC4
HSCHR6_MHC_MANN	33322141	33326135	ENSG00000227402	SLC39A7
1	32716840	32751766	ENSG00000182866	LCK
12	53200333	53208335	ENSG00000170477	KRT4
11	43946892	43965888	ENSG00000187479	C11orf96
16	84682131	84701292	ENSG00000135686	KLHL36
2	87565634	87566158	ENSG00000233999	IGKV3OR2-268
4	7432022	7436700	ENSG00000178597	PSAPL1
2	88047606	88058312	ENSG00000125551	PLGLB2
11	44069531	44081527	ENSG00000205126	ACCSL
1	29554	31109	ENSG00000243485	MIR1302-10
3	190231840	190375843	ENSG00000196083	IL1RAP
3	150377672	150421758	ENSG00000163645	FAM194A
7	127667124	127672160	ENSG00000128594	LRRC4
19	37379026	37407193	ENSG00000185869	ZNF829
1	34554	36081	ENSG00000237613	FAM138A
6	123537483	123958238	ENSG00000186439	TRDN
HSCHR6_MHC_MANN	33326338	33328531	ENSG00000228357	HSD17B8
22	43593289	43739394	ENSG00000159307	SCUBE1
1	52473	54936	ENSG00000268020	OR4G4P
1	62948	63887	ENSG00000240361	OR4G11P
7	127881337	127897681	ENSG00000174697	LEP
1	89295	133566	ENSG00000238009	RP11-34P13.7
6	32148745	32152101	ENSG00000204305	AGER
2	220433884	220440435	ENSG00000123999	INHA
1	93297582	93307481	ENSG00000122406	RPL5
16	56500748	56554195	ENSG00000125124	BBS2
1	89551	91105	ENSG00000239945	RP11-34P13.8
1	131025	134836	ENSG00000233750	CICP27
4	7760441	7941653	ENSG00000196526	AFAP1
6	7326889	7389976	ENSG00000164304	CAGE1
12	45609770	45834187	ENSG00000177119	ANO6
1	135141	135895	ENSG00000268903	RP11-34P13.15
1	137682	137965	ENSG00000269981	RP11-34P13.16
1	139790	140339	ENSG00000239906	RP11-34P13.14
HSCHR6_MHC_MANN	33330195	33334422	ENSG00000235107	RING1
1	141474	173862	ENSG00000241860	RP11-34P13.13
17	30468245	30470154	ENSG00000214708	AC090616.2
11	121986062	121986923	ENSG00000259571	BLID
1	157784	157887	ENSG00000222623	RNU6-1100P
1	160446	161525	ENSG00000241599	RP11-34P13.9
11	44087475	44105772	ENSG00000110455	ACCS
7	20654830	20816658	ENSG00000004846	ABCB5
X	105277197	105282729	ENSG00000123561	SERPINA7
1	227615	267253	ENSG00000228463	AP006222.2
HSCHR6_MHC_SSTO	31545597	31546661	ENSG00000257187	BX248519.1
2	88055474	88285309	ENSG00000185304	RGPD2
1	228292	228775	ENSG00000241670	AP006222.1
11	122526383	122685181	ENSG00000154127	UBASH3B
7	127937738	127983962	ENSG00000106344	RBM28
4	7940728	7942022	ENSG00000228919	AC097381.1
1	317720	453948	ENSG00000237094	RP4-669L17.10
X	105412298	105452949	ENSG00000157502	MUM1L1
15	76629065	76634817	ENSG00000159556	ISL2
3	52846991	52865495	ENSG00000055955	ITIH4
HSCHR6_MHC_SSTO	31546616	31550705	ENSG00000223833	NCR3
1	93307724	93427057	ENSG00000154511	FAM69A
16	14165178	14360630	ENSG00000186260	MKL2
16	84733584	84813528	ENSG00000103194	USP10
1	326096	328112	ENSG00000250575	RP4-669L17.8
1	329431	332236	ENSG00000233653	CICP7
1	334126	334305	ENSG00000224813	RP4-669L17.4
1	379105	379467	ENSG00000269732	WBP1LP7
1	450820	450910	ENSG00000256186	AL732372.1
17	65027509	65028198	ENSG00000214167	AC005544.1
1	453633	460480	ENSG00000236601	RP4-669L17.2
17	65040706	65052909	ENSG00000108878	CACNG1
1	459656	461954	ENSG00000236743	RP5-857K21.15
2	220462582	220481173	ENSG00000144589	STK11IP
HSCHR6_MHC_MCF	31398032	31401418	ENSG00000232126	HLA-B
1	470971	471355	ENSG00000236679	RP4-669L17.1
5	54921673	55069022	ENSG00000177058	SLC38A9
12	11634317	11634590	ENSG00000237303	HIGD1AP8
1	521369	523833	ENSG00000231709	RP5-857K21.1
19	13228917	13251955	ENSG00000160877	NACC1
12	11665657	11667070	ENSG00000270863	RP11-434C1.3
1	523009	530148	ENSG00000235146	RP5-857K21.2
12	11694329	11708772	ENSG00000256237	RP11-434C1.2
5	176829141	176836577	ENSG00000131187	F12
1	529833	532878	ENSG00000239664	RP5-857K21.3
14	23842018	23845612	ENSG00000166090	IL25
11	74407474	74442430	ENSG00000054938	CHRDL2
HSCHR6_MHC_MANN	33355728	33367637	ENSG00000257981	CR547129.1
1	536816	659930	ENSG00000230021	RP5-857K21.4
X	105855160	105922672	ENSG00000147231	CXorf57
19	51532348	51538486	ENSG00000186474	KLK12
1	562757	564390	ENSG00000223659	RP5-857K21.5
HSCHR6_MHC_MANN	33371956	33373655	ENSG00000223618	VPS52
1	564442	564813	ENSG00000225972	MTND1P23
1	565020	566063	ENSG00000225630	MTND2P28
1	566454	567996	ENSG00000237973	hsa-mir-6723
1	568137	568818	ENSG00000229344	RP5-857K21.7
1	568915	569121	ENSG00000240409	MTATP8P1
1	569076	569756	ENSG00000248527	MTATP6P1
1	32757687	32799236	ENSG00000116478	HDAC1
HSCHR6_MHC_MANN	28743697	28743804	ENSG00000273285	AL662890.14
1	569756	570302	ENSG00000198744	RP5-857K21.11
HSCHR6_MHC_MANN	28751414	28751785	ENSG00000273083	NOL5BP
1	610222	610645	ENSG00000268663	WBP1LP6
HSCHR6_MHC_MANN	28763753	28763816	ENSG00000273120	AL662890.11
1	657472	660283	ENSG00000229376	CICP3
10	70090931	70102948	ENSG00000096746	HNRNPH3
HSCHR6_MHC_MANN	28805650	28806787	ENSG00000273040	XXbac-BPG308K3.5
1	661611	663527	ENSG00000224956	RP11-206L10.1
HSCHR6_MHC_MANN	28827406	28831131	ENSG00000273200	XXbac-BPG308K3.6
1	677193	685396	ENSG00000235373	RP11-206L10.3
HSCHR6_MHC_MANN	28829197	28829828	ENSG00000273286	RPL13P
1	693613	693716	ENSG00000223181	RNU6-1199P
1	694412	700305	ENSG00000240618	RP11-206L10.5
19	13254872	13261197	ENSG00000104915	STX10
14	23846017	23848981	ENSG00000166091	CMTM5
HSCHR6_MHC_MANN	28883427	28883526	ENSG00000264777	U6
1	696291	697369	ENSG00000229905	RP11-206L10.4
HSCHR6_MHC_MANN	28936915	28938245	ENSG00000226462	KRT18P1
1	700237	714006	ENSG00000228327	RP11-206L10.2
HSCHR6_MHC_MANN	28945258	28945553	ENSG00000265326	Metazoa_SRP
HSCHR6_MHC_MANN	28953985	28955266	ENSG00000233035	HCG15
HSCHR6_MHC_SSTO	31551176	31658141	ENSG00000257670	BX511262.2
HSCHR6_MHC_MANN	28954582	28956318	ENSG00000240111	HCG16
2	239008798	239041928	ENSG00000144488	ESPNL
17	15602891	15640874	ENSG00000187607	ZNF286A
1	714150	745440	ENSG00000237491	RP11-206L10.9
17	6658766	6678966	ENSG00000132530	XAF1
19	51559463	51568371	ENSG00000167759	KLK13
8	110586207	110704020	ENSG00000147642	SYBU
11	74459913	74553458	ENSG00000166439	RNF169
17	65066554	65242105	ENSG00000198265	HELZ
HSCHR6_MHC_SSTO	31572910	31574747	ENSG00000235588	AIF1
1	736259	745541	ENSG00000230092	RP11-206L10.8
16	56598961	56602869	ENSG00000102891	MT4
12	124410971	124419531	ENSG00000250091	DNAH10OS
19	1438358	1440583	ENSG00000115268	RPS15
1	745489	753092	ENSG00000240453	RP11-206L10.10
1	752751	755214	ENSG00000177757	FAM87B
1	761586	762902	ENSG00000225880	LINC00115
19	13261229	13265722	ENSG00000160888	IER2
9	95059640	95087918	ENSG00000198000	NOL8
11	122709208	122743347	ENSG00000109943	CRTAM
15	76640526	77197785	ENSG00000140386	SCAPER
19	37407231	37489602	ENSG00000198453	ZNF568
1	762988	794826	ENSG00000228794	LINC01128
1	93544792	93604638	ENSG00000143033	MTF2
16	56622986	56625000	ENSG00000087250	MT3
5	151040657	151066726	ENSG00000113140	SPARC
14	50249997	50319921	ENSG00000165525	NEMF
12	124456392	124499986	ENSG00000179195	ZNF664
8	66629745	66754557	ENSG00000205268	PDE7A
HSCHR6_MHC_MANN	28994461	28995388	ENSG00000232781	OR2AD1P
1	803451	812283	ENSG00000230368	FAM41C
HSCHR6_MHC_MANN	29039604	29040379	ENSG00000233019	OR2P1P
19	1440838	1441937	ENSG00000268798	AC027307.3
12	53215194	53228079	ENSG00000185640	KRT79
5	74969949	75013313	ENSG00000152359	POC5
HSCHR6_MHC_MANN	29044353	29044948	ENSG00000227529	SAR1P1
1	808672	809729	ENSG00000234711	TUBB8P11
3	31699382	32119072	ENSG00000144645	OSBPL10
HSCHR6_MHC_MANN	29068731	29069669	ENSG00000225441	OR2J1
1	840214	851356	ENSG00000272438	RP11-54O7.16
1	846815	850328	ENSG00000230699	RP11-54O7.1
HSCHR6_MHC_MANN	29091992	29096689	ENSG00000231960	XXbac-BCX196D17.5
1	849551	850351	ENSG00000241180	RP11-54O7.2
22	43807202	43903728	ENSG00000186732	MPPED1
1	852245	856396	ENSG00000223764	RP11-54O7.3
11	122753391	122830506	ENSG00000109944	C11orf63
1	931346	933431	ENSG00000272512	RP11-54O7.17
7	100860949	100867471	ENSG00000106400	ZNHIT1
1	943456	943609	ENSG00000231702	RP11-54O7.10
1	947377	948573	ENSG00000224969	RP11-54O7.11
1	990413	991496	ENSG00000242590	RP11-54O7.14
12	53231588	53242876	ENSG00000170423	KRT78
10	98978996	99052413	ENSG00000213390	ARHGAP19
17	58469790	58508782	ENSG00000141371	C17orf64
12	11694857	11694979	ENSG00000221128	AC007450.1
1	995114	1004735	ENSG00000217801	RP11-465B22.3
12	11699413	11699474	ENSG00000251747	RNU7-60P
12	11700964	11743303	ENSG00000247157	RP11-434C1.1
6	72596406	73112845	ENSG00000079841	RIMS1
5	176830205	176869902	ENSG00000198055	GRK6
12	15773092	16035263	ENSG00000151491	EPS8
19	37498759	37621216	ENSG00000197050	ZNF420
11	122848278	122852428	ENSG00000188909	BSX
12	12264097	12264423	ENSG00000198134	RP11-267J23.4
12	12308196	12308706	ENSG00000242405	RP11-267J23.1
11	44117099	44266979	ENSG00000151348	EXT2
12	12379608	12379711	ENSG00000199551	RNU6-545P
11	74518784	74660245	ENSG00000166435	XRRA1
12	12401925	12402361	ENSG00000270857	RP11-757G14.3
5	151121877	151152093	ENSG00000177556	ATOX1
12	12442161	12442263	ENSG00000207010	RNU6-1295P
1	997588	998668	ENSG00000273443	RP11-54O7.18
12	12491710	12492188	ENSG00000243141	RP11-757G14.1
7	100875373	100882101	ENSG00000106404	CLDN15
1	1072397	1079436	ENSG00000223823	RP11-465B22.5
12	12605037	12605415	ENSG00000271370	RP11-253I19.4
1	1102484	1102578	ENSG00000207730	MIR200B
12	12638287	12644515	ENSG00000255670	RP11-253I19.3
1	1103243	1103332	ENSG00000207607	MIR200A
12	12721135	12721710	ENSG00000240424	RP11-158N24.1
1	1104385	1104467	ENSG00000198976	MIR429
17	58520520	58603580	ENSG00000062725	APPBP2
1	1104737	1105723	ENSG00000272141	RP11-465B22.8
1	1108436	1114935	ENSG00000205231	TTLL10-AS1
19	37583921	37701414	ENSG00000267360	CTC-454I21.3
1	1185157	1186714	ENSG00000260179	RP5-902P8.12
1	1210603	1215800	ENSG00000230415	RP5-902P8.10
2	101869264	101886778	ENSG00000158435	CNOT11
1	1252961	1254069	ENSG00000240731	RP5-890O3.9
1	1314046	1314412	ENSG00000223663	RP5-890O3.3
19	1446300	1473243	ENSG00000115266	APC2
1	1340841	1341132	ENSG00000264293	RN7SL657P
12	104458235	104498639	ENSG00000111727	HCFC2
1	1344476	1345998	ENSG00000272455	RP4-758J18.13
1	1355625	1358071	ENSG00000225905	RP4-758J18.7
1	1365919	1369953	ENSG00000225285	RP4-758J18.10
4	52859868	52883786	ENSG00000188993	LRRC66
12	12767293	12768841	ENSG00000271215	RP11-180M15.5
1	1497726	1499904	ENSG00000215791	AL645728.2
HSCHR10_1_CTG2	27604049	27604155	ENSG00000264507	U6
1	1515136	1515379	ENSG00000236684	AL645728.3
12	12821916	12838009	ENSG00000257004	RP11-180M15.3
HSCHR10_1_CTG2	27671730	27671836	ENSG00000262361	U6
2	88326724	88355248	ENSG00000172086	KRCC1
12	12876231	12876945	ENSG00000256658	RP11-180M15.4
1	1549138	1551175	ENSG00000272106	RP11-345P4.9
12	12917583	12917677	ENSG00000207983	MIR613
1	1590786	1594063	ENSG00000272004	RP11-345P4.10
12	12924285	12924639	ENSG00000270296	RP11-59H1.4
4	88257762	88312538	ENSG00000198189	HSD17B11
12	12993738	12994013	ENSG00000242329	RP11-59H1.1
1	1603429	1604850	ENSG00000269737	RP11-345P4.7
12	13003916	13004674	ENSG00000241352	RP11-392P7.1
1	1604714	1605836	ENSG00000269227	RP11-345P4.6
4	7967039	8160559	ENSG00000163995	ABLIM2
1	1631369	1633249	ENSG00000215914	MMP23A
5	9629109	9712490	ENSG00000169777	TAS2R1
6	30644166	30655672	ENSG00000146112	PPP1R18
12	124457788	124800570	ENSG00000178882	FAM101A
4	52886872	52904648	ENSG00000163069	SGCB
3	98514785	98620533	ENSG00000057019	DCBLD2
12	13028433	13029044	ENSG00000234498	RPL13AP20
12	13068763	13068852	ENSG00000207817	MIR614
20	33516236	33543620	ENSG00000100983	GSS
17	30469473	30580393	ENSG00000126858	RHOT1
1	93615299	93646285	ENSG00000117500	TMED5
2	239047363	239061588	ENSG00000168427	KLHL30
16	84853590	84954374	ENSG00000103196	CRISPLD2
19	51580752	51587502	ENSG00000129437	KLK14
12	13080660	13137579	ENSG00000247498	RP11-392P7.6
1	1634175	1669127	ENSG00000268575	RP1-283E3.8
17	58641908	58663984	ENSG00000267772	RP11-15E18.4
22	43924624	44208217	ENSG00000186976	EFCAB6
14	23851199	23877486	ENSG00000197616	MYH6
1	1655951	1668690	ENSG00000227775	RP1-283E3.4
19	51600863	51611627	ENSG00000142544	CTU1
7	91741465	91772266	ENSG00000001630	CYP51A1
5	151150606	151192346	ENSG00000145907	G3BP1
2	239067623	239077541	ENSG00000178752	FAM132B
1	1822910	1824097	ENSG00000231050	RP1-140A9.1
2	131217028	131267239	ENSG00000196834	POTEI
1	1944652	1946969	ENSG00000233542	RP11-547D24.1
17	58677544	58741849	ENSG00000170836	PPM1D
1	1980642	1981509	ENSG00000226969	RP11-547D24.3
5	10226442	10250009	ENSG00000150756	FAM173B
1	2072523	2076718	ENSG00000271806	RP5-892K4.1
4	88343734	88380606	ENSG00000170502	NUDT9
1	2113233	2115828	ENSG00000182873	RP11-181G12.2
19	51628165	51639908	ENSG00000129450	SIGLEC9
1	2143610	2144013	ENSG00000243558	RP11-181G12.5
9	95087766	95382815	ENSG00000188312	CENPP
1	2143962	2152177	ENSG00000234396	RP11-181G12.4
1	2257640	2258132	ENSG00000272161	RP4-713A8.1
2	131278770	131285579	ENSG00000152093	CFC1B
1	2281853	2284259	ENSG00000269896	RP4-740C4.6
1	2283083	2283296	ENSG00000238240	RP4-740C4.5
X	105937024	106040223	ENSG00000133135	RNF128
1	2294500	2295067	ENSG00000272420	RP4-740C4.7
1	2306292	2306792	ENSG00000271921	RP4-740C4.9
1	2309056	2309799	ENSG00000271847	RP4-740C4.8
1	2316811	2319922	ENSG00000178642	AL513477.1
1	2423739	2424697	ENSG00000224387	RP3-395M20.2
1	2424876	2425918	ENSG00000229393	RP3-395M20.3
1	2477904	2478899	ENSG00000272449	RP3-395M20.12
2	88367299	88412906	ENSG00000115593	SMYD1
7	20823906	20826505	ENSG00000164651	SP8
7	100882739	100895597	ENSG00000214253	FIS1
1	2481359	2488470	ENSG00000238164	RP3-395M20.8
2	101887681	101925163	ENSG00000163162	RNF149
19	51645556	51656783	ENSG00000168995	SIGLEC7
2	239079042	239112370	ENSG00000132323	ILKAP
1	2497849	2501327	ENSG00000225931	RP3-395M20.7
12	53290977	53343738	ENSG00000170421	KRT8
20	33563206	33590240	ENSG00000078814	MYH7B
1	2512999	2515972	ENSG00000228037	RP3-395M20.9
16	14529558	14726585	ENSG00000140694	PARN
9	95146249	95166978	ENSG00000106809	OGN
1	2564007	2568059	ENSG00000237058	RP13-436F16.1
1	2728415	2729257	ENSG00000233234	RP11-740P5.2
7	21467652	21554440	ENSG00000105866	SP4
11	122928197	122933938	ENSG00000109971	HSPA8
1	2730997	2731563	ENSG00000231630	RP11-740P5.3
19	37597636	37663643	ENSG00000196967	ZNF585A
3	47455203	47518616	ENSG00000114650	SCAP
6	30655824	30659197	ENSG00000137404	NRM
17	41150290	41154976	ENSG00000131469	RPL27
1	2976179	2985001	ENSG00000177133	LINC00982
12	13115234	13116473	ENSG00000256011	RP11-392P7.7
12	13124987	13125077	ENSG00000221611	SNORD88
14	73436159	73493920	ENSG00000165861	ZFYVE1
12	13153385	13193613	ENSG00000255621	RP11-377D9.3
12	13152812	13155768	ENSG00000183935	HTR7P1
4	52917497	52963458	ENSG00000163071	SPATA18
12	13174194	13174540	ENSG00000243129	RP11-377D9.1
11	44281994	44331716	ENSG00000052850	ALX4
1	2978523	2978959	ENSG00000256761	AL008733.1
1	3049491	3050273	ENSG00000226286	RP1-163G9.2
1	3223200	3226660	ENSG00000272235	RP11-22L13.1
1	3403810	3404191	ENSG00000272088	RP11-168F9.2
1	3477259	3477354	ENSG00000207776	MIR551A
9	95176527	95186743	ENSG00000127083	OMD
1	3539754	3541307	ENSG00000238260	RP11-46F15.2
3	184032283	184053146	ENSG00000114867	EIF4G1
4	88394487	88452213	ENSG00000152583	SPARCL1
1	3575502	3585336	ENSG00000227589	RP5-1092A11.5
1	3628764	3630862	ENSG00000235131	RP5-1092A11.2
19	13317256	13734804	ENSG00000141837	CACNA1A
1	3652548	3663900	ENSG00000227372	TP73-AS1
17	80400465	80408705	ENSG00000178927	C17orf62
2	131296668	131307456	ENSG00000184761	AC013269.5
1	3699379	3699673	ENSG00000266075	RN7SL574P
HSCHR6_MHC_MCF	31542228	31555259	ENSG00000238289	MICB
1	3701572	3702102	ENSG00000272153	RP1-286D6.5
1	3800628	3800697	ENSG00000264428	AL691523.1
19	37672481	37709055	ENSG00000245680	ZNF585B
15	77223960	77242601	ENSG00000117906	RCN2
1	3816936	3833789	ENSG00000236423	LINC01134
2	131328402	131341734	ENSG00000183292	AC140481.2
9	95218487	95244788	ENSG00000106819	ASPN
1	4000673	4015322	ENSG00000233304	RP13-614K11.1
6	124125286	125146803	ENSG00000188580	NKAIN2
1	4007209	4009040	ENSG00000226374	RP13-614K11.2
1	4235588	4235959	ENSG00000229280	RP11-374C13.1
11	44585977	44641913	ENSG00000085117	CD82
10	99079022	99081672	ENSG00000165879	FRAT1
1	4472111	4484747	ENSG00000235054	RP5-1166F10.1
12	46123448	46301823	ENSG00000189079	ARID2
5	10250033	10266524	ENSG00000150753	CCT5
1	4611795	4612205	ENSG00000227169	RP1-37J18.1
7	47694842	47701246	ENSG00000221845	C7orf65
1	4631608	4643481	ENSG00000232596	RP1-37J18.2
1	5146519	5150959	ENSG00000231510	RP11-542C10.1
1	10270863	10441661	ENSG00000054523	KIF1B
HSCHR6_MHC_MCF	31560862	31561338	ENSG00000269020	CR753864.1
1	5553038	5554734	ENSG00000260972	RP1-58B11.1
2	131350339	131357123	ENSG00000136698	CFC1
1	5624131	5624203	ENSG00000264341	MIR4417
1	5647428	5728355	ENSG00000236948	RP11-154H17.1
HSCHR6_MHC_MCF	31572848	31574363	ENSG00000228662	MCCD1
1	5875931	5876019	ENSG00000216045	AL356693.1
1	5922732	5922801	ENSG00000264101	MIR4689
1	5953899	5953984	ENSG00000266687	AL356261.1
5	176873446	176883283	ENSG00000131188	PRR7
1	6264900	6265840	ENSG00000226944	RP1-120G22.11
3	150458914	150481264	ENSG00000181788	SIAH2
1	6296300	6299504	ENSG00000225077	LINC00337
19	1461142	1479555	ENSG00000119559	C19orf25
1	6453615	6454451	ENSG00000271746	RP1-202O8.3
1	6489894	6489956	ENSG00000265392	MIR4252
1	6503094	6507066	ENSG00000231868	RP1-202O8.2
1	93645476	93744287	ENSG00000122483	CCDC18
1	6600914	6601024	ENSG00000253022	RNU6-731P
X	69642881	69653240	ENSG00000130055	GDPD2
10	99092255	99094458	ENSG00000181274	FRAT2
1	6607965	6608679	ENSG00000229519	RP11-58A11.2
3	150588832	150612089	ENSG00000214237	FAM188B2
16	85007787	85045141	ENSG00000153786	ZDHHC7
1	6784697	6790072	ENSG00000228750	RP11-242F24.1
1	32799433	32801980	ENSG00000175130	MARCKSL1
4	88529681	88538062	ENSG00000152591	DSPP
1	6812779	6812881	ENSG00000239166	snoU13
1	6843952	6844903	ENSG00000237436	RP11-312B8.1
7	47735328	48019178	ENSG00000136273	HUS1
1	6894393	6894678	ENSG00000227950	RP11-312B8.2
X	106045910	106119375	ENSG00000133138	TBC1D8B
9	95256365	95298937	ENSG00000106823	ECM2
1	7068436	7074339	ENSG00000237365	RP11-334N17.1
1	7279420	7279584	ENSG00000207056	RNU1-8P
1	32817122	32829913	ENSG00000162526	TSSK3
1	7429003	7430331	ENSG00000237402	CAMTA1-IT1
7	21582833	21941457	ENSG00000105877	DNAH11
22	44220389	44258398	ENSG00000130540	SULT4A1
3	150600784	150659530	ENSG00000260234	RP11-166N6.3
1	7442548	7449814	ENSG00000237728	RP3-453P22.2
1	7501156	7501614	ENSG00000225126	RP4-549F15.1
1	7753184	7754904	ENSG00000270171	RP11-338N10.1
4	88571459	88585513	ENSG00000152592	DMP1
1	7758363	7758932	ENSG00000270035	RP11-338N10.2
6	125283691	125413779	ENSG00000146373	RNF217
1	7760764	7761030	ENSG00000269978	RP11-338N10.3
1	7836443	7836835	ENSG00000269925	RP3-467L1.6
7	91741473	91808845	ENSG00000240720	LRRD1
1	7870302	7887402	ENSG00000236266	RP3-467L1.4
1	32826871	32829879	ENSG00000225828	FAM229A
1	8002432	8002786	ENSG00000270330	RP5-892F13.2
8	110656344	110660313	ENSG00000248050	RP11-422N16.3
1	8042941	8043043	ENSG00000200344	Y_RNA
1	8086798	8182762	ENSG00000238290	RP11-431K24.1
1	8117305	8118523	ENSG00000232848	CTA-215D11.4
3	150643950	150690786	ENSG00000163646	CLRN1
1	8249884	8252830	ENSG00000229305	RP11-431K24.2
19	51728320	51747115	ENSG00000105383	CD33
12	13593818	13593935	ENSG00000201476	RNA5SP353
8	110975874	110988076	ENSG00000164794	KCNV1
12	13612604	13612710	ENSG00000201909	RNU6-590P
3	123687368	123711025	ENSG00000065371	ROPN1
1	8266494	8266657	ENSG00000200975	RNU1-7P
12	13679788	13700516	ENSG00000256306	RP11-4N23.1
1	8268732	8275270	ENSG00000227634	RP11-431K24.3
3	52847298	52869745	ENSG00000243696	RP5-966M1.6
1	8278250	8280589	ENSG00000233645	RP11-431K24.4
12	13740814	13740918	ENSG00000252445	AC007535.1
8	28174503	28200872	ENSG00000168081	PNOC
19	37708828	37734828	ENSG00000188283	ZNF383
12	13836476	13836820	ENSG00000200475	RN7SKP162
1	8335184	8335438	ENSG00000265414	RN7SL729P
2	220492049	220506702	ENSG00000114923	SLC4A3
12	14322680	14322811	ENSG00000256346	RP11-72J9.1
1	8352217	8352323	ENSG00000251977	RNU6-991P
1	8388127	8388239	ENSG00000252254	Y_RNA
12	14344936	14345218	ENSG00000227760	RP11-298E10.1
17	6679542	6700420	ENSG00000177294	FBXO39
4	88720733	88733074	ENSG00000029559	IBSP
1	8484705	8494898	ENSG00000232912	RP5-1115A15.1
19	1481427	1490751	ENSG00000115257	PCSK4
9	95375466	95432547	ENSG00000127080	IPPK
1	8571854	8571978	ENSG00000221083	SNORA77
1	8572712	8573080	ENSG00000270282	RP5-1115A15.2
1	155036207	155042029	ENSG00000243364	EFNA4
15	77285700	77329673	ENSG00000140368	PSTPIP1
1	8810489	8811146	ENSG00000234619	RPL7P11
1	8846270	8846972	ENSG00000224315	RPL7P7
1	8856633	8856731	ENSG00000222511	Y_RNA
8	66933795	67012751	ENSG00000147570	DNAJC5B
10	112257596	112271302	ENSG00000138166	DUSP5
1	8858534	8859565	ENSG00000226545	RP4-633I8.3
6	7389729	7418270	ENSG00000124784	RIOK1
2	212240446	213403565	ENSG00000178568	ERBB4
1	8865919	8867110	ENSG00000228423	RP4-633I8.4
12	16035325	16056412	ENSG00000023734	STRAP
1	8891066	8891434	ENSG00000229716	RP11-185B14.1
1	8935847	8938066	ENSG00000236269	ENO1-IT1
1	8938894	8939953	ENSG00000230679	ENO1-AS1
17	6692452	6735080	ENSG00000167858	TEKT1
19	51749603	51772584	ENSG00000179213	SIGLECL1
1	8943486	8943592	ENSG00000201725	RNU6-304P
7	47814250	47988088	ENSG00000158683	PKD1L1
1	8953468	8954210	ENSG00000238249	HMGN2P17
8	28203102	28260218	ENSG00000186918	ZNF395
1	8967452	8967803	ENSG00000232208	RP3-477M7.5
1	8969801	8969963	ENSG00000232663	RP3-477M7.6
1	9039637	9039933	ENSG00000265141	RN7SL451P
1	9142755	9142938	ENSG00000252404	SCARNA16
1	9211727	9211836	ENSG00000207865	MIR34A
1	9242066	9262678	ENSG00000228526	RP3-510D11.1
1	9242263	9252148	ENSG00000234546	RP3-510D11.2
1	9338450	9338592	ENSG00000252841	Z98044.1
1	9497728	9497837	ENSG00000252956	RNA5SP40
7	127990379	128001739	ENSG00000224940	PRRT4
1	9561151	9563530	ENSG00000235263	RP13-392I16.1
1	93811445	93835055	ENSG00000117505	DR1
3	52867130	52869235	ENSG00000272573	MUSTN1
1	9636485	9637043	ENSG00000231181	RP13-15M17.1
1	9720886	9722684	ENSG00000233268	RP11-558F24.2
9	95473645	95527094	ENSG00000185963	BICD2
16	14564842	14565054	ENSG00000269049	AC092291.2
1	9732484	9747613	ENSG00000231789	RP11-558F24.4
12	14366028	14366299	ENSG00000266749	RN7SL46P
12	14369524	14374231	ENSG00000256084	RP11-134N1.2
1	9840880	9841298	ENSG00000271264	RP11-558F24.6
3	52867137	52931578	ENSG00000248592	TMEM110-MUSTN1
12	14390025	14390255	ENSG00000255763	MRPS18CP4
1	9908376	9910212	ENSG00000223989	RP11-84A14.5
5	176883609	176901402	ENSG00000113758	DBN1
1	10002981	10010032	ENSG00000228150	RP11-84A14.4
1	10007376	10007694	ENSG00000202415	RN7SKP269
1	10027439	10027516	ENSG00000265521	MIR5697
1	10043199	10044626	ENSG00000241326	RP11-807G9.2
4	53457138	53525502	ENSG00000109189	USP46
1	10078085	10078592	ENSG00000225786	AL590639.1
11	74660292	74690076	ENSG00000118363	SPCS2
1	10114503	10114839	ENSG00000224340	RP11-496H15.2
7	100956975	100965104	ENSG00000128581	RABL5
1	10118729	10119706	ENSG00000233623	PGAM1P11
1	155036224	155060014	ENSG00000143590	EFNA3
16	56642111	56643409	ENSG00000125148	MT2A
3	150803484	151154860	ENSG00000144893	MED12L
11	44748015	44953972	ENSG00000157570	TSPAN18
1	10223326	10223432	ENSG00000201746	RNU6-828P
17	15603006	15648092	ENSG00000255104	ZNF286A
1	10287776	10287861	ENSG00000264881	MIR1273D
19	37803739	37860267	ENSG00000181666	HKR1
1	10359024	10359130	ENSG00000199562	RNU6-37P
1	10366523	10366813	ENSG00000264501	RN7SL731P
1	10450059	10450353	ENSG00000265945	RN7SL721P
8	28205804	28347835	ENSG00000214050	FBXO16
1	10489938	10490734	ENSG00000271989	RP4-736L20.3
1	10518612	10519395	ENSG00000203469	RP5-1113E3.3
17	65334032	65362743	ENSG00000197170	PSMD12
1	10676893	10677170	ENSG00000243267	RN7SL614P
1	10699298	10714390	ENSG00000272078	RP4-734G22.3
10	112327449	112364394	ENSG00000108055	SMC3
1	10955818	10956055	ENSG00000225158	HSPE1P24
16	14726672	14763093	ENSG00000103429	BFAR
1	11051035	11051854	ENSG00000215785	CFL1P6
16	56659387	56661024	ENSG00000169715	MT1E
1	11058233	11058320	ENSG00000264181	AL713997.1
14	23881947	23904927	ENSG00000092054	MYH7
1	11059919	11060002	ENSG00000207213	Y_RNA
1	11089716	11090585	ENSG00000271895	RP4-635E18.8
9	95607874	95640304	ENSG00000127081	ZNF484
1	11128528	11133154	ENSG00000226849	RP4-635E18.7
1	11159732	11162157	ENSG00000230337	RP4-635E18.6
HSCHR6_MHC_DBB	31849569	31851954	ENSG00000234852	ZBTB12
1	11203955	11209594	ENSG00000225602	MTOR-AS1
16	56662971	56666150	ENSG00000268317	AC026461.1
1	11212407	11212509	ENSG00000253086	RNU6-537P
1	155036224	155059283	ENSG00000251246	EFNA3
HSCHR6_MHC_DBB	31860976	31861221	ENSG00000257600	CR388219.1
1	11229564	11229670	ENSG00000271794	snoU13
1	32830704	32860332	ENSG00000160058	BSDC1
1	11286311	11286417	ENSG00000207451	RNU6-291P
16	56666145	56667898	ENSG00000205364	MT1M
1	11293020	11293169	ENSG00000238173	RPL39P6
19	51815102	51833608	ENSG00000142549	IGLON5
1	11338673	11339408	ENSG00000238199	UBE2V2P3
3	47537130	47555251	ENSG00000163832	ELP6
12	124808961	125052135	ENSG00000196498	NCOR2
1	11485314	11485878	ENSG00000224338	RP11-149P14.1
1	11669588	11673412	ENSG00000235643	RP1-69M21.2
6	90604188	90605839	ENSG00000135355	GJA10
1	11837134	11839676	ENSG00000177553	RP11-56N19.5
16	56672578	56673999	ENSG00000205362	MT1A
11	74699179	74729938	ENSG00000162139	NEU3
17	6779954	6915668	ENSG00000215067	AC027763.2
1	11901074	11908136	ENSG00000242349	NPPA-AS1
19	1491165	1497926	ENSG00000115255	REEP6
2	101962013	102004057	ENSG00000175874	CREG2
2	239133193	239140318	ENSG00000186235	AC016757.3
1	11937827	11940463	ENSG00000224904	RP5-934G17.6
1	11968209	11968328	ENSG00000199347	RNU5E-1
19	51834790	51845378	ENSG00000186806	VSIG10L
1	11969865	11969984	ENSG00000201801	RNU5E-4P
1	12077273	12077365	ENSG00000270914	RP5-1077B9.5
16	56685811	56687116	ENSG00000169688	MT1B
1	12084069	12084181	ENSG00000202461	Y_RNA
1	12096799	12097071	ENSG00000243539	RN7SL649P
12	14403166	14403275	ENSG00000251908	RNU6-491P
1	12137938	12138041	ENSG00000201135	RNU6-777P
12	14407846	14408160	ENSG00000255749	GNAI2P1
1	12140350	12140604	ENSG00000227875	RP11-426M1.2
12	14464277	14464549	ENSG00000265119	RN7SL676P
10	99116115	99161127	ENSG00000052749	RRP12
1	12251770	12251830	ENSG00000263676	MIR4632
20	33590207	33680674	ENSG00000100991	TRPC4AP
11	74799758	74800799	ENSG00000171561	OR2AT4
12	14509776	14518437	ENSG00000244573	RPL30P11
1	12280851	12281166	ENSG00000225196	RP5-1118D24.2
16	14766405	14788526	ENSG00000069764	PLA2G10
1	12281205	12281328	ENSG00000252969	SNORA70
1	12567300	12567451	ENSG00000239149	SNORA59A
12	14683085	14686163	ENSG00000255649	RP11-502N13.2
1	155099936	155107333	ENSG00000169242	EFNA1
1	12587766	12588462	ENSG00000229484	RP5-888M10.2
12	14706636	14706904	ENSG00000200830	RN7SKP134
1	12630000	12630100	ENSG00000221340	RNU6ATAC18P
16	56691606	56694610	ENSG00000198417	MT1F
1	93913688	94020218	ENSG00000137942	FNBP1L
12	14720684	14772689	ENSG00000256751	RP11-695J4.2
1	12678906	12679250	ENSG00000272482	RP11-474O21.5
14	91698876	91720269	ENSG00000119714	GPR68
8	67039131	67087720	ENSG00000147573	TRIM55
1	12752925	12753036	ENSG00000226166	RP11-474O21.2
1	12799693	12799796	ENSG00000238771	snoU13
1	12882549	12883022	ENSG00000228338	RP5-845O24.8
6	90636248	91006627	ENSG00000112182	BACH2
14	50291993	50293258	ENSG00000269832	AL627171.2
HSCHR6_MHC_DBB	31895618	31902052	ENSG00000241534	CFB
1	12897978	12901210	ENSG00000231103	RP5-845O24.3
14	50300810	50311552	ENSG00000197502	AL627171.1
19	51848423	51869672	ENSG00000105379	ETFB
1	12982374	12982480	ENSG00000207434	RNU6-1072P
2	48667737	48742525	ENSG00000162869	PPP1R21
14	50359810	50361490	ENSG00000165527	ARF6
1	12985990	12988081	ENSG00000234064	RP11-450I1.2
1	13012966	13015755	ENSG00000250894	RP11-450I1.4
16	85061375	85127836	ENSG00000135709	KIAA0513
1	13108842	13112679	ENSG00000270601	PRAMEF23
17	6899384	6914055	ENSG00000108839	ALOX12
16	56700643	56701977	ENSG00000125144	MT1G
X	69664711	69725337	ENSG00000082458	DLG3
14	50448430	50474238	ENSG00000214900	C14orf182
1	13123246	13126086	ENSG00000250113	RP13-221M14.6
9	95709733	95798518	ENSG00000127084	FGD3
2	102013823	102091165	ENSG00000196460	RFX8
1	13140456	13145000	ENSG00000204505	PRAMEF25
HSCHR6_MHC_MCF	31574350	31590705	ENSG00000229496	DDX39B
1	13146777	13147256	ENSG00000233336	RP13-221M14.2
3	32023263	32033120	ENSG00000197385	ZNF860
14	50550369	50559361	ENSG00000168260	C14orf183
19	1505017	1513603	ENSG00000185761	ADAMTSL5
16	56703726	56705041	ENSG00000205358	MT1H
16	85131965	85146114	ENSG00000153789	FAM92B
7	91828283	91875480	ENSG00000001631	KRIT1
3	32147181	32210205	ENSG00000152642	GPD1L
12	14818589	14910897	ENSG00000214772	RP11-174G6.1
12	14915438	14920865	ENSG00000261324	RP11-174G6.5
16	56716336	56718108	ENSG00000187193	MT1X
14	50575350	50583318	ENSG00000100483	VCPKMT
12	14994026	14997642	ENSG00000256339	RP11-233G1.4
6	125440195	125585553	ENSG00000111907	TPD52L1
3	99357319	99518070	ENSG00000144810	COL8A1
12	15154767	15159617	ENSG00000255727	RP11-508P1.2
16	85204882	85218969	ENSG00000262601	CTC-786C10.1
16	85391069	85393055	ENSG00000261567	RP11-680G10.1
11	122943035	123065989	ENSG00000166250	CLMP
5	151202074	151304403	ENSG00000145888	GLRA1
4	53588785	53617807	ENSG00000226887	ERVMER34-1
4	53728457	53733000	ENSG00000128045	RASL11B
14	91709103	91717426	ENSG00000258875	CTD-2547L24.3
11	74811608	74917594	ENSG00000137491	SLCO2B1
3	32280171	32411817	ENSG00000170293	CMTM8
11	123301058	123306427	ENSG00000254667	AP000783.1
11	44907454	44972840	ENSG00000175274	TP53I11
GL000205.1	117169	119085	ENSG00000212884	AC011841.1
GL000205.1	81439	81539	ENSG00000206750	Y_RNA
GL000205.1	122920	123169	ENSG00000215705	AC011841.2
GL000205.1	136235	136317	ENSG00000221666	AC011841.6
GL000205.1	138777	138857	ENSG00000221397	AC011841.4
GL000205.1	139016	139098	ENSG00000266596	AC011841.10
GL000205.1	144571	144653	ENSG00000265703	AC011841.9
GL000205.1	152040	152122	ENSG00000220994	AC011841.3
GL000205.1	164643	164725	ENSG00000221692	AC011841.7
16	14802801	14820195	ENSG00000224712	NPIPA3
GL000205.1	165363	165438	ENSG00000221570	AC011841.5
3	47603729	47622282	ENSG00000114646	CSPG5
GL000205.1	168185	168260	ENSG00000263455	AC011841.8
9	95820989	95847420	ENSG00000157303	SUSD3
3	32433163	32524559	ENSG00000153551	CMTM7
20	33703167	33865928	ENSG00000088298	EDEM2
7	128032331	128050306	ENSG00000106348	IMPDH1
4	53739149	54232242	ENSG00000184178	SCFD2
16	14841923	14859270	ENSG00000254852	NPIPA2
8	28351729	28431775	ENSG00000104290	FZD3
1	94027347	94312706	ENSG00000137936	BCAR3
7	47834889	47859445	ENSG00000136275	C7orf69
14	91737667	91884188	ENSG00000015133	CCDC88C
9	95858500	95875565	ENSG00000165233	C9orf89
19	51853627	51871353	ENSG00000269403	CTD-2616J11.11
3	32522804	32544900	ENSG00000091317	CMTM6
16	85645015	85709810	ENSG00000131149	GSE1
2	239146908	239149303	ENSG00000144485	HES6
19	51870352	51872257	ENSG00000160318	CLDND2
2	39476407	39664453	ENSG00000011566	MAP4K3
1	155107820	155111329	ENSG00000169241	SLC50A1
9	95883771	95896570	ENSG00000131669	NINJ1
6	91223292	91296764	ENSG00000135341	MAP3K7
19	51874860	51875969	ENSG00000105374	NKG7
16	56764017	56878797	ENSG00000102900	NUP93
3	52870235	52931612	ENSG00000213533	TMEM110
8	28457986	28613116	ENSG00000012232	EXTL3
2	131369054	131415664	ENSG00000222038	POTEJ
16	14927538	14990017	ENSG00000103512	NOMO1
11	123396344	123498482	ENSG00000023171	GRAMD1B
7	48026745	48068716	ENSG00000164744	SUN3
2	131486643	131487909	ENSG00000173302	GPR148
19	51883163	51891214	ENSG00000105370	LIM2
X	106057101	106243474	ENSG00000133131	MORC4
3	32567463	32612366	ENSG00000144635	DYNC1LI1
2	166845670	166984523	ENSG00000144285	SCN1A
22	44275558	44287893	ENSG00000100341	PNPLA5
1	94333373	94345474	ENSG00000067334	DNTTIP2
7	101006101	101202304	ENSG00000160963	COL26A1
2	131513008	131525707	ENSG00000178171	AMER3
1	10458649	10480201	ENSG00000142657	PGD
19	37861963	37883968	ENSG00000189164	ZNF527
10	70100864	70167051	ENSG00000204130	RUFY2
15	77336359	77376326	ENSG00000140391	TSPAN3
2	213864429	214017151	ENSG00000030419	IKZF2
11	45115564	45247734	ENSG00000019485	PRDM11
1	94350761	94374966	ENSG00000023909	GCLM
5	151771093	151812929	ENSG00000132911	NMUR2
8	113235157	114449328	ENSG00000164796	CSMD3
22	44319619	44360368	ENSG00000100344	PNPLA3
8	67088620	67090960	ENSG00000147571	CRH
19	51891543	51893828	ENSG00000262874	C19orf84
12	62860597	62991363	ENSG00000061987	MON2
17	6915736	6917851	ENSG00000219200	RNASEK
1	32930658	33066393	ENSG00000254553	RP1-27O5.3
8	67341263	67342966	ENSG00000179041	RRS1
11	45261852	45307870	ENSG00000019505	SYT13
HSCHR9_2_CTG35	72659114	72847028	ENSG00000262783	MAMDC2
19	37902057	37960177	ENSG00000196437	ZNF569
14	50583847	50698276	ENSG00000100485	SOS2
1	32930670	32962287	ENSG00000273274	ZBTB8B
1	10490159	10512210	ENSG00000175279	APITD1
HSCHR9_2_CTG35	72702213	72728782	ENSG00000262817	MAMDC2-AS1
19	1524073	1535455	ENSG00000185988	PLK5
HSCHR9_2_CTG35	72768036	72796884	ENSG00000263297	RP11-195E11.3
14	23938897	23979071	ENSG00000129460	NGDN
5	176910395	176924607	ENSG00000196923	PDLIM7
1	33005028	33071540	ENSG00000160062	ZBTB8A
HSCHR9_2_CTG35	72809567	72809746	ENSG00000262278	U2
6	30667584	30685666	ENSG00000137337	MDC1
14	73525144	73588122	ENSG00000119707	RBM25
16	85709804	85723679	ENSG00000131153	GINS2
11	74951950	74954742	ENSG00000261594	TPBGL
8	28625178	28747759	ENSG00000104299	INTS9
19	1554668	1568057	ENSG00000181588	MEX3D
22	44351301	44406411	ENSG00000100347	SAMM50
5	75378997	75649764	ENSG00000122012	SV2C
15	77400471	77712486	ENSG00000173517	PEAK1
1	155112367	155113071	ENSG00000179085	DPM3
17	39968932	39979465	ENSG00000141756	FKBP10
5	139781493	139929154	ENSG00000254996	ANKHD1-EIF4EBP3
2	222282747	222438922	ENSG00000116106	EPHA4
1	33065773	33116504	ENSG00000176261	ZBTB8OS
20	33759876	33765165	ENSG00000101000	PROCR
19	37958487	37976260	ENSG00000171827	ZNF570
6	32152512	32157963	ENSG00000204304	PBX2
19	1576639	1592882	ENSG00000071655	MBD3
20	33814457	33864801	ENSG00000125966	MMP24
1	94458393	94586688	ENSG00000198691	ABCA4
12	46312914	46385903	ENSG00000139218	SCAF11
16	85723690	85784735	ENSG00000154102	C16orf74
16	56899119	56949762	ENSG00000070915	SLC12A3
1	155141884	155145951	ENSG00000163463	KRTCAP2
9	95947198	96082854	ENSG00000165238	WNK2
3	47626762	47823596	ENSG00000173473	SMARCC1
7	21940518	21985702	ENSG00000164649	CDCA7L
11	74975226	75062873	ENSG00000137486	ARRB1
16	85805364	85833214	ENSG00000131148	EMC8
HSCHR6_MHC_DBB	31902055	31909055	ENSG00000206268	NELFE
11	123499895	123525952	ENSG00000166257	SCN3B
8	67342420	67383836	ENSG00000147576	ADHFE1
15	77712754	77777949	ENSG00000140382	HMG20A
16	15016659	15045915	ENSG00000183426	NPIPA1
19	51913275	51921057	ENSG00000142512	SIGLEC10
10	5029967	5060223	ENSG00000151632	AKR1C2
2	239152679	239198743	ENSG00000132326	PER2
1	155141885	155159748	ENSG00000273088	RP11-201K10.3
12	16064106	16190220	ENSG00000023697	DERA
22	44395091	44568829	ENSG00000188677	PARVB
19	1578338	1605444	ENSG00000267059	UQCR11
2	131594489	131804836	ENSG00000136002	ARHGEF4
3	123798870	124445172	ENSG00000160145	KALRN
19	37997841	38039664	ENSG00000188227	ZNF793
3	99536678	99897447	ENSG00000184220	CMSS1
19	1597171	1605480	ENSG00000127540	UQCR11
7	158523686	158622944	ENSG00000117868	ESYT2
19	13842574	13874110	ENSG00000104957	CCDC130
4	8183799	8243530	ENSG00000125089	SH3TC1
4	88742563	88767969	ENSG00000152595	MEPE
17	635652	646206	ENSG00000167695	FAM57A
5	139916925	139937895	ENSG00000213523	SRA1
9	96080481	96108696	ENSG00000204352	C9orf129
20	33866714	33872788	ENSG00000242372	EIF6
2	167051695	167232503	ENSG00000169432	SCN9A
1	10490159	10512210	ENSG00000251503	APITD1-CORT
17	6915928	6917755	ENSG00000269871	AC040977.1
17	58754814	59470199	ENSG00000141376	BCAS3
5	139927251	139929163	ENSG00000243056	EIF4EBP3
HSCHR6_MHC_MCF	31588589	31602936	ENSG00000230900	ATP6V1G2
7	101256605	101272576	ENSG00000106436	MYL10
5	152869175	153193429	ENSG00000155511	GRIA1
6	125541108	125623282	ENSG00000111906	HDDC2
9	96208776	96215874	ENSG00000188938	FAM120AOS
1	10509776	10511959	ENSG00000241563	CORT
16	85832239	85840650	ENSG00000131143	COX4I1
19	13875346	13885096	ENSG00000037757	MRI1
17	6915954	6920839	ENSG00000161939	RNASEK-C17orf49
1	33116743	33151812	ENSG00000162521	RBBP4
11	45670427	45687172	ENSG00000175264	CHST1
1	10516579	10532583	ENSG00000160049	DFFA
1	94614544	94740624	ENSG00000137962	ARHGAP29
11	45792983	45793909	ENSG00000205106	CTD-2210P24.4
19	13884982	13889276	ENSG00000104979	C19orf53
7	48075108	48100901	ENSG00000164746	C7orf57
HSCHR6_MHC_MCF	31590993	31602942	ENSG00000235125	NFKBIL1
2	239192329	239192498	ENSG00000268396	AC012485.1
17	39981335	39992523	ENSG00000141698	NT5C3B
11	45825623	45834566	ENSG00000181830	SLC35C1
15	77905369	78113242	ENSG00000169783	LINGO1
2	239229082	239309541	ENSG00000204104	TRAF3IP1
1	10532345	10690815	ENSG00000142655	PEX14
HSCHR6_MHC_MCF	31616138	31618410	ENSG00000226275	LTA
19	38042308	38104998	ENSG00000171817	ZNF540
2	15731302	15771235	ENSG00000079785	DDX1
11	45868669	45904798	ENSG00000121671	CRY2
9	96214004	96328397	ENSG00000048828	FAM120A
3	52937588	53080766	ENSG00000163935	SFMBT1
3	32726637	32815367	ENSG00000182973	CNOT10
7	48128225	48148330	ENSG00000183696	UPP1
6	93949738	94129265	ENSG00000135333	EPHA7
17	15635561	15649476	ENSG00000214946	TBC1D26
15	78276378	78370066	ENSG00000167202	TBC1D2B
16	56965960	56977798	ENSG00000051108	HERPUD1
11	123594885	123612383	ENSG00000166261	ZNF202
16	15068448	15233196	ENSG00000179889	PDXDC1
6	126068810	126082415	ENSG00000135547	HEY2
19	38045684	38085673	ENSG00000180479	ZNF571
X	69748790	70128581	ENSG00000120498	TEX11
17	41158742	41166473	ENSG00000068079	IFI35
10	5077546	5149878	ENSG00000196139	AKR1C3
11	45907202	45928016	ENSG00000121653	MAPK8IP1
2	88422510	88427635	ENSG00000163586	FABP1
4	54243810	55161439	ENSG00000145216	FIP1L1
1	10696661	10856707	ENSG00000130940	CASZ1
11	123624196	123625253	ENSG00000221931	OR6X1
9	96338689	96441869	ENSG00000197724	PHF2
22	44568836	44615413	ENSG00000138964	PARVG
17	647654	657239	ENSG00000179409	GEMIN4
5	55033845	55112985	ENSG00000152670	DDX4
11	123676043	123677095	ENSG00000196099	OR6M1
1	155145873	155157447	ENSG00000163462	TRIM46
16	85932409	85956215	ENSG00000140968	IRF8
20	33873534	33880204	ENSG00000125998	FAM83C
5	139937853	139973337	ENSG00000113108	APBB3
X	138808505	139027435	ENSG00000101974	ATP11C
11	123753633	123756349	ENSG00000204300	TMEM225
14	104029299	104152261	ENSG00000256500	RP11-73M18.2
11	45928085	45928833	ENSG00000234776	C11orf94
14	50704281	50779266	ENSG00000087299	L2HGDH
12	16341419	16430619	ENSG00000188991	SLC15A5
11	123777109	123778183	ENSG00000181518	OR8D4
1	94883933	94984222	ENSG00000117528	ABCD3
5	176928908	176938275	ENSG00000146094	DOK3
19	13890884	13900972	ENSG00000214109	AC008686.1
7	158649269	158749438	ENSG00000126870	WDR60
12	99007183	99038891	ENSG00000166130	IKBIP
9	96713905	96717654	ENSG00000131668	BARX1
19	51954101	51961710	ENSG00000105366	SIGLEC8
1	33145507	33169197	ENSG00000162520	SYNC
17	15848231	15879060	ENSG00000170425	ADORA2B
2	88469835	88486146	ENSG00000144115	THNSL2
12	16500076	16762193	ENSG00000008394	MGST1
11	123810250	123811344	ENSG00000171014	OR4D5
19	13906274	13943044	ENSG00000132003	ZSWIM4
11	123813492	123814580	ENSG00000181499	OR6T1
19	38104650	38183238	ENSG00000120784	ZFP30
14	50779044	50802276	ENSG00000125375	ATP5S
11	123847368	123848488	ENSG00000196248	OR10S1
5	75699074	76003957	ENSG00000145703	IQGAP2
10	5196335	5244449	ENSG00000196326	AKR1CL1
11	123864870	123865868	ENSG00000198674	OR10G6
9	96793076	96872138	ENSG00000158079	PTPDC1
3	150915619	150920988	ENSG00000174946	GPR171
HSCHR6_MHC_MCF	31619653	31622422	ENSG00000223952	TNF
11	123886282	123887217	ENSG00000254737	OR10G4
19	13972877	13991571	ENSG00000187556	NANOS3
3	53003135	53133469	ENSG00000272305	RP11-894J14.5
11	123893720	123894655	ENSG00000236981	OR10G9
3	150929905	150996255	ENSG00000174944	P2RY14
16	86544133	86548076	ENSG00000103241	FOXF1
14	23990066	24025401	ENSG00000136367	ZFHX2
X	106143293	106146565	ENSG00000147223	RIPPLY1
HSCHR6_MHC_MCF	31624641	31626608	ENSG00000236237	LTB
2	39892122	39945103	ENSG00000152154	TMEM178A
11	45931220	45940363	ENSG00000121680	PEX16
3	151011891	151034740	ENSG00000138271	GPR87
17	15879874	15903031	ENSG00000214941	ZSWIM7
17	75875109	75878659	ENSG00000204283	FLJ45079
3	151044100	151047336	ENSG00000181631	P2RY13
X	106143394	106174091	ENSG00000165376	CLDN2
1	94994781	95007356	ENSG00000117525	F3
17	30506379	30506885	ENSG00000269402	AC116407.2
9	97021593	97063736	ENSG00000175787	ZNF169
1	33207486	33240571	ENSG00000162522	KIAA1522
7	101458959	101927249	ENSG00000257923	CUX1
19	13993161	14017265	ENSG00000132016	C19orf57
8	28747911	28922281	ENSG00000147421	HMBOX1
20	33890369	33999944	ENSG00000101019	UQCC1
19	51979838	51994206	ENSG00000213822	CEACAM18
12	104510855	104532067	ENSG00000120837	NFYB
11	75110530	75133324	ENSG00000149273	RPS3
11	123900297	123901341	ENSG00000234560	OR10G8
7	22157856	22396763	ENSG00000136237	RAPGEF5
11	123908773	123909717	ENSG00000182634	OR10G7
X	106307650	106362057	ENSG00000089682	RBM41
17	30593195	30651680	ENSG00000141314	RHBDL3
10	70173821	70231879	ENSG00000138346	DNA2
2	223064607	223163715	ENSG00000135903	PAX3
6	126102307	126252266	ENSG00000111912	NCOA7
17	660337	685581	ENSG00000167699	GLOD4
9	97077605	97090926	ENSG00000130950	NUTM2F
19	1609291	1652604	ENSG00000071564	TCF3
19	51994611	52005043	ENSG00000254521	SIGLEC12
16	86563782	86588841	ENSG00000103248	MTHFSD
14	104029299	104073860	ENSG00000256053	APOPT1
3	151055168	151102600	ENSG00000169313	P2RY12
HSCHR6_MHC_MCF	31630207	31632990	ENSG00000234514	LST1
9	97136833	97223324	ENSG00000148110	HIATL1
7	48211055	48687092	ENSG00000179869	ABCA13
6	32158543	32163300	ENSG00000213654	GPSM3
4	8271492	8308838	ENSG00000170801	HTRA3
2	88824169	88829102	ENSG00000172073	TEX37
19	14017014	14041692	ENSG00000132024	CC2D1A
14	24025216	24029480	ENSG00000259431	THTPA
9	97321002	97356075	ENSG00000130957	FBP2
4	88896819	88904562	ENSG00000118785	SPP1
3	151143172	151176497	ENSG00000152580	IGSF10
4	54325468	54567572	ENSG00000072201	LNX1
2	214149113	215275225	ENSG00000144451	SPAG16
12	53342655	53346685	ENSG00000111057	KRT18
11	123986069	124018428	ENSG00000110002	VWA5A
11	45943172	45950647	ENSG00000165905	GYLTL1B
9	97365415	97402531	ENSG00000165140	FBP1
2	15830906	15884463	ENSG00000231031	AC008271.1
19	1752372	1780987	ENSG00000205922	ONECUT3
6	32162620	32191844	ENSG00000204301	NOTCH4
2	16080686	16087129	ENSG00000134323	MYCN
17	76000249	76104916	ENSG00000078687	TNRC6C
22	44639547	44708731	ENSG00000138944	KIAA1644
1	11006528	11042094	ENSG00000175262	C1orf127
19	38158652	38183223	ENSG00000196381	ZNF781
2	88856259	88927094	ENSG00000172071	EIF2AK3
3	53122499	53164478	ENSG00000163933	RFT1
2	239335383	239360891	ENSG00000065802	ASB1
22	44761431	44762164	ENSG00000220702	RP1-32I10.10
15	78370150	78397251	ENSG00000183476	SH2D7
22	44888452	44894178	ENSG00000188636	LDOC1L
19	38180766	38210089	ENSG00000267552	CTD-2528L19.4
17	6917814	6920844	ENSG00000258315	C17orf49
2	239756673	239795893	ENSG00000233608	TWIST2
17	15902694	15948329	ENSG00000011295	TTC19
7	158820866	158937649	ENSG00000106018	VIPR2
15	78396948	78423886	ENSG00000136425	CIB2
19	38187264	38210691	ENSG00000198182	ZNF607
4	8368009	8442450	ENSG00000087008	ACOX3
5	153369688	153418496	ENSG00000055147	FAM114A2
1	95285898	95360802	ENSG00000143036	SLC44A3
1	11072414	11085796	ENSG00000120948	TARDBP
1	33240840	33283754	ENSG00000134684	YARS
12	62995531	62997214	ENSG00000221949	C12orf61
8	67372238	67430759	ENSG00000169085	C8orf46
10	70237756	70287231	ENSG00000122912	SLC25A16
19	52022779	52035110	ENSG00000105492	SIGLEC6
16	56995762	57017757	ENSG00000087237	CETP
22	45064593	45133561	ENSG00000186654	PRR5
7	128095903	128098472	ENSG00000135245	HILPDA
9	97488983	97849441	ENSG00000148120	C9orf3
19	1782074	1812275	ENSG00000130270	ATP8B3
4	88928820	88998929	ENSG00000118762	PKD2
HSCHR6_MHC_DBB	31909043	31919714	ENSG00000223493	SKIV2L
2	16730727	16847599	ENSG00000197872	FAM49A
2	88991162	89050452	ENSG00000153574	RPIA
3	99548985	99833357	ENSG00000168386	FILIP1L
19	38226734	38307940	ENSG00000189144	ZNF573
12	16701307	16763528	ENSG00000048540	LMO3
11	75133438	75141674	ENSG00000149243	KLHL35
3	47844399	47891685	ENSG00000132153	DHX30
6	96025419	96057333	ENSG00000172469	MANEA
14	24028774	24037279	ENSG00000213983	AP1G2
HSCHR3_1_CTG1	11901147	11934974	ENSG00000266488	RP11-758G22.2
1	33282368	33324476	ENSG00000116497	S100PBP
X	106366657	106449670	ENSG00000198088	NUP62CL
2	239969864	240323348	ENSG00000068024	HDAC4
HSCHR3_1_CTG1	11922258	11922531	ENSG00000264064	RP11-758G22.1
6	96463860	96663488	ENSG00000172461	FUT9
2	89156674	89157196	ENSG00000211592	IGKC
HSCHR3_1_CTG1	11943406	11944640	ENSG00000265773	NUP210P2
2	89160080	89160117	ENSG00000211593	IGKJ5
HSCHR3_1_CTG1	11949922	11955708	ENSG00000266576	MARK2P14
15	78423840	78464291	ENSG00000166411	IDH3A
16	86600857	86602539	ENSG00000176692	FOXC2
X	70145432	70150975	ENSG00000165349	SLC7A3
2	89160398	89160434	ENSG00000211594	IGKJ4
HSCHR3_1_CTG1	11953029	11954160	ENSG00000266695	AC090958.5
14	104163946	104181841	ENSG00000126215	XRCC3
2	89160733	89160770	ENSG00000211595	IGKJ3
16	86609974	86615303	ENSG00000176678	FOXL1
12	63037762	63328817	ENSG00000111110	PPM1H
6	30687978	30693203	ENSG00000196230	TUBB
HSCHR6_MHC_MCF	31632976	31637066	ENSG00000225211	NCR3
6	96969471	97003152	ENSG00000014123	UFL1
16	87117168	87351022	ENSG00000260456	C16orf95
19	14042000	14064204	ENSG00000132000	PODNL1
11	124055923	124056952	ENSG00000197309	OR10D3
10	70320413	70454239	ENSG00000138336	TET1
4	54875956	54930857	ENSG00000109220	CHIC2
3	151451704	151479127	ENSG00000197953	AADACL2
11	124120423	124135763	ENSG00000197849	OR8G1
16	15131710	15149921	ENSG00000157045	NTAN1
2	89161037	89161074	ENSG00000211596	IGKJ2
11	124134723	124135763	ENSG00000255298	OR8G5
4	89011416	89152474	ENSG00000118777	ABCG2
2	89161398	89161435	ENSG00000211597	IGKJ1
9	97861336	98079991	ENSG00000158169	FANCC
2	89184913	89185669	ENSG00000211598	IGKV4-1
11	124179708	124180733	ENSG00000196341	OR8D1
4	54927213	54927377	ENSG00000269506	AC110792.1
1	155158300	155162707	ENSG00000185499	MUC1
2	89196748	89197300	ENSG00000211599	IGKV5-2
11	124189134	124190184	ENSG00000197263	OR8D2
11	45950871	46142985	ENSG00000135365	PHF21A
2	89246819	89247475	ENSG00000243466	IGKV1-5
4	54965690	54968672	ENSG00000180613	GSX2
11	124252291	124253258	ENSG00000204293	OR8B2
17	80416056	80448413	ENSG00000141562	NARF
11	124266278	124267264	ENSG00000196661	OR8B3
11	124293807	124294789	ENSG00000198657	OR8B4
1	95362507	95392834	ENSG00000117519	CNN3
14	50796310	50883179	ENSG00000100490	CDKL1
11	124310022	124311054	ENSG00000197125	OR8B8
19	38375463	38397317	ENSG00000171804	WDR87
22	45098113	45258586	ENSG00000248405	PRR5-ARHGAP8
11	124412578	124413575	ENSG00000170953	OR8B12
3	53190025	53226733	ENSG00000163932	PRKCD
8	28924796	29120641	ENSG00000197892	KIF13B
5	153418466	153600038	ENSG00000037749	MFAP3
20	34020827	34023248	ENSG00000204183	GDF5OS
3	151531825	151546276	ENSG00000114771	AADAC
16	87336482	87367879	ENSG00000131152	RP11-178L8.4
14	91923955	91976898	ENSG00000100796	SMEK1
1	33327869	33338083	ENSG00000160097	FNDC5
11	75145685	75236948	ENSG00000158555	GDPD5
20	34021145	34042568	ENSG00000125965	GDF5
8	67474410	67526482	ENSG00000185697	MYBL1
2	223162866	223169936	ENSG00000163081	CCDC140
16	87360593	87425748	ENSG00000103264	FBXO31
11	124439893	124441037	ENSG00000196119	OR8A1
2	223289236	223425667	ENSG00000163082	SGPP2
HSCHR6_MHC_MCF	31659258	31661095	ENSG00000235985	AIF1
1	95439963	95538501	ENSG00000172339	ALG14
8	114612539	114629187	ENSG00000253207	RP11-67H2.1
11	124481386	124490252	ENSG00000154143	PANX3
16	15153879	15188174	ENSG00000085721	RRN3
X	139037884	139047679	ENSG00000203933	CXorf66
19	52074551	52092991	ENSG00000105497	ZNF175
12	53399942	53435993	ENSG00000063046	EIF4B
14	50885219	51027844	ENSG00000012983	MAP4K5
7	22459063	22672544	ENSG00000105889	STEAP1B
19	52095036	52097630	ENSG00000167765	AC018755.1
17	30651584	30677042	ENSG00000108666	C17orf75
1	95582894	95663163	ENSG00000152078	TMEM56
X	70279094	70288273	ENSG00000147164	SNX12
6	73331520	73908574	ENSG00000185760	KCNQ5
2	223435255	223521056	ENSG00000116120	FARSB
5	176938578	176944470	ENSG00000183258	DDX41
19	52114781	52150151	ENSG00000105501	SIGLEC5
19	38397868	38699012	ENSG00000105738	SIPA1L3
X	106449862	106487473	ENSG00000080572	PIH1D3
2	131805449	131851033	ENSG00000152102	FAM168B
17	6926339	6933609	ENSG00000161940	BCL6B
1	95583479	95712781	ENSG00000271092	TMEM56-RWDD3
19	52115344	52150142	ENSG00000268500	SIGLEC5
7	22765503	22771621	ENSG00000136244	IL6
11	124492732	124505287	ENSG00000154144	TBRG1
8	29190581	29208185	ENSG00000120875	DUSP4
19	52145806	52150054	ENSG00000254415	SIGLEC14
HG281_PATCH	49973943	49974971	ENSG00000259991	OR4C13
8	116420724	116821899	ENSG00000104447	TRPS1
HG281_PATCH	50003006	50004068	ENSG00000261383	OR4C12
19	1815248	1848452	ENSG00000079313	REXO1
7	48887362	48891221	ENSG00000267970	AC004899.1
1	95699711	95712781	ENSG00000122481	RWDD3
3	151591431	151602405	ENSG00000198829	SUCNR1
20	34042985	34099804	ENSG00000126001	CEP250
7	49813257	49961546	ENSG00000188730	VWC2
X	70316047	70323385	ENSG00000184481	FOXO4
16	87417601	87438385	ENSG00000140941	MAP1LC3B
1	11086580	11107290	ENSG00000009724	MASP2
HG281_PATCH	49865040	49868085	ENSG00000265973	RP11-163O19.16
2	215275789	215443683	ENSG00000174453	VWC2L
7	22852251	22862470	ENSG00000196683	TOMM7
10	70480769	70552134	ENSG00000060339	CCAR1
7	91875548	92030698	ENSG00000001629	ANKIB1
2	167260083	167350757	ENSG00000136546	SCN7A
12	63539014	63544722	ENSG00000166148	AVPR1A
19	52216365	52227247	ENSG00000105509	HAS1
HG281_PATCH	49893378	49895619	ENSG00000260354	RP11-163O19.10
7	128116783	128146656	ENSG00000165055	METTL2B
7	49890017	50160925	ENSG00000042813	ZPBP
1	96403457	96488436	ENSG00000237435	RP11-147C23.1
X	139585152	139587225	ENSG00000134595	SOX3
6	126277927	126301387	ENSG00000111911	HINT3
4	55095264	55164414	ENSG00000134853	PDGFRA
X	139791932	139854844	ENSG00000203930	LINC00632
5	153570290	153800544	ENSG00000164574	GALNT10
16	15457516	15474904	ENSG00000183793	NPIPA5
1	11114641	11120081	ENSG00000116649	SRM
4	8437867	8495258	ENSG00000155275	TRMT44
X	139865425	139866723	ENSG00000184258	CDR1
22	45098355	45258665	ENSG00000241484	ARHGAP8
X	140084756	140085871	ENSG00000227234	SPANXB2
2	215590370	215674428	ENSG00000138376	BARD1
16	87439852	87525651	ENSG00000140948	ZCCHC14
11	46299212	46342972	ENSG00000157613	CREB3L1
16	15489611	15609205	ENSG00000261130	RP11-1021N1.1
X	140096761	140097876	ENSG00000235604	SPANXB1
1	33351595	33364042	ENSG00000121905	HPCA
10	112404155	112599227	ENSG00000203867	RBM20
12	46576846	46663800	ENSG00000111371	SLC38A1
X	140269934	140271310	ENSG00000182195	LDOC1
7	22980878	23053749	ENSG00000122591	FAM126A
X	140335596	140336629	ENSG00000198573	SPANXC
16	15489611	15507125	ENSG00000156968	MPV17L
X	140671796	140673133	ENSG00000198021	SPANXA1
1	33360195	33367039	ENSG00000121900	TMEM54
19	1852399	1863567	ENSG00000129911	KLF16
19	52248425	52307363	ENSG00000171051	FPR1
8	117654369	117779164	ENSG00000147677	EIF3H
3	124449213	124464040	ENSG00000114491	UMPS
6	73919469	73972919	ENSG00000243501	RP11-257K9.8
6	126307576	126360422	ENSG00000066651	TRMT11
6	73933267	73935493	ENSG00000256980	KHDC1L
3	32859510	32939318	ENSG00000206557	TRIM71
6	97010424	97064512	ENSG00000112214	FHL5
19	52255279	52273779	ENSG00000171049	FPR2
15	78459810	78538030	ENSG00000103740	ACSBG1
2	89265781	89266286	ENSG00000239855	IGKV1-6
17	76106539	76128488	ENSG00000141524	TMC6
16	15528152	15718885	ENSG00000166780	C16orf45
3	32993066	32997841	ENSG00000183813	CCR4
8	29920528	29940723	ENSG00000133872	TMEM66
2	89277987	89278600	ENSG00000243063	IGKV3-7
X	106765680	106848481	ENSG00000147234	FRMPD3
6	73951037	74020088	ENSG00000135314	KHDC1
X	140677562	140678899	ENSG00000203926	SPANXA2
2	89291928	89292450	ENSG00000240671	IGKV1-8
1	33402046	33430286	ENSG00000116514	RNF19B
2	89309479	89310012	ENSG00000241755	IGKV1-9
X	140785568	140786896	ENSG00000196406	SPANXD
3	99904531	99913035	ENSG00000235156	TMEM30C
1	11126675	11159938	ENSG00000171824	EXOSC10
17	59477257	59486827	ENSG00000121068	TBX2
9	98205262	98279339	ENSG00000185920	PTCH1
17	6939394	6943440	ENSG00000174327	SLC16A13
1	33439268	33439642	ENSG00000267885	FKSG48
6	32256303	32339684	ENSG00000204296	C6orf10
12	99038919	99129204	ENSG00000120868	APAF1
19	38701646	38720354	ENSG00000011332	DPF1
X	140926102	140985618	ENSG00000165509	MAGEC3
3	151961617	152183569	ENSG00000152601	MBNL1
2	89326668	89327228	ENSG00000241351	IGKV3-11
X	106871737	106894256	ENSG00000147224	PRPS1
2	89339721	89340242	ENSG00000243290	IGKV1-12
X	70323739	70326638	ENSG00000204165	CXorf65
19	1876809	1885546	ENSG00000129968	ABHD17A
20	34111014	34117481	ENSG00000125975	C20orf173
2	89384673	89385283	ENSG00000244437	IGKV3-15
HSCHR6_MHC_DBB	31919773	31922255	ENSG00000236765	DXO
1	97187221	97289294	ENSG00000117569	PTBP2
2	89399352	89399854	ENSG00000240864	IGKV1-16
2	89416833	89417335	ENSG00000240382	IGKV1-17
2	89442057	89442643	ENSG00000239951	IGKV3-20
8	117778742	117861702	ENSG00000147679	UTP23
2	89459235	89459850	ENSG00000211611	IGKV6-21
6	97242002	97285353	ENSG00000112218	GPR63
3	47892182	48130769	ENSG00000047849	MAP4
14	73603126	73690399	ENSG00000080815	PSEN1
X	70327254	70331958	ENSG00000147168	IL2RG
6	97337189	97345757	ENSG00000123545	NDUFAF4
1	33473585	33546597	ENSG00000004455	AK2
3	99979844	100044095	ENSG00000036054	TBC1D23
6	74062785	74064018	ENSG00000203909	DPPA5
8	67540722	67579452	ENSG00000175073	VCPIP1
2	223536505	223574649	ENSG00000124003	MOGAT1
6	74072400	74073894	ENSG00000203908	KHDC3L
X	140991680	140997174	ENSG00000155495	MAGEC1
16	87635441	87731762	ENSG00000154118	JPH3
5	176946789	176981542	ENSG00000146067	FAM193B
15	78556428	78574538	ENSG00000140403	DNAJA4
6	74078278	74104856	ENSG00000203907	OOEP
8	67579831	67772707	ENSG00000270024	C8orf44-SGK3
HG281_PATCH	49895725	49898365	ENSG00000265906	RP11-163O19.15
10	112631565	112659764	ENSG00000150593	PDCD4
3	33038100	33138722	ENSG00000170266	GLB1
HG281_PATCH	49897788	49898190	ENSG00000260435	TRIM51DP
16	87727144	87729753	ENSG00000226180	AC010536.1
4	8560452	8621486	ENSG00000155269	GPR78
8	67579850	67597799	ENSG00000213865	C8orf44
HSCHR6_MHC_MCF	31664743	31681839	ENSG00000225748	PRRC2A
4	89178772	89205921	ENSG00000163644	PPM1K
6	97372605	97588630	ENSG00000186231	KLHL32
12	104609557	104744061	ENSG00000198431	TXNRD1
12	63952693	64062719	ENSG00000177990	DPY19L2
11	75273101	75283828	ENSG00000149257	SERPINH1
8	29952914	30034724	ENSG00000104660	LEPROTL1
2	240083493	240084053	ENSG00000213828	AC017028.1
17	6944949	6947242	ENSG00000174326	SLC16A11
7	50135632	50199426	ENSG00000164500	C7orf72
2	240323130	240324058	ENSG00000222020	AC062017.1
11	124503009	124565603	ENSG00000110013	SIAE
9	98534605	98537013	ENSG00000268926	DKFZP434H0512
12	125261402	125367214	ENSG00000073060	SCARB1
2	240499995	240507788	ENSG00000196758	AC079612.1
X	141290131	141293076	ENSG00000046774	MAGEC2
2	240684554	240724577	ENSG00000220256	AC093802.1
17	685513	695749	ENSG00000171861	RNMTL1
1	97543299	98386605	ENSG00000188641	DPYD
2	131862420	132111282	ENSG00000115762	PLEKHB2
4	55524085	55606881	ENSG00000157404	KIT
7	92076767	92088150	ENSG00000157259	GATAD1
16	87730091	87799598	ENSG00000104731	KLHDC4
11	124543694	124567414	ENSG00000064199	SPA17
17	6977856	6983626	ENSG00000132514	CLEC10A
HG281_PATCH	49904551	49904926	ENSG00000260061	RP11-163O19.3
HG281_PATCH	49913814	49915329	ENSG00000259809	RP11-163O19.8
2	223725652	223809357	ENSG00000123983	ACSL3
7	70972	71835	ENSG00000232325	AC093627.7
7	77038	80418	ENSG00000242611	AC093627.8
HG281_PATCH	49919819	49920738	ENSG00000261160	OR4A1P
9	98637983	98776842	ENSG00000182150	ERCC6L2
7	135853	149466	ENSG00000242474	AC093627.9
4	8594387	8621488	ENSG00000109625	CPZ
11	124609742	124617106	ENSG00000154146	NRGN
2	215796266	216003151	ENSG00000144452	ABCA12
HG281_PATCH	49936565	49937196	ENSG00000260559	OR4A49P
HG281_PATCH	49938943	49940030	ENSG00000261354	OR4A18P
7	50343720	50472799	ENSG00000185811	IKZF1
17	702553	883010	ENSG00000167693	NXN
7	149597	155465	ENSG00000240859	AC093627.10
8	117858174	117887105	ENSG00000164754	RAD21
11	46354455	46402104	ENSG00000149091	DGKZ
16	57023397	57117443	ENSG00000140853	NLRC5
17	59489112	59490641	ENSG00000187013	C17orf82
14	92038788	92041383	ENSG00000268657	AL133373.1
2	89475812	89476644	ENSG00000241294	IGKV2-24
16	15688243	15737023	ENSG00000166783	KIAA0430
2	240831867	240964819	ENSG00000130414	NDUFA10
2	17691851	17699706	ENSG00000214842	RAD51AP2
HG281_PATCH	49941864	49942966	ENSG00000259853	OR4A19P
HG281_PATCH	49944601	49945438	ENSG00000260801	OR4R3P
1	155165379	155178842	ENSG00000169231	THBS3
1	99127236	99226056	ENSG00000162627	SNX7
5	153825517	153840614	ENSG00000164576	SAP30L
17	59529765	59562471	ENSG00000121075	TBX4
20	34129770	34145405	ENSG00000125991	ERGIC3
14	92047040	92247051	ENSG00000133962	CATSPERB
2	17720393	17838285	ENSG00000163032	VSNL1
8	29989340	30002202	ENSG00000177669	MBOAT4
7	92097694	92107300	ENSG00000242950	ERVW-1
9	98997588	99064434	ENSG00000130948	HSD17B3
1	11166592	11322564	ENSG00000198793	MTOR
HG281_PATCH	50040322	50041219	ENSG00000260079	OR4C48P
2	89512908	89513413	ENSG00000244575	IGKV1-27
7	161765	164972	ENSG00000261795	RP11-90P13.1
10	5237425	5260912	ENSG00000198610	AKR1C4
HG305_PATCH	102706532	102714534	ENSG00000263313	MMP3
12	18233803	18473041	ENSG00000111404	RERGL
HG281_PATCH	50054412	50055332	ENSG00000260811	OR4C45
8	30013813	30041156	ENSG00000104671	DCTN6
2	89521179	89521942	ENSG00000244116	IGKV2-28
7	174920	176013	ENSG00000239715	AC093627.11
HG281_PATCH	50074948	50075847	ENSG00000260595	OR4C49P
7	182935	194180	ENSG00000240093	AC093627.12
2	89544264	89545079	ENSG00000243238	IGKV2-30
HG281_PATCH	50124155	50124436	ENSG00000260562	RP11-227P3.1
7	330617	330787	ENSG00000248999	WI2-2373I1.1
2	89567758	89568263	ENSG00000242076	IGKV1-33
1	33546705	33586131	ENSG00000142920	ADC
7	331310	334388	ENSG00000248767	WI2-2373I1.2
17	15932471	16121499	ENSG00000141027	NCOR1
7	419325	422678	ENSG00000249574	AC226118.1
22	45277042	45405880	ENSG00000056487	PHF21B
2	89597021	89597542	ENSG00000239862	IGKV1-37
7	523744	535755	ENSG00000234471	AC147651.1
2	89619383	89619904	ENSG00000242371	IGKV1-39
7	560028	564869	ENSG00000223855	AC147651.3
7	590370	590450	ENSG00000252986	AC147651.2
X	142113704	142122488	ENSG00000189326	SPANXN4
7	601595	605256	ENSG00000229380	AC147651.5
2	89629873	89630186	ENSG00000211619	IGKV2-40
6	126661320	126670021	ENSG00000203760	CENPW
2	89890601	89891307	ENSG00000251039	IGKV2D-40
19	38734675	38783254	ENSG00000167642	SPINT2
HSCHR18_2_CTG2_1	76740275	76762678	ENSG00000263310	SALL3
1	99355806	99470588	ENSG00000117598	LPPR5
X	142596564	142605303	ENSG00000189252	SPANXN3
2	89901292	89901791	ENSG00000251546	IGKV1D-39
7	23145353	23217533	ENSG00000122550	KLHL7
9	99082988	99145992	ENSG00000130958	SLC35D2
2	89923550	89924026	ENSG00000250036	IGKV1D-37
HG305_PATCH	102733467	102745765	ENSG00000262406	MMP12
2	89952792	89953355	ENSG00000239975	IGKV1D-33
8	67624653	67774257	ENSG00000104205	SGK3
14	50999227	51099786	ENSG00000198513	ATL1
2	89975669	89976489	ENSG00000239571	IGKV2D-30
5	177019159	177023125	ENSG00000184840	TMED9
5	55147207	55218678	ENSG00000164509	IL31RA
17	59667794	59668563	ENSG00000253506	NACA2
17	39991937	40004636	ENSG00000161594	KLHL10
X	142710596	142723596	ENSG00000179542	SLITRK4
2	89986322	89987079	ENSG00000243264	IGKV2D-29
2	167744997	168116263	ENSG00000163092	XIRP2
HSCHR18_2_CTG2_1	76834837	77142822	ENSG00000262782	ATP9B
X	142795055	142804516	ENSG00000203924	SPANXN2
17	7004641	7019019	ENSG00000161944	ASGR2
HG305_PATCH	102617699	102707497	ENSG00000262809	WTAPP1
6	74104471	74127292	ENSG00000080007	DDX43
X	142967173	142968355	ENSG00000102069	UBE2NL
11	124617368	124622134	ENSG00000019102	VSIG2
19	1905213	1926016	ENSG00000227500	SCAMP4
9	99148223	99180611	ENSG00000165244	ZNF367
19	52298416	52329442	ENSG00000187474	FPR3
17	59758627	59940882	ENSG00000136492	BRIP1
6	127439749	127518910	ENSG00000146374	RSPO3
1	99729509	99775146	ENSG00000117600	LPPR4
19	38741877	38747231	ENSG00000167641	PPP1R14A
9	99212483	99253618	ENSG00000130956	HABP4
7	92116334	92157845	ENSG00000127980	PEX1
5	139944041	139948688	ENSG00000176087	SLC35A4
6	97590037	97731093	ENSG00000146263	MMS22L
4	89299891	89364263	ENSG00000138642	HERC6
16	87731749	87739290	ENSG00000205047	FLJ00104
10	99179228	99185831	ENSG00000224474	AL355490.1
22	45559722	45583896	ENSG00000093000	NUP50
11	124622026	124632186	ENSG00000149564	ESAM
12	2904119	2914576	ENSG00000004478	FKBP4
15	78570177	78592136	ENSG00000140395	WDR61
19	1905377	1913444	ENSG00000213638	ADAT3
2	89998789	89999564	ENSG00000242534	IGKV2D-28
2	39963200	40006407	ENSG00000138050	THUMPD2
16	87863629	87903094	ENSG00000103257	SLC7A5
2	90024732	90025512	ENSG00000211623	IGKV2D-26
5	140011313	140013286	ENSG00000170458	CD14
2	90043607	90044439	ENSG00000241566	IGKV2D-24
19	52359055	52394203	ENSG00000161551	ZNF577
6	32361740	32374905	ENSG00000204290	BTNL2
6	127587755	127609712	ENSG00000118518	RNF146
2	90060377	90060995	ENSG00000225523	IGKV6D-21
10	99185917	99193198	ENSG00000171314	PGAM1
X	70338406	70362303	ENSG00000184634	MED12
2	90077680	90078311	ENSG00000211625	IGKV3D-20
10	13263767	13276334	ENSG00000165623	UCMA
2	90108504	90109080	ENSG00000211626	IGKV6D-41
2	17845079	17981509	ENSG00000163029	SMC6
2	90121477	90122133	ENSG00000242766	IGKV1D-17
19	1941188	1981337	ENSG00000133275	CSNK1G2
12	46751972	46766650	ENSG00000134294	SLC38A2
11	75297963	75380165	ENSG00000171533	MAP6
1	100111499	100160097	ENSG00000099260	PALMD
2	90139078	90139580	ENSG00000241244	IGKV1D-16
14	24037244	24048009	ENSG00000092051	JPH4
HSCHR18_2_CTG2_1	76736555	76739074	ENSG00000262280	RP11-849I19.1
19	38779791	38795550	ENSG00000267748	CTB-102L5.4
2	90153696	90154258	ENSG00000224041	IGKV3D-15
HG305_PATCH	102751225	102751577	ENSG00000262540	RP11-725K16.5
2	90192768	90193424	ENSG00000211630	IGKV1D-13
5	153854532	153857824	ENSG00000113196	HAND1
5	75911307	75919259	ENSG00000164220	F2RL2
2	90198535	90199190	ENSG00000240834	IGKV1D-12
2	90211643	90212253	ENSG00000211632	IGKV3D-11
HG305_PATCH	102774623	102774684	ENSG00000262276	U7
11	124636394	124670569	ENSG00000120458	MSANTD2
X	106956451	107020572	ENSG00000157514	TSC22D3
16	87921625	87970135	ENSG00000174990	CA5A
2	90229045	90229531	ENSG00000211633	IGKV1D-42
2	90248739	90249395	ENSG00000242580	IGKV1D-43
HSCHR6_MHC_DBB	31921138	31932782	ENSG00000226257	STK19
2	90259593	90260248	ENSG00000239819	IGKV1D-8
2	168675182	168730551	ENSG00000172318	B3GALT1
11	75428864	75444003	ENSG00000166391	MOGAT2
15	78632666	78640572	ENSG00000166426	CRABP1
X	144328348	144337632	ENSG00000203923	SPANXN1
2	90273679	90274235	ENSG00000235896	IGKV3D-7
2	90458201	90458671	ENSG00000270999	CH17-132F21.1
19	52392477	52408293	ENSG00000198093	ZNF649
17	40009797	40021684	ENSG00000178502	KLHL11
2	90537839	90538397	ENSG00000228325	RP11-685N3.1
7	50511831	50518088	ENSG00000132436	FIGNL1
5	76011868	76031606	ENSG00000181104	F2R
10	5406972	5416169	ENSG00000178473	UCN3
5	177027101	177037348	ENSG00000027847	B4GALT7
1	33611003	33647660	ENSG00000116525	TRIM62
19	14063304	14072254	ENSG00000132017	DCAF15
19	1985447	2034880	ENSG00000133243	BTBD2
1	100174259	100232187	ENSG00000156869	FRRS1
19	52430400	52452012	ENSG00000176024	ZNF613
2	168810530	169104651	ENSG00000198648	STK39
11	75470557	75512579	ENSG00000062282	DGAT2
X	144899350	144907360	ENSG00000185985	SLITRK2
15	78729773	78793798	ENSG00000136381	IREB2
14	24099324	24114848	ENSG00000100867	DHRS2
2	240968841	240969906	ENSG00000182083	OR6B2
9	99252523	99382112	ENSG00000081377	CDC14B
5	140018325	140027370	ENSG00000131495	NDUFA2
17	59942731	60005377	ENSG00000108506	INTS2
2	240981230	240982399	ENSG00000221961	PRR21
5	154092462	154197167	ENSG00000155506	LARP1
X	144908928	144911368	ENSG00000221870	TMEM257
2	240984494	240985489	ENSG00000178586	OR6B3
19	14072350	14117851	ENSG00000132005	RFX1
2	241053907	241064304	ENSG00000267963	AC013469.1
7	128312342	128326929	ENSG00000205085	FAM71F2
2	131975882	132022965	ENSG00000188219	POTEE
7	642822	648119	ENSG00000237181	AC147651.4
7	919427	926184	ENSG00000273151	RP11-449P15.2
19	52467596	52490109	ENSG00000256683	ZNF350
2	241065980	241076224	ENSG00000172428	MYEOV2
7	1062569	1062662	ENSG00000199023	MIR339
3	48198636	48229892	ENSG00000164045	CDC25A
7	1068661	1083527	ENSG00000225146	AC073957.15
3	100053545	100075710	ENSG00000114021	NIT2
17	41166622	41177140	ENSG00000108828	VAT1
4	55944644	55991756	ENSG00000128052	KDR
6	74123238	74161999	ENSG00000164430	MB21D1
2	241078446	241083979	ENSG00000178602	OTOS
19	14138960	14141854	ENSG00000171136	RLN3
5	76114758	76131140	ENSG00000164251	F2RL1
19	38795753	38807913	ENSG00000167645	YIF1B
1	155178490	155183615	ENSG00000173171	MTX1
19	14142560	14163743	ENSG00000104998	IL27RA
3	33131913	33138293	ENSG00000188167	TMPPE
7	128349115	128371797	ENSG00000135248	FAM71F1
20	34203814	34208971	ENSG00000061656	SPAG4
6	32407619	32412823	ENSG00000204287	HLA-DRA
2	95537178	95542574	ENSG00000163060	TEKT4
11	75526212	75854239	ENSG00000198382	UVRAG
19	14164177	14169971	ENSG00000187867	PALM3
11	124735282	124751366	ENSG00000154134	ROBO3
3	33155471	33189265	ENSG00000170275	CRTAP
16	15737124	15820210	ENSG00000072864	NDE1
2	223916532	224063117	ENSG00000152049	KCNE4
5	76145826	76217475	ENSG00000171643	S100Z
19	14183348	14185874	ENSG00000141854	hsa-mir-1199
14	104177607	104179149	ENSG00000224997	AL049840.1
19	52494585	52511483	ENSG00000197619	ZNF615
14	92246095	92333880	ENSG00000165929	TC2N
2	224461658	224467221	ENSG00000171951	SCG2
5	140019012	140024993	ENSG00000113119	TMCO6
19	14192431	14196687	ENSG00000188032	C19orf67
3	33191537	33260707	ENSG00000173705	SUSD5
14	104182067	104200005	ENSG00000100711	ZFYVE21
12	125396150	125401914	ENSG00000150991	UBC
5	177134982	177210399	ENSG00000170074	FAM153A
12	2921788	2968957	ENSG00000111203	ITFG2
19	14198652	14201848	ENSG00000141858	SAMD1
7	23210760	23234503	ENSG00000214871	AC005082.1
8	30241944	30429778	ENSG00000157110	RBPMS
17	80477589	80602538	ENSG00000141568	FOXK2
2	224616403	224702744	ENSG00000152056	AP1S3
11	75897369	75921780	ENSG00000085741	WNT11
9	99401859	99417585	ENSG00000158122	AAED1
X	146993469	147032645	ENSG00000102081	FMR1
19	52516018	52533493	ENSG00000142556	ZNF614
7	101928405	101962178	ENSG00000160999	SH2B2
3	53258723	53290068	ENSG00000163931	TKT
17	30677136	30708905	ENSG00000010244	ZNF207
11	76061000	76092015	ENSG00000137492	PRKRIR
6	30695486	30710510	ENSG00000137312	FLOT1
1	33722146	33766320	ENSG00000160094	ZNF362
9	99518147	99540411	ENSG00000081386	ZNF510
2	95691422	95719737	ENSG00000172005	MAL
8	67782984	67834283	ENSG00000178460	MCMDC2
19	14202500	14228896	ENSG00000072062	PRKACA
7	23221446	23240630	ENSG00000136243	NUPL2
7	102004319	102067123	ENSG00000128563	PRKRIP1
5	76248538	76276983	ENSG00000145708	CRHBP
11	46402306	46405375	ENSG00000110492	MDK
1	33772367	33786699	ENSG00000184389	A3GALT2
1	11249398	11256038	ENSG00000171819	ANGPTL7
3	124480795	124620265	ENSG00000082781	ITGB5
14	51098776	51135049	ENSG00000151748	SAV1
HSCHR1_1_CTG31	153717774	153763786	ENSG00000262826	INTS3
19	2037470	2051243	ENSG00000099875	MKNK2
3	100082275	100120242	ENSG00000154174	TOMM70A
4	8847802	8873543	ENSG00000215612	HMX1
9	99578754	99637905	ENSG00000196597	ZNF782
17	40023161	40086795	ENSG00000131473	ACLY
1	11333263	11356106	ENSG00000120942	UBIAD1
10	70587298	70655188	ENSG00000165730	STOX1
4	9172135	9178453	ENSG00000229924	FAM90A26
10	112658488	112679032	ENSG00000214413	BBIP1
19	14230321	14247768	ENSG00000105011	ASF1B
1	155204243	155214490	ENSG00000177628	GBA
X	107020963	107037912	ENSG00000170935	NCBP2L
9	99660348	99775862	ENSG00000196312	HIATL2
19	52534632	52598991	ENSG00000256087	ZNF432
4	9212383	9228214	ENSG00000232399	USP17L13
11	76092357	76125663	ENSG00000179240	RP11-111M22.2
8	117950438	117956726	ENSG00000205002	AARD
4	9212383	9213975	ENSG00000231396	USP17L10
17	7076750	7082883	ENSG00000141505	ASGR1
16	87982850	88110924	ENSG00000172530	BANP
4	9217131	9218723	ENSG00000233136	USP17L11
2	132044330	132050127	ENSG00000178206	CYP4F31P
4	9221878	9223470	ENSG00000227551	USP17L12
6	74171301	74218959	ENSG00000135297	MTO1
6	32485120	32498064	ENSG00000198502	HLA-DRB5
7	1094996	1098897	ENSG00000257607	RP11-449P15.1
9	99690592	99702535	ENSG00000188152	NUTM2G
7	1114086	1117672	ENSG00000224079	AC091729.7
4	9236111	9237700	ENSG00000223569	USP17L15
2	132222473	132250316	ENSG00000173272	MZT2A
7	1120499	1121814	ENSG00000226291	AC091729.8
X	107068985	107170423	ENSG00000080561	MID2
1	33789224	33896653	ENSG00000134686	PHC2
7	1200010	1204903	ENSG00000229043	AC091729.9
6	99282580	99286660	ENSG00000184486	POU3F2
4	9245605	9247197	ENSG00000249104	USP17L17
HSCHR6_MHC_MCF	31683095	31696765	ENSG00000234651	BAG6
7	1306989	1308903	ENSG00000233082	AC073094.4
4	9250356	9251948	ENSG00000250844	USP17L18
7	1499573	1503644	ENSG00000225981	AC102953.4
1	100315640	100389579	ENSG00000162688	AGL
7	1504133	1507158	ENSG00000273230	RP11-1246C19.1
10	13319796	13344412	ENSG00000107537	PHYH
7	1548291	1549063	ENSG00000231927	AC102953.6
4	9255104	9256696	ENSG00000248920	USP17L19
6	32546546	32557625	ENSG00000196126	HLA-DRB1
19	52567719	52599018	ENSG00000197608	ZNF841
8	117962512	118188953	ENSG00000164756	SLC30A8
7	1580047	1581609	ENSG00000256005	AC093734.1
5	55224468	55224569	ENSG00000268280	AC008914.1
2	95752952	95815179	ENSG00000144029	MRPS5
7	50526134	50633154	ENSG00000132437	DDC
3	100120037	100175163	ENSG00000206535	LNP1
6	99316420	99395849	ENSG00000112234	FBXL4
4	9259850	9261442	ENSG00000250745	USP17L20
19	14260750	14316999	ENSG00000072071	LPHN1
7	1609709	1629262	ENSG00000230487	PSMG3-AS1
4	9264598	9266190	ENSG00000249811	USP17L21
11	46406640	46408107	ENSG00000180720	CHRM4
4	9269345	9270937	ENSG00000248933	USP17L22
4	9274090	9274640	ENSG00000250913	USP17L23
9	99794940	99801925	ENSG00000136943	CTSV
4	56212276	56239263	ENSG00000128039	SRD5A3
4	9326891	9328483	ENSG00000232264	USP17L24
6	127609855	127664754	ENSG00000093144	ECHDC1
4	9331637	9333229	ENSG00000230430	USP17L25
5	76325076	76361059	ENSG00000164252	AGGF1
2	224720433	224810104	ENSG00000085449	WDFY1
12	18400548	18801348	ENSG00000139144	PIK3C2G
4	9336384	9337976	ENSG00000229579	USP17L26
12	64173583	64203338	ENSG00000118600	TMEM5
4	9341129	9342721	ENSG00000227140	USP17L5
4	9345874	9347466	ENSG00000235780	USP17L27
4	9350619	9352211	ENSG00000231051	USP17L28
14	92335756	92414331	ENSG00000140092	FBLN5
19	38794801	38795649	ENSG00000167644	C19orf33
4	9355364	9356956	ENSG00000231637	USP17L29
4	56262124	56319564	ENSG00000134851	TMEM165
4	9364855	9366447	ENSG00000228856	USP17L30
7	1654226	1654961	ENSG00000230444	TFAMP1
7	1660290	1661041	ENSG00000231476	AC074389.5
4	89378268	89427314	ENSG00000138646	HERC5
7	1731542	1732086	ENSG00000234977	AC074389.7
19	38810484	38819660	ENSG00000099337	KCNK6
2	169312372	169631644	ENSG00000172292	CERS6
7	1778266	1781927	ENSG00000236081	AC074389.9
7	1820330	1820427	ENSG00000266391	AC074389.1
7	1883816	1883889	ENSG00000265089	MIR4655
10	5435061	5446793	ENSG00000178462	TUBAL3
8	30435835	30515768	ENSG00000197265	GTF2E2
7	2327550	2328063	ENSG00000271098	RP5-1125K23.1
17	812872	814452	ENSG00000262003	RP11-676J12.7
7	2423756	2428232	ENSG00000230914	AC004840.8
HSCHR1_1_CTG31	153764061	153769864	ENSG00000263163	SLC27A3
7	2433482	2433766	ENSG00000271163	RP4-607J2.1
7	2477398	2487485	ENSG00000175873	AC004840.9
17	900357	906911	ENSG00000177370	TIMM22
7	2514360	2516528	ENSG00000236734	GRIFIN
3	152057484	152058779	ENSG00000221962	TMEM14E
8	67858736	67874825	ENSG00000261787	TCF24
3	152552736	152555841	ENSG00000169860	P2RY1
5	55230923	55290821	ENSG00000134352	IL6ST
7	2566708	2566779	ENSG00000264357	MIR4648
4	9385743	9390709	ENSG00000219492	RP11-1396O13.13
10	70661034	70706603	ENSG00000107625	DDX50
11	76155967	76264069	ENSG00000158636	C11orf30
3	152880029	152886265	ENSG00000181467	RAP2B
4	9446260	9452240	ENSG00000186146	DEFB131
6	99719045	99797938	ENSG00000146267	FAXC
7	2590504	2590599	ENSG00000238857	snoU13
7	2875255	2875656	ENSG00000231357	AC006028.11
16	15797029	15950890	ENSG00000133392	MYH11
8	67876334	67968839	ENSG00000178125	PPP1R42
7	102073553	102097268	ENSG00000160991	ORAI2
11	46417964	46615675	ENSG00000110497	AMBRA1
8	118532952	118552501	ENSG00000164758	MED30
11	124753587	124768396	ENSG00000154133	ROBO4
19	14491313	14519537	ENSG00000123146	CD97
17	80572438	80606429	ENSG00000141580	WDR45B
3	190570666	190610218	ENSG00000205835	GMNC
4	9772777	10056560	ENSG00000109667	SLC2A9
10	5454514	5500426	ENSG00000173848	NET1
12	64238073	64541613	ENSG00000196935	SRGAP1
X	107224094	107225600	ENSG00000170925	TEX13B
1	100435345	100492535	ENSG00000117620	SLC35A3
3	100211463	100296288	ENSG00000181458	TMEM45A
5	154198051	154238812	ENSG00000170271	FAXDC2
8	118806729	119124092	ENSG00000182197	EXT1
2	241375088	241407493	ENSG00000063660	GPC1
3	33318517	33445154	ENSG00000153558	FBXL2
19	38826415	38861589	ENSG00000099338	CATSPERG
HSCHR6_MHC_DBB	31931985	31952643	ENSG00000244207	C4A
3	190917030	190983404	ENSG00000188729	OSTN
2	132233666	132240507	ENSG00000075886	TUBA3D
8	30496117	30503581	ENSG00000253457	SMIM18
7	2983669	2986725	ENSG00000237286	AC004906.3
3	153202284	153220486	ENSG00000237787	C3orf79
7	3038728	3039028	ENSG00000201794	RN7SKP130
7	3122886	3126055	ENSG00000228334	AC024028.1
8	67955314	67996018	ENSG00000121022	COPS5
7	3236258	3237888	ENSG00000231892	AC073316.2
4	89442136	89444964	ENSG00000145337	PYURF
6	32595956	32614839	ENSG00000196735	HLA-DQA1
2	241388732	241396131	ENSG00000218416	AC110619.2
12	53440753	53458156	ENSG00000111077	TENC1
2	224822121	224832431	ENSG00000135900	MRPL44
9	100000765	100140806	ENSG00000197816	CCDC180
19	52616344	52643175	ENSG00000204611	ZNF616
1	155216996	155225274	ENSG00000160767	FAM189B
12	125431371	125473668	ENSG00000150990	DHX37
1	100503653	100548933	ENSG00000156875	HIAT1
1	11539223	11597641	ENSG00000204624	PTCHD2
22	45586219	45636650	ENSG00000100364	KIAA0930
HSCHR1_1_CTG31	153794432	153912682	ENSG00000261992	GATAD2B
1	33938246	33962107	ENSG00000121903	ZSCAN20
19	52657117	52674896	ENSG00000196267	ZNF836
17	76126851	76139049	ENSG00000167895	TMC8
3	153838792	153975616	ENSG00000114790	ARHGEF26
8	30535583	30585443	ENSG00000104687	GSR
3	190984957	191048325	ENSG00000188958	UTS2B
6	99817276	99842080	ENSG00000132423	COQ3
17	7093209	7123021	ENSG00000132535	DLG4
16	57126449	57181878	ENSG00000140848	CPNE2
1	11708424	11715842	ENSG00000116661	FBXO2
4	89442199	89629693	ENSG00000138641	HERC3
X	107288200	107322414	ENSG00000101842	VSIG1
10	112679301	112773425	ENSG00000108061	SHOC2
17	906758	1132315	ENSG00000159842	ABR
1	100549119	100598511	ENSG00000156876	SASS6
7	3303664	3342084	ENSG00000236708	AC073316.1
19	2071037	2096672	ENSG00000172081	MOB3A
7	3377521	3378233	ENSG00000224593	RP11-30B1.1
17	60019966	60142643	ENSG00000108510	MED13
7	3458699	3458781	ENSG00000211544	AC069286.1
7	3682447	3683416	ENSG00000236510	AC011284.3
7	4551590	4551664	ENSG00000261809	CYP3A54P
7	4729111	4729214	ENSG00000238781	snoU13
22	45680863	45691755	ENSG00000100373	UPK3A
7	4828196	4828270	ENSG00000264474	MIR4656
7	4850819	4850920	ENSG00000206895	Y_RNA
4	9783258	9785632	ENSG00000169676	DRD5
7	4905063	4905435	ENSG00000213935	AC092610.12
19	52693292	52730687	ENSG00000105568	PPP2R1A
16	88493879	88507165	ENSG00000225614	ZNF469
7	5013619	5080306	ENSG00000196204	RNF216P1
14	24407940	24409196	ENSG00000197775	DHRS4-AS1
19	2096380	2099592	ENSG00000099840	IZUMO4
16	88519725	88603424	ENSG00000179588	ZFPM1
22	45704849	45737836	ENSG00000100376	FAM118A
17	41177258	41184057	ENSG00000108830	RND2
1	11714432	11723384	ENSG00000132879	FBXO44
8	119201698	119634234	ENSG00000177570	SAMD12
1	100598706	100616053	ENSG00000122435	TRMT13
12	64580096	64616076	ENSG00000174206	C12orf66
10	99195899	99205774	ENSG00000171311	EXOSC1
12	47158546	47226191	ENSG00000139209	SLC38A4
2	241418839	241508626	ENSG00000144504	ANKMY1
8	119294378	119412844	ENSG00000225885	AC023590.1
2	40324410	40838193	ENSG00000183023	SLC8A1
5	140026643	140042064	ENSG00000113141	IK
4	10075963	10118573	ENSG00000071127	WDR1
4	56294070	56413305	ENSG00000134852	CLOCK
11	46624411	46639459	ENSG00000180423	HARBI1
8	119935796	119964439	ENSG00000164761	TNFRSF11B
9	100174232	100258407	ENSG00000196116	TDRD7
20	34213953	34252878	ENSG00000214078	CPNE1
2	169643049	169722024	ENSG00000163072	NOSTRIN
16	57186378	57220028	ENSG00000172775	FAM192A
11	76368568	76381791	ENSG00000137507	LRRC32
16	88636789	88698374	ENSG00000158545	ZC3H18
14	24422795	24438488	ENSG00000157326	DHRS4
1	100614409	100643771	ENSG00000122477	LRRC39
22	45739944	45809500	ENSG00000077935	SMC1B
3	100328433	100414323	ENSG00000144820	GPR128
1	33979609	34631443	ENSG00000121904	CSMD2
X	147062849	147108187	ENSG00000176988	FMR1NB
8	120007691	120118821	ENSG00000184374	COLEC10
11	76493295	76509198	ENSG00000182704	TSKU
10	5540658	5541533	ENSG00000178372	CALML5
7	128379346	128411861	ENSG00000128595	CALU
2	40488147	40490117	ENSG00000268898	AC007377.1
1	155225770	155232221	ENSG00000116521	SCAMP3
2	42162508	42181406	ENSG00000205086	C2orf91
5	76367897	76383148	ENSG00000132846	ZBED3
7	102096685	102105323	ENSG00000160993	ALKBH4
9	100263462	100364030	ENSG00000136842	TMOD1
5	177209198	177221397	ENSG00000249109	RP11-1026M7.2
1	100652475	100715390	ENSG00000137992	DBT
5	177419236	177423243	ENSG00000175325	PROP1
10	5566924	5568225	ENSG00000178363	CALML3
22	45809572	45828376	ENSG00000128408	RIBC2
2	132285248	132291239	ENSG00000163040	CCDC74A
16	88704999	88706881	ENSG00000124391	IL17C
HSCHR6_MHC_MCF	31696476	31702270	ENSG00000226215	APOM
8	30631973	30671830	ENSG00000104695	PPP2CB
14	51186481	51297839	ENSG00000100503	NIN
7	102105376	102113615	ENSG00000161036	LRWD1
5	177433406	177482560	ENSG00000204677	FAM153C
2	42275160	42285668	ENSG00000162878	PKDCC
19	38865176	38874464	ENSG00000099341	PSMD8
19	2100988	2164464	ENSG00000065000	AP3D1
9	100362362	100395962	ENSG00000136925	TSTD2
11	76571911	76737841	ENSG00000078124	ACER3
X	107327437	107334848	ENSG00000101843	PSMD10
7	23275586	23314727	ENSG00000136235	GPNMB
6	30710976	30712331	ENSG00000137331	IER3
5	177540444	177553088	ENSG00000145911	N4BP3
8	30689060	30748122	ENSG00000133863	TEX15
X	147582139	148082193	ENSG00000155966	AFF2
1	100731763	100758325	ENSG00000137996	RTCA
11	124761200	124762022	ENSG00000254943	RP11-664I21.6
10	5680830	5708558	ENSG00000196372	ASB13
12	47469490	47473734	ENSG00000139211	AMIGO2
11	124789089	124806308	ENSG00000165478	HEPACAM
2	216176540	216214487	ENSG00000138363	ATIC
16	88709691	88717560	ENSG00000051523	CYBA
17	76142434	76162258	ENSG00000187997	C17orf99
14	104200089	104313927	ENSG00000088808	PPP1R13B
19	14519631	14530192	ENSG00000123136	DDX39A
12	47473386	47630443	ENSG00000179715	PCED1B
11	124789146	124790573	ENSG00000221932	HEPN1
11	46638826	46696368	ENSG00000175224	ATG13
3	153990335	154042286	ENSG00000174953	DHX36
X	70364681	70391051	ENSG00000196338	NLGN3
9	100395908	100436030	ENSG00000136937	NCBP1
1	11724181	11734411	ENSG00000116663	FBXO6
19	38874905	38878722	ENSG00000179168	GGN
11	124824017	124911385	ENSG00000149548	CCDC15
5	55395507	55529186	ENSG00000164512	ANKRD55
5	177557997	177577566	ENSG00000145916	RMND5B
4	89442724	89442940	ENSG00000255072	PIGY
8	120428546	120436593	ENSG00000136999	NOV
3	124624289	124672663	ENSG00000173702	MUC13
5	76506274	76725632	ENSG00000113231	PDE8B
4	89617066	89619386	ENSG00000177432	NAP1L5
14	92432335	92507240	ENSG00000100815	TRIP11
8	30853321	30891231	ENSG00000172733	PURG
2	132479948	132524973	ENSG00000197927	C2orf27A
16	88718343	88729569	ENSG00000167508	MVD
16	15959577	15982482	ENSG00000133393	FOPNL
16	57220049	57274387	ENSG00000159579	RSPRY1
3	184053714	184064063	ENSG00000175182	FAM131A
9	100437191	100459639	ENSG00000136936	XPA
14	24439148	24475617	ENSG00000187630	DHRS4L2
15	78799906	78829714	ENSG00000188266	HYKK
3	124684554	124774802	ENSG00000173706	HEG1
9	100615536	100618986	ENSG00000178919	FOXE1
8	67974661	68108498	ENSG00000104218	CSPP1
8	30891317	31031285	ENSG00000165392	WRN
14	73704205	73741348	ENSG00000100767	PAPLN
15	78830023	78831288	ENSG00000268838	AC027228.1
11	124932963	124959131	ENSG00000134955	SLC37A2
9	100666771	100684852	ENSG00000136932	C9orf156
3	48264837	48266981	ENSG00000164047	CAMP
7	128412545	128415844	ENSG00000128617	OPN1SW
1	11734537	11751707	ENSG00000116670	MAD2L2
19	38879061	38886881	ENSG00000188766	SPRED3
9	100689073	100707138	ENSG00000136929	HEMGN
1	100810584	100985833	ENSG00000079335	CDC14A
19	52772824	52795977	ENSG00000196214	ZNF766
6	127759551	127840500	ENSG00000214338	SOGA3
3	48282590	48340743	ENSG00000164048	ZNF589
3	100428205	100467810	ENSG00000114354	TFG
22	45898118	45997015	ENSG00000077942	FBLN1
1	155232659	155248282	ENSG00000176444	CLK2
2	17935125	17966632	ENSG00000178295	GEN1
9	100745643	100778225	ENSG00000136938	ANP32B
19	38893775	38899728	ENSG00000130244	FAM98C
1	34326076	34330392	ENSG00000176256	HMGB4
14	24521206	24538937	ENSG00000186648	LRRC16B
7	5048795	5048959	ENSG00000270822	RP11-730B22.1
7	5111756	5112854	ENSG00000273313	RBAKDN
12	2934514	2944710	ENSG00000053702	NRIP2
7	5156800	5157718	ENSG00000272595	OR10AH1P
2	241499471	241503431	ENSG00000188542	DUSP28
7	5160870	5184177	ENSG00000159904	ZNF890P
19	52800430	52829175	ENSG00000198464	ZNF480
19	14543865	14582679	ENSG00000123143	PKN1
9	100819021	100845357	ENSG00000095380	NANS
4	89647106	90032549	ENSG00000138640	FAM13A
16	88744090	88752901	ENSG00000185669	SNAI3
1	34632484	34684732	ENSG00000142698	C1orf94
15	78832747	78841604	ENSG00000041357	PSMA4
3	124801480	124998021	ENSG00000221955	SLC12A8
6	127759551	127840146	ENSG00000255330	SOGA3
12	64660217	64784972	ENSG00000185306	C12orf56
11	76745385	76753096	ENSG00000198488	B3GNT6
6	32627244	32636160	ENSG00000179344	HLA-DQB1
12	48057070	48099844	ENSG00000005175	RPAP3
1	35178338	35325417	ENSG00000163866	SMIM12
2	42396490	42559688	ENSG00000143924	EML4
19	52839498	52871031	ENSG00000167554	ZNF610
16	88762903	88772829	ENSG00000158717	RNF166
9	100831557	100881494	ENSG00000106785	TRIM14
7	5219692	5219793	ENSG00000202039	RNU6-215P
7	5315967	5316046	ENSG00000263808	AC093376.1
7	5459458	5460398	ENSG00000241269	AC093620.5
7	23338358	23351348	ENSG00000156928	MALSU1
1	101003693	101007574	ENSG00000181656	GPR88
11	76777979	76837201	ENSG00000149260	CAPN5
2	241505221	241520789	ENSG00000142327	RNPEPL1
19	52873170	52889048	ENSG00000221923	ZNF880
10	112836790	112840658	ENSG00000150594	ADRA2A
7	102113565	102119354	ENSG00000005075	POLR2J
16	57279010	57287516	ENSG00000102931	ARL2BP
1	11751786	11785914	ENSG00000162490	DRAXIN
9	100883257	100954922	ENSG00000106789	CORO2A
HSCHR6_MHC_MCF	31702358	31704832	ENSG00000226531	C6orf47
11	124966398	124981659	ENSG00000150433	TMEM218
17	30771279	30810336	ENSG00000108671	PSMD11
17	80612849	80656604	ENSG00000141542	RAB40B
11	76813886	76814377	ENSG00000254550	OMP
12	18836103	18890991	ENSG00000139151	PLCZ1
7	23349828	23510086	ENSG00000136231	IGF2BP3
16	57290004	57318599	ENSG00000102934	PLLP
19	52901102	52921665	ENSG00000167555	ZNF528
15	78857862	78887611	ENSG00000169684	CHRNA5
14	104378625	104394606	ENSG00000156411	C14orf2
1	101185298	101204601	ENSG00000162692	VCAM1
X	107334898	107397901	ENSG00000101844	ATG4A
6	127761488	127780536	ENSG00000189367	KIAA0408
1	155247374	155259639	ENSG00000143630	HCN3
16	57392684	57400102	ENSG00000102962	CCL22
16	16043434	16236931	ENSG00000103222	ABCC1
16	57406370	57418960	ENSG00000006210	CX3CL1
HSCHR6_MHC_MCF	31705289	31710343	ENSG00000232312	GPANK1
1	35220648	35224113	ENSG00000189280	GJB5
6	127840600	127912962	ENSG00000184530	C6orf58
7	102122892	102158228	ENSG00000170667	RASA4B
15	78885394	78913637	ENSG00000080644	CHRNA3
1	35225342	35229325	ENSG00000189433	GJB4
19	14583278	14586174	ENSG00000160951	PTGER1
7	5459477	5462753	ENSG00000188365	AC092171.2
11	46698630	46722165	ENSG00000175220	ARHGAP1
7	5465401	5466032	ENSG00000272953	RP11-1275H24.2
7	5465908	5468558	ENSG00000234432	RP11-1275H24.1
1	35246790	35251970	ENSG00000188910	GJB3
7	5468362	5469303	ENSG00000273084	RP11-1275H24.3
16	57438679	57449974	ENSG00000102970	CCL17
9	100961311	101017915	ENSG00000095383	TBC1D2
10	5726801	5805703	ENSG00000108021	FAM208B
7	5515435	5519442	ENSG00000230733	AC092171.4
7	5525026	5525132	ENSG00000238394	snoU13
7	5535450	5535548	ENSG00000207973	MIR589
7	5567734	5567817	ENSG00000263900	AC006483.1
5	177576461	177580968	ENSG00000145912	NHP2
7	5596362	5596876	ENSG00000272719	CTB-161C1.1
8	31496902	32622548	ENSG00000157168	NRG1
2	17997763	17998368	ENSG00000151379	MSGN1
HSCHR6_MHC_MCF	31707013	31738404	ENSG00000258151	CR759761.1
7	5600374	5600686	ENSG00000228974	AC006483.5
1	35258599	35261348	ENSG00000187513	GJA4
1	101337943	101361554	ENSG00000162694	EXTL2
10	113909624	113975135	ENSG00000119927	GPAM
15	78916461	79020096	ENSG00000117971	CHRNB4
2	18059114	18542882	ENSG00000170745	KCNS3
19	52932440	52955568	ENSG00000198633	ZNF534
7	5702063	5720092	ENSG00000237738	RNF216-IT1
7	128430811	128462186	ENSG00000128596	CCDC136
1	35331037	35395186	ENSG00000116544	DLGAP3
8	120569326	120685693	ENSG00000136960	ENPP2
4	56422692	56458379	ENSG00000163440	PDCL2
19	14588572	14606944	ENSG00000123159	GIPC1
7	5862791	5894066	ENSG00000235944	ZNF815P
HSCHR6_MHC_MCF	31709296	31717606	ENSG00000224398	CSNK2B
19	52956829	53015407	ENSG00000258405	ZNF578
1	101361632	101447309	ENSG00000162695	SLC30A7
2	18735989	18741946	ENSG00000240857	RDH14
3	33429828	33482863	ENSG00000153560	UBP1
7	50657760	50861159	ENSG00000106070	GRB10
9	101050391	101471479	ENSG00000136928	GABBR2
15	79051545	79103773	ENSG00000136378	ADAMTS7
11	46722368	46727462	ENSG00000175213	ZNF408
17	40118759	40129749	ENSG00000173786	CNP
2	169690642	169769881	ENSG00000152253	SPC25
11	76839310	76926284	ENSG00000137474	MYO7A
4	56461396	56502865	ENSG00000109255	NMU
19	38899695	38916945	ENSG00000171777	RASGRP4
2	169757750	169766505	ENSG00000152254	G6PC2
12	64798130	64844907	ENSG00000184575	XPOT
HSCHR6_MHC_MCF	31713178	31717606	ENSG00000241132	LY6G5B
19	53030905	53067717	ENSG00000198482	ZNF808
11	125034583	125303285	ENSG00000165495	PKNOX2
HSCHR6_MHC_MCF	31720744	31728100	ENSG00000237495	LY6G5C
2	169779448	169887832	ENSG00000073734	ABCB11
19	2164148	2232577	ENSG00000104885	DOT1L
1	155259630	155271225	ENSG00000143627	PKLR
2	241526133	241557122	ENSG00000142330	CAPN10
7	5911386	5911681	ENSG00000265040	RN7SL556P
7	6043914	6044016	ENSG00000201990	Y_RNA
3	53528683	53847760	ENSG00000157388	CACNA1D
7	6056508	6056642	ENSG00000207217	SNORA42
7	6087354	6087651	ENSG00000240718	RN7SL851P
7	6097131	6097235	ENSG00000252929	RNU6-218P
11	46740730	46761056	ENSG00000180210	F2
16	57462081	57481440	ENSG00000005194	CIAPIN1
7	6120734	6132716	ENSG00000231704	AC004895.4
8	120743015	120845103	ENSG00000064313	TAF2
X	70435044	70445366	ENSG00000169562	GJB1
1	101455179	101491644	ENSG00000117543	DPH5
14	104394799	104519004	ENSG00000156414	TDRD9
9	101493611	101559247	ENSG00000165138	ANKS6
12	2958397	2966213	ENSG00000206044	AC005841.1
2	18736811	18770830	ENSG00000250741	NT5C1B-RDH14
1	35447134	35497342	ENSG00000271741	RP11-244H3.4
7	6122736	6122805	ENSG00000264605	AC004895.1
7	6214842	6214935	ENSG00000238534	Y_RNA
7	6252269	6252371	ENSG00000202273	Y_RNA
7	6530424	6530729	ENSG00000231359	AC072052.7
1	35447136	35450954	ENSG00000243749	ZMYM6NB
4	10441498	10459034	ENSG00000178163	ZNF518B
4	56719782	56771200	ENSG00000090989	EXOC1
17	80674559	80688204	ENSG00000141560	FN3KRP
19	53059075	53090427	ENSG00000167562	ZNF701
12	2966847	2986206	ENSG00000111206	FOXM1
19	2230002	2237703	ENSG00000104886	PLEKHJ1
HSCHR6_MHC_MCF	31731009	31747477	ENSG00000236063	ABHD16A
3	184063973	184079439	ENSG00000114859	CLCN2
9	101569981	101612363	ENSG00000119514	GALNT12
1	11796141	11814859	ENSG00000177674	AGTRAP
4	10488019	10686489	ENSG00000109684	CLNK
6	32709119	32714992	ENSG00000237541	HLA-DQA2
2	18737050	18770838	ENSG00000185013	NT5C1B
14	24540046	24547309	ENSG00000100884	CPNE6
1	101455761	101457653	ENSG00000269175	AC093157.1
X	148558521	148615470	ENSG00000010404	IDS
19	14625582	14640582	ENSG00000132002	DNAJB1
1	101702444	101707074	ENSG00000170989	S1PR1
1	35449523	35497569	ENSG00000163867	ZMYM6
6	32723875	32731311	ENSG00000232629	HLA-DQB2
9	101705461	101833069	ENSG00000204291	COL15A1
3	100468000	100712359	ENSG00000154175	ABI3BP
16	88772871	88781794	ENSG00000174177	CTU2
19	2236520	2248678	ENSG00000104897	SF3A2
6	128029217	128239776	ENSG00000172673	THEMIS
6	32780540	32784825	ENSG00000241106	HLA-DOB
19	53097313	53193749	ENSG00000167766	ZNF83
7	6618196	6628605	ENSG00000232581	AC079742.4
7	6676953	6694242	ENSG00000205903	ZNF316
15	79102829	79190475	ENSG00000185787	MORF4L1
1	155278539	155290457	ENSG00000160752	FDPS
7	6694495	6696063	ENSG00000260054	RP11-611L7.1
7	6703605	6748532	ENSG00000228010	AC073343.13
7	6731608	6731690	ENSG00000265245	AC073343.2
10	114043493	114064793	ENSG00000119913	TECTB
1	102268130	102462586	ENSG00000118733	OLFM3
GL000243.1	4607	4688	ENSG00000240396	CU459202.1
7	6749759	6793493	ENSG00000187953	PMS2CL
4	90033968	90036050	ENSG00000180346	TIGD2
3	48334754	48343175	ENSG00000172113	NME6
GL000243.1	5755	5838	ENSG00000263953	CU459202.3
GL000243.1	8050	8132	ENSG00000241559	CU459202.2
7	128470431	128499328	ENSG00000128591	FLNC
1	11821844	11849642	ENSG00000215910	C1orf167
4	90157537	90229161	ENSG00000185477	GPRIN3
17	30813637	30818274	ENSG00000176749	CDK5R1
7	92158087	92167319	ENSG00000127993	RBM48
7	23544399	23571660	ENSG00000164548	TRA2A
8	120846216	120868250	ENSG00000136982	DSCC1
8	68085747	68255912	ENSG00000066777	ARFGEF1
5	177631508	177638164	ENSG00000197451	HNRNPAB
9	101866320	101916474	ENSG00000106799	TGFBR1
16	16242785	16317379	ENSG00000091262	ABCC6
11	125315646	125366213	ENSG00000149557	FEZ1
22	46067678	46241187	ENSG00000130638	ATXN10
2	169921299	169952677	ENSG00000073737	DHRS9
19	14627897	14676792	ENSG00000099797	TECR
12	2985424	2998626	ENSG00000171792	RHNO1
7	92190107	92219708	ENSG00000234545	FAM133B
4	90645250	90759466	ENSG00000145335	SNCA
1	11845780	11866977	ENSG00000177000	MTHFR
17	30819540	31204195	ENSG00000176658	MYO1D
9	101978708	101984238	ENSG00000119523	ALG2
20	34220262	34262466	ENSG00000272897	RP1-309K20.6
12	18891045	18892121	ENSG00000177938	CAPZA3
12	2986389	3050306	ENSG00000078246	TULP3
X	70459474	70474996	ENSG00000147130	ZMYM3
9	101984346	101992897	ENSG00000106803	SEC61B
19	2249308	2252072	ENSG00000104899	AMH
8	120885957	121063152	ENSG00000155792	DEPTOR
22	46316242	46373009	ENSG00000188064	WNT7B
1	35525387	35581460	ENSG00000197056	ZMYM1
17	40128451	40173394	ENSG00000168259	DNAJC7
11	46764598	46867847	ENSG00000175216	CKAP5
19	2252251	2269758	ENSG00000167476	JSRP1
9	102584137	102629173	ENSG00000119508	NR4A3
20	34236847	34252878	ENSG00000244462	RBM12
3	48348336	48369831	ENSG00000229453	SPINK8
22	46445358	46450024	ENSG00000182257	C22orf26
3	124944405	125094198	ENSG00000163848	ZNF148
11	76927603	77012732	ENSG00000178795	GDPD4
22	46449749	46509808	ENSG00000197182	FLJ27365
7	6875051	6875425	ENSG00000273252	OR7E39P
11	125365110	125369424	ENSG00000255537	AP000708.1
6	74225473	74233520	ENSG00000156508	EEF1A1
7	6895116	6899461	ENSG00000155070	UNC93B2
HSCHR6_MHC_MCF	31734428	31896594	ENSG00000257418	CR759787.1
3	48413709	48442666	ENSG00000164049	FBXW12
1	155290687	155300905	ENSG00000160753	RUSC1
7	6906289	6907303	ENSG00000205897	OR7E136P
16	57481337	57495187	ENSG00000088682	COQ9
19	2269485	2273487	ENSG00000104904	OAZ1
HSCHR6_MHC_MCF	31750965	31761981	ENSG00000236902	LY6G6D
10	114133776	114188138	ENSG00000197142	ACSL5
9	102668915	102732618	ENSG00000136874	STX17
12	64845660	64895888	ENSG00000183735	TBK1
17	15943505	15943994	ENSG00000227782	AC002553.1
6	30844198	30867933	ENSG00000204580	DDR1
4	11394774	11431389	ENSG00000002587	HS3ST1
17	7120444	7128592	ENSG00000072778	ACADVL
12	3068496	3149839	ENSG00000197905	TEAD4
22	46546424	46639653	ENSG00000186951	PPARA
20	34255977	34287281	ENSG00000244005	NFS1
9	102741461	102861322	ENSG00000023318	ERP44
19	14676890	14682874	ENSG00000099795	NDUFB7
17	16120505	16252115	ENSG00000108474	PIGL
7	6918176	6918263	ENSG00000263457	AC079804.2
7	6919258	6920257	ENSG00000250561	OR7E59P
4	13362978	13485989	ENSG00000157869	RAB28
7	6940055	6940254	ENSG00000243531	RP11-740N7.3
7	6963435	6970466	ENSG00000226943	ALG1L5P
7	6963709	6964144	ENSG00000241539	RP11-740N7.4
16	57496299	57505922	ENSG00000102978	POLR2C
2	19551246	19558414	ENSG00000143867	OSR1
HSCHR6_MHC_MCF	31750946	31754656	ENSG00000240957	LY6G6F
8	121072019	121384275	ENSG00000187955	COL14A1
11	77032752	77185680	ENSG00000149269	PAK1
7	6971315	6979234	ENSG00000242731	FAM86LP
7	7034846	7034949	ENSG00000221011	AC079804.1
7	7106242	7106323	ENSG00000264679	AC092104.2
HSCHR6_MHC_MCF	31756401	31757877	ENSG00000235769	LY6G6E
11	125439112	125454575	ENSG00000149547	EI24
17	80693451	80709073	ENSG00000167363	FN3K
3	154055461	154147504	ENSG00000174948	GPR149
19	53206066	53238326	ENSG00000213020	ZNF611
4	13542454	13546674	ENSG00000109705	NKX3-2
7	7106595	7106676	ENSG00000266287	MIR3683
7	7106998	7107080	ENSG00000263504	AC092104.1
7	7107675	7107757	ENSG00000265155	AC092104.3
7	7107818	7107900	ENSG00000266409	AC092104.5
7	7108454	7108535	ENSG00000266121	AC092104.4
7	7117926	7119373	ENSG00000239696	RP11-397J20.1
12	53458388	53473204	ENSG00000167778	SPRYD3
6	32781544	32806599	ENSG00000250264	TAP2
2	20096404	20101747	ENSG00000183891	TTC32
HSCHR6_MHC_MCF	31762657	31770773	ENSG00000237459	C6orf25
9	102861538	103063282	ENSG00000119509	INVS
X	107386780	107682727	ENSG00000197565	COL4A6
19	53267448	53290044	ENSG00000189190	ZNF600
10	5807186	5884095	ENSG00000057608	GDI2
19	38924339	39078204	ENSG00000196218	RYR1
4	13570362	13629347	ENSG00000038219	BOD1L1
14	104406763	104408645	ENSG00000227729	RD3L
19	14693896	14721969	ENSG00000187912	CLEC17A
6	32789610	32806557	ENSG00000204267	TAP2
22	46639908	46646576	ENSG00000205643	CDPF1
16	16326352	16388668	ENSG00000103226	NOMO3
15	79213400	79241916	ENSG00000103811	CTSH
19	53300662	53360853	ENSG00000198538	ZNF28
12	48103517	48119350	ENSG00000111405	ENDOU
14	104552016	104579098	ENSG00000166183	ASPG
22	46651560	46659219	ENSG00000130943	PKDREJ
1	103342023	103574052	ENSG00000060718	COL11A1
8	33228342	33330940	ENSG00000172728	FUT10
19	14729929	14800839	ENSG00000131355	EMR3
11	46878419	46940193	ENSG00000134569	LRP4
4	90800683	90875780	ENSG00000138722	MMRN1
6	128289924	128841870	ENSG00000152894	PTPRK
12	53491220	53496129	ENSG00000167779	IGFBP6
22	46663858	46689905	ENSG00000075234	TTC38
3	154741913	154901497	ENSG00000196549	MME
1	35641979	35658749	ENSG00000116560	SFPQ
20	34287194	34288906	ENSG00000125995	ROMO1
3	33537737	33759848	ENSG00000163539	CLASP2
9	103064359	103115221	ENSG00000136891	TEX10
X	148564074	148615470	ENSG00000241489	IDS
12	19282648	19529334	ENSG00000052126	PLEKHA5
2	42560686	42652228	ENSG00000115944	COX7A2L
17	16245848	16256970	ENSG00000166582	CENPV
4	56815037	56899529	ENSG00000174799	CEP135
1	11866207	11903201	ENSG00000011021	CLCN6
19	53341261	53360902	ENSG00000204604	ZNF468
HSCHR6_MHC_MCF	31762711	31765908	ENSG00000228250	LY6G6C
3	48445261	48471594	ENSG00000164050	PLXNB1
4	91048686	92523064	ENSG00000184305	CCSER1
3	125165495	125239041	ENSG00000114520	SNX4
19	2274631	2282181	ENSG00000188305	C19orf35
9	103189438	103213511	ENSG00000066697	MSANTD3
19	53367043	53400946	ENSG00000182986	ZNF320
17	76164639	76169608	ENSG00000108639	SYNGR2
7	7142204	7142312	ENSG00000201218	Y_RNA
7	7217583	7217955	ENSG00000244167	RP4-733B9.1
16	57505863	57521239	ENSG00000125170	DOK4
7	7294785	7317410	ENSG00000230825	AC005532.5
8	68334360	68658620	ENSG00000165078	CPA6
19	2289774	2308156	ENSG00000220008	LINGO3
9	103204553	103339918	ENSG00000251349	MSANTD3-TMEFF1
HSCHR6_MHC_MCF	31771101	31774680	ENSG00000225635	DDAH2
16	88781751	88851619	ENSG00000103335	PIEZO1
19	2321516	2328619	ENSG00000130332	LSM7
9	103204560	103339918	ENSG00000241697	TMEFF1
12	53497302	53518322	ENSG00000167780	SOAT2
9	103340361	103350188	ENSG00000170681	MURC
X	148621900	148632055	ENSG00000197620	CXorf40A
X	70503042	70521018	ENSG00000147140	NONO
7	128502880	128505898	ENSG00000128524	ATP6V1F
22	46692638	46726707	ENSG00000075218	GTSE1
11	77184416	77188074	ENSG00000268635	DKFZP434E1119
19	2389769	2426237	ENSG00000178297	TMPRSS9
9	103790991	104087417	ENSG00000148123	LPPR1
8	68864353	69149265	ENSG00000046889	PREX2
1	35734568	35887659	ENSG00000146463	ZMYM4
19	14800613	14844558	ENSG00000160961	ZNF333
2	20110021	20189892	ENSG00000118965	WDR35
4	92240185	92246457	ENSG00000249049	RP11-763F8.1
4	93218402	93225329	ENSG00000248511	RP11-9B6.1
16	88869621	88875666	ENSG00000167513	CDT1
7	23636998	23684327	ENSG00000169193	CCDC126
19	2425622	2427892	ENSG00000099800	TIMM13
9	104122699	104145801	ENSG00000136881	BAAT
11	77225981	77348850	ENSG00000074201	CLNS1A
17	80709940	80900724	ENSG00000141556	TBCD
1	155305059	155532598	ENSG00000116539	ASH1L
9	104149915	104160896	ENSG00000136897	MRPL50
11	46958240	47185936	ENSG00000149179	C11orf49
1	104068313	104097861	ENSG00000185946	RNPC3
HSCHR6_MHC_MCF	31774644	31783827	ENSG00000226417	CLIC1
19	2427636	2456994	ENSG00000176619	LMNB2
4	93225550	94695707	ENSG00000152208	GRID2
7	128577666	128590089	ENSG00000128604	IRF5
5	177635498	177659792	ENSG00000175309	PHYKPL
9	104161155	104172942	ENSG00000136870	ZNF189
1	11905766	11908402	ENSG00000175206	NPPA
16	88875747	88878352	ENSG00000198931	APRT
7	23719749	23742868	ENSG00000188732	FAM221A
16	57546090	57570511	ENSG00000135736	CCDC102A
1	11917521	11918988	ENSG00000120937	NPPB
19	2476120	2478257	ENSG00000099860	GADD45B
9	104182860	104198105	ENSG00000136872	ALDOB
1	11979648	11986485	ENSG00000116685	KIAA2013
7	7333139	7333511	ENSG00000236712	AC079448.1
8	121393000	121457642	ENSG00000172172	MRPL13
7	7589735	7592071	ENSG00000272732	RP5-1159O4.2
10	99205927	99217127	ENSG00000171307	ZDHHC16
7	7592093	7606627	ENSG00000272894	RP5-1159O4.1
19	2511217	2702707	ENSG00000176533	GNG7
11	77300436	77321400	ENSG00000178301	AQP11
20	34291531	34330234	ENSG00000131051	RBM39
7	7659503	7660174	ENSG00000272745	RP5-1007H16.1
7	7775374	7776482	ENSG00000270314	GS1-165B14.2
7	7778165	7782204	ENSG00000234718	AC007161.5
16	57576333	57625593	ENSG00000159618	GPR114
7	7781722	7782166	ENSG00000269721	RPL23AP51
1	104096437	104122156	ENSG00000240038	AMY2B
14	24549316	24584223	ENSG00000129535	NRL
7	7946150	7946255	ENSG00000201747	RNU6-534P
7	7948931	7950080	ENSG00000214998	AC006465.4
9	104235453	104295819	ENSG00000165152	TMEM246
X	148663309	148669116	ENSG00000123584	MAGEA9B
7	7989484	7990340	ENSG00000234141	AC009473.1
7	7997814	8009534	ENSG00000233108	AC006042.7
17	16284112	16286059	ENSG00000170315	UBB
X	148674172	148676974	ENSG00000171129	HSFX2
8	33330904	33371119	ENSG00000129696	TTI2
7	51083909	51384515	ENSG00000106078	COBL
16	88880142	88923378	ENSG00000141012	GALNS
2	241544848	241570676	ENSG00000178623	GPR35
16	16411301	16444447	ENSG00000183889	NPIPA7
4	57036361	57194791	ENSG00000109265	KIAA1211
11	125461607	125495110	ENSG00000134910	STT3A
19	14834747	14835121	ENSG00000268550	AC090427.1
8	121457640	121554373	ENSG00000172167	MTBP
2	241615835	241622323	ENSG00000185176	AQP12B
9	104296133	104325622	ENSG00000155827	RNF20
1	104159999	104168402	ENSG00000243480	AMY2A
19	53430388	53466164	ENSG00000180257	ZNF816
14	104605060	104647231	ENSG00000066735	KIF26A
12	65004293	65091347	ENSG00000153179	RASSF3
1	11994262	12035595	ENSG00000083444	PLOD1
19	2714565	2721416	ENSG00000176490	DIRAS1
5	177664619	178017556	ENSG00000050767	COL23A1
19	53431728	53466076	ENSG00000221874	ZNF321P
19	2717767	2740046	ENSG00000267001	AC006538.4
12	99120235	100378432	ENSG00000185046	ANKS1B
7	8019943	8021859	ENSG00000233264	AC006042.8
19	53517174	53519375	ENSG00000269526	ERVV-1
19	53547991	53554329	ENSG00000268964	ERVV-2
7	8153655	8156191	ENSG00000227719	AC006042.6
7	8194566	8194652	ENSG00000265212	AC007009.2
22	46726772	46753237	ENSG00000100416	TRMU
7	8301863	8302451	ENSG00000244239	AC007009.1
X	148678216	148713568	ENSG00000155984	TMEM185A
1	104197912	104207173	ENSG00000237763	AMY1A
2	132552534	132559234	ENSG00000186825	C2orf27B
7	8301894	8384146	ENSG00000229970	AC007128.1
3	125247702	125313934	ENSG00000144909	OSBPL11
19	2732202	2740150	ENSG00000141873	SLC39A3
14	24563262	24579807	ENSG00000100889	PCK2
2	241624478	241624705	ENSG00000268822	AC011298.1
9	104331635	104500862	ENSG00000198785	GRIN3A
2	132905164	133015542	ENSG00000163046	ANKRD30BL
2	241631262	241637900	ENSG00000184945	AQP12A
4	94750042	94751221	ENSG00000172238	ATOH1
19	2754712	2783369	ENSG00000104969	SGTA
9	104353897	104357283	ENSG00000188386	PPP3R2
5	55753622	55777773	ENSG00000248727	CTC-236F12.4
14	73741815	73930348	ENSG00000133961	NUMB
5	55807394	55902059	ENSG00000225940	AC022431.2
19	53569859	53606689	ENSG00000170949	ZNF160
14	51324609	51411454	ENSG00000100504	PYGL
9	105757593	105780770	ENSG00000155833	CYLC2
17	31254928	31272124	ENSG00000006042	TMEM98
4	15004298	15071777	ENSG00000137449	CPEB2
16	16472912	16487811	ENSG00000214967	NPIPA7
4	57204456	57253666	ENSG00000157426	AASDH
5	56111401	56191979	ENSG00000095015	MAP3K1
1	155579979	155718153	ENSG00000125459	MSTO1
19	39078281	39109522	ENSG00000104814	MAP4K1
5	140044261	140053709	ENSG00000120314	WDR55
16	17195626	17564738	ENSG00000103489	XYLT1
11	125495036	125546150	ENSG00000149554	CHEK1
1	104230037	104239302	ENSG00000174876	AMY1B
5	140050379	140053171	ENSG00000256453	DND1
2	133174147	133404132	ENSG00000183840	GPR39
4	95128762	95212443	ENSG00000163104	SMARCAD1
7	8343371	8380973	ENSG00000272328	RP4-594A5.1
7	8978417	8978999	ENSG00000236748	AC009500.2
12	65090189	65090329	ENSG00000268028	AC025262.1
8	33342268	33358778	ENSG00000198042	MAK16
12	53551447	53575135	ENSG00000139631	CSAD
12	3186521	3395730	ENSG00000011105	TSPAN9
11	77371041	77532063	ENSG00000048649	RSF1
15	79252289	79383115	ENSG00000058335	RASGRF1
2	42669157	42721237	ENSG00000171126	KCNG3
7	92234235	92465908	ENSG00000105810	CDK6
8	33405273	33424643	ENSG00000133874	RNF122
17	41196312	41277500	ENSG00000012048	BRCA1
8	69215703	69243726	ENSG00000248801	RP11-664D7.4
16	88894366	88894545	ENSG00000269422	AC092384.1
2	241653181	241759725	ENSG00000130294	KIF1A
2	169983619	170219195	ENSG00000081479	LRP2
19	2785458	2813599	ENSG00000172009	THOP1
19	53611132	53636330	ENSG00000170954	ZNF415
8	33448856	33457624	ENSG00000133878	DUSP26
1	104293028	104301312	ENSG00000187733	AMY1C
17	76170160	76183314	ENSG00000167900	TK1
12	3490515	3703139	ENSG00000111218	PRMT8
7	92728829	92747336	ENSG00000205413	SAMD9
16	88922628	88929094	ENSG00000167515	TRAPPC2L
12	65107225	65153227	ENSG00000135677	GNS
9	106856541	106903698	ENSG00000136824	SMC2
1	107599267	107601916	ENSG00000198890	PRMT6
8	121547985	121825513	ENSG00000172164	SNTB1
4	15341442	15447790	ENSG00000163145	C1QTNF7
7	23749786	23872132	ENSG00000196335	STK31
7	53103349	53104617	ENSG00000221900	POM121L12
8	69242957	69731257	ENSG00000165084	C8orf34
16	18411799	18441131	ENSG00000214940	NPIPA8
11	77532155	77629478	ENSG00000087884	AAMDC
15	79575146	79590580	ENSG00000235711	ANKRD34C
8	122624356	122653630	ENSG00000170961	HAS2
19	14843205	14889353	ENSG00000127507	EMR2
2	133402426	133429152	ENSG00000150551	LYPD1
8	123793633	123986750	ENSG00000178764	ZHX2
7	92759368	92777682	ENSG00000177409	SAMD9L
7	9123652	9123805	ENSG00000271526	RP4-668E10.2
7	54610018	54638773	ENSG00000170419	VSTM2A
15	79603404	79704334	ENSG00000166557	TMED3
7	9634247	9634353	ENSG00000264766	AC079756.1
7	9654608	9655615	ENSG00000233876	GAPDHP68
16	88928034	88933068	ENSG00000205022	PABPN1L
7	9673900	9675333	ENSG00000271077	AC096553.5
2	42721709	42984087	ENSG00000057935	MTA3
7	9765870	9767915	ENSG00000197320	AC060834.2
16	18451943	18473188	ENSG00000233024	NPIPA7
7	9776951	9809142	ENSG00000234710	AC060834.3
17	1173853	1174754	ENSG00000205899	BHLHA9
7	9890553	9891015	ENSG00000270611	GS1-69O6.1
X	148769894	148798926	ENSG00000185247	MAGEA11
7	10000651	10021444	ENSG00000235431	AC006373.1
17	16318856	16340317	ENSG00000187688	TRPV2
17	1182957	1204281	ENSG00000184811	TUSC5
7	10262424	10262637	ENSG00000212422	U3
5	140052758	140071609	ENSG00000170445	HARS
7	10490938	10492153	ENSG00000229091	HSPA8P8
7	10516208	10516505	ENSG00000234356	AC009945.4
15	79724858	79764632	ENSG00000169330	KIAA1024
7	10742303	10747033	ENSG00000236414	AC004535.2
7	54819943	54827667	ENSG00000132432	SEC61G
7	10941605	10941701	ENSG00000201774	Y_RNA
7	10980050	10980362	ENSG00000271185	RP5-855F16.1
7	11046026	11046503	ENSG00000230370	AC005007.3
7	11221359	11559802	ENSG00000230333	AC004538.3
19	2819872	2835771	ENSG00000172006	ZNF554
15	80125927	80189721	ENSG00000136371	MTHFS
8	35092975	35654068	ENSG00000156687	UNC5D
11	77589766	77705724	ENSG00000149262	INTS4
5	178029665	178057616	ENSG00000113240	CLK4
17	1247566	1303672	ENSG00000108953	YWHAE
9	107266455	107267547	ENSG00000186881	OR13F1
9	107288534	107289490	ENSG00000148136	OR13C4
15	80137537	80216096	ENSG00000259332	ST20-MTHFS
3	125648118	125655882	ENSG00000189366	ALG1L
9	107298030	107299137	ENSG00000204246	OR13C3
8	124025404	124054663	ENSG00000136986	DERL1
15	80191182	80216044	ENSG00000180953	ST20
9	107331449	107332411	ENSG00000186943	OR13C8
14	104710541	104712473	ENSG00000228032	C14orf144
2	20191872	20212455	ENSG00000132031	MATN3
2	133429374	134326034	ENSG00000176771	NCKAP5
1	35899091	36023551	ENSG00000142687	KIAA0319L
9	107360650	107361788	ENSG00000255800	OR13C5
15	80215113	80217194	ENSG00000259642	C15orf37
9	107366924	107367951	ENSG00000257019	OR13C2
15	80215507	80217194	ENSG00000257028	C15ORF37
14	104941015	105071984	ENSG00000258986	TMEM179
12	3715799	3873985	ENSG00000130038	EFCAB4B
9	107379529	107380485	ENSG00000136839	OR13C9
HSCHR6_MHC_MCF	31784012	31808922	ENSG00000227314	MSH5
1	107682629	108026080	ENSG00000162631	NTNG1
15	80253231	80263788	ENSG00000140379	BCL2A1
9	107456660	107457766	ENSG00000179055	OR13D1
X	107683074	107940775	ENSG00000188153	COL4A5
16	88941266	89043612	ENSG00000129993	CBFA2T3
9	107509969	107522403	ENSG00000136783	NIPSNAP3A
11	47185848	47198676	ENSG00000149182	ARFGAP2
X	148855726	148858525	ENSG00000171116	HSFX1
5	178138593	178157703	ENSG00000169131	ZNF354A
7	92817899	92855837	ENSG00000188175	HEPACAM2
3	125687987	125702297	ENSG00000114547	ROPN1B
9	107526438	107539738	ENSG00000165028	NIPSNAP3B
5	56205087	56221359	ENSG00000155542	SETD9
X	148863584	148869397	ENSG00000166008	MAGEA9
17	40163400	40177659	ENSG00000168256	NKIRAS2
X	149009941	149014609	ENSG00000156009	MAGEA8
5	76721795	76916436	ENSG00000164253	WDR41
14	105046021	105056852	ENSG00000184601	C14orf180
16	18511182	18573533	ENSG00000185164	NOMO2
1	12040238	12073571	ENSG00000116688	MFN2
3	53846362	53880417	ENSG00000016391	CHDH
4	95219686	95264027	ENSG00000163106	HPGDS
14	51338878	51371688	ENSG00000131969	ABHD12B
15	80351910	80430735	ENSG00000086666	ZFAND6
6	129204342	129837714	ENSG00000196569	LAMA2
3	53880607	53899827	ENSG00000056736	IL17RB
4	57259528	57301781	ENSG00000128059	PPAT
17	76183398	76203782	ENSG00000183077	AFMID
3	155093369	155462856	ENSG00000114805	PLCH1
9	107543283	107690518	ENSG00000165029	ABCA1
19	39109735	39127595	ENSG00000178982	EIF3K
19	53627325	53662328	ENSG00000197937	ZNF347
17	1323983	1366456	ENSG00000167193	CRK
11	77726761	77757237	ENSG00000151364	KCTD14
11	77728017	77790911	ENSG00000259112	NDUFC2-KCTD14
11	77774907	77779397	ENSG00000151365	THRSP
4	15471489	15603180	ENSG00000048342	CC2D2A
7	128594948	128695198	ENSG00000064419	TNPO3
19	53662466	53696639	ENSG00000197497	ZNF665
2	133874577	133876625	ENSG00000269686	AC011755.1
11	77779350	77791265	ENSG00000151366	NDUFC2
11	125541417	125551018	ENSG00000134940	ACRV1
3	184079506	184086384	ENSG00000163882	POLR2H
7	11297308	11298162	ENSG00000226827	NPM1P11
7	11446582	11453705	ENSG00000230435	AC004160.4
7	11859943	11860920	ENSG00000235920	AC073109.2
2	134877554	135212192	ENSG00000152127	MGAT5
6	32808494	32812480	ENSG00000204264	PSMB8
19	53731577	53758151	ENSG00000197928	ZNF677
14	24583404	24594451	ENSG00000100897	DCAF11
5	178286954	178315123	ENSG00000178338	ZNF354B
19	2841433	2860482	ENSG00000186300	ZNF555
17	31297394	31324895	ENSG00000141316	SPACA3
20	34359896	34538303	ENSG00000025293	PHF20
1	108113782	108507766	ENSG00000134215	VAV3
7	12510978	12512171	ENSG00000236048	AC013470.6
22	46756731	46933067	ENSG00000075275	CELSR1
7	12530721	12531630	ENSG00000203523	TAS2R2P
19	39138289	39222223	ENSG00000130402	ACTN4
7	12536055	12581536	ENSG00000226690	AC005281.1
8	124054208	124164393	ENSG00000156787	TBC1D31
19	2867333	2878515	ENSG00000172000	ZNF556
5	178322895	178360213	ENSG00000198939	ZFP2
10	114190058	114206672	ENSG00000023041	ZDHHC6
2	20232411	20251789	ENSG00000068697	LAPTM4A
11	47199076	47207994	ENSG00000165912	PACSIN3
19	2900896	2918474	ENSG00000171970	ZNF57
2	241807896	241819919	ENSG00000172482	AGXT
11	77811982	77850706	ENSG00000159063	ALG8
5	56215429	56267502	ENSG00000155545	MIER3
10	5903580	5931869	ENSG00000134461	ANKRD16
14	105155943	105185942	ENSG00000203485	INF2
19	2933216	2944969	ENSG00000175691	ZNF77
22	46971909	47075688	ENSG00000075240	GRAMD4
8	35649365	35653384	ENSG00000233863	AC012215.1
16	89006197	89017932	ENSG00000205018	RP11-830F9.6
19	53761545	53765090	ENSG00000196131	VN1R2
6	32811913	32827362	ENSG00000240065	PSMB9
1	36023074	36032875	ENSG00000020129	NCDN
19	53769929	53770972	ENSG00000228567	VN1R4
19	53792856	53794875	ENSG00000163098	BIRC8
2	42989642	42991401	ENSG00000162881	OXER1
7	92861653	92988338	ENSG00000004766	CCDC132
7	55086714	55324313	ENSG00000146648	EGFR
12	65174589	65274812	ENSG00000111490	TBC1D30
19	2977444	2995177	ENSG00000104953	TLE6
19	53837002	53858122	ENSG00000213799	ZNF845
5	178368192	178393434	ENSG00000178187	ZNF454
2	42994229	43019733	ENSG00000162882	HAAO
9	108006903	108201452	ENSG00000070214	SLC44A1
8	70378859	70573150	ENSG00000137573	SULF1
2	135213330	135476570	ENSG00000152128	TMEM163
22	47080308	47134158	ENSG00000100422	CERK
19	53868946	53895470	ENSG00000203326	ZNF525
16	89154783	89222254	ENSG00000176715	ACSF3
7	12545633	12547104	ENSG00000224667	AC013470.8
7	12609751	12611017	ENSG00000225606	AC005281.2
7	12693804	12694610	ENSG00000229233	AC011891.5
5	178405328	178423207	ENSG00000113262	GRM6
7	12725262	12725658	ENSG00000271253	CTD-2320J21.1
7	12740383	12740514	ENSG00000199470	SNORA64
7	12916309	12916571	ENSG00000222974	RN7SKP228
6	32812986	32821755	ENSG00000168394	TAP1
7	12962170	12962545	ENSG00000230879	RBMX2P4
7	13141016	13743774	ENSG00000229618	AC011288.2
X	149097745	149107029	ENSG00000197021	CXorf40B
11	125616188	125619762	ENSG00000171053	PATE1
7	13378826	13404674	ENSG00000237713	AC006000.5
7	13893980	13898650	ENSG00000224330	AC005019.3
15	80444832	80479288	ENSG00000103876	FAH
7	13911481	13912138	ENSG00000213875	AC005019.2
8	36641842	36793646	ENSG00000215262	KCNU1
1	12079523	12092102	ENSG00000116691	MIIP
5	178450753	178462065	ENSG00000234284	ZNF879
11	125646008	125648714	ENSG00000196844	PATE2
11	47236493	47260767	ENSG00000134574	DDB2
11	125658006	125661495	ENSG00000236027	PATE3
17	31340105	32501983	ENSG00000108684	ASIC2
11	125703211	125709964	ENSG00000237353	PATE4
1	108676658	108743471	ENSG00000085491	SLC25A24
16	89238175	89261900	ENSG00000129910	CDH15
2	241825465	241836306	ENSG00000172478	C2orf54
8	37553269	37557537	ENSG00000183779	ZNF703
11	125753509	125770543	ENSG00000198331	HYLS1
19	53893046	53930574	ENSG00000196417	ZNF765
3	33839844	33911194	ENSG00000170248	PDCD6IP
15	80637195	80695917	ENSG00000259495	RP11-210M15.2
7	14050294	14050388	ENSG00000252374	Y_RNA
7	14110160	14111005	ENSG00000223445	RPL6P21
5	178487416	178510538	ENSG00000177932	ZNF354C
7	14230420	14231782	ENSG00000233167	EEF1A1P26
7	14815031	14815148	ENSG00000221428	AC006150.2
7	14853756	14856190	ENSG00000226323	AC006150.1
7	15025003	15025699	ENSG00000225816	AC006045.3
10	114206756	114578503	ENSG00000151532	VTI1A
8	37592279	37594944	ENSG00000183154	RP11-863K10.7
7	15105832	15108276	ENSG00000227489	AC006458.3
7	15707572	15721605	ENSG00000237070	AC005550.3
22	47158518	47571336	ENSG00000054611	TBC1D22A
11	125763381	125773116	ENSG00000110060	PUS3
3	125725198	125820404	ENSG00000114544	SLC41A3
9	108210077	108314714	ENSG00000106701	FSD1L
19	39220827	39260544	ENSG00000182472	CAPN12
19	53970989	54006950	ENSG00000198346	ZNF813
1	12123434	12204264	ENSG00000120949	TNFRSF8
5	178537852	178772431	ENSG00000087116	ADAMTS2
2	20400558	20425194	ENSG00000115884	SDC1
1	108765963	108786689	ENSG00000196427	NBPF4
12	3900213	3982608	ENSG00000111224	PARP11
3	191046866	191116459	ENSG00000152492	CCDC50
15	80696692	80890278	ENSG00000172379	ARNT2
7	15728003	15735116	ENSG00000229108	AC005550.4
7	15728700	15730479	ENSG00000225974	AC005550.5
16	89262406	89268072	ENSG00000259803	SLC22A31
7	15741057	15741377	ENSG00000235828	RPL36AP26
7	15880922	15881985	ENSG00000229379	AC006041.1
11	77882295	77899868	ENSG00000188997	KCTD21
19	2997636	3047633	ENSG00000065717	TLE2
11	125773271	125793158	ENSG00000109832	DDX25
7	24323782	24331484	ENSG00000122585	NPY
4	57276682	57277131	ENSG00000268171	AC068620.1
16	57644564	57698944	ENSG00000205336	GPR56
12	65444406	65515346	ENSG00000156076	WIF1
16	89284118	89295363	ENSG00000170100	ZNF778
2	241858202	241932728	ENSG00000226321	AC104809.3
4	95373037	95589377	ENSG00000163110	PDLIM5
3	48473574	48481866	ENSG00000164051	CCDC51
8	37594117	37616619	ENSG00000147475	ERLIN2
10	5931535	5979556	ENSG00000134452	FBXO18
HSCHR6_MHC_MCF	31784084	31808928	ENSG00000266442	MSH5-SAPCD1
20	34541539	34547394	ENSG00000171222	SCAND1
19	39261611	39264132	ENSG00000205076	LGALS7
11	47260853	47270457	ENSG00000134575	ACP2
7	16127152	16129275	ENSG00000273477	RP11-196O16.1
19	39279851	39282389	ENSG00000178934	LGALS7B
7	16128696	16129261	ENSG00000230981	AC006035.1
7	16248570	16248890	ENSG00000224683	RPL36AP29
7	24612887	24733812	ENSG00000105926	MPP6
7	16250113	16310229	ENSG00000229688	ISPD-AS1
9	108320411	108403399	ENSG00000106692	FKTN
11	77899858	77925757	ENSG00000118369	USP35
4	57301907	57327534	ENSG00000128050	PAICS
HSCHR6_MHC_MCF	31806876	31808928	ENSG00000234951	SAPCD1
17	16344891	16395467	ENSG00000181350	FAM211A
7	16510809	16510998	ENSG00000272537	GS1-166A23.1
1	108918421	109013624	ENSG00000186086	NBPF6
7	16623407	16626382	ENSG00000224280	AC005014.5
17	32581900	32582306	ENSG00000268024	AC005549.3
7	16633253	16633849	ENSG00000272361	GS1-166A23.2
3	155459933	155461515	ENSG00000214919	AC104472.1
20	34556512	34618622	ENSG00000149646	CNBD2
1	36038971	36060929	ENSG00000116819	TFAP2E
17	1367392	1396106	ENSG00000197879	MYO1C
14	51441980	51562779	ENSG00000100505	TRIM9
6	129897277	130031370	ENSG00000146376	ARHGAP18
3	155480401	155524140	ENSG00000174928	C3orf33
1	36067185	36107445	ENSG00000126067	PSMB2
9	108424738	108425367	ENSG00000186051	TAL2
17	16454701	16472520	ENSG00000141040	ZNF287
1	12227060	12269285	ENSG00000028137	TNFRSF1B
10	13350145	13350447	ENSG00000226209	AL138764.1
1	36179476	36185073	ENSG00000142686	C1orf216
17	32582304	32584222	ENSG00000108691	CCL2
9	108456825	108538893	ENSG00000095209	TMEM38B
HSCHR6_MHC_MCF	31809667	31821408	ENSG00000223757	VWA7
16	89334038	89556969	ENSG00000167522	ANKRD11
15	80972025	81047962	ENSG00000136379	ABHD17C
12	4382938	4414516	ENSG00000118971	CCND2
X	70521584	70525221	ENSG00000147166	ITGB1BP2
7	16735496	16759523	ENSG00000235837	AC073333.8
17	16524051	16557170	ENSG00000197566	ZNF624
1	109102711	109187522	ENSG00000162636	FAM102B
3	48481667	48485616	ENSG00000232112	TMA7
16	18792617	18801705	ENSG00000134419	RPS15A
22	47857048	47882860	ENSG00000218357	LL22NC03-75H12.2
7	24737972	24809244	ENSG00000105928	DFNA5
12	53574484	53584596	ENSG00000139651	ZNF740
11	77926343	78129394	ENSG00000033327	GAB2
22	48885272	49246724	ENSG00000219438	FAM19A5
X	149529689	149682448	ENSG00000013619	MAMLD1
7	128784712	128808671	ENSG00000158457	TSPAN33
4	57333081	57369839	ENSG00000174780	SRP72
19	39292311	39304004	ENSG00000171747	LGALS4
22	48934712	48943199	ENSG00000219016	CTA-299D3.8
16	18799385	18812841	ENSG00000260342	RP11-1035H13.3
1	109190912	109204148	ENSG00000162639	HENMT1
9	109625378	109775915	ENSG00000148143	ZNF462
1	36185819	36235568	ENSG00000092853	CLSPN
19	14903302	14946188	ENSG00000188269	OR7A5
3	53901093	53916229	ENSG00000113812	ACTR8
16	18802991	18813000	ENSG00000170540	ARL6IP1
3	48488114	48507115	ENSG00000164053	ATRIP
19	14909958	14911023	ENSG00000127530	OR7C1
X	149737069	149841795	ENSG00000171100	MTM1
19	14951760	14952689	ENSG00000127515	OR7A10
17	40177594	40217383	ENSG00000187595	ZNF385C
HSCHR6_MHC_MCF	31821595	31840030	ENSG00000224264	VARS
19	14991138	14992264	ENSG00000185385	OR7A17
4	15606162	15683302	ENSG00000118564	FBXL5
19	15052301	15053260	ENSG00000127529	OR7C2
5	178977559	179037027	ENSG00000176783	RUFY1
19	54024235	54083523	ENSG00000130844	ZNF331
20	34679426	34820721	ENSG00000088367	EPB41L1
1	155629237	155658791	ENSG00000163374	YY1AP1
X	107965300	107975917	ENSG00000260548	RP6-24A23.6
12	53585102	53601091	ENSG00000139626	ITGB7
9	109685630	109686455	ENSG00000242631	RP11-508N12.4
2	20448452	20551995	ENSG00000055917	PUM2
19	39306062	39322645	ENSG00000104823	ECH1
X	107975712	107979651	ENSG00000133124	IRS4
19	15060846	15133802	ENSG00000105143	SLC1A6
14	73945189	74025651	ENSG00000187105	HEATR4
X	108616135	108725301	ENSG00000101890	GUCY2F
10	114710009	114927437	ENSG00000148737	TCF7L2
1	109234945	109244425	ENSG00000134186	PRPF38B
9	110045418	110094475	ENSG00000119318	RAD23B
10	99218081	99258551	ENSG00000155229	MMS19
8	124191200	124222314	ENSG00000147689	FAM83A
12	4430371	4462338	ENSG00000078237	C12orf5
10	13359424	13390297	ENSG00000086475	SEPHS1
14	74003818	74010498	ENSG00000184227	ACOT1
16	89334512	89339452	ENSG00000268218	AC137932.1
19	15121556	15134081	ENSG00000160994	CCDC105
22	49808176	50051190	ENSG00000188511	C22orf34
X	108779010	108787919	ENSG00000101888	NXT2
14	51706880	51722759	ENSG00000139921	TMX1
3	53918437	53926015	ENSG00000113811	SELK
19	15160195	15169104	ENSG00000105141	CASP14
19	15197791	15199032	ENSG00000094661	OR1I1
X	108866929	108868393	ENSG00000176076	KCNE1L
12	4477393	4488894	ENSG00000118972	FGF23
7	16889581	16890349	ENSG00000270593	RP11-455J15.1
7	16903891	16905932	ENSG00000232400	RAD17P1
7	16928245	16928509	ENSG00000227965	AC098592.6
7	16977849	16978181	ENSG00000223867	AC098592.7
12	4537321	4554780	ENSG00000111241	FGF6
7	17072713	17073102	ENSG00000232841	AC098592.8
8	37620111	37637283	ENSG00000147471	PROSC
19	15218214	15225799	ENSG00000105137	SYDE1
16	89557325	89624176	ENSG00000197912	SPG7
7	17319458	17338981	ENSG00000237773	AC003075.4
11	125825691	125933230	ENSG00000064309	CDON
1	109255279	109285365	ENSG00000143107	FNDC7
9	110247133	110252763	ENSG00000136826	KLF4
15	81071684	81244117	ENSG00000103888	KIAA1199
12	65563351	65642107	ENSG00000174106	LEMD3
9	110539471	110540419	ENSG00000214645	AL162389.1
9	111616871	111619239	ENSG00000148156	ACTL7B
12	19556979	19873735	ENSG00000139154	AEBP2
9	111624603	111626035	ENSG00000187003	ACTL7A
12	4596894	4647674	ENSG00000047621	C12orf4
1	12290124	12572099	ENSG00000048707	VPS13D
X	108867473	108976632	ENSG00000068366	ACSL4
1	109289296	109352148	ENSG00000116266	STXBP3
17	16592851	16707767	ENSG00000170160	CCDC144A
19	39308111	39330818	ENSG00000268083	AC104534.3
17	32597240	32599261	ENSG00000108688	CCL7
22	50166931	50221160	ENSG00000100425	BRD1
X	149861435	149933576	ENSG00000063601	MTMR1
19	15225795	15236596	ENSG00000105135	ILVBL
1	36273773	36323491	ENSG00000134698	AGO4
14	74034324	74042357	ENSG00000119673	ACOT2
11	47269851	47290396	ENSG00000025434	NR1H3
HSCHR6_MHC_COX	29519995	29524308	ENSG00000228913	UBD
2	241938255	242034983	ENSG00000162804	SNED1
15	81188532	81202118	ENSG00000259649	RP11-351M8.1
3	155538813	155572218	ENSG00000169359	SLC33A1
4	57371509	57390614	ENSG00000196503	ARL9
15	81239667	81282219	ENSG00000117899	MESDC2
7	17412825	17412950	ENSG00000199473	SNORA63
4	57396775	57469673	ENSG00000249693	THEGL
7	17414491	17506288	ENSG00000236318	AC019117.1
7	17474101	17500296	ENSG00000236039	AC019117.2
20	34756461	34758180	ENSG00000269650	AL121895.1
19	39327028	39342987	ENSG00000104824	HNRNPL
7	17503069	17598533	ENSG00000226598	AC017060.1
9	111629797	111696396	ENSG00000070061	IKBKAP
7	17719173	17720283	ENSG00000228675	AC006482.1
7	18001702	18002652	ENSG00000236195	RNMTL1P2
11	126071993	126081587	ENSG00000165526	RPUSD4
7	18033058	18033123	ENSG00000265876	AC080080.1
HSCHR6_MHC_MCF	31841473	31851062	ENSG00000225998	LSM2
17	32612687	32615353	ENSG00000172156	CCL11
20	34824381	34858840	ENSG00000131043	AAR2
14	51955818	52197445	ENSG00000139926	FRMD6
2	170335688	170382432	ENSG00000163093	BBS5
3	35680437	35835988	ENSG00000172995	ARPP21
2	48756522	48826025	ENSG00000243244	STON1
22	50247490	50283726	ENSG00000100426	ZBED4
14	105190523	105213662	ENSG00000185100	ADSSL1
16	18816175	18937776	ENSG00000157106	SMG1
HSCHR6_MHC_MCF	31897466	31898321	ENSG00000257383	CR759784.1
6	130152389	130182692	ENSG00000203756	TMEM244
4	57514155	57548065	ENSG00000171476	HOPX
5	76924538	76935513	ENSG00000171540	OTP
19	54102882	54106751	ENSG00000268864	CTB-167G5.5
4	95679119	96079599	ENSG00000138696	BMPR1B
3	54156574	55108584	ENSG00000157445	CACNA2D3
1	36335409	36395211	ENSG00000092847	AGO1
2	43393800	43823185	ENSG00000115970	THADA
19	54135310	54140263	ENSG00000204595	DPRX
22	50293877	50312106	ENSG00000182858	ALG12
16	57702099	57723975	ENSG00000182885	GPR97
5	76986991	77164604	ENSG00000171530	TBCA
7	55433141	55501435	ENSG00000132434	LANCL2
X	70586114	70752224	ENSG00000147133	TAF1
HSCHR6_MHC_MCF	31897853	31898542	ENSG00000257601	CR759784.2
HSCHR6_MHC_COX	29552288	29553350	ENSG00000229185	OR2H2
16	89627065	89630950	ENSG00000167526	RPL13
20	34894258	35157040	ENSG00000080845	DLGAP4
8	124232196	124253638	ENSG00000189376	C8orf76
HSCHR6_MHC_MCF	31901917	31907164	ENSG00000227129	NEU1
7	128828713	128853386	ENSG00000128602	SMO
1	109358520	109506106	ENSG00000162641	AKNAD1
11	78147007	78285919	ENSG00000137513	NARS2
14	74058410	74063200	ENSG00000177465	ACOT4
14	74077649	74086592	ENSG00000205669	ACOT6
6	32902406	32908847	ENSG00000242574	HLA-DMB
8	70579282	70747299	ENSG00000137571	SLCO5A1
8	124238431	124279627	ENSG00000259305	ZHX1-C8ORF76
9	111696461	111713024	ENSG00000119328	FAM206A
11	126081309	126132881	ENSG00000197798	FAM118B
15	81293295	81296342	ENSG00000140406	MESDC1
19	15270444	15311792	ENSG00000074181	NOTCH3
6	130334844	130462594	ENSG00000198945	L3MBTL3
2	170335990	170382432	ENSG00000251569	RP11-724O16.1
15	81299374	81441516	ENSG00000156206	C15orf26
14	74111578	74170435	ENSG00000119661	DNAL1
19	54296857	54327648	ENSG00000142405	NLRP12
8	124260696	124287781	ENSG00000165156	ZHX1
2	170366212	170382772	ENSG00000239474	KLHL41
8	70850403	70850635	ENSG00000269197	AC090574.1
17	76210267	76221717	ENSG00000089685	BIRC5
19	39358470	39368919	ENSG00000187994	RINL
8	70963886	70983928	ENSG00000147596	PRDM14
22	50311815	50321188	ENSG00000184164	CRELD2
11	78363876	79151992	ENSG00000149256	TENM4
12	4647950	4669214	ENSG00000111247	RAD51AP1
12	20522179	20837315	ENSG00000172572	PDE3A
4	57676026	57687908	ENSG00000128040	SPINK2
1	109417972	109477167	ENSG00000121957	GPSM2
11	126132814	126139039	ENSG00000182934	SRPR
4	96083655	96470357	ENSG00000182168	UNC5C
7	128864864	129070052	ENSG00000158467	AHCYL2
9	111704851	111775809	ENSG00000119326	CTNNAL1
5	77296349	77590579	ENSG00000132842	AP3B1
1	155657751	155708801	ENSG00000132676	DAP3
16	89642176	89663654	ENSG00000178773	CPNE7
8	37641709	37702414	ENSG00000020181	GPR124
19	54369477	54379691	ENSG00000179820	MYADM
11	82443053	82444906	ENSG00000182103	FAM181B
19	3052908	3063105	ENSG00000104964	AES
2	135596117	135659604	ENSG00000153086	ACMSD
16	57728705	57765717	ENSG00000159625	CCDC135
2	242011584	242041747	ENSG00000122085	MTERFD2
8	71021997	71316040	ENSG00000140396	NCOA2
15	81451916	81605104	ENSG00000172349	IL16
12	20848289	20906320	ENSG00000139155	SLCO1C1
17	40253422	40264751	ENSG00000108771	DHX58
HSCHR6_MHC_MCF	31907450	31923299	ENSG00000229077	SLC44A4
1	36396319	36538101	ENSG00000126070	AGO3
3	48506445	48509044	ENSG00000213689	TREX1
6	32905141	32920899	ENSG00000248993	XXbac-BPG181M17.5
11	82534544	82681626	ENSG00000137509	PRCP
4	57774075	57802010	ENSG00000084093	REST
19	3094408	3124002	ENSG00000088256	GNA11
19	54382444	54410906	ENSG00000126583	PRKCG
19	15337730	15344246	ENSG00000105131	EPHX3
8	124332090	124428590	ENSG00000156802	ATAD2
4	15683285	15707188	ENSG00000237765	FAM200B
9	111777432	111882225	ENSG00000106771	TMEM245
2	170386259	170430385	ENSG00000138399	FASTKD1
22	50354161	50357728	ENSG00000198355	PIM3
X	109245859	109425962	ENSG00000157600	TMEM164
19	3136191	3163767	ENSG00000060558	GNA15
7	55503749	55640681	ENSG00000154978	VOPP1
3	184089723	184095932	ENSG00000090534	THPO
1	109472130	109506111	ENSG00000121940	CLCC1
19	3172344	3180329	ENSG00000125910	S1PR4
4	57829536	57844989	ENSG00000084092	NOA1
20	35169887	35178228	ENSG00000101335	MYL9
5	56469775	56560506	ENSG00000062194	GPBP1
9	111892573	111929571	ENSG00000260230	FRRS1L
19	15347647	15443356	ENSG00000141867	BRD4
8	37700786	37707422	ENSG00000104221	BRF2
1	12627939	12677737	ENSG00000162496	DHRS3
20	35201891	35222353	ENSG00000118707	TGIF2
19	39369197	39390502	ENSG00000068903	SIRT2
7	93053799	93204042	ENSG00000004948	CALCR
9	111934255	112083244	ENSG00000095203	EPB41L4B
6	32916390	32936871	ENSG00000204257	HLA-DMA
20	35202956	35240787	ENSG00000259399	TGIF2-C20orf24
4	96761239	96762625	ENSG00000163114	PDHA2
3	125822412	125916837	ENSG00000144908	ALDH1L1
11	126138950	126148026	ENSG00000110074	FOXRED1
HSCHR6_MHC_COX	29621355	29636747	ENSG00000237834	MOG
19	3185561	3209573	ENSG00000125912	NCLN
4	98105244	99064391	ENSG00000163116	STPG2
20	35234137	35240960	ENSG00000101084	C20orf24
17	80787311	80798454	ENSG00000141579	ZNF750
4	15704573	15739936	ENSG00000109743	BST1
7	24836158	25021253	ENSG00000070882	OSBPL3
11	82611017	82669319	ENSG00000165490	C11orf82
4	57843888	57897334	ENSG00000047315	POLR2B
16	57769642	57791162	ENSG00000140854	KATNB1
14	74178494	74181128	ENSG00000176903	PNMA1
3	48509197	48542259	ENSG00000164054	SHISA5
5	179041179	179061785	ENSG00000169045	HNRNPH1
X	149934810	150067289	ENSG00000102181	CD99L2
17	80900031	81009686	ENSG00000175711	B3GNTL1
15	81601394	81616524	ENSG00000172345	STARD5
1	12704566	12727097	ENSG00000204518	AADACL4
2	135675805	135716912	ENSG00000082258	CCNT2
1	12776118	12788726	ENSG00000188984	AADACL3
9	112137746	112260590	ENSG00000070159	PTPN3
8	37716136	37756985	ENSG00000156675	RAB11FIP1
1	12806163	12823847	ENSG00000157330	C1orf158
16	18995256	19075264	ENSG00000170537	TMC7
1	36549676	36553876	ENSG00000092850	TEKT2
20	35240721	35274619	ENSG00000101082	SLA2
3	184097861	184108524	ENSG00000090539	CHRD
19	15464196	15490609	ENSG00000105127	AKAP8
HSCHR6_MHC_MCF	31924012	31941947	ENSG00000238134	EHMT2
1	109512836	109584850	ENSG00000085433	WDR47
16	89679716	89704839	ENSG00000015413	DPEP1
X	109437414	109683461	ENSG00000101935	AMMECR1
17	76210462	76220740	ENSG00000268310	AC087645.1
1	36554476	36559533	ENSG00000116863	ADPRHL2
14	74181825	74256988	ENSG00000156030	ELMSAN1
17	76227391	76237068	ENSG00000204278	TMEM235
11	82684175	82782965	ENSG00000137502	RAB30
1	36560837	36590821	ENSG00000171812	COL8A2
15	81623558	81666554	ENSG00000188869	TMC3
19	3224701	3297074	ENSG00000161082	CELF5
9	112403068	112713755	ENSG00000243444	PALM2
17	76352864	76356158	ENSG00000184557	SOCS3
14	52292913	52446060	ENSG00000186469	GNG2
14	24590560	24601038	ENSG00000259371	RP11-468E2.6
14	24600484	24602058	ENSG00000139914	FITM1
12	53604354	53626764	ENSG00000172819	RARG
16	89710839	89724253	ENSG00000131165	CHMP1A
1	36602173	36615098	ENSG00000054116	TRAPPC3
X	70752933	70795747	ENSG00000147162	OGT
1	109605108	109618624	ENSG00000197780	TAF13
8	71485677	71520622	ENSG00000067167	TRAM1
14	92524896	92572965	ENSG00000066427	ATXN3
1	12834984	12838049	ENSG00000116726	PRAMEF12
1	109632425	109639556	ENSG00000215717	TMEM167B
1	12851546	12856777	ENSG00000116721	PRAMEF1
7	55861237	55930482	ENSG00000154997	SEPT14
9	112542589	112934792	ENSG00000157654	PALM2-AKAP2
4	99182535	99365012	ENSG00000138698	RAP1GDS1
3	191178952	191179245	ENSG00000253548	PYDC2
12	100041531	100043824	ENSG00000180219	FAM71C
7	55954970	56022932	ENSG00000249773	MRPS17
6	32936437	32949282	ENSG00000204256	BRD2
1	12884468	12891264	ENSG00000204513	PRAMEF11
1	12907261	12908578	ENSG00000179172	HNRNPCL1
X	109589700	109590201	ENSG00000133136	GNG5P2
16	89724210	89737680	ENSG00000167523	SPATA33
1	109648573	109656479	ENSG00000179902	C1orf194
7	55955169	56009918	ENSG00000178665	ZNF713
16	19078921	19091417	ENSG00000167186	COQ7
1	12916941	12921764	ENSG00000120952	PRAMEF2
14	52382863	52385289	ENSG00000258928	RP11-463J10.2
14	24605367	24608176	ENSG00000092010	PSME1
1	12939045	12946025	ENSG00000243073	PRAMEF4
14	52436014	52436247	ENSG00000267802	AL358333.1
17	40265126	40273376	ENSG00000108773	KAT2A
X	109602044	109699562	ENSG00000243978	RGAG1
17	1397865	1420182	ENSG00000132376	INPP5K
22	50432942	50451088	ENSG00000188263	IL17REL
1	12952727	12958101	ENSG00000187545	PRAMEF10
8	71485681	71486671	ENSG00000213002	AC120194.1
8	71520812	71575514	ENSG00000246366	RP11-382J12.1
14	52456193	52471420	ENSG00000087302	C14orf166
1	12976450	12980569	ENSG00000204510	PRAMEF7
20	35280169	35374481	ENSG00000101079	NDRG3
2	135722061	135805038	ENSG00000176601	MAP3K19
4	15779898	15854853	ENSG00000004468	CD38
6	130465460	130686570	ENSG00000164483	SAMD3
9	112542769	112934792	ENSG00000241978	AKAP2
14	105219437	105234831	ENSG00000184990	SIVA1
22	50453552	50495364	ENSG00000138892	TTLL8
1	36621180	36646450	ENSG00000116871	MAP7D1
1	12998181	13117751	ENSG00000232423	PRAMEF6
9	112952328	112970469	ENSG00000188959	C9orf152
17	16593575	16707767	ENSG00000266302	RP11-219A15.1
8	37791799	37797647	ENSG00000169154	GOT1L1
7	56019486	56067874	ENSG00000146729	GBAS
16	89747145	89762772	ENSG00000185324	CDK10
3	54952264	55001115	ENSG00000144771	LRTM1
9	113006091	113018920	ENSG00000136810	TXN
8	37820516	37824483	ENSG00000188778	ADRB3
19	3359561	3469215	ENSG00000141905	NFIC
17	16832849	16875432	ENSG00000240505	TNFRSF13B
8	37887859	37917883	ENSG00000187840	EIF4EBP1
15	82334119	82338482	ENSG00000183496	MEX3B
3	36421836	36589499	ENSG00000144681	STAC
15	82380935	82390035	ENSG00000259518	RP11-597K23.2
X	109917084	110039286	ENSG00000101938	CHRDL1
11	82868030	82898493	ENSG00000165494	PCF11
2	170440850	170497916	ENSG00000138398	PPIG
3	55499743	55523973	ENSG00000114251	WNT5A
12	100422233	100536626	ENSG00000111647	UHRF1BP1L
9	113065801	113100127	ENSG00000204193	TXNDC8
22	50497820	50524331	ENSG00000100427	MLC1
16	57792129	57896957	ENSG00000140859	KIFC3
1	109656301	109749401	ENSG00000116299	KIAA1324
1	13035543	13038381	ENSG00000204508	PRAMEF22
8	124428965	124479470	ENSG00000156795	WDYHV1
2	48757064	49003654	ENSG00000068781	STON1-GTF2A1L
1	13052394	13052998	ENSG00000239810	WI2-3308P17.2
16	19125254	19132946	ENSG00000205730	ITPRIPL2
1	13216356	13219581	ENSG00000229571	PRAMEF26
15	82422571	82555104	ENSG00000140598	EFTUD1
14	74318547	74353530	ENSG00000140043	PTGR2
16	19125324	19184900	ENSG00000261427	CTD-2349B8.1
5	77781038	78065844	ENSG00000145685	LHFPL2
8	71547553	71581409	ENSG00000147592	LACTB2
1	13328196	13331692	ENSG00000204503	PRAMEF3
17	76374721	76421195	ENSG00000087157	PGS1
12	4671370	4723325	ENSG00000010219	DYRK4
8	37962760	38001594	ENSG00000129691	ASH2L
11	126152960	126168740	ENSG00000150455	TIRAP
17	40271692	40306934	ENSG00000267261	CTD-2132N18.3
1	13359819	13369057	ENSG00000204502	PRAMEF5
17	40274756	40275371	ENSG00000197723	HSPB9
17	81037567	81052864	ENSG00000176845	METRNL
X	150148982	150159248	ENSG00000029993	HMGB3
19	39390340	39399533	ENSG00000104825	NFKBIB
8	71581600	71702606	ENSG00000221947	XKR9
11	126164193	126174213	ENSG00000255062	RP11-712L6.5
16	19179293	19279652	ENSG00000103528	SYT17
14	24608174	24610797	ENSG00000100908	EMC9
14	105235686	105262088	ENSG00000142208	AKT1
17	40276994	40307035	ENSG00000108774	RAB5C
X	150345125	150349937	ENSG00000102195	GPR50
11	126173647	126215644	ENSG00000110063	DCPS
1	155719508	155829191	ENSG00000116580	GON4L
19	39399620	39402798	ENSG00000262484	CCER2
4	57896939	57976551	ENSG00000163453	IGFBP7
5	56775846	56778636	ENSG00000169067	ACTBL2
2	242045514	242089679	ENSG00000115687	PASK
5	78073032	78281910	ENSG00000113273	ARSB
8	124510129	124553446	ENSG00000156804	FBXO32
11	82904781	82971736	ENSG00000137494	ANKRD42
4	15937192	15940363	ENSG00000137440	FGFBP1
12	20963636	21243040	ENSG00000111700	SLCO1B3
7	25159710	25164980	ENSG00000172115	CYCS
19	3474405	3480540	ENSG00000095932	C19orf77
4	15961866	15970932	ENSG00000137441	FGFBP2
17	4961	5048	ENSG00000273288	AC108004.5
17	33615	41378	ENSG00000273172	AC108004.2
17	171183	172244	ENSG00000262920	RP11-1260E13.1
5	57749809	57756087	ENSG00000145632	PLK2
X	150564987	150577836	ENSG00000160131	VMA21
16	19297061	19333467	ENSG00000261210	CLEC19A
17	180996	183279	ENSG00000262061	RP11-1260E13.4
1	13386646	13390765	ENSG00000182330	PRAMEF8
2	170501935	170550943	ENSG00000154479	CCDC173
9	113127531	113342160	ENSG00000165124	SVEP1
19	3490819	3500938	ENSG00000129932	DOHH
1	13421176	13428191	ENSG00000204501	PRAMEF9
17	202429	207372	ENSG00000262294	RP11-1260E13.2
17	204528	206673	ENSG00000262558	RP11-1260E13.3
20	35380194	35402221	ENSG00000149636	DSN1
17	254326	263814	ENSG00000241525	AC108004.3
19	39405906	39440495	ENSG00000104835	SARS2
11	47290712	47351582	ENSG00000110514	MADD
4	99391518	99579780	ENSG00000168785	TSPAN5
1	13447414	13452656	ENSG00000204495	PRAMEF13
3	55542336	56502391	ENSG00000187672	ERC2
14	24612574	24616779	ENSG00000100911	PSME2
2	170550975	170558218	ENSG00000144362	PHOSPHO2
12	100592900	100635643	ENSG00000075089	ACTR6
22	50528308	50600119	ENSG00000073146	MOV10L1
3	191857184	192485553	ENSG00000114279	FGF12
1	13474689	13477522	ENSG00000204491	PRAMEF18
17	406411	414587	ENSG00000263015	RP5-1029F21.3
6	130686879	130764208	ENSG00000164484	TMEM200A
17	426380	443816	ENSG00000263300	RP5-1029F21.4
19	15490859	15529952	ENSG00000011243	AKAP8L
1	13495254	13498260	ENSG00000204488	PRAMEF16
6	131148546	131158275	ENSG00000256162	SMLR1
1	109756540	109780791	ENSG00000031698	SARS
6	32971955	32977389	ENSG00000204252	HLA-DOA
8	72109668	72274467	ENSG00000104313	EYA1
3	48555117	48599448	ENSG00000114268	PFKFB4
X	150732094	150845211	ENSG00000166049	PASD1
7	93220885	93540577	ENSG00000127928	GNGT1
17	455806	456657	ENSG00000262905	RP5-1029F21.2
16	89749028	89752977	ENSG00000260259	RP11-368I7.4
12	104697517	104698980	ENSG00000255150	EID3
8	124657767	124665190	ENSG00000175946	KLHL38
16	89762751	89768113	ENSG00000158792	SPATA2L
15	82555151	82577271	ENSG00000188659	FAM154B
3	184119325	184157436	ENSG00000224153	RP11-433C9.2
7	93514709	93520303	ENSG00000105825	TFPI2
15	82635130	82641706	ENSG00000205281	GOLGA6L10
3	184279572	184300197	ENSG00000182580	EPHB3
8	124693034	124749647	ENSG00000104537	ANXA13
7	25174316	25219975	ENSG00000153790	C7orf31
16	89773542	89787394	ENSG00000075399	VPS9D1
5	78293438	78531861	ENSG00000132837	DMGDH
15	82722223	82731338	ENSG00000197978	GOLGA6L9
12	104849073	105155792	ENSG00000171310	CHST11
16	19421818	19510435	ENSG00000103534	TMC5
9	113431051	113563859	ENSG00000030304	MUSK
17	16945859	17120993	ENSG00000133030	MPRIP
19	39406044	39440495	ENSG00000269547	CTC-360G5.8
11	126225535	126310239	ENSG00000110080	ST3GAL4
3	36753913	36781352	ENSG00000163673	DCLK3
11	82970139	82997450	ENSG00000137500	CCDC90B
15	82821158	82824972	ENSG00000184779	RPS17
X	150863596	150874396	ENSG00000130032	PRRG3
19	39421188	39423802	ENSG00000128626	MRPS12
17	40308909	40333296	ENSG00000089558	KCNH4
17	519242	519835	ENSG00000262708	RP11-411G7.2
17	560034	560787	ENSG00000244097	RPS4XP17
17	655900	658576	ENSG00000231784	DBIL5P
3	184428156	184429836	ENSG00000177383	MAGEF1
3	192514604	192635950	ENSG00000180611	MB21D2
19	15532319	15560762	ENSG00000011451	WIZ
4	15964699	16086001	ENSG00000007062	PROM1
2	170550998	170633499	ENSG00000213160	KLHL23
1	109792641	109818372	ENSG00000143126	CELSR2
14	52471521	52535712	ENSG00000087303	NID2
12	20968608	21243179	ENSG00000257046	LST3
17	76419778	76573476	ENSG00000187775	DNAH17
4	99792835	99851788	ENSG00000151247	EIF4E
9	113635543	113800981	ENSG00000198121	LPAR1
3	192958914	192995527	ENSG00000127252	HRASLS
14	74318674	74398981	ENSG00000258653	RP5-1021I20.4
17	666805	668559	ENSG00000196737	AC087392.1
16	57832098	57850850	ENSG00000187185	CTD-2600O9.1
17	666805	668559	ENSG00000262228	RP11-676J12.4
17	692984	693765	ENSG00000262434	RP11-676J12.8
17	781142	783333	ENSG00000262133	RP11-676J12.6
17	862274	862606	ENSG00000263017	RP11-356I18.1
17	885276	885361	ENSG00000265403	AC015884.1
16	89786808	89807311	ENSG00000158805	ZNF276
17	925716	925799	ENSG00000264429	MIR3183
17	1085187	1088380	ENSG00000235361	AC016292.1
17	1145233	1157294	ENSG00000262213	AC144836.1
17	1327767	1329778	ENSG00000262777	RP11-818O24.3
3	36868311	36986548	ENSG00000168016	TRANK1
9	114089763	114090800	ENSG00000171133	OR2K2
1	13516066	13526943	ENSG00000204486	PRAMEF21
19	54412589	54447195	ENSG00000105605	CACNG7
20	35405845	35492089	ENSG00000149639	SOGA1
X	150884507	150891666	ENSG00000147378	FATE1
1	13641973	13648988	ENSG00000157358	PRAMEF15
7	56019512	56024192	ENSG00000239789	MRPS17
6	33032346	33048552	ENSG00000231389	HLA-DPA1
19	54466294	54493469	ENSG00000142408	CACNG8
19	3506271	3538328	ENSG00000105325	FZR1
7	129074274	129128240	ENSG00000128578	STRIP2
HSCHR6_MHC_MCF	31942047	31989896	ENSG00000226560	C2
7	25264189	25268105	ENSG00000105954	NPVF
1	13668269	13673511	ENSG00000204481	PRAMEF14
1	155829300	155854990	ENSG00000132718	SYT11
17	1420225	1421390	ENSG00000236618	PITPNA-AS1
19	54495542	54515923	ENSG00000130433	CACNG6
17	1507670	1507966	ENSG00000243704	RN7SL105P
16	57917503	58005020	ENSG00000070729	CNGB1
1	13694889	13698405	ENSG00000204480	PRAMEF19
7	26191860	26226745	ENSG00000050344	NFE2L3
15	82930438	82939159	ENSG00000215749	GOLGA6L18
1	13716092	13719089	ENSG00000204479	PRAMEF17
7	56078744	56119297	ENSG00000146733	PSPH
1	36690017	36770958	ENSG00000054118	THRAP3
19	39432044	39466550	ENSG00000269190	FBXO17
7	129142320	129152773	ENSG00000240204	SMKR1
15	83011379	83018198	ENSG00000259243	GOLGA6L19
8	124780696	124827692	ENSG00000176853	FAM91A1
1	13736907	13747803	ENSG00000204478	PRAMEF20
6	131160487	131384462	ENSG00000079819	EPB41L2
1	13801445	13840543	ENSG00000162494	LRRC38
10	5990855	6020150	ENSG00000134470	IL15RA
15	83098710	83108085	ENSG00000196648	GOLGA6L20
2	170648443	170668574	ENSG00000138385	SSB
19	54544079	54567207	ENSG00000189068	VSTM1
14	52734431	52743442	ENSG00000168229	PTGDR
19	39481354	39523425	ENSG00000161243	FBXO27
12	4714110	4771809	ENSG00000272921	RP11-500M8.7
20	35504524	35522638	ENSG00000101342	TLDC2
7	26229547	26241149	ENSG00000122566	HNRNPA2B1
10	13480484	13570974	ENSG00000165626	BEND7
1	155867599	155881195	ENSG00000143622	RIT1
8	38001167	38008783	ENSG00000147465	STAR
X	150906923	150913776	ENSG00000183862	CNGA2
7	129251555	129396922	ENSG00000106459	NRF1
1	13909960	13944452	ENSG00000162493	PDPN
1	36771988	36790484	ENSG00000214193	SH3D21
19	3538259	3574288	ENSG00000161091	MFSD12
19	15562435	15575382	ENSG00000105122	RASAL3
15	83205504	83209315	ENSG00000182774	RPS17L
14	74353320	74399214	ENSG00000119725	ZNF410
19	54573149	54584634	ENSG00000248385	TARM1
17	1519486	1519589	ENSG00000238946	snoU13
19	39574553	39602133	ENSG00000183760	PAPL
8	38020839	38034248	ENSG00000175324	LSM1
9	114122972	114247025	ENSG00000136813	KIAA0368
22	50609160	50618723	ENSG00000073150	PANX2
1	109822178	109825808	ENSG00000134222	PSRC1
7	56119323	56131682	ENSG00000146731	CCT6A
17	1614805	1620468	ENSG00000186594	MIR22HG
1	36787632	36789755	ENSG00000142694	EVA1B
2	135809835	135933964	ENSG00000115839	RAB3GAP1
3	37027357	37034795	ENSG00000178567	EPM2AIP1
1	36789335	36794822	ENSG00000116883	RP11-268J15.5
X	151080981	151093642	ENSG00000147381	MAGEA4
12	53645035	53648189	ENSG00000182544	MFSD5
X	70798261	70833433	ENSG00000147174	ACRC
20	35518632	35580246	ENSG00000101347	SAMHD1
19	54597933	54606000	ENSG00000170909	OSCAR
19	15579456	15609767	ENSG00000161031	PGLYRP2
16	19513015	19533467	ENSG00000006007	GDE1
10	115310596	115349361	ENSG00000148702	HABP2
8	38034051	38070819	ENSG00000156735	BAG4
22	50624344	50638027	ENSG00000170638	TRABD
1	36805225	36851497	ENSG00000196182	STK40
19	3539152	3544028	ENSG00000183397	C19orf71
1	109834987	109849663	ENSG00000221986	MYBPHL
12	48128455	48164823	ENSG00000079337	RAPGEF3
4	99916771	99983964	ENSG00000164024	METAP1
15	83208783	83224682	ENSG00000260836	RP11-152F13.10
5	57787262	57792917	ENSG00000175857	GAPT
1	14026693	14151574	ENSG00000116731	PRDM2
12	4724674	4758213	ENSG00000111254	AKAP3
15	83209620	83231124	ENSG00000261086	RP11-379H8.1
16	58010339	58022020	ENSG00000159648	TEPP
12	53662083	53687427	ENSG00000135476	ESPL1
19	54606036	54612564	ENSG00000170906	NDUFA3
3	192992579	193096632	ENSG00000187527	ATP13A5
5	57837394	57854070	ENSG00000250127	CTD-2117L12.1
HSCHR6_MHC_MCF	31943870	31946255	ENSG00000234196	ZBTB12
1	155882834	155904191	ENSG00000132680	KIAA0907
6	33043703	33054978	ENSG00000223865	HLA-DPB1
HSCHR6_MHC_MCF	31955270	31955515	ENSG00000257733	CR759782.1
14	52781023	52795324	ENSG00000125384	PTGER2
12	20968673	21245679	ENSG00000205754	SLCO1B7
4	62066976	62944053	ENSG00000150471	LPHN3
19	15619304	15663128	ENSG00000171954	CYP4F22
16	19535133	19564730	ENSG00000103540	CCP110
14	52897308	53019240	ENSG00000087301	TXNDC16
8	38082736	38133076	ENSG00000085788	DDHD2
16	89803957	89883065	ENSG00000187741	FANCA
19	54610320	54619055	ENSG00000105619	TFPT
17	1629042	1641879	ENSG00000262791	RP11-961A15.1
9	114287439	114340124	ENSG00000173258	ZNF483
17	1733135	1733217	ENSG00000265504	AC130689.1
16	58028572	58034357	ENSG00000166188	ZNF319
8	124864227	125132302	ENSG00000214814	FER1L6
17	1761333	1761740	ENSG00000108958	AC016292.3
1	109852192	109940573	ENSG00000134243	SORT1
6	30875961	30881883	ENSG00000213780	GTF2H4
3	126061478	126076285	ENSG00000163884	KLF15
HSCHR6_MHC_MCF	31989874	31996308	ENSG00000243570	CFB
11	126293254	126873355	ENSG00000149571	KIRREL3
5	78365540	78385289	ENSG00000132840	BHMT2
2	242088991	242123067	ENSG00000115685	PPP1R7
1	155911480	155912625	ENSG00000173080	RXFP4
8	125324231	125384933	ENSG00000164983	TMEM65
17	1898908	1906965	ENSG00000262445	CTD-2545H1.2
16	58033450	58055522	ENSG00000103005	USB1
17	1921010	1924000	ENSG00000228133	AC099684.1
17	1923246	1926958	ENSG00000262869	CTD-2545H1.1
15	83211951	83317612	ENSG00000214575	CPEB1
17	1946194	1946719	ENSG00000262533	RP11-667K14.4
17	1946769	1948262	ENSG00000263050	RP11-667K14.3
3	126113782	126155399	ENSG00000163885	CCDC37
12	4758261	4798454	ENSG00000139180	NDUFA9
3	184529931	184770402	ENSG00000156931	VPS8
1	36856839	36863493	ENSG00000181817	LSM10
4	99992132	100009952	ENSG00000197894	ADH5
X	70835766	70838367	ENSG00000186810	CXCR3
3	56591189	56655846	ENSG00000180376	CCDC66
9	114312002	114362135	ENSG00000106853	PTGR1
19	3572775	3579086	ENSG00000064961	HMG20B
5	57878048	58155213	ENSG00000152932	RAB3C
22	50639408	50656045	ENSG00000073169	SELO
X	71130938	71363424	ENSG00000204131	NHSL2
5	179068545	179072047	ENSG00000204661	C5orf60
1	109941653	109969062	ENSG00000143106	PSMA5
7	102178365	102213103	ENSG00000168255	POLR2J3
7	129470572	129592789	ENSG00000186591	UBE2H
3	48599160	48601206	ENSG00000145040	UCN2
1	36881428	36916086	ENSG00000116885	OSCP1
X	71346958	71351758	ENSG00000242732	RGAG4
12	105196331	105352522	ENSG00000136052	SLC41A2
X	151121596	151143152	ENSG00000102287	GABRE
5	179078298	179079445	ENSG00000228259	AC136604.1
5	179105584	179107975	ENSG00000204659	CBY3
19	15751707	15773635	ENSG00000186529	CYP4F3
14	105266933	105271049	ENSG00000179627	ZBTB42
9	114393632	114432508	ENSG00000059769	DNAJC25
11	47352957	47374253	ENSG00000134571	MYBPC3
1	110009180	110024759	ENSG00000143028	SYPL2
20	35624752	35724398	ENSG00000080839	RBL1
9	114393666	114432509	ENSG00000244115	DNAJC25-GNG10
7	102181948	102232891	ENSG00000270249	RP11-514P8.7
19	39616410	39673456	ENSG00000130669	PAK4
8	125463048	125474391	ENSG00000183665	TRMT12
9	114423615	114432526	ENSG00000242616	GNG10
22	50656118	50683421	ENSG00000128159	TUBGCP6
8	125486979	125500155	ENSG00000170881	RNF139
7	102191679	102202755	ENSG00000205238	SPDYE2
16	58059470	58080805	ENSG00000102996	MMP15
3	37034823	37107380	ENSG00000076242	MLH1
17	1421012	1466110	ENSG00000174238	PITPNA
1	110026101	110035426	ENSG00000162650	ATXN7L2
2	216225163	216300895	ENSG00000115414	FN1
19	39687601	39692524	ENSG00000188505	NCCRP1
X	110187513	110470589	ENSG00000077264	PAK3
11	128328656	128457453	ENSG00000134954	ETS1
19	39693471	39694906	ENSG00000179751	SYCN
17	40336078	40337470	ENSG00000161610	HCRT
14	105331617	105363107	ENSG00000099814	CEP170B
19	39734246	39735646	ENSG00000197110	IFNL3
5	179105629	179157926	ENSG00000127022	CANX
19	39737773	39739219	ENSG00000272395	IFNL4
19	39759154	39760732	ENSG00000183709	IFNL2
19	15783567	15807984	ENSG00000186204	CYP4F12
12	21200113	21329829	ENSG00000257062	RP11-125O5.2
1	110036674	110045554	ENSG00000174151	CYB561D1
19	39786965	39789313	ENSG00000182393	IFNL1
19	39797208	39805976	ENSG00000128011	LRFN1
9	114448453	114557288	ENSG00000165181	C9orf84
17	17104309	17109629	ENSG00000179598	PLD6
12	21284136	21392180	ENSG00000134538	SLCO1B1
8	72315675	72504260	ENSG00000253379	RP11-1102P16.1
8	125500726	125551699	ENSG00000147687	TATDN1
17	40340817	40346531	ENSG00000167925	GHDC
7	102220093	102257204	ENSG00000105808	RASA4
15	83328033	83378666	ENSG00000103723	AP3B2
1	110046797	110052360	ENSG00000181754	AMIGO1
HSCHR6_MHC_MCF	31996311	32003316	ENSG00000229363	NELFE
11	128556430	128683162	ENSG00000151702	FLI1
8	72740402	73030628	ENSG00000235531	RP11-383H13.1
16	58147496	58163354	ENSG00000070761	C16orf80
3	48601506	48632700	ENSG00000114270	COL7A1
19	39818993	39833012	ENSG00000130755	GMFG
8	72753784	72756703	ENSG00000178860	MSC
16	19566562	19718115	ENSG00000103544	C16orf62
1	110082494	110091028	ENSG00000156097	GPR61
11	83166055	85338966	ENSG00000150672	DLG2
7	129658126	129691291	ENSG00000091732	ZC3HC1
9	114659046	114697649	ENSG00000148154	UGCG
2	43449541	43453748	ENSG00000152518	ZFP36L2
2	48844937	48960287	ENSG00000242441	GTF2A1L
16	58191811	58231824	ENSG00000070770	CSNK2A2
19	54618837	54635140	ENSG00000105618	PRPF31
1	36921319	36930038	ENSG00000116898	MRPS15
1	110091233	110136975	ENSG00000065135	GNAI3
2	242127924	242164792	ENSG00000146205	ANO7
5	58264865	59817947	ENSG00000113448	PDE4D
10	115348475	115423886	ENSG00000197893	NRAP
8	72932152	72987852	ENSG00000104321	TRPA1
17	17105963	17140499	ENSG00000264187	RP11-45M22.4
11	167784	207428	ENSG00000177951	BET1L
20	35724188	35725581	ENSG00000269846	RBL1
12	21417534	21572528	ENSG00000084453	SLCO1A2
16	58265061	58317740	ENSG00000103021	CCDC113
2	43864412	43995126	ENSG00000152527	PLEKHH2
4	100044808	100078949	ENSG00000198099	ADH4
17	17115526	17140502	ENSG00000154803	FLCN
1	110145889	110155679	ENSG00000134183	GNAT2
5	179159851	179223512	ENSG00000161021	MAML1
19	15838834	15839862	ENSG00000171942	OR10H2
19	15852203	15853153	ENSG00000171936	OR10H3
4	65140975	65275186	ENSG00000205678	TECRL
1	155916630	155976861	ENSG00000116584	ARHGEF2
19	15904761	15905892	ENSG00000172519	OR10H5
17	7128660	7137864	ENSG00000004975	DVL2
19	15917817	15918936	ENSG00000186723	OR10H1
19	39833036	39876350	ENSG00000179134	SAMD4B
5	179220981	179223648	ENSG00000213316	LTC4S
9	114803065	114937688	ENSG00000106868	SUSD1
X	151301782	151307033	ENSG00000124260	MAGEA10
19	15988833	16008930	ENSG00000186115	CYP4F2
8	73449626	73850584	ENSG00000182674	KCNB2
3	126156444	126194762	ENSG00000070476	ZXDC
19	3585551	3593539	ENSG00000179855	GIPC3
20	35729629	35807991	ENSG00000101353	MROH8
19	3594504	3606838	ENSG00000006638	TBXA2R
4	100123795	100140694	ENSG00000172955	ADH6
19	54641444	54659419	ENSG00000088038	CNOT3
8	73921099	73960357	ENSG00000147601	TERF1
17	1472561	1532180	ENSG00000167703	SLC43A2
16	89884587	89937727	ENSG00000204991	SPIRE2
3	100941390	101039404	ENSG00000081148	IMPG2
14	24615892	24629870	ENSG00000092098	RNF31
12	100597447	100660857	ENSG00000166153	DEPDC4
1	36931644	36948879	ENSG00000119535	CSF3R
16	58313901	58328951	ENSG00000103023	PRSS54
14	53019866	53104431	ENSG00000180998	GPR137C
12	53689075	53693234	ENSG00000123349	PFDN5
1	14925200	15444539	ENSG00000189337	KAZN
X	151334706	151619830	ENSG00000011677	GABRA3
16	58328984	58440048	ENSG00000181938	GINS3
19	3610639	3626813	ENSG00000105298	CACTIN
22	50683612	50689834	ENSG00000100429	HDAC10
17	1953202	1953302	ENSG00000267200	MIR132
17	1953565	1953674	ENSG00000267195	MIR212
11	193080	194573	ENSG00000188076	SCGB1C1
7	93551011	93557922	ENSG00000127920	GNG11
17	1992975	2004854	ENSG00000262810	RP11-667K14.5
17	2030724	2031198	ENSG00000262402	RP11-667K14.8
17	2103056	2103331	ENSG00000265777	RN7SL624P
17	2116991	2117708	ENSG00000236838	AC090617.1
17	2118776	2119309	ENSG00000236457	AC130689.5
8	125551344	125580751	ENSG00000147684	NDUFB9
17	2135974	2136904	ENSG00000225084	AL450226.2
17	2210055	2211009	ENSG00000262333	HNRNPA1P16
11	196738	200261	ENSG00000177947	ODF3
11	47376411	47400127	ENSG00000066336	SPI1
20	35806813	35870022	ENSG00000118705	RPN2
9	114980715	115095947	ENSG00000119314	PTBP3
1	15479028	15546976	ENSG00000171729	TMEM51
2	135894486	136288806	ENSG00000121988	ZRANB3
7	93592074	93633694	ENSG00000105829	BET1
17	40351186	40428725	ENSG00000173757	STAT5B
4	100197524	100212185	ENSG00000187758	ADH1A
14	105391153	105399574	ENSG00000166428	PLD4
19	54658899	54663620	ENSG00000105617	LENG1
1	15490840	15497813	ENSG00000204464	C1orf195
19	16023177	16045677	ENSG00000171903	CYP4F11
12	48147699	48176536	ENSG00000211584	SLC48A1
4	66185281	66536213	ENSG00000145242	EPHA5
2	170666591	170681441	ENSG00000138382	METTL5
11	128706210	128737268	ENSG00000151704	KCNJ1
X	151806637	151825999	ENSG00000147402	GABRQ
1	110158726	110174673	ENSG00000116337	AMPD2
17	2232413	2232507	ENSG00000212552	SNORD91B
11	207511	215113	ENSG00000177963	RIC8A
7	26240782	26252976	ENSG00000122565	CBX3
3	193119866	193310900	ENSG00000127249	ATP13A4
17	2233570	2233664	ENSG00000212163	SNORD91A
10	99258625	99330966	ENSG00000165886	UBTD1
19	3630181	3700477	ENSG00000186111	PIP5K1C
11	47428683	47438047	ENSG00000165915	SLC39A13
17	2278355	2282600	ENSG00000263345	RP1-59D14.5
7	94023873	94060544	ENSG00000164692	COL1A2
11	128761251	128790930	ENSG00000120457	KCNJ5
15	83424114	83474822	ENSG00000186628	FSD2
5	78407602	78428108	ENSG00000145692	BHMT
7	56131695	56148363	ENSG00000129103	SUMF2
9	115142217	115234690	ENSG00000119471	HSDL2
11	128769460	128775930	ENSG00000174370	C11orf45
12	100660918	100735502	ENSG00000136021	SCYL2
X	110488331	110513751	ENSG00000077274	CAPN6
17	2288141	2289958	ENSG00000262456	RP1-59D14.1
15	83478380	83503611	ENSG00000156232	WHAMM
17	2461096	2461388	ENSG00000243049	RN7SL33P
17	2489624	2491160	ENSG00000262953	EIF4A1P9
17	2516578	2517238	ENSG00000262480	SAMD11P1
17	2558973	2559076	ENSG00000239024	snoU13
17	2584242	2584528	ENSG00000239884	RN7SL608P
17	17150141	17184607	ENSG00000141030	COPS3
11	128804626	128813040	ENSG00000120471	TP53AIP1
7	26331541	26413949	ENSG00000086300	SNX10
8	73976775	74036323	ENSG00000164764	SBSPON
9	115196096	115249484	ENSG00000230185	C9orf147
19	54663846	54676944	ENSG00000167608	TMC4
7	26572740	26578407	ENSG00000122548	KIAA0087
15	83509838	83654661	ENSG00000103942	HOMER2
7	26677490	26686889	ENSG00000222004	C7orf71
8	125563031	125740730	ENSG00000170873	MTSS1
1	37261128	37499730	ENSG00000163873	GRIK3
8	74202506	74208024	ENSG00000147604	RPL7
9	115249127	115431677	ENSG00000165185	KIAA1958
19	39876492	39881835	ENSG00000006712	PAF1
10	6052652	6104288	ENSG00000134460	IL2RA
3	101043049	101232085	ENSG00000138468	SENP7
2	242166679	242256476	ENSG00000115677	HDLBP
HSCHR6_MHC_MCF	32003304	32013975	ENSG00000232616	SKIV2L
9	115446206	115480516	ENSG00000148153	INIP
1	110198703	110208118	ENSG00000168765	GSTM4
7	26706681	27034858	ENSG00000005020	SKAP2
1	15573768	15726779	ENSG00000142621	FHAD1
1	155978839	155990750	ENSG00000163479	SSR2
20	35879489	35890238	ENSG00000118702	GHRH
19	3708107	3750811	ENSG00000105289	TJP3
6	30876019	30894236	ENSG00000137411	VARS2
3	126200124	126236616	ENSG00000159650	UROC1
9	115513118	115643951	ENSG00000148158	SNX30
20	35918041	35945663	ENSG00000101363	MANBAL
3	56654161	56717265	ENSG00000163946	FAM208A
X	110537007	110655603	ENSG00000077279	DCX
14	53106634	53162618	ENSG00000197930	ERO1L
HSCHR6_MHC_DBB	31956131	31957067	ENSG00000269167	CR753845.1
9	115641200	115653193	ENSG00000119457	SLC46A2
14	24620427	24636611	ENSG00000259529	RP11-468E2.4
7	102222970	102283316	ENSG00000205236	RP11-514P8.6
7	129710350	129775560	ENSG00000128607	KLHDC10
9	115800660	115819039	ENSG00000136866	ZFP37
4	100226121	100242558	ENSG00000196616	ADH1B
12	4766800	4853747	ENSG00000255639	RP11-234B24.6
11	128834955	129149219	ENSG00000134909	ARHGAP32
16	19714902	19729557	ENSG00000103550	KNOP1
16	89940000	89977792	ENSG00000141002	TCF25
9	115913222	115926417	ENSG00000136867	SLC31A2
10	13628927	13672868	ENSG00000165630	PRPF18
20	35973088	36034453	ENSG00000197122	SRC
12	4829507	4960277	ENSG00000130035	GALNT8
14	24630262	24635774	ENSG00000213928	IRF9
HSCHR6_MHC_MCF	32014034	32016516	ENSG00000224313	DXO
11	47440320	47447993	ENSG00000165916	PSMC3
17	7138347	7143041	ENSG00000040633	PHF23
4	68337521	68411324	ENSG00000145241	CENPC
X	151867214	151870825	ENSG00000197172	MAGEA6
1	110210644	110252171	ENSG00000213366	GSTM2
12	4918342	4960277	ENSG00000151079	KCNA6
12	5019071	5040527	ENSG00000111262	KCNA1
17	40439565	40463961	ENSG00000126561	STAT5A
11	85339629	85347580	ENSG00000171204	TMEM126B
14	105403581	105444694	ENSG00000185567	AHNAK2
15	83654959	83659809	ENSG00000169612	FAM103A1
12	5153085	5155949	ENSG00000130037	KCNA5
16	19727778	19868907	ENSG00000174628	IQCK
7	27132612	27135615	ENSG00000105991	HOXA1
X	151883082	151887096	ENSG00000183305	MAGEA2B
10	99332198	99343641	ENSG00000165887	ANKRD2
17	1537152	1549041	ENSG00000074660	SCARF1
9	115923286	115983641	ENSG00000119321	FKBP15
8	74206847	74237516	ENSG00000121039	RDH10
HSCHR6_MHC_DBB	31964725	31979014	ENSG00000236625	C4B
1	37940153	37949980	ENSG00000163874	ZC3H12A
1	156005092	156023585	ENSG00000160803	UBQLN4
15	83657193	83680393	ENSG00000169609	C15orf40
12	53693470	53700961	ENSG00000139637	C12orf10
4	100257649	100274184	ENSG00000248144	ADH1C
11	215458	236931	ENSG00000142082	SIRT3
11	85359011	85367591	ENSG00000171202	TMEM126A
10	99344080	99372559	ENSG00000241935	HOGA1
14	53173890	53195305	ENSG00000100519	PSMC6
12	21507893	21532912	ENSG00000121351	IAPP
17	76422409	76422834	ENSG00000268965	AC061992.1
19	3750817	3761697	ENSG00000011132	APBA3
17	76494911	76499138	ENSG00000268470	DNAH17-AS1
1	15736391	15756839	ENSG00000142634	EFHD2
1	37958176	37980375	ENSG00000163875	MEAF6
9	115983808	116028674	ENSG00000136868	SLC31A1
20	36120874	36156333	ENSG00000166619	BLCAP
1	110230436	110251661	ENSG00000134184	GSTM1
4	100333418	100356894	ENSG00000196344	ADH7
22	50683879	50700254	ENSG00000188130	MAPK12
14	74398204	74417117	ENSG00000156050	FAM161B
9	116018115	116037869	ENSG00000176386	CDC26
19	39881943	39891277	ENSG00000063322	MED29
12	105380088	105443515	ENSG00000151131	C12orf45
11	85370752	85393951	ENSG00000137504	CREBZF
5	179224597	179233952	ENSG00000161013	MGAT4B
X	151899293	151903184	ENSG00000213401	MAGEA12
16	89978527	89987385	ENSG00000258839	MC1R
19	54677107	54693733	ENSG00000125505	MBOAT7
7	129804555	129847610	ENSG00000146842	TMEM209
11	129245835	129322171	ENSG00000043039	BARX2
15	83685174	83736106	ENSG00000064726	BTBD1
12	5541278	5630702	ENSG00000185652	NTF3
9	116037623	116055185	ENSG00000136875	PRPF4
8	125985540	125991631	ENSG00000180938	ZNF572
12	21590549	21623300	ENSG00000121350	PYROXD1
16	19868616	19897489	ENSG00000167191	GPRC5B
19	39897453	39900052	ENSG00000128016	ZFP36
1	38000050	38019903	ENSG00000163877	SNIP1
1	15764935	15775737	ENSG00000162438	CTRC
1	110254864	110318050	ENSG00000134201	GSTM5
4	100432161	100463460	ENSG00000138813	C4orf17
16	89985573	90002500	ENSG00000198211	TUBB3
20	36149617	36152092	ENSG00000053438	NNAT
1	156024543	156028301	ENSG00000116586	LAMTOR2
1	38022520	38032458	ENSG00000163879	DNALI1
11	85394893	85397320	ENSG00000179071	CCDC89
17	76670130	76778379	ENSG00000108669	CYTH1
19	3762662	3768573	ENSG00000183617	MRPL54
6	33130458	33160276	ENSG00000204248	COL11A2
9	116059373	116065656	ENSG00000165188	RNF183
X	151903228	151909518	ENSG00000198930	CSAG1
19	3769087	3772233	ENSG00000173976	RAX2
14	105452112	105476819	ENSG00000140104	C14orf79
2	44001178	44037149	ENSG00000138036	DYNC2LI1
12	5641035	6055398	ENSG00000047617	ANO2
11	129685714	129729898	ENSG00000151715	TMEM45B
16	58496750	58547532	ENSG00000103034	NDRG4
11	47459308	47470730	ENSG00000165917	RAPSN
8	126010739	126034525	ENSG00000104549	SQLE
15	83776159	83813606	ENSG00000136404	TM6SF1
12	105413568	105478355	ENSG00000136010	ALDH1L2
3	126243126	126262134	ENSG00000180767	CHST13
1	110276554	110284384	ENSG00000134202	GSTM3
3	37094117	37225180	ENSG00000093167	LRRFIP2
HSCHR6_MHC_MCF	32015399	32025671	ENSG00000226033	STK19
6	131456806	131604675	ENSG00000118507	AKAP7
3	126245842	126277808	ENSG00000180697	C3orf22
9	116075502	116102578	ENSG00000148225	WDR31
1	156030951	156040295	ENSG00000132698	RAB25
16	89987800	90005169	ENSG00000258947	TUBB3
3	126290622	126373998	ENSG00000197763	TXNRD3
14	74416629	74430373	ENSG00000119723	COQ6
19	54693789	54697585	ENSG00000170892	TSEN34
X	151918387	151922364	ENSG00000184750	MAGEA2
19	3777971	3802127	ENSG00000007264	MATK
5	140071011	140078889	ENSG00000112855	HARS2
12	6058040	6233936	ENSG00000110799	VWF
8	74332604	74659943	ENSG00000040341	STAU2
12	48176505	48226915	ENSG00000061273	HDAC7
6	131894284	131905472	ENSG00000118520	ARG1
9	116111821	116133513	ENSG00000119411	BSPRY
1	156041804	156051789	ENSG00000254726	MEX3A
20	36322408	36500531	ENSG00000132792	CTNNBL1
12	100750857	100815837	ENSG00000179520	SLC17A8
4	100467866	100485189	ENSG00000145331	TRMT10A
9	116135699	116139279	ENSG00000119431	HDHD3
11	129733531	129765485	ENSG00000170322	NFRKB
1	110292702	110306649	ENSG00000198758	EPS8L3
16	20042807	20085239	ENSG00000180269	GPR139
17	2586599	2588382	ENSG00000272770	RP11-74E22.5
17	2591767	2592254	ENSG00000272911	RP11-74E22.6
17	2615603	2616127	ENSG00000262050	RP11-74E22.3
7	27139721	27142430	ENSG00000105996	HOXA2
17	2627714	2652714	ENSG00000261963	RP11-74E22.4
17	2651372	2651476	ENSG00000272920	hsa-mir-1253
17	2651372	2651476	ENSG00000221200	MIR1253
17	2657126	2657430	ENSG00000265566	RN7SL605P
17	2865542	2869189	ENSG00000262884	CTD-3060P21.1
17	3019717	3020660	ENSG00000142163	OR1E3
9	116148597	116163613	ENSG00000148218	ALAD
17	3038263	3080325	ENSG00000261848	CTD-2309O5.3
5	78523714	78523911	ENSG00000268012	AC016559.1
HSCHR6_MHC_MCF	32058986	32079643	ENSG00000227746	C4A
15	83784320	83876770	ENSG00000166503	HDGFRP3
5	78532012	78623038	ENSG00000152409	JMY
17	1549444	1553371	ENSG00000167705	RILP
2	136289025	136482840	ENSG00000048991	R3HDM1
11	47487496	47587121	ENSG00000149187	CELF1
10	6130950	6159420	ENSG00000134453	RBM17
17	3057183	3058176	ENSG00000262085	OR1P1
HSCHR6_MHC_DBB	31981894	31985266	ENSG00000232414	CYP21A2
17	3143970	3144908	ENSG00000255095	OR1D4
20	36531499	36573752	ENSG00000132821	VSTM2L
17	3168905	3169835	ENSG00000262106	OR1D3P
8	126036502	126104082	ENSG00000164961	KIAA0196
7	56148440	56160689	ENSG00000164776	PHKG1
5	179233388	179265078	ENSG00000161011	SQSTM1
16	20320894	20339130	ENSG00000169347	GP2
9	116169515	116172952	ENSG00000148229	POLE3
12	53701240	53718648	ENSG00000094914	AAAS
14	24641062	24649463	ENSG00000100918	REC8
1	38032417	38061536	ENSG00000134697	GNL2
19	39903225	39919054	ENSG00000090924	PLEKHG2
12	21621845	21654603	ENSG00000004700	RECQL
20	36611409	36661870	ENSG00000101407	TTI1
19	16059818	16060768	ENSG00000176231	OR10H4
HSCHR9_3_CTG35	90795584	90796324	ENSG00000263169	RP11-1E11.1
9	116172334	116191964	ENSG00000157653	C9orf43
HSCHR9_3_CTG35	90802650	90805117	ENSG00000263283	RP11-1E11.2
14	53196898	53241716	ENSG00000198252	STYX
7	102277472	102283238	ENSG00000267368	UPK3BL
5	140078265	140086248	ENSG00000146007	ZMAT2
HSCHR12_2_CTG2	10954131	10955226	ENSG00000273326	TAS2R7
14	53241912	53258386	ENSG00000100522	GNPNAT1
15	83924655	83953466	ENSG00000169594	BNC1
X	151934652	151938240	ENSG00000221867	MAGEA3
1	38076951	38100595	ENSG00000169218	RSPO1
19	54704610	54752862	ENSG00000170889	RPS9
10	99344131	99436191	ENSG00000155252	PI4K2A
19	3804022	3869030	ENSG00000105278	ZFR2
7	102277474	102312076	ENSG00000228049	POLR2J2
1	110452864	110473614	ENSG00000184371	CSF1
5	140165876	140391929	ENSG00000204970	PCDHA1
19	16177831	16213813	ENSG00000167460	TPM4
2	170683968	170940641	ENSG00000144357	UBR3
12	100867486	100958191	ENSG00000012504	NR1H4
7	102277496	102312088	ENSG00000267645	POLR2J2
HSCHR12_2_CTG2	10958650	10959892	ENSG00000272712	TAS2R8
15	84115980	84287495	ENSG00000140600	SH3GL3
7	27145803	27192200	ENSG00000105997	HOXA3
22	50702142	50709196	ENSG00000185386	MAPK11
HSCHR12_2_CTG2	10961736	10962767	ENSG00000273086	TAS2R9
7	102290772	102301847	ENSG00000173678	SPDYE2B
1	38147242	38157914	ENSG00000116922	C1orf109
HSCHR12_2_CTG2	10977559	11356160	ENSG00000263247	PRR4
2	48859428	48982880	ENSG00000138039	LHCGR
7	27168126	27170418	ENSG00000197576	HOXA4
4	100484918	100545156	ENSG00000138823	MTTP
7	27180671	27183287	ENSG00000106004	HOXA5
17	7143333	7146089	ENSG00000170296	GABARAP
20	36661948	36720768	ENSG00000101413	RPRD1B
14	105475910	105487485	ENSG00000170779	CDCA4
X	110909043	111003877	ENSG00000101901	ALG13
7	27185015	27190222	ENSG00000106006	HOXA6
17	1553923	1588176	ENSG00000174231	PRPF8
10	99344131	99433667	ENSG00000249967	PI4K2A
11	236546	252983	ENSG00000185627	PSMD13
7	129847700	129856683	ENSG00000165120	SSMEM1
7	27193335	27197555	ENSG00000122592	HOXA7
10	99349450	99350690	ENSG00000203942	C10orf62
17	3182069	3289633	ENSG00000262670	RP11-64J4.2
17	3213539	3214740	ENSG00000180068	OR3A4P
X	151995517	151999321	ENSG00000147400	CETN2
17	3214487	3215186	ENSG00000272546	OR3A5P
7	27202054	27210117	ENSG00000078399	HOXA9
14	53323986	53419153	ENSG00000073712	FERMT2
17	3280821	3280896	ENSG00000267129	OR1AC1P
11	85405267	85522184	ENSG00000137501	SYTL2
7	129906667	129929638	ENSG00000158516	CPA2
10	99374310	99393344	ENSG00000171160	MORN4
7	27203154	27219632	ENSG00000257184	RP1-170O19.20
7	102389418	102449672	ENSG00000222011	FAM185A
19	16222439	16245044	ENSG00000167461	RAB8A
16	20344374	20367623	ENSG00000169344	UMOD
X	151999511	152038273	ENSG00000147383	NSDHL
HSCHR12_2_CTG2	10977916	10978957	ENSG00000272805	TAS2R10
7	27210210	27219880	ENSG00000253293	HOXA10
19	54720147	54746602	ENSG00000204577	LILRB3
5	78668459	78810040	ENSG00000152413	HOMER1
HSCHR12_2_CTG2	11060525	11062161	ENSG00000273457	TAS2R13
HSCHR12_2_CTG2	11081835	11084940	ENSG00000272803	PRH2
1	110527308	110566357	ENSG00000168710	AHCYL1
14	105515728	105531782	ENSG00000183484	GPR132
HSCHR12_2_CTG2	11090005	11356120	ENSG00000261984	TAS2R14
7	27221129	27224842	ENSG00000005073	HOXA11
HSCHR6_MHC_DBB	31984751	32061164	ENSG00000231608	TNXB
3	101280706	101285290	ENSG00000174173	TRMT10C
HSCHR12_2_CTG2	11138512	11139511	ENSG00000273431	TAS2R50
15	84322838	84708594	ENSG00000156218	ADAMTSL3
17	3289224	3290132	ENSG00000180042	OR1R1P
17	7143746	7147954	ENSG00000262526	CTD-2545G14.7
HSCHR12_2_CTG2	11149094	11150474	ENSG00000273092	TAS2R20
7	27233122	27239725	ENSG00000106031	HOXA13
HG1133_PATCH	10954131	10955226	ENSG00000273404	TAS2R7
HSCHR12_2_CTG2	11174218	11175219	ENSG00000263028	TAS2R19
17	3481249	3482147	ENSG00000263338	RP11-235E17.3
3	126290625	126327398	ENSG00000206483	TXNRD3NB
HSCHR12_2_CTG2	11182986	11184006	ENSG00000263097	TAS2R31
HG1133_PATCH	10958650	10959892	ENSG00000273359	TAS2R8
7	56169262	56174269	ENSG00000106153	CHCHD2
17	3505055	3505566	ENSG00000261916	RP11-235E17.4
17	3522550	3523207	ENSG00000262248	RP11-235E17.5
10	99437181	99447080	ENSG00000119986	AVPI1
HG1133_PATCH	10961736	10962767	ENSG00000272930	TAS2R9
7	27282164	27290112	ENSG00000106038	EVX1
17	3558915	3561386	ENSG00000262903	RP11-235E17.6
22	50713408	50746056	ENSG00000196576	PLXNB2
HSCHR12_2_CTG2	11213964	11214893	ENSG00000262525	TAS2R46
17	17206649	17250977	ENSG00000205309	NT5M
19	16244838	16269386	ENSG00000196684	HSH2D
HSCHR12_2_CTG2	11243907	11244933	ENSG00000262612	TAS2R43
19	39923847	39926588	ENSG00000105193	RPS16
HSCHR6_MHC_COX	29636767	29645520	ENSG00000226858	ZFP57
HSCHR12_2_CTG2	11317505	11319191	ENSG00000262111	TAS2R30
HSCHR12_2_CTG2	10983673	10984615	ENSG00000272718	RP11-144O23.8
HG1133_PATCH	10977559	11320498	ENSG00000263040	PRR4
7	94138531	94186331	ENSG00000127995	CASD1
10	99472930	99477907	ENSG00000155254	MARVELD1
9	116207011	116360018	ENSG00000138835	RGS3
HSCHR12_2_CTG2	11047542	11048481	ENSG00000272751	TAS2R12
HSCHR12_2_CTG2	11117024	11117951	ENSG00000273144	TAS2R15
3	126423063	126679249	ENSG00000159685	CHCHD6
HSCHR12_2_CTG2	11200931	11201855	ENSG00000263158	TAS2R63P
5	59726565	59726939	ENSG00000224838	FKSG52
12	6308881	6347425	ENSG00000010278	CD9
19	3879862	3928077	ENSG00000167654	ATCAY
17	3568514	3568996	ENSG00000240898	RP11-48B14.1
HSCHR12_2_CTG2	11229368	11231770	ENSG00000263083	TAS2R64P
4	68424446	68473055	ENSG00000035720	STAP1
17	3624922	3625782	ENSG00000262692	CTD-3195I5.3
17	3632655	3633787	ENSG00000262358	CTD-3195I5.4
17	7146910	7155810	ENSG00000175826	CTDNEP1
17	3705459	3706676	ENSG00000262194	CTD-3195I5.5
17	3710042	3712148	ENSG00000262758	CTD-3195I5.1
17	3880397	3885193	ENSG00000263312	RP11-459C13.1
17	3960050	3960170	ENSG00000252456	RNA5SP434
19	16272179	16284336	ENSG00000141977	CIB3
6	131895106	131949369	ENSG00000112282	MED23
17	4017902	4018004	ENSG00000238807	snoU13
17	4067204	4068007	ENSG00000263165	RP11-810M2.2
17	4089621	4089719	ENSG00000251812	Y_RNA
11	47586888	47606114	ENSG00000213619	NDUFS3
17	4096063	4096160	ENSG00000207390	Y_RNA
17	4125386	4127123	ENSG00000263219	RYKP1
17	4204667	4205993	ENSG00000261868	RP11-104O19.2
17	4267463	4267748	ENSG00000263882	RN7SL774P
17	4385261	4389648	ENSG00000262823	RP13-580F15.2
5	140174444	140391929	ENSG00000204969	PCDHA2
11	129769601	129872730	ENSG00000170325	PRDM10
12	21654715	21671342	ENSG00000111711	GOLT1B
19	16296191	16302857	ENSG00000105058	FAM32A
5	59892739	59996017	ENSG00000035499	DEPDC1B
1	110574199	110617263	ENSG00000143093	STRIP1
20	36756863	36794980	ENSG00000198959	TGM2
7	129932974	129964020	ENSG00000128510	CPA4
16	20370492	20416059	ENSG00000169340	PDILT
3	48636435	48648409	ENSG00000010256	UQCRC1
10	13652047	13710299	ENSG00000239665	RP11-295P9.3
3	101292939	101313281	ENSG00000081154	PCNP
1	156052364	156109880	ENSG00000160789	LMNA
11	47586982	47595013	ENSG00000110536	PTPMT1
1	15783223	15798586	ENSG00000142615	CELA2A
4	68478370	68566897	ENSG00000033178	UBA6
19	3933101	3942414	ENSG00000077009	NMRK2
HSCHR6_MHC_MCF	32082523	32085891	ENSG00000235134	CYP21A2
17	17380300	17396540	ENSG00000141026	MED9
5	78907943	78982471	ENSG00000164329	PAPD4
HSCHR12_2_CTG2	11249795	11249890	ENSG00000262293	RP11-673D15.7
1	15792404	15817895	ENSG00000215704	CELA2B
X	152082986	152142024	ENSG00000147394	ZNF185
20	36838890	36889174	ENSG00000149633	KIAA1755
11	47593749	47600567	ENSG00000123444	KBTBD4
7	56182374	56184093	ENSG00000185290	NUPR1L
16	90014333	90034468	ENSG00000140995	DEF8
16	20420856	20452658	ENSG00000183549	ACSM5
1	110602616	110613322	ENSG00000156150	ALX3
22	50714103	50714350	ENSG00000268427	AL022328.1
10	6186881	6277495	ENSG00000170525	PFKFB3
7	57187321	57207571	ENSG00000185177	ZNF479
19	16308389	16346160	ENSG00000072958	AP1M1
1	110655062	110656569	ENSG00000186150	UBL4B
17	4400689	4402969	ENSG00000229782	AC118754.4
17	4469047	4475055	ENSG00000262921	RP11-141J13.3
7	57509883	57533252	ENSG00000182111	ZNF716
17	4475501	4475810	ENSG00000262519	TXNP4
15	84841242	84850986	ENSG00000259511	UBE2Q2L
17	4513744	4520945	ENSG00000261863	RP11-141J13.5
17	4523044	4523147	ENSG00000222429	RNU6-955P
1	38158090	38175391	ENSG00000134690	CDCA8
7	62809239	62812151	ENSG00000230000	AC006455.1
HG1133_PATCH	10977916	10978957	ENSG00000273279	TAS2R10
7	62858414	62858860	ENSG00000268181	AC073188.1
17	4578674	4600126	ENSG00000235085	AC091153.4
22	50747459	50765489	ENSG00000205593	DENND6B
14	105607318	105635161	ENSG00000184916	JAG2
HG1133_PATCH	11060525	11062161	ENSG00000273105	TAS2R13
7	63505821	63538927	ENSG00000257482	ZNF727
1	110693108	110744824	ENSG00000197106	SLC6A17
17	4607525	4608824	ENSG00000244184	RP11-314A20.2
HG1133_PATCH	11081835	11084940	ENSG00000273050	PRH2
5	140180783	140391929	ENSG00000255408	PCDHA3
17	4608111	4608512	ENSG00000213939	RP11-314A20.1
7	63688852	63727309	ENSG00000197123	ZNF679
14	24649425	24658170	ENSG00000196497	IPO4
HG1133_PATCH	11090005	11320458	ENSG00000262103	TAS2R14
17	4635051	4635666	ENSG00000261898	RP11-314A20.5
20	36888551	36965907	ENSG00000101425	BPI
17	4704454	4710308	ENSG00000262165	RP11-81A22.5
17	4760052	4760669	ENSG00000230201	ATP6V0CP1
19	3958451	3971121	ENSG00000167657	DAPK3
HG1133_PATCH	11138512	11139511	ENSG00000272952	TAS2R50
7	63767837	63815238	ENSG00000234444	ZNF736
5	140186659	140391929	ENSG00000204967	PCDHA4
HG1133_PATCH	11149094	11150474	ENSG00000272873	TAS2R20
9	116638562	116818871	ENSG00000157657	ZNF618
HG1133_PATCH	11174217	11175218	ENSG00000262393	TAS2R19
17	4778921	4779205	ENSG00000263599	RN7SL171P
17	4786270	4786591	ENSG00000264113	RN7SL784P
17	4871290	4872117	ENSG00000262429	RP5-1050D4.3
4	68605046	68620078	ENSG00000109163	GNRHR
1	15817327	15853029	ENSG00000132906	CASP9
HG1133_PATCH	11183296	11184316	ENSG00000262379	TAS2R31
17	4876146	4877976	ENSG00000234203	RP5-1050D4.2
3	56761446	57113357	ENSG00000163947	ARHGEF3
HG1133_PATCH	11216134	11217063	ENSG00000262889	TAS2R46
17	4889761	4890619	ENSG00000262678	RP5-1050D4.4
HG1133_PATCH	11281895	11283582	ENSG00000262908	TAS2R30
8	74600926	74791089	ENSG00000258677	RP11-463D19.2
17	4890302	4890972	ENSG00000203562	AC004771.1
5	140201222	140391929	ENSG00000204965	PCDHA5
17	4891001	4891741	ENSG00000262227	RP5-1050D4.5
11	278365	285359	ENSG00000174885	NLRP6
HG1133_PATCH	10983673	10984615	ENSG00000272868	RP11-144O23.8
17	4922509	4923388	ENSG00000227495	AC109333.10
4	100557686	100575805	ENSG00000248713	RP11-766F14.2
17	17397751	17399709	ENSG00000108551	RASD1
HG1133_PATCH	11047542	11048481	ENSG00000272590	TAS2R12
17	4963651	4965418	ENSG00000262495	RP11-46I8.1
HG1133_PATCH	11117024	11117951	ENSG00000273191	TAS2R15
HG1133_PATCH	11201237	11202161	ENSG00000262431	TAS2R63P
HG1133_PATCH	11232340	11233269	ENSG00000262324	CH17-93H22.3
1	110753965	110825722	ENSG00000116396	KCNC4
15	84904525	84914120	ENSG00000184206	GOLGA6L4
17	4978973	4981408	ENSG00000262693	RP11-46I8.3
HG1133_PATCH	11245762	11246691	ENSG00000262233	CH17-93H22.2
4	100737990	100791311	ENSG00000070190	DAPP1
7	102453308	102715286	ENSG00000161040	FBXL13
16	58549383	58554431	ENSG00000103037	SETD6
19	54720737	54746649	ENSG00000244482	LILRA6
17	5014763	5017674	ENSG00000234327	AC012146.7
1	38179552	38230805	ENSG00000183317	EPHA10
5	179261436	179289173	ENSG00000161010	C5orf45
9	116822407	116840752	ENSG00000106927	AMBP
HG1133_PATCH	11307670	11308579	ENSG00000261885	TAS2R18
10	99496878	99520664	ENSG00000155256	ZFYVE27
5	140207563	140391929	ENSG00000081842	PCDHA6
HG1133_PATCH	11311985	11312049	ENSG00000262042	U6
HG1133_PATCH	11314975	11320238	ENSG00000263019	RP11-785H5.2
HG1133_PATCH	11320249	11320450	ENSG00000262396	RP11-785H5.1
12	6419602	6437672	ENSG00000008323	PLEKHG6
8	74692332	74791145	ENSG00000104343	UBE2W
3	184795838	184870802	ENSG00000187068	C3orf70
8	126103921	126379362	ENSG00000156831	NSMCE2
5	140213969	140391929	ENSG00000204963	PCDHA7
12	21679241	21690311	ENSG00000134548	C12orf39
3	126707437	126756235	ENSG00000114554	PLXNA1
19	16435628	16438685	ENSG00000127528	KLF2
16	20462783	20498991	ENSG00000183747	ACSM2A
9	116848406	116861507	ENSG00000136883	KIF12
HSCHR6_MHC_MCF	32085376	32161818	ENSG00000206258	TNXB
1	110881128	110889299	ENSG00000162775	RBM15
15	85144217	85171027	ENSG00000176371	ZSCAN2
5	140220907	140391929	ENSG00000204962	PCDHA8
12	21689123	21757781	ENSG00000111713	GYS2
1	38259474	38266809	ENSG00000185090	MANEAL
1	15853308	15918874	ENSG00000116138	DNAJC16
3	184908412	184999778	ENSG00000113790	EHHADH
2	242167319	242168850	ENSG00000268485	AC104841.2
4	100799493	100815647	ENSG00000109270	LAMTOR3
11	47599277	47599823	ENSG00000231880	KBTBD4
HSCHR12_2_CTG2	11267953	11268873	ENSG00000262829	RP11-673D15.9
HSCHR12_2_CTG2	11281388	11282317	ENSG00000261936	RP11-673D15.8
5	140227048	140391929	ENSG00000204961	PCDHA9
HSCHR12_2_CTG2	11343332	11344241	ENSG00000261853	TAS2R18
3	101367733	101396339	ENSG00000066422	ZBTB11
11	47608198	47610746	ENSG00000196666	FAM180B
HSCHR12_2_CTG2	11347647	11347711	ENSG00000263128	U6
HSCHR12_2_CTG2	11350637	11355900	ENSG00000262531	RP11-785H5.2
HSCHR12_2_CTG2	11355911	11356112	ENSG00000262986	RP11-785H5.1
HSCHR6_MHC_COX	29684537	29700280	ENSG00000137403	HLA-F
7	63980262	64023484	ENSG00000173041	ZNF680
11	129936836	129944012	ENSG00000267981	AP003041.2
11	47611216	47616211	ENSG00000172247	C1QTNF4
4	68686594	68749750	ENSG00000153802	TMPRSS11D
5	140235595	140391929	ENSG00000250120	PCDHA10
3	101399935	101405626	ENSG00000114391	RPL24
20	36974759	37005665	ENSG00000129988	LBP
7	27565061	27702614	ENSG00000106049	HIBADH
17	7150148	7165408	ENSG00000262302	RP1-4G17.5
19	39926796	39967310	ENSG00000196235	SUPT5H
8	126442563	126450647	ENSG00000173334	TRIB1
5	140240341	140243224	ENSG00000249034	AC005609.1
1	15898848	15911605	ENSG00000116771	AGMAT
7	64126511	64171404	ENSG00000196247	ZNF107
7	94214542	94285521	ENSG00000127990	SGCE
5	140248689	140391929	ENSG00000249158	PCDHA11
11	47638867	47664175	ENSG00000109919	MTCH2
19	3976054	3985467	ENSG00000167658	EEF2
9	116917840	117074791	ENSG00000196739	COL27A1
17	17408877	17495022	ENSG00000133027	PEMT
HG115_PATCH	101459219	101927238	ENSG00000259938	CUX1
1	15943995	15995539	ENSG00000197312	DDI2
4	100817405	100867883	ENSG00000164031	DNAJB14
1	110905470	110933704	ENSG00000168679	SLC16A4
4	68775103	68829858	ENSG00000187054	TMPRSS11A
14	53510686	53620000	ENSG00000100523	DDHD1
1	15986364	15988217	ENSG00000215695	RSC1A1
17	5030035	5030305	ENSG00000262855	RP11-46I8.4
11	85563600	85565986	ENSG00000215504	AP000974.1
12	21788276	21910791	ENSG00000111716	LDHB
17	5095379	5151364	ENSG00000261879	RP11-333E1.1
HSCHR6_MHC_DBB	32041705	32071805	ENSG00000168468	ATF6B
15	85185999	85197574	ENSG00000177082	WDR73
17	5143803	5144838	ENSG00000263164	RP11-333E1.2
17	5267610	5274921	ENSG00000263220	RP11-420A6.2
8	127564687	127570638	ENSG00000168672	FAM84B
17	5328459	5336196	ENSG00000263272	CTC-524C5.2
19	4007644	4039384	ENSG00000105229	PIAS4
17	7154735	7163259	ENSG00000170291	ELP5
8	128426535	128432311	ENSG00000212993	POU5F1B
8	74851404	74884522	ENSG00000154582	TCEB1
11	85566144	85631064	ENSG00000150676	CCDC83
3	48658192	48659288	ENSG00000183396	TMEM89
16	20499024	20500981	ENSG00000267824	AC137056.1
8	128747680	128753674	ENSG00000136997	MYC
17	40465342	40540586	ENSG00000168610	STAT3
17	76783463	76837523	ENSG00000055483	USP36
9	117085336	117088755	ENSG00000229314	ORM1
1	110943871	110950564	ENSG00000134248	LAMTOR5
8	128959126	128960591	ENSG00000256655	TMEM75
19	54754263	54761164	ENSG00000105609	LILRB5
4	68918916	68995598	ENSG00000198092	TMPRSS11F
14	74424713	74486102	ENSG00000187097	ENTPD5
8	130760442	130799134	ENSG00000147697	GSDMC
7	64254766	64294054	ENSG00000197008	ZNF138
4	69054242	69083798	ENSG00000226894	TMPRSS11BNL
11	129939732	130014699	ENSG00000084234	APLP2
5	140255058	140391929	ENSG00000251664	PCDHA12
11	289135	296107	ENSG00000142102	ATHL1
1	110993822	110999976	ENSG00000143125	PROK1
19	16466050	16582896	ENSG00000127527	EPS15L1
4	69092371	69111438	ENSG00000185873	TMPRSS11B
7	129984630	130008571	ENSG00000158525	CPA5
9	117092149	117095532	ENSG00000228278	ORM2
4	100869243	100871545	ENSG00000164032	H2AFZ
1	111059839	111061797	ENSG00000143105	KCNA10
22	50781733	50883514	ENSG00000100239	PPP6R2
1	16010827	16061264	ENSG00000116786	PLEKHM2
3	37284668	37408242	ENSG00000144674	GOLGA4
12	21917889	21928515	ENSG00000121361	KCNJ8
3	101442769	101489406	ENSG00000182504	CEP97
X	111017543	111326004	ENSG00000072315	TRPC5
5	140261793	140391929	ENSG00000239389	PCDHA13
11	298200	299526	ENSG00000206013	IFITM5
16	20547548	20587749	ENSG00000066813	ACSM2B
1	111136202	111174096	ENSG00000177301	KCNA2
11	307631	315272	ENSG00000185201	IFITM2
8	74884672	74895018	ENSG00000175606	TMEM70
2	242254515	242293442	ENSG00000168385	SEPT2
6	30899130	30899952	ENSG00000196260	SFTA2
1	111214310	111217655	ENSG00000177272	KCNA3
11	313506	315272	ENSG00000185885	IFITM1
5	140306302	140391929	ENSG00000248383	PCDHAC1
11	319669	327537	ENSG00000142089	IFITM3
1	111415775	111442550	ENSG00000143119	CD53
HSCHR6_MHC_DBB	32072259	32073843	ENSG00000224200	FKBPL
19	4041127	4043154	ENSG00000205147	AC016586.1
17	17584787	17714767	ENSG00000108557	RAI1
2	136499189	136542625	ENSG00000144224	UBXN4
20	37101459	37207504	ENSG00000170471	RALGAPB
19	4044362	4066943	ENSG00000178951	ZBTB7A
11	47681143	47736941	ENSG00000165923	AGBL2
11	369796	382116	ENSG00000182272	B4GALNT4
3	126911974	126917025	ENSG00000214324	C3orf56
1	156117157	156147543	ENSG00000196189	SEMA4A
HSCHR6_MHC_DBB	32091910	32097926	ENSG00000225141	PRRT1
2	171034655	171511681	ENSG00000071909	MYO3B
1	38268616	38273857	ENSG00000196449	YRDC
1	111489807	111506701	ENSG00000121931	LRIF1
16	90036206	90038942	ENSG00000177946	CENPBD1
12	21950335	22094336	ENSG00000069431	ABCC9
3	101498046	101547073	ENSG00000144815	NXPE3
1	38272651	38275126	ENSG00000197982	C1orf122
4	69176105	69215807	ENSG00000083896	YTHDC1
19	4090319	4124126	ENSG00000126934	MAP2K2
8	130851839	131029375	ENSG00000153310	FAM49B
16	90071273	90086536	ENSG00000003249	DBNDD1
5	140345820	140391936	ENSG00000243232	PCDHAC2
3	185000729	185206885	ENSG00000073803	MAP3K13
6	30908749	30921998	ENSG00000168631	DPCR1
9	117096436	117156685	ENSG00000106948	AKNA
1	38275239	38325292	ENSG00000188786	MTF1
7	102553438	102585396	ENSG00000128606	LRRC17
15	85198360	85201794	ENSG00000197696	NMB
6	30951495	30957680	ENSG00000204544	MUC21
3	48663156	48672926	ENSG00000225697	SLC26A6
1	38292232	38293886	ENSG00000230610	AL929472.1
5	179286013	179288283	ENSG00000245317	CTC-241N9.1
3	127291912	127317094	ENSG00000163870	TPRA1
11	392614	404908	ENSG00000184363	PKP3
1	111659955	111682838	ENSG00000156171	DRAM2
X	111697727	111700473	ENSG00000187823	ZCCHC16
6	30978251	31003179	ENSG00000261272	MUC22
12	105501102	105562912	ENSG00000136051	KIAA1033
6	31079000	31080336	ENSG00000204542	C6orf15
22	50883429	50913454	ENSG00000100241	SBF1
X	111873876	111923375	ENSG00000182508	LHFPL1
7	94285637	94299007	ENSG00000242265	PEG10
11	85668727	85780924	ENSG00000073921	PICALM
4	101107027	101111939	ENSG00000145358	DDIT4L
15	85212775	85259947	ENSG00000140612	SEC11A
17	1611064	1613732	ENSG00000185561	TLCD2
6	31082527	31107869	ENSG00000204540	PSORS1C1
8	74903587	74941322	ENSG00000154589	LY96
17	5372412	5373680	ENSG00000262099	CTC-524C5.5
17	5417529	5417590	ENSG00000253071	RNU7-31P
17	5633609	5634405	ENSG00000262961	CTB-162E12.1
16	20621565	20808903	ENSG00000005187	ACSM3
HSCHR6_MHC_DBB	32096994	32101885	ENSG00000228116	PPT2
17	6092681	6093861	ENSG00000262231	RP11-960B9.2
17	6110483	6110589	ENSG00000206618	RNU6-1264P
17	6225733	6226548	ENSG00000262609	BTF3P14
17	6321005	6321584	ENSG00000262818	RP11-636N17.1
19	54777675	54785039	ENSG00000131042	LILRB2
7	102715328	102740205	ENSG00000170632	ARMC10
17	6504264	6504371	ENSG00000200914	RNA5SP435
17	6555059	6556617	ENSG00000256806	AC004706.1
14	105639275	105647660	ENSG00000183828	NUDT14
2	44039611	44066004	ENSG00000138075	ABCG5
20	37209838	37217106	ENSG00000182035	ADIG
4	101316498	101801283	ENSG00000164035	EMCN
5	179289066	179334859	ENSG00000197226	TBC1D9B
7	27778950	27884183	ENSG00000106052	TAX1BP1
1	38326369	38412729	ENSG00000204084	INPP5B
5	60047618	60140216	ENSG00000164181	ELOVL7
12	48178706	48179787	ENSG00000268069	AC004466.1
20	37230577	37279678	ENSG00000124143	ARHGAP40
5	140430979	140433512	ENSG00000171815	PCDHB1
5	78985700	79096063	ENSG00000164309	CMYA5
16	90086037	90111383	ENSG00000141013	GAS8
5	140474227	140476962	ENSG00000112852	PCDHB2
X	112017731	112084043	ENSG00000126016	AMOT
1	111682249	111727724	ENSG00000134255	CEPT1
9	117164360	117267730	ENSG00000095397	DFNB31
20	37353105	37358015	ENSG00000101438	SLC32A1
5	140480234	140483406	ENSG00000113205	PCDHB3
17	7163222	7167302	ENSG00000181885	CLDN7
7	64330550	64391344	ENSG00000198039	ZNF273
17	6556783	6558328	ENSG00000261996	CTC-281F24.1
1	156163880	156182587	ENSG00000160785	SLC25A44
17	6558759	6558828	ENSG00000264468	MIR4520A
5	140501581	140505201	ENSG00000081818	PCDHB4
17	6653004	6653297	ENSG00000262990	CTC-281F24.2
1	16062900	16067891	ENSG00000162461	SLC25A34
20	37377085	37400834	ENSG00000101442	ACTR5
17	6653037	6653507	ENSG00000244283	RPL23AP73
19	4153598	4173051	ENSG00000060566	CREB3L3
5	140514800	140517703	ENSG00000113209	PCDHB5
HSCHR17_5_CTG4	39382900	39383904	ENSG00000263090	KRTAP9-2
12	100967461	101022064	ENSG00000139354	GAS2L3
1	16068917	16074477	ENSG00000162460	TMEM82
X	152157368	152162671	ENSG00000198883	PNMA5
HSCHR17_5_CTG4	39388714	39389705	ENSG00000262749	KRTAP9-3
19	39930212	39932082	ENSG00000213922	AC011500.1
HSCHR17_5_CTG4	39405871	39406837	ENSG00000262512	KRTAP9-4
7	94536514	94925727	ENSG00000158528	PPP1R9A
2	136545410	136594750	ENSG00000115850	LCT
HSCHR6_MHC_MCF	32142344	32172461	ENSG00000228628	ATF6B
17	6757180	6857426	ENSG00000262943	ALOX12P2
HSCHR17_5_CTG4	39411573	39412558	ENSG00000267728	RP11-206C20.2
HSCHR17_5_CTG4	39421610	39422134	ENSG00000267635	RP11-206C20.1
11	47738072	47788995	ENSG00000109920	FNBP4
9	117350026	117360653	ENSG00000136888	ATP6V1G1
X	152224766	152228827	ENSG00000183837	PNMA3
8	75146935	75233563	ENSG00000104369	JPH1
6	31082867	31088223	ENSG00000204539	CDSN
15	85291866	85349659	ENSG00000166716	ZNF592
HG104_HG975_PATCH	144766622	144796068	ENSG00000261516	ZNF707
X	152240819	152243399	ENSG00000235961	PNMA6C
12	48235320	48336831	ENSG00000111424	VDR
6	31105313	31107127	ENSG00000204538	PSORS1C2
HG115_PATCH	101928441	101964991	ENSG00000259885	SH2B2
9	117373486	117408702	ENSG00000157693	C9orf91
16	58553855	58663790	ENSG00000125107	CNOT1
HSCHR17_5_CTG4	39447756	39448781	ENSG00000262218	KRTAP29-1
HSCHR17_5_CTG4	39394253	39394717	ENSG00000267208	ABC9-43961700F1.1
1	156182773	156213123	ENSG00000260238	PMF1-BGLAP
HSCHR17_5_CTG4	39426534	39426740	ENSG00000263103	KRTAP9-10P
1	16083102	16113089	ENSG00000162458	FBLIM1
1	38422647	38456593	ENSG00000183431	SF3A3
3	57094469	57109460	ENSG00000186451	SPATA12
HG115_PATCH	102007152	102069956	ENSG00000261283	PRKRIP1
3	37427760	37476988	ENSG00000198590	C3orf35
12	6437923	6451280	ENSG00000067182	TNFRSF1A
HSCHR6_MHC_MCF	32172915	32174499	ENSG00000223666	FKBPL
20	37434348	37551667	ENSG00000101445	PPP1R16B
17	17713713	17740325	ENSG00000072310	SREBF1
1	111729796	111747157	ENSG00000162777	DENND2D
11	405716	417455	ENSG00000185187	SIGIRR
9	117546915	117568406	ENSG00000181634	TNFSF15
8	75233365	75401107	ENSG00000104381	GDAP1
5	140529683	140532868	ENSG00000113211	PCDHB6
9	117656003	117692697	ENSG00000106952	TNFSF8
5	140535577	140538639	ENSG00000255622	PCDHB17
6	131949582	132068553	ENSG00000154269	ENPP3
5	79275584	79287082	ENSG00000177034	MTX3
HSCHR6_MHC_MCF	32192562	32198576	ENSG00000227122	PRRT1
5	140552243	140555957	ENSG00000113212	PCDHB7
5	60169658	60240900	ENSG00000049167	ERCC8
14	74486056	74549566	ENSG00000119636	CCDC176
5	140557371	140560081	ENSG00000120322	PCDHB8
7	27870192	28220362	ENSG00000153814	JAZF1
17	6830791	6831510	ENSG00000262503	RP11-530N7.2
15	85359911	85416713	ENSG00000136383	ALPK3
17	6857417	6882279	ENSG00000263316	RP11-530N7.3
5	140560980	140565793	ENSG00000196963	PCDHB16
17	6888813	6922733	ENSG00000267047	RP11-589P10.7
HG115_PATCH	101796635	101797743	ENSG00000261535	CTA-305I2.1
X	113818551	114144624	ENSG00000147246	HTR2C
17	6897961	6898508	ENSG00000262089	RP11-589P10.5
12	101111304	101522419	ENSG00000151572	ANO4
HG115_PATCH	101816779	101818248	ENSG00000260294	CTA-305I2.2
17	6919137	6922978	ENSG00000267532	MIR497HG
5	140571942	140575215	ENSG00000120324	PCDHB10
3	101546835	101579866	ENSG00000144802	NFKBIZ
22	50919985	50924869	ENSG00000128165	ADM2
8	131064353	131455906	ENSG00000153317	ASAP1
HG115_PATCH	101837356	101837444	ENSG00000262778	SNORA48
HG115_PATCH	101881601	101881686	ENSG00000266484	AC005088.2
HG115_PATCH	101936383	101936467	ENSG00000263739	AC091390.1
HG115_PATCH	101970536	101972810	ENSG00000261518	CTA-313A17.2
5	140579183	140582618	ENSG00000197479	PCDHB11
HG115_PATCH	101980149	101980250	ENSG00000263152	Y_RNA
1	16174359	16266955	ENSG00000065526	SPEN
HG115_PATCH	101980596	101982395	ENSG00000259965	CTA-313A17.3
20	37554955	37581703	ENSG00000101447	FAM83D
4	69313167	69363322	ENSG00000087128	TMPRSS11E
17	6962253	6962523	ENSG00000262067	CTD-2545G14.2
11	130029457	130080271	ENSG00000149418	ST14
HG115_PATCH	101991668	101998241	ENSG00000260097	SPDYE6
14	54416454	54425479	ENSG00000125378	BMP4
17	7044249	7044911	ENSG00000213876	RPL7AP64
17	7126616	7126698	ENSG00000199053	MIR324
19	4174106	4182601	ENSG00000077463	SIRT6
11	47799639	47870107	ENSG00000030066	NUP160
22	50925213	50929077	ENSG00000100253	MIOX
8	75512010	75735548	ENSG00000254349	RP11-758M4.1
3	37493606	37865005	ENSG00000144668	ITGA9
7	64432154	64467062	ENSG00000152926	ZNF117
5	79287134	79379110	ENSG00000113296	THBS4
7	64451187	64467121	ENSG00000213462	ERV3-1
5	140588269	140591696	ENSG00000120328	PCDHB12
1	156182784	156212874	ENSG00000160783	PMF1
X	152240839	152340864	ENSG00000224201	PNMA6A
5	140593509	140596993	ENSG00000187372	PCDHB13
7	130020180	130027955	ENSG00000091704	CPA1
X	114238538	114254540	ENSG00000123496	IL13RA2
17	7169374	7169485	ENSG00000202251	Y_RNA
HG115_PATCH	101996513	101998642	ENSG00000259875	CTA-313A17.5
17	7186266	7187390	ENSG00000263342	RP1-4G17.2
17	7233771	7238732	ENSG00000224647	AC026954.6
17	1619817	1641893	ENSG00000167716	WDR81
19	39971052	39984422	ENSG00000105197	TIMM50
17	7184986	7191576	ENSG00000181856	SLC2A4
5	140602931	140605858	ENSG00000120327	PCDHB14
7	64838712	64866038	ENSG00000146757	ZNF92
HG115_PATCH	102007442	102023913	ENSG00000261073	RP11-163E9.2
2	44066103	44105605	ENSG00000143921	ABCG8
11	85955586	85989855	ENSG00000074266	EED
17	7256006	7258263	ENSG00000263171	RP11-542C16.1
17	7323422	7347400	ENSG00000262880	RP11-104H15.7
HG115_PATCH	102023745	102026017	ENSG00000260993	RP11-163E9.1
5	140625147	140627799	ENSG00000113248	PCDHB15
HG115_PATCH	102049022	102049135	ENSG00000263329	hsa-mir-548o
17	7339876	7340842	ENSG00000262624	RP11-104H15.9
HG115_PATCH	102070098	102078060	ENSG00000259872	RP11-514P8.2
5	140682196	140683612	ENSG00000120329	SLC25A2
15	85427885	85518876	ENSG00000156222	SLC28A1
8	75736772	75767264	ENSG00000137558	PI15
2	242295658	242434256	ENSG00000006607	FARP2
19	16589868	16607003	ENSG00000269058	CALR3
HG104_HG975_PATCH	144789522	144790224	ENSG00000261246	CCDC166
11	130096572	130184581	ENSG00000196323	ZBTB44
5	140698057	140700330	ENSG00000178913	TAF7
4	69402902	69434245	ENSG00000197888	UGT2B17
3	185194284	185216845	ENSG00000163900	TMEM41A
19	16589878	16739015	ENSG00000141979	CTD-3222D19.2
HG104_HG975_PATCH	144798429	144804628	ENSG00000260463	MAPK15
4	69512348	69536346	ENSG00000196620	UGT2B15
6	33161365	33168630	ENSG00000204231	RXRB
16	20634559	20710212	ENSG00000166743	ACSM1
4	101944566	102269435	ENSG00000138814	PPP3CA
19	54799854	54809952	ENSG00000170866	LILRA3
1	111743393	111786062	ENSG00000064886	CHI3L2
16	90095316	90096309	ENSG00000221819	C16orf3
7	28338940	28865511	ENSG00000146592	CREB5
5	140710252	140892546	ENSG00000204956	PCDHGA1
1	38462442	38471278	ENSG00000183386	FHL3
19	16607122	16632163	ENSG00000105072	C19orf44
14	54863567	54886936	ENSG00000100526	CDKN3
8	75896750	75946793	ENSG00000121005	CRISPLD1
16	90122974	90158480	ENSG00000126856	PRDM7
12	48357352	48362661	ENSG00000134291	TMEM106C
HSCHR6_MHC_DBB	32236325	32315209	ENSG00000226892	C6orf10
17	7342478	7346646	ENSG00000263301	RP11-104H15.8
HSCHR6_MHC_MCF	32197644	32216187	ENSG00000231618	PPT2
17	7342825	7349285	ENSG00000272884	RP11-104H15.10
19	54818353	54824409	ENSG00000187116	LILRA5
1	156211753	156213112	ENSG00000242252	BGLAP
1	38474930	38490496	ENSG00000183520	UTP11L
5	140718539	140892546	ENSG00000081853	PCDHGA2
16	20744986	20753406	ENSG00000066654	THUMPD1
16	90159562	90162762	ENSG00000261812	TUBB8P7
5	140723601	140892546	ENSG00000254245	PCDHGA3
3	57124010	57204334	ENSG00000144730	IL17RD
19	54844456	54850421	ENSG00000239961	LILRA4
14	24649601	24659622	ENSG00000259522	RP11-468E2.2
9	117782806	117880536	ENSG00000041982	TNC
11	130274820	130298888	ENSG00000134917	ADAMTS8
5	179338651	179499118	ENSG00000113269	RNF130
5	140729828	140892546	ENSG00000254221	PCDHGB1
4	69681711	69696914	ENSG00000109181	UGT2B10
1	16268364	16302627	ENSG00000116809	ZBTB17
2	49189296	49381676	ENSG00000170820	FSHR
7	65112081	65113280	ENSG00000269558	AC104057.1
2	44113647	44223144	ENSG00000138095	LRPPRC
20	37590942	37668366	ENSG00000101452	DHX35
7	65338254	65424550	ENSG00000196715	VKORC1L1
19	16628700	16653341	ENSG00000085872	CHERP
11	417933	442011	ENSG00000185101	ANO9
1	38509523	38512450	ENSG00000185668	POU3F1
10	115438942	115490662	ENSG00000165806	CASP7
6	31110216	31126015	ENSG00000204536	CCHCR1
X	152243996	152245978	ENSG00000257088	PNMA6D
HSCHR6_MHC_DBB	32336148	32350396	ENSG00000229741	BTNL2
4	69794181	69817509	ENSG00000135220	UGT2A3
X	152341458	152343394	ENSG00000203902	PNMA6B
1	39303870	39325495	ENSG00000116954	RRAGC
14	105675623	105781926	ENSG00000185024	BRF1
X	152481522	152486115	ENSG00000198681	MAGEA1
6	132021520	132022635	ENSG00000180658	OR2A4
6	132029581	132032206	ENSG00000236761	CTAGE9
16	20791515	20911671	ENSG00000196678	ERI2
7	102740223	102790007	ENSG00000161048	NAPEPLD
17	7440413	7440513	ENSG00000201489	Y_RNA
HG104_HG975_PATCH	144806103	144815971	ENSG00000261380	FAM83H
X	152599613	152625568	ENSG00000063587	ZNF275
17	7466604	7482033	ENSG00000265500	SENP3-EIF4A1
16	61553	64093	ENSG00000233614	DDX11L10
11	130318869	130346532	ENSG00000166106	ADAMTS15
22	50941376	50946135	ENSG00000100258	LMF2
17	7476144	7485342	ENSG00000264772	SNORA67
7	65425671	65447301	ENSG00000169919	GUSB
17	7478031	7478165	ENSG00000209582	SNORA48
14	24658349	24682679	ENSG00000100926	TM9SF1
17	7480129	7480270	ENSG00000238917	SNORD10
X	114345185	114468635	ENSG00000130224	LRCH2
X	152683780	152687087	ENSG00000189420	ZFP92
5	140734768	140892546	ENSG00000262576	PCDHGA4
17	7485282	7487390	ENSG00000233223	AC113189.5
11	130542851	130587247	ENSG00000175728	C11orf44
17	7514499	7514591	ENSG00000251860	snoU13
17	7588578	7589689	ENSG00000262251	RP11-199F11.2
17	7657638	7658294	ENSG00000240480	RPL29P2
5	140739703	140892546	ENSG00000253910	PCDHGB2
9	117904097	118164923	ENSG00000173077	DEC1
6	132129156	132216295	ENSG00000197594	ENPP1
11	86013253	86056969	ENSG00000149196	C11orf73
17	7191571	7197934	ENSG00000006047	YBX2
14	74523553	74551196	ENSG00000119711	ALDH6A1
19	39989535	39999121	ENSG00000090932	DLL3
5	140743898	140892546	ENSG00000253485	PCDHGA5
5	140749831	140892546	ENSG00000262209	PCDHGB3
16	67514	85195	ENSG00000260803	Z84812.4
X	152710178	152736045	ENSG00000183479	TREX2
16	72910	75123	ENSG00000231439	WASIR2
19	54865362	54882165	ENSG00000167613	LAIR1
4	69917081	69978705	ENSG00000171234	UGT2B7
16	79336	88321	ENSG00000226942	IL9RP3
5	79407050	79551898	ENSG00000164300	SERINC5
3	185224050	185270401	ENSG00000163898	LIPH
1	16330731	16335302	ENSG00000183888	C1orf64
16	140629	141100	ENSG00000269482	Z69720.2
9	118916083	119164601	ENSG00000182752	PAPPA
16	175736	177218	ENSG00000228779	Z69666.2
16	213121	215155	ENSG00000206178	HBZP1
1	111833484	111863188	ENSG00000134216	CHIA
16	58699013	58719008	ENSG00000103042	SLC38A7
3	101818088	102198685	ENSG00000170044	ZPLD1
17	7809440	7809578	ENSG00000252835	SCARNA21
17	7816642	7819271	ENSG00000179859	AC025335.1
19	40005753	40011326	ENSG00000186838	SELV
17	7858186	7858940	ENSG00000262492	RP11-1099M24.8
7	94926988	95025673	ENSG00000005421	PON1
17	7937805	7937902	ENSG00000238676	snoU13
1	16340523	16346089	ENSG00000173641	HSPB7
17	7959543	7960939	ENSG00000263427	RP11-599B13.3
11	130745331	130786404	ENSG00000120451	SNX19
17	7991374	7991465	ENSG00000264005	MIR4314
17	8076772	8076905	ENSG00000200463	SNORD118
3	37903451	38025960	ENSG00000144677	CTDSPL
16	218678	219333	ENSG00000225323	Z84721.4
17	40554470	40575535	ENSG00000177469	PTRF
17	8080130	8086130	ENSG00000266824	RP11-599B13.7
8	76320149	76479078	ENSG00000164749	HNF4G
17	8090493	8090577	ENSG00000266638	AC129492.1
16	228553	228655	ENSG00000207243	Y_RNA
17	8102441	8102755	ENSG00000271002	RP11-599B13.8
8	131792547	132054672	ENSG00000155897	ADCY8
16	235747	236293	ENSG00000268836	LA16c-OS12.2
17	8123960	8127361	ENSG00000178977	LINC00324
16	281133	281471	ENSG00000206168	Z69890.1
19	4183351	4224811	ENSG00000089847	ANKRD24
17	8128139	8128798	ENSG00000269928	RP11-849F2.8
17	8181081	8181754	ENSG00000269947	RP11-849F2.9
12	53720362	53739099	ENSG00000170374	SP7
17	8199823	8200534	ENSG00000271029	RP11-849F2.10
17	8221406	8222030	ENSG00000226871	AC135178.7
5	179527795	179636153	ENSG00000146090	RASGEF1C
HG104_HG975_PATCH	144873090	144897549	ENSG00000260968	SCRIB
11	448268	491393	ENSG00000174915	PTDSS2
4	102268937	102270040	ENSG00000254531	AP001816.1
10	99526508	99531709	ENSG00000120057	SFRP5
4	70065669	70080449	ENSG00000213759	UGT2B11
9	119160439	119162885	ENSG00000256040	PAPPA-AS1
10	99609996	99631337	ENSG00000155265	GOLGA7B
6	33168222	33172216	ENSG00000112473	SLC39A7
19	4229495	4237528	ENSG00000105246	EBI3
12	53773960	53810230	ENSG00000185591	SP1
17	1646130	1658562	ENSG00000167711	SERPINF2
15	85523671	85682376	ENSG00000073417	PDE8A
19	40021630	40023494	ENSG00000176401	EID2B
X	114423963	114427431	ENSG00000175718	RBMXL3
12	6456009	6486896	ENSG00000111319	SCNN1A
16	432097	442960	ENSG00000236829	Z97634.3
19	16660642	16683193	ENSG00000127526	SLC35E1
5	140753651	140892546	ENSG00000253731	PCDHGA6
1	39328636	39347289	ENSG00000214114	MYCBP
1	111888910	111895635	ENSG00000173947	PIFO
17	8232901	8233037	ENSG00000212206	SNORA69
17	8241015	8242076	ENSG00000266279	RP11-849F2.4
X	114524293	114542121	ENSG00000102021	LUZP4
19	40028890	40030870	ENSG00000176396	EID2
7	102937869	102969958	ENSG00000105819	PMPCB
11	86085778	86134151	ENSG00000149201	CCDC81
2	136597196	136633996	ENSG00000076003	MCM6
5	140762467	140892546	ENSG00000253537	PCDHGA7
19	40093164	40098116	ENSG00000105198	LGALS13
HSCHR6_MHC_DBB	32382335	32387545	ENSG00000228987	HLA-DRA
16	489297	489397	ENSG00000201034	Y_RNA
16	501404	503461	ENSG00000230428	RP1-196A12.1
1	156213206	156217881	ENSG00000160781	PAQR6
11	48002113	48189670	ENSG00000149177	PTPRJ
16	542366	542567	ENSG00000256323	AL049542.1
16	585316	585368	ENSG00000266124	MIR5587
16	593277	593366	ENSG00000266235	MIR3176
22	50946645	50961901	ENSG00000025770	NCAPH2
16	597185	603847	ENSG00000261691	LA16c-366D1.3
12	22199108	22218608	ENSG00000111726	CMAS
16	653555	653904	ENSG00000196674	Z98881.1
1	39330175	39347289	ENSG00000131233	GJA9
16	691039	691688	ENSG00000197727	AL022341.1
16	698473	699200	ENSG00000228201	AL022341.3
5	140767452	140892546	ENSG00000253953	PCDHGB4
19	40146534	40151287	ENSG00000249861	LGALS16
16	705034	706194	ENSG00000262528	LA16c-349E10.1
16	728504	729777	ENSG00000260394	LA16c-313D11.9
16	58741035	58768261	ENSG00000125166	GOT2
10	115511213	115543188	ENSG00000148735	PLEKHS1
5	140772381	140892546	ENSG00000253767	PCDHGA8
7	29034847	29235067	ENSG00000106066	CPVL
1	111956936	111970399	ENSG00000085465	OVGP1
11	48238344	48239314	ENSG00000175619	OR4B1
5	140782520	140892546	ENSG00000261934	PCDHGA9
11	48266608	48267622	ENSG00000172208	OR4X2
19	40194946	40200084	ENSG00000006659	LGALS14
1	39351479	39407471	ENSG00000158315	RHBDL2
11	48285413	48286330	ENSG00000176567	OR4X1
7	130033612	130082274	ENSG00000106477	CEP41
4	102332443	102995969	ENSG00000153064	BANK1
5	140787770	140892546	ENSG00000253305	PCDHGB6
11	48327775	48328704	ENSG00000176555	OR4S1
16	739001	742554	ENSG00000261659	LA16c-313D11.12
16	760746	761277	ENSG00000259840	LA16c-380A1.1
16	820183	820277	ENSG00000207579	MIR662
20	39314488	39317880	ENSG00000204103	MAFB
11	48346472	48347507	ENSG00000176547	OR4C3
5	140792743	140892546	ENSG00000253846	PCDHGA10
7	94989256	95025680	ENSG00000105852	PON3
11	48387037	48388017	ENSG00000176540	OR4C5
17	8268881	8284646	ENSG00000265749	RP11-849F2.5
16	20817751	20860987	ENSG00000005189	AC004381.6
19	16685718	16739873	ENSG00000105085	MED26
11	48510269	48511332	ENSG00000237388	OR4A47
1	39456895	39471731	ENSG00000174574	AKIRIN1
5	79615444	79617661	ENSG00000164299	SPZ1
HSCHR6_MHC_DBB	32516731	32550833	ENSG00000236884	HLA-DRB1
20	39657458	39753127	ENSG00000198900	TOP1
17	8414443	8414506	ENSG00000252363	RNU7-43P
17	8450235	8450526	ENSG00000241708	RN7SL129P
11	49050504	49059579	ENSG00000182053	TRIM49B
2	171568961	171571077	ENSG00000222033	LINC01124
14	24658363	24682679	ENSG00000254692	TM9SF1
5	179660143	179719099	ENSG00000050748	MAPK9
1	16345370	16360545	ENSG00000186510	CLCNKA
19	16688453	16770926	ENSG00000268790	CTC-429P9.4
5	140797427	140892546	ENSG00000254122	PCDHGB7
14	74551499	74667936	ENSG00000205659	LIN52
11	49075266	49080664	ENSG00000214891	TRIM64C
9	119187504	120177348	ENSG00000148219	ASTN2
16	59743897	59788752	ENSG00000260240	RP11-105C20.2
5	140800762	140891835	ENSG00000253873	PCDHGA11
14	24674903	24677568	ENSG00000139908	TSSK4
10	99624757	99790585	ENSG00000095713	CRTAC1
1	111982512	111991998	ENSG00000116455	WDR77
17	7210318	7215774	ENSG00000132507	EIF5A
3	57231944	57260549	ENSG00000163666	HESX1
5	140810185	140892546	ENSG00000253159	PCDHGA12
19	4247076	4269087	ENSG00000105248	CCDC94
8	77593454	77779521	ENSG00000091656	ZFHX4
HSCHR6_MHC_MCF	32208792	32212490	ENSG00000240592	EGFL8
1	156219015	156252620	ENSG00000198952	SMG5
3	48673902	48700348	ENSG00000008300	CELSR3
11	131240373	132206716	ENSG00000182667	NTM
3	127317066	127341276	ENSG00000073111	MCM2
17	1665253	1680868	ENSG00000132386	SERPINF1
17	40610862	40674629	ENSG00000033627	ATP6V0A1
HSCHR6_MHC_DBB	32574291	32596644	ENSG00000236418	HLA-DQA1
5	79703832	79775169	ENSG00000039319	ZFYVE16
19	4278598	4290721	ENSG00000105251	SHD
X	152713124	152760978	ENSG00000213397	HAUS7
11	494512	507300	ENSG00000023191	RNH1
16	61681146	62070939	ENSG00000150394	CDH8
4	70146217	70160768	ENSG00000135226	UGT2B28
1	111991486	112005395	ENSG00000116459	ATP5F1
6	132269316	132272513	ENSG00000118523	CTGF
17	76849059	76921469	ENSG00000035862	TIMP2
19	4292229	4302428	ENSG00000167664	TMIGD2
20	39765600	39811629	ENSG00000124181	PLCG1
11	86152150	86383678	ENSG00000151376	ME3
3	38029550	38048679	ENSG00000136059	VILL
12	22216707	22589975	ENSG00000111728	ST8SIA1
1	39491990	39500308	ENSG00000168653	NDUFS5
5	60240956	60448853	ENSG00000164182	NDUFAF2
9	119449581	119463579	ENSG00000119401	TRIM32
3	105085753	105295744	ENSG00000170017	ALCAM
11	49168187	49230222	ENSG00000086205	FOLH1
1	112016414	112021134	ENSG00000143110	C1orf162
16	933780	935090	ENSG00000260022	LA16c-306A4.1
HSCHR6_MHC_MCF	32212421	32222305	ENSG00000235758	AGPAT1
16	950520	955224	ENSG00000260316	LA16c-306A4.2
16	971033	984495	ENSG00000260439	LA16c-366D3.1
14	54893654	54908149	ENSG00000100528	CNIH1
9	120466610	120479149	ENSG00000136869	TLR4
19	4304597	4323840	ENSG00000105255	FSD1
12	53817639	53825318	ENSG00000135409	AMHR2
16	1025761	1031596	ENSG00000260807	RP11-161M6.2
3	57261765	57307496	ENSG00000157500	APPL1
19	40221890	40228668	ENSG00000105205	CLC
19	40267235	40276775	ENSG00000213921	LEUTX
1	16370272	16383803	ENSG00000184908	CLCNKB
HG104_HG975_PATCH	144898514	144912029	ENSG00000260485	PUF60
16	1041148	1050926	ENSG00000260496	RP11-161M6.3
9	121915736	122131745	ENSG00000078725	BRINP1
1	112025970	112106584	ENSG00000121933	ADORA3
2	136664247	136743670	ENSG00000115866	DARS
1	156252726	156262976	ENSG00000163472	TMEM79
8	132916335	133025889	ENSG00000132294	EFR3A
HSCHR6_MHC_MCF	32222563	32225000	ENSG00000225452	RNF5
14	24678789	24683075	ENSG00000254505	CHMP4A
X	114795501	114885181	ENSG00000102024	PLS3
10	6392278	6394723	ENSG00000212743	DKFZP667F0711
9	122257653	122286403	ENSG00000260970	RP11-295D22.1
1	16384264	16400127	ENSG00000185519	FAM131C
12	53835389	53840429	ENSG00000205352	PRR13
5	140855580	140892542	ENSG00000240184	PCDHGC3
19	16741562	16771253	ENSG00000214046	SMIM7
5	140864741	140892546	ENSG00000242419	PCDHGC4
11	86502101	86663952	ENSG00000150687	PRSS23
2	242432089	242449145	ENSG00000115694	STK25
19	40315990	40324841	ENSG00000105204	DYRK1B
1	112084840	112259313	ENSG00000116473	RAP1A
17	76866992	76899299	ENSG00000178404	DDC8
12	48366748	48398269	ENSG00000139219	COL2A1
10	6469105	6622263	ENSG00000065675	PRKCQ
7	65540785	65558545	ENSG00000126522	ASL
5	60411538	60411762	ENSG00000269267	AC008498.1
16	20866247	20911706	ENSG00000188215	DCUN1D3
5	60453536	60458301	ENSG00000188725	SMIM15
1	16450832	16482582	ENSG00000142627	EPHA2
7	95034175	95064510	ENSG00000105854	PON2
16	1114093	1128707	ENSG00000261713	SSTR5-AS1
4	103172198	103352415	ENSG00000138821	SLC39A8
16	1115240	1116502	ENSG00000261720	RP11-161M6.5
16	1115299	1116349	ENSG00000181791	AC009041.1
16	1153280	1155461	ENSG00000260702	LA16c-349E11.1
16	20911190	20936328	ENSG00000102897	LYRM1
1	112223252	112298446	ENSG00000197852	FAM212B
16	1161627	1163399	ENSG00000260532	LA16c-381G6.1
16	1206976	1207974	ENSG00000260403	RP11-616M22.1
4	70345883	70391732	ENSG00000156096	UGT2B4
16	1209548	1210176	ENSG00000259910	RP11-616M22.2
16	1256560	1257124	ENSG00000261294	RP11-616M22.3
16	1307340	1308075	ENSG00000260182	RP11-616M22.5
16	1310953	1313846	ENSG00000196364	PRSS29P
19	54926393	54948080	ENSG00000167614	TTYH1
16	1323752	1326523	ENSG00000261564	RP11-616M22.10
16	1330162	1330545	ENSG00000260991	RP11-616M22.9
16	1336352	1338838	ENSG00000260284	TPSP2
16	1344552	1349167	ENSG00000260710	RP11-616M22.7
11	86656721	86666433	ENSG00000174804	FZD4
16	1367892	1372846	ENSG00000261505	LA16c-358B7.3
7	29161890	29553944	ENSG00000106069	CHN2
16	1379079	1379778	ENSG00000219274	RPS20P2
1	156259880	156265463	ENSG00000198715	C1orf85
16	1408901	1411406	ENSG00000260425	LA16c-316G12.2
16	1429290	1429424	ENSG00000265529	AL031721.1
16	1458835	1462249	ENSG00000260132	LA16c-312E8.2
16	1495344	1496520	ENSG00000261641	LA16c-390E6.5
16	1501761	1502654	ENSG00000260051	LA16c-390E6.4
16	1517674	1522685	ENSG00000261430	LA16c-390E6.3
16	1527831	1528584	ENSG00000219027	RPS3AP2
8	133036467	133097902	ENSG00000258417	OC90
14	54941202	54955914	ENSG00000197045	GMFB
4	70454135	70518965	ENSG00000173610	UGT2A1
14	74706175	74729441	ENSG00000119614	VSX2
HSCHR6_MHC_MCF	32225175	32228531	ENSG00000230514	AGER
16	64977656	65160015	ENSG00000140937	CDH11
1	112297867	112310638	ENSG00000064703	DDX20
8	133036467	133071627	ENSG00000253117	OC90
15	85923802	86292586	ENSG00000170776	AKAP13
6	132617194	132722684	ENSG00000079931	MOXD1
X	152751314	152752546	ENSG00000224963	U82695.9
17	76967320	76976191	ENSG00000108679	LGALS3BP
7	130126012	130146133	ENSG00000106484	MEST
8	133073733	133123406	ENSG00000132297	HHLA1
8	77892494	77913280	ENSG00000164751	PEX2
11	86748886	87034800	ENSG00000166575	TMEM135
3	185300284	185351339	ENSG00000163904	SENP2
3	193310933	193415612	ENSG00000198836	OPA1
6	132767006	132834337	ENSG00000079950	STX7
16	20944433	21170762	ENSG00000158486	DNAH3
14	24683143	24685276	ENSG00000213920	MDP1
19	16771938	16800840	ENSG00000072954	TMEM38A
12	6484211	6500733	ENSG00000111321	LTBR
X	152760397	152775012	ENSG00000182492	BGN
17	7214643	7218883	ENSG00000132522	GPS2
4	70454135	70505360	ENSG00000271271	UGT2A2
5	60628100	60841997	ENSG00000130449	ZSWIM6
19	54960065	54973217	ENSG00000167615	LENG8
6	132859429	132860470	ENSG00000237110	TAAR9
6	132873832	132874860	ENSG00000146385	TAAR8
10	99627889	99631294	ENSG00000269783	GOLGA7B
6	132891461	132892498	ENSG00000146383	TAAR6
8	79428374	79517502	ENSG00000171033	PKIA
14	24683161	24701558	ENSG00000255526	NEDD8-MDP1
1	112313284	112531777	ENSG00000171385	KCND3
1	156268415	156269428	ENSG00000189030	VHLL
6	132909731	132910877	ENSG00000135569	TAAR5
14	74752126	74769759	ENSG00000119688	ABCD4
6	132938161	132945414	ENSG00000146378	TAAR2
12	101549271	101604185	ENSG00000256870	SLC5A8
4	70454912	70518967	ENSG00000270386	UGT2A1
11	49973943	49974971	ENSG00000258817	OR4C13
6	132966123	132967142	ENSG00000146399	TAAR1
1	16524349	16539104	ENSG00000142632	ARHGEF19
11	50003009	50004071	ENSG00000221954	OR4C12
14	54976530	55005567	ENSG00000100532	CGRRF1
11	51411378	51412448	ENSG00000221840	OR4A5
10	99894387	100004654	ENSG00000166024	R3HCC1L
6	133002729	133035188	ENSG00000112299	VNN1
11	51435459	51436403	ENSG00000225997	OR4A8P
8	79578282	79632000	ENSG00000104427	ZC2HC1A
11	51515282	51516211	ENSG00000185926	OR4C46
22	50961997	50964868	ENSG00000130489	SCO2
11	55029658	55038595	ENSG00000150244	TRIM48
1	112938803	113006078	ENSG00000143079	CTTNBP2NL
1	16555368	16556038	ENSG00000204377	C1orf134
11	55110627	55111707	ENSG00000181961	OR4A16
7	65552756	65617228	ENSG00000249319	AC068533.7
11	55135360	55136394	ENSG00000181958	OR4A15
1	16558195	16563657	ENSG00000132881	RSG1
5	60933535	61047590	ENSG00000178722	C5orf64
11	55321783	55322895	ENSG00000181939	OR4C15
4	70586880	70653679	ENSG00000173597	SULT1B1
3	38048987	38071253	ENSG00000187091	PLCD1
5	179727690	179780387	ENSG00000131459	GFPT2
19	54972981	54974894	ENSG00000182909	LENG9
11	55339604	55340536	ENSG00000181935	OR4C16
12	101673887	101780394	ENSG00000120800	UTP20
7	102952921	102985320	ENSG00000105821	DNAJC2
19	54976210	54984411	ENSG00000167617	CDC42EP5
19	16830787	16928774	ENSG00000188039	NWD1
7	65579591	65619555	ENSG00000241258	CRCP
11	55370830	55371874	ENSG00000172188	OR4C11
19	4324040	4342783	ENSG00000178078	STAP2
11	55405834	55406772	ENSG00000181927	OR4P4
1	16573334	16678949	ENSG00000037637	FBXO42
1	113009163	113072787	ENSG00000134245	WNT2B
11	55418380	55419315	ENSG00000174982	OR4S2
11	55432614	55433671	ENSG00000181903	OR4C6
8	79587978	79717758	ENSG00000104432	IL7
17	1682779	1733928	ENSG00000186532	SMYD4
11	87846410	87908635	ENSG00000123892	RAB38
19	55009100	55021897	ENSG00000167618	LAIR2
22	50964181	50968485	ENSG00000025708	TYMP
11	55540914	55541858	ENSG00000198877	OR5D13
11	55563032	55563976	ENSG00000186113	OR5D14
20	39807088	39946312	ENSG00000174306	ZHX3
11	55578854	55579952	ENSG00000186117	OR5L1
11	55587086	55588073	ENSG00000186119	OR5D18
16	66400533	66438686	ENSG00000179776	CDH5
4	70676498	70725870	ENSG00000109193	SULT1E1
11	55594695	55595630	ENSG00000205030	OR5L2
14	24686058	24701660	ENSG00000129559	NEDD8
1	16679070	16724640	ENSG00000055070	SZRD1
11	55606228	55607214	ENSG00000205029	OR5D16
11	55650773	55659286	ENSG00000124900	TRIM51
5	61601989	61833076	ENSG00000068796	KIF2A
6	133043926	133055904	ENSG00000093134	VNN3
22	50968139	50971009	ENSG00000177989	ODF3B
3	48701364	48723797	ENSG00000213672	NCKIPSD
20	39969560	39989222	ENSG00000132793	LPIN3
19	55043909	55057053	ENSG00000104970	KIR3DX1
19	4343524	4360083	ENSG00000008382	MPND
8	80523049	80578410	ENSG00000104435	STMN2
9	123151147	123342448	ENSG00000136861	CDK5RAP2
22	50986462	50989451	ENSG00000130487	KLHDC7B
22	50989541	51001334	ENSG00000217442	SYCE3
11	55681126	55682058	ENSG00000187612	OR5W2
4	103422486	103538459	ENSG00000109320	NFKB1
3	105374305	105588396	ENSG00000114423	CBLB
11	55702932	55703876	ENSG00000167825	OR5I1
11	55734975	55735990	ENSG00000174970	OR10AG1
20	39988606	39995467	ENSG00000183798	EMILIN3
11	55761157	55762101	ENSG00000149133	OR5F1
11	88026760	88070955	ENSG00000109861	CTSC
11	55797895	55798869	ENSG00000181785	OR5AS1
11	55860753	55861762	ENSG00000172154	OR8I2
2	242498136	242513546	ENSG00000176720	BOK
11	55872519	55873457	ENSG00000181767	OR8H2
11	55889849	55890787	ENSG00000181761	OR8H3
10	100007447	100028007	ENSG00000138131	LOXL4
11	55904247	55905194	ENSG00000167822	OR8J3
19	16940211	16991164	ENSG00000127511	SIN3B
11	55926870	55927793	ENSG00000181752	OR8K5
12	53835525	53874946	ENSG00000197111	PCBP2
2	242523820	242576864	ENSG00000176946	THAP4
19	4360367	4400544	ENSG00000141985	SH3GL1
17	7215980	7222493	ENSG00000261915	RP11-542C16.2
12	48413554	48419165	ENSG00000257955	RP1-228P16.5
19	55084387	55099027	ENSG00000239998	LILRA2
4	70796799	70812289	ENSG00000126545	CSN1S1
2	136871919	136875735	ENSG00000121966	CXCR4
14	55033815	55260033	ENSG00000020577	SAMD4A
5	179921412	180005405	ENSG00000113300	CNOT6
20	40030741	40247133	ENSG00000124177	CHD6
1	16713612	16763919	ENSG00000187144	SPATA21
8	133133108	133493200	ENSG00000184156	KCNQ3
11	55944094	55945032	ENSG00000174957	OR5J2
11	55978334	55979298	ENSG00000254658	OR8J2
11	55999490	56000737	ENSG00000181718	OR5T2
16	66461200	66527432	ENSG00000166546	BEAN1
12	22601517	22697480	ENSG00000111731	C2CD5
11	56019676	56020698	ENSG00000172489	OR5T3
16	21169698	21191937	ENSG00000011638	TMEM159
11	56043029	56044146	ENSG00000181698	OR5T1
11	56057529	56058566	ENSG00000181693	OR8H1
12	6554033	6560884	ENSG00000139193	CD27
16	66503715	66551215	ENSG00000260851	RP11-403P17.5
11	56085783	56086721	ENSG00000181689	OR8K3
16	66516775	66519747	ENSG00000247270	AC132186.1
11	56113421	56114507	ENSG00000150261	OR8K1
11	56127691	56128764	ENSG00000172487	OR8J1
11	56143100	56144029	ENSG00000172199	OR8U1
3	127348024	127391652	ENSG00000114631	PODXL2
14	24701628	24708448	ENSG00000100938	GMPR2
7	65670186	65885530	ENSG00000169902	TPST1
X	114952650	114953669	ENSG00000228532	RP1-241P17.4
11	56180172	56181156	ENSG00000272987	OR5AL1
22	51007290	51017899	ENSG00000205560	CPT1B
12	48436681	48500091	ENSG00000079387	SENP1
11	56184734	56185708	ENSG00000174942	OR5R1
X	115301975	115306225	ENSG00000180772	AGTR2
8	133584320	133687838	ENSG00000129295	LRRC6
11	56229945	56230877	ENSG00000150269	OR5M9
11	56236964	56238014	ENSG00000174937	OR5M3
15	86302554	86338261	ENSG00000183655	KLHL25
17	76987799	77005949	ENSG00000171302	CANT1
11	56257825	56258871	ENSG00000181371	OR5M8
1	16767167	16786573	ENSG00000157191	NECAP2
11	56309746	56310757	ENSG00000255223	OR5M11
16	21208773	21225831	ENSG00000103310	ZP2
X	115567790	115592625	ENSG00000087916	SLC6A14
11	56344212	56345263	ENSG00000254834	OR5M10
12	6560856	6575683	ENSG00000139192	TAPBPL
11	56380031	56380978	ENSG00000255012	OR5M1
11	56408942	56409947	ENSG00000172464	OR5AP2
11	56431138	56432163	ENSG00000172459	OR5AR1
7	65939543	65940709	ENSG00000267941	AC008267.1
9	123363091	123476748	ENSG00000106780	MEGF9
15	86685227	87572283	ENSG00000166748	AGBL1
19	4402659	4445015	ENSG00000167670	CHAF1A
10	13685706	14504141	ENSG00000151474	FRMD4A
8	80676245	80680098	ENSG00000164683	HEY1
17	1732996	1803376	ENSG00000132383	RPA1
7	29603427	29606911	ENSG00000176532	PRR15
16	21244986	21263750	ENSG00000175311	ANKS4B
7	66093868	66276446	ENSG00000243335	KCTD7
9	123514256	123555690	ENSG00000119402	FBXW2
16	66541906	66586447	ENSG00000166548	TK2
17	17746828	17875736	ENSG00000175662	TOM1L2
7	29846102	29956682	ENSG00000122574	WIPF3
3	57302375	57326710	ENSG00000239388	ASB14
2	242576628	242613272	ENSG00000168397	ATG4B
11	88237744	88799113	ENSG00000168959	GRM5
X	115592849	115594164	ENSG00000204019	CT83
HSCHR6_MHC_MCF	32228948	32234390	ENSG00000236353	PBX2
7	95107756	95169544	ENSG00000005981	ASB4
2	137523115	138435287	ENSG00000144229	THSD7B
16	21250195	21314404	ENSG00000103316	CRYM
11	88910620	89028927	ENSG00000077498	TYR
14	55308726	55369570	ENSG00000131979	GCH1
17	1837971	1928639	ENSG00000185924	RTN4RL1
9	123577774	123605262	ENSG00000095261	PSMD5
X	152783134	152848397	ENSG00000067842	ATP2B3
1	16865561	16866070	ENSG00000268674	FAM231B
HSCHR6_MHC_MCF	32234970	32239727	ENSG00000234243	GPSM3
19	16999671	17003417	ENSG00000127533	F2RL3
1	16888814	16940057	ENSG00000219481	NBPF1
22	51007298	51021394	ENSG00000254413	CHKB-CPT1B
10	100143322	100174941	ENSG00000119943	PYROXD2
1	156278759	156337664	ENSG00000163468	CCT3
19	55085346	55148979	ENSG00000104972	LILRB1
19	4444996	4457819	ENSG00000167671	UBXN6
5	180017103	180018540	ENSG00000161055	SCGB3A1
17	77015291	77023737	ENSG00000265096	C1QTNF1-AS1
9	123617977	123639606	ENSG00000119403	PHF19
3	127391778	127399768	ENSG00000114626	ABTB1
3	38080696	38165516	ENSG00000008226	DLEC1
8	133697253	133772958	ENSG00000165071	TMEM71
HSCHR6_MHC_MCF	32239047	32268294	ENSG00000223355	NOTCH4
15	88418230	88799999	ENSG00000140538	NTRK3
1	39546988	39952849	ENSG00000127603	MACF1
2	138721590	138773930	ENSG00000150540	HNMT
3	57327727	57530071	ENSG00000174844	DNAH12
19	17003758	17137625	ENSG00000160111	CPAMD8
X	117031776	117251303	ENSG00000003096	KLHL13
11	56467864	56468781	ENSG00000174914	OR9G1
11	56510303	56511287	ENSG00000172457	OR9G4
3	48725436	48777786	ENSG00000068745	IP6K2
17	7218947	7232712	ENSG00000215041	NEURL4
11	56587052	56587980	ENSG00000241356	OR5G3
4	103552660	103682151	ENSG00000109323	MANBA
11	56756347	56757342	ENSG00000181273	OR5AK2
16	21413558	21459888	ENSG00000169246	NPIPB3
9	123664671	123691451	ENSG00000056558	TRAF1
11	56949221	56959191	ENSG00000183908	LRRC55
14	105714827	105717430	ENSG00000184887	BTBD6
5	180028506	180076624	ENSG00000037280	FLT4
11	57001051	57004709	ENSG00000134817	APLNR
4	70820974	70826725	ENSG00000135222	CSN2
22	51017378	51039884	ENSG00000100288	CHKB
1	113066140	113163447	ENSG00000007341	ST7L
17	77018896	77045870	ENSG00000173918	C1QTNF1
4	70861647	70868287	ENSG00000126549	STATH
7	29959719	30029905	ENSG00000136193	SCRN1
11	57067112	57092426	ENSG00000149115	TNKS1BP1
16	66586466	66600154	ENSG00000217555	CKLF
9	123714616	123812554	ENSG00000106804	C5
17	1933404	1946724	ENSG00000108963	DPH1
HSCHR6_MHC_MCF	32360675	32415872	ENSG00000237881	C6orf10
12	6571403	6580153	ENSG00000139190	VAMP1
6	31126319	31134936	ENSG00000137310	TCF19
7	30050203	30066300	ENSG00000106080	FKBP14
11	57093459	57103351	ENSG00000149136	SSRP1
19	4472284	4502223	ENSG00000167674	HDGFRP2
8	80830952	80942524	ENSG00000147586	MRPS28
7	102984701	103009842	ENSG00000161057	PSMC2
11	57105848	57138073	ENSG00000109991	P2RX3
8	133787618	133861052	ENSG00000129292	PHF20L1
14	105766900	105864484	ENSG00000179364	PACS2
11	57144242	57148623	ENSG00000156575	PRG3
7	95171457	95173854	ENSG00000269449	AC002451.1
4	70894130	70902255	ENSG00000205649	HTN3
19	17160539	17186435	ENSG00000131351	HAUS8
3	107096188	107097481	ENSG00000138483	CCDC54
7	95212811	95225803	ENSG00000004799	PDK4
11	57154267	57158130	ENSG00000186652	PRG2
7	30067020	30170096	ENSG00000106086	PLEKHA8
16	21608539	21668794	ENSG00000197006	METTL9
7	66147151	66276451	ENSG00000154710	RABGEF1
11	57154838	57191532	ENSG00000254979	RP11-872D17.8
22	51039114	51052409	ENSG00000008735	MAPK8IP2
11	132284871	133402414	ENSG00000183715	OPCML
16	66586490	66613038	ENSG00000254788	CKLF-CMTM1
6	133065009	133084598	ENSG00000112303	VNN2
20	40701392	41818610	ENSG00000196090	PTPRT
10	100175955	100206684	ENSG00000107521	HPS1
7	130146089	130353598	ENSG00000158623	COPG2
11	89057524	89322779	ENSG00000086991	NOX4
1	156307105	156316786	ENSG00000163467	TSACC
1	113161795	113214241	ENSG00000116489	CAPZA1
HSCHR6_MHC_MCF	32436807	32451073	ENSG00000225845	BTNL2
11	133710526	133715433	ENSG00000166118	SPATA19
7	130353488	130372268	ENSG00000213265	TSGA13
14	24708849	24711880	ENSG00000092330	TINF2
5	180166042	180167099	ENSG00000174339	OR2Y1
HSCHR6_MHC_MCF	32482996	32488206	ENSG00000230726	HLA-DRA
11	57174427	57195053	ENSG00000134802	SLC43A3
14	55405668	55493823	ENSG00000198554	WDHD1
7	95401866	95739634	ENSG00000158560	DYNC1I1
15	89002707	89010650	ENSG00000259494	MRPL46
19	4502204	4517716	ENSG00000167676	PLIN4
16	66600294	66613040	ENSG00000089505	CMTM1
11	133778459	133826880	ENSG00000080854	IGSF9B
HSCHR6_MHC_MCF	32578924	32593887	ENSG00000231021	DRB4
16	21652609	21663981	ENSG00000140749	IGSF6
9	123837141	123939888	ENSG00000119397	CNTRL
15	89010684	89022222	ENSG00000181991	MRPS11
5	180217541	180242652	ENSG00000131446	MGAT1
19	4522543	4535236	ENSG00000214456	PLIN5
5	61683081	61699766	ENSG00000086189	DIMT1
3	107241783	107530171	ENSG00000114439	BBX
HSCHR6_MHC_MCF	32631439	32652184	ENSG00000228284	HLA-DQA1
19	55105047	55113555	ENSG00000104974	LILRA1
17	17876127	17920203	ENSG00000171962	LRRC48
14	74769772	74826711	ENSG00000133980	VRTN
8	80870571	81143467	ENSG00000076554	TPD52
12	6601150	6603007	ENSG00000111639	MRPL51
20	42086568	42092245	ENSG00000124193	SRSF6
11	133938820	134021896	ENSG00000166086	JAM3
14	74872596	74892805	ENSG00000183379	SYNDIG1L
1	16999498	17000007	ENSG00000237847	FAM231A
1	17060447	17060956	ENSG00000268991	FAM231C
19	55147173	55150343	ENSG00000224730	AC009892.10
2	242615157	242626406	ENSG00000168393	DTYMK
7	66386212	66423538	ENSG00000106609	TMEM248
14	74942895	74960880	ENSG00000119655	NPC2
1	113215763	113243368	ENSG00000155363	MOV10
6	133090509	133119701	ENSG00000146409	SLC18B1
6	31132119	31148508	ENSG00000204531	POU5F1
16	21689835	21772050	ENSG00000155719	OTOA
1	17066768	17299474	ENSG00000058453	CROCC
2	50145643	51259674	ENSG00000179915	NRXN1
1	156339003	156355011	ENSG00000132677	RHBG
19	55155340	55181810	ENSG00000186818	LILRB4
3	57542003	57552571	ENSG00000174840	PDE12
3	127407909	127542051	ENSG00000074416	MGLL
9	123940415	123985292	ENSG00000119396	RAB14
22	51061182	51066607	ENSG00000100299	ARSA
20	42136320	42179590	ENSG00000185513	L3MBTL1
5	180274611	180288286	ENSG00000196670	ZFP62
3	57557090	57583947	ENSG00000168374	ARF4
2	139259371	139331117	ENSG00000144228	SPOPL
7	130417401	130418888	ENSG00000174595	KLF14
3	38144620	38178733	ENSG00000060971	ACAA1
4	70916119	70924562	ENSG00000126550	HTN1
6	133135580	133138703	ENSG00000112306	RPS12
19	4528439	4540079	ENSG00000267385	CTB-50L17.14
19	17186591	17325346	ENSG00000099331	MYO9B
19	4536421	4540486	ENSG00000171236	LRG1
11	57228022	57245007	ENSG00000186907	RTN4RL2
1	17300997	17307330	ENSG00000117122	MFAP2
11	134020014	134095348	ENSG00000151503	NCAPD3
12	6602522	6641121	ENSG00000010292	NCAPD2
12	22778009	22843599	ENSG00000139163	ETNK1
17	77071021	77084681	ENSG00000167280	ENGASE
4	103715540	103790053	ENSG00000109332	UBE2D3
7	130794855	131181395	ENSG00000128585	MKLN1
17	1945327	1946724	ENSG00000262664	OVCA2
2	242641450	242668893	ENSG00000168395	ING5
HSCHR6_MHC_MCF	32658022	32667070	ENSG00000231286	HLA-DQB1
11	57252007	57283259	ENSG00000149150	SLC43A1
19	4542600	4559820	ENSG00000167680	SEMA6B
15	89054790	89089906	ENSG00000140543	DET1
17	1957448	1962981	ENSG00000177374	HIC1
2	139428342	139537918	ENSG00000144227	NXPH2
15	89164527	89175513	ENSG00000181026	AEN
16	66613351	66622178	ENSG00000140932	CMTM2
3	57611184	57678816	ENSG00000174839	DENND6A
19	4639530	4655580	ENSG00000185361	TNFAIP8L1
7	66452664	66460588	ENSG00000126524	SBDS
1	39876151	39882154	ENSG00000255103	KIAA0754
X	117480036	117583924	ENSG00000131725	WDR44
1	39957318	39991607	ENSG00000183682	BMP8A
19	4641386	4670382	ENSG00000074842	C19orf10
15	89179384	89199714	ENSG00000172183	ISG20
12	53874274	53893847	ENSG00000139625	MAP3K12
22	51112843	51171726	ENSG00000251322	SHANK3
14	74960423	74963809	ENSG00000165898	ISCA2
7	30174426	30202378	ENSG00000180354	MTURN
HSCHR6_MHC_MCF	32729153	32732918	ENSG00000258182	CR759848.1
1	17312453	17338423	ENSG00000159363	ATP13A2
HSCHR6_MHC_MCF	32742904	32748772	ENSG00000206301	HLA-DQA2
3	48782030	48885279	ENSG00000114302	PRKAR2A
7	30323923	30452118	ENSG00000180233	ZNRF2
7	102993177	103086624	ENSG00000170615	SLC26A5
22	51176624	51183762	ENSG00000100312	ACR
16	66637777	66647795	ENSG00000140931	CMTM3
X	152853377	152865500	ENSG00000147382	FAM58A
3	127634075	127706514	ENSG00000187715	KBTBD12
2	140988992	142889270	ENSG00000168702	LRP1B
19	55235969	55378448	ENSG00000167633	KIR3DL1
4	70999333	71042516	ENSG00000187533	C4orf40
14	105864916	105916443	ENSG00000226174	TEX22
HSCHR6_MHC_MCF	32757661	32765119	ENSG00000228254	HLA-DQB2
1	113243728	113250056	ENSG00000155366	RHOC
14	24718320	24733638	ENSG00000092295	TGM1
7	66460160	66704501	ENSG00000198874	TYW1
6	133561736	133853258	ENSG00000112319	EYA4
17	1963133	2207065	ENSG00000070366	SMG6
1	156374042	156400493	ENSG00000125462	C1orf61
16	66648653	66730610	ENSG00000183723	CMTM4
3	127770484	127790526	ENSG00000058262	SEC61A1
11	57295936	57298276	ENSG00000134809	TIMM10
4	71062213	71070293	ENSG00000109205	ODAM
11	89443467	89451040	ENSG00000214414	TRIM77
1	40026488	40042462	ENSG00000090621	PABPC4
15	89346674	89418585	ENSG00000157766	ACAN
11	89530823	89541743	ENSG00000168930	TRIM49
11	57308979	57318108	ENSG00000214872	SMTNL1
4	71091788	71100969	ENSG00000181617	FDCSP
14	55493948	55516206	ENSG00000180008	SOCS4
19	4675236	4724685	ENSG00000142002	DPP9
11	89602450	89609185	ENSG00000189253	TRIM64B
11	57319129	57335757	ENSG00000156587	UBE2L6
7	30464143	30518400	ENSG00000106100	NOD1
19	17326155	17330638	ENSG00000053501	USE1
14	55518349	55536910	ENSG00000168175	MAPK1IP1L
4	71108305	71117145	ENSG00000171209	CSN3
1	113245236	113254055	ENSG00000271810	RP11-426L16.10
9	123970072	124095121	ENSG00000148180	GSN
11	89644279	89654935	ENSG00000223417	TRIM49D1
4	71200683	71202833	ENSG00000145309	CABS1
4	71226478	71232875	ENSG00000109208	SMR3A
11	89764274	89806558	ENSG00000204449	TRIM49C
14	55590828	55612126	ENSG00000131981	LGALS3
22	51205929	51222091	ENSG00000079974	RABL2B
4	71235810	71255961	ENSG00000171201	SMR3B
7	30536237	30591095	ENSG00000006625	GGCT
4	71263599	71275911	ENSG00000171199	PROL1
5	61699799	61924409	ENSG00000086200	IPO11
5	180326077	180377906	ENSG00000113303	BTNL8
11	134094539	134117686	ENSG00000151502	VPS26B
11	57364860	57382326	ENSG00000149131	SERPING1
8	133879203	134147147	ENSG00000042832	TG
1	113252616	113258099	ENSG00000155367	PPM1J
16	66754796	66785701	ENSG00000135720	DYNC1LI2
14	105886159	105937066	ENSG00000182979	MTA1
11	89864683	89926062	ENSG00000077616	NAALAD2
3	48894369	48936426	ENSG00000178537	SLC25A20
12	23682440	24103966	ENSG00000134532	SOX5
20	42187608	42216877	ENSG00000101049	SGK2
HSCHR6_MHC_MCF	32814044	32818329	ENSG00000241910	HLA-DOB
19	55235984	55248003	ENSG00000242019	KIR3DL3
11	134118173	134123264	ENSG00000151500	THYN1
6	31165537	31171745	ENSG00000206344	HCG27
1	113263041	113269857	ENSG00000184599	FAM19A3
1	17345217	17380665	ENSG00000117118	SDHB
9	124101355	124132531	ENSG00000148175	STOM
X	117629861	117820126	ENSG00000147251	DOCK11
2	242673994	242708231	ENSG00000180902	D2HGDH
16	21845890	21892148	ENSG00000185864	NPIPB4
9	124103625	124110410	ENSG00000267987	AL161784.1
HSCHR6_MHC_MCF	32823109	32840035	ENSG00000237599	TAP2
7	69063905	70258054	ENSG00000158321	AUTS2
1	40089825	40105617	ENSG00000163909	HEYL
6	31236526	31239907	ENSG00000204525	HLA-C
X	152907946	152916781	ENSG00000130829	DUSP9
17	17880723	17942523	ENSG00000171953	ATPAF2
14	24734744	24740945	ENSG00000100949	RABGGTA
1	17393256	17445948	ENSG00000117115	PADI2
1	113454469	113499635	ENSG00000155380	SLC16A1
15	89420519	89438857	ENSG00000140511	HAPLN3
HSCHR6_MHC_COX	29788431	29792600	ENSG00000230413	HLA-G
5	180415845	180433727	ENSG00000168903	BTNL3
2	242716240	242743623	ENSG00000154252	GAL3ST2
19	55236002	55325972	ENSG00000189013	KIR2DL4
HSCHR6_MHC_MCF	32841974	32845960	ENSG00000226201	PSMB8
12	48498922	48540187	ENSG00000152556	PFKM
19	17337013	17340028	ENSG00000099330	OCEL1
22	16062157	16063236	ENSG00000233866	LA16c-4G1.3
22	16076052	16076172	ENSG00000229286	LA16c-4G1.4
9	124329336	124547809	ENSG00000136848	DAB2IP
11	134123389	134135749	ENSG00000151498	ACAD8
7	131185021	131242976	ENSG00000128567	PODXL
14	55614830	55658396	ENSG00000126787	DLGAP5
16	21963981	21994981	ENSG00000140740	UQCRC2
1	113615831	113674882	ENSG00000198799	LRIG2
4	71296209	71348714	ENSG00000171195	MUC7
HSCHR6_MHC_MCF	32845393	32880808	ENSG00000240508	PSMB9
11	89934328	89956532	ENSG00000110172	CHORDC1
15	89441916	89456642	ENSG00000140545	MFGE8
11	57412560	57417417	ENSG00000166793	YPEL4
2	242749920	242758739	ENSG00000204099	NEU4
17	77085427	77613550	ENSG00000167281	RBFOX3
22	16084249	16084826	ENSG00000235265	LA16c-4G1.5
22	16100517	16124973	ENSG00000223875	NBEAP3
7	95749532	95951459	ENSG00000004864	SLC25A13
22	16122720	16123768	ENSG00000215270	LA16c-60H5.7
22	16147979	16193004	ENSG00000206195	AP000525.9
7	30634297	30673649	ENSG00000106105	GARS
22	16150776	16151397	ENSG00000271672	DUXAP8
22	16154073	16154766	ENSG00000272872	LL22NC03-N14H11.1
22	16157079	16172700	ENSG00000232775	AP000525.10
1	40124793	40137710	ENSG00000116981	NT5C1A
X	152935185	152954465	ENSG00000130822	PNCK
9	124584207	124855885	ENSG00000175764	TTLL11
16	21995186	22012433	ENSG00000155714	PDZD9
11	57416465	57429340	ENSG00000172409	CLP1
22	16179617	16181004	ENSG00000271127	LL22NC03-N64E9.1
22	16199666	16231333	ENSG00000225255	LA16c-83F12.6
1	156433519	156470620	ENSG00000116604	MEF2D
1	40144320	40157361	ENSG00000116983	HPCAL4
16	66788879	66835523	ENSG00000249961	CCDC79
8	81397854	81438500	ENSG00000205189	ZBTB10
19	4791728	4795571	ENSG00000141965	FEM1A
9	124894745	124922098	ENSG00000119421	NDUFA8
19	4815944	4831716	ENSG00000127666	TICAM1
HSCHR6_MHC_MCF	32846466	32855235	ENSG00000230705	TAP1
20	42219571	42275936	ENSG00000101052	IFT52
1	17531621	17572500	ENSG00000142623	PADI1
11	57435219	57468659	ENSG00000156599	ZDHHC5
9	124922190	124962367	ENSG00000185681	MORN5
5	180467225	180488523	ENSG00000165810	BTNL9
4	71384257	71398459	ENSG00000187689	AMTN
17	7239848	7254797	ENSG00000072818	ACAP1
10	100218875	100995619	ENSG00000172987	HPSE2
12	53894705	53900215	ENSG00000139546	TARBP2
7	30692200	30739745	ENSG00000106113	CRHR2
1	17575593	17610728	ENSG00000142619	PADI3
22	16227138	16228807	ENSG00000235992	GRAMD4P2
22	16255355	16256477	ENSG00000241838	LA16c-3G11.7
22	16274560	16278602	ENSG00000236666	POTEH-AS1
22	16276398	16276504	ENSG00000212216	RNU6-816P
22	16333633	16342783	ENSG00000234381	MED15P7
19	4838353	4867780	ENSG00000105355	PLIN3
6	134210276	134216691	ENSG00000118526	TCF21
1	40157854	40229586	ENSG00000084072	PPIE
19	55249980	55295776	ENSG00000243772	KIR2DL3
22	16345912	16355362	ENSG00000224435	NF1P6
22	16362385	16362561	ENSG00000226474	LA16c-2F2.5
22	16364867	16366204	ENSG00000231565	NEK2P2
4	71457973	71473005	ENSG00000178522	AMBN
14	92582466	92588261	ENSG00000183648	NDUFB1
1	17634690	17690499	ENSG00000159339	PADI4
22	16373081	16377055	ENSG00000230471	LA16c-2F2.8
14	74964873	75079306	ENSG00000119681	LTBP2
5	180551357	180552304	ENSG00000185372	OR2V1
15	89630690	89745591	ENSG00000140526	ABHD2
22	16389485	16389602	ENSG00000230643	LA16c-60G3.5
4	103790135	103810399	ENSG00000145354	CISD2
22	16399957	16436527	ENSG00000237299	LA16c-60G3.6
17	77704681	77716021	ENSG00000182156	ENPP7
5	180581943	180582890	ENSG00000182613	OR2V2
22	16404698	16405874	ENSG00000213727	LA16c-60G3.7
22	16413687	16415946	ENSG00000215268	LA16c-60G3.8
22	16417269	16420386	ENSG00000233408	LA16c-23H5.4
17	7255208	7258258	ENSG00000213859	KCTD11
22	16424125	16427059	ENSG00000235759	ARHGAP42P3
22	16485399	16487973	ENSG00000236831	YME1L1P1
22	16569924	16570006	ENSG00000265406	AP000539.3
22	16575148	16575230	ENSG00000264612	AP000539.1
22	16576109	16576191	ENSG00000265270	AP000539.2
22	16627920	16628496	ENSG00000236097	BNIP3P2
16	22018959	22098855	ENSG00000185716	C16orf52
22	16634898	16651926	ENSG00000184624	ZNF72P
17	7258442	7260538	ENSG00000182896	TMEM95
22	16680767	16687245	ENSG00000236235	LA16c-13E4.3
11	57471186	57479693	ENSG00000156603	MED19
12	6643093	6647537	ENSG00000111640	GAPDH
17	77751931	77761782	ENSG00000173894	CBX2
9	124964856	124991905	ENSG00000106852	LHX6
22	16868420	16871613	ENSG00000225293	ABCD1P4
22	16886056	16886143	ENSG00000226160	LA16c-17H1.3
22	16904668	16906756	ENSG00000229658	PABPC1P9
22	16909690	16957613	ENSG00000227367	SLC9B1P4
3	38179969	38184513	ENSG00000172936	MYD88
5	180620924	180632293	ENSG00000146054	TRIM7
8	81540686	81787016	ENSG00000164684	ZNF704
11	134144139	134189458	ENSG00000166105	GLB1L3
1	113933371	114228545	ENSG00000081026	MAGI3
20	42295754	42345136	ENSG00000101057	MYBL2
3	107762145	107809872	ENSG00000196776	CD47
HSCHR6_MHC_MCF	32935860	32954358	ENSG00000242386	HLA-DMB
11	57480072	57508445	ENSG00000213593	TMX2
8	81880045	82024303	ENSG00000076641	PAG1
3	127783621	127872757	ENSG00000175792	RUVBL1
9	124999903	125027118	ENSG00000119446	RBM18
22	16967410	16969212	ENSG00000226444	ACTR3BP6
19	17342692	17356749	ENSG00000160113	NR2F6
22	16984194	16990365	ENSG00000235969	CHEK2P4
22	17001949	17008127	ENSG00000273362	KB-67B5.17
1	40222854	40254533	ENSG00000116985	BMP8B
7	30737601	30797218	ENSG00000241644	INMT
22	17052917	17055527	ENSG00000233995	KB-67B5.12
15	89753100	89764982	ENSG00000140522	RLBP1
2	143635067	143799890	ENSG00000115919	KYNU
8	82192598	82197012	ENSG00000164687	FABP5
22	17061816	17063607	ENSG00000239435	KCNMB3P1
16	22103859	22168287	ENSG00000175267	VWA3A
19	17346749	17366257	ENSG00000269095	AC010646.3
22	17075979	17076375	ENSG00000240122	FABP5P11
22	17079607	17079694	ENSG00000221084	AP000547.1
6	134273308	134311570	ENSG00000028839	TBPL1
14	92588281	92630755	ENSG00000165934	CPSF2
1	40235195	40237020	ENSG00000198754	OXCT2
7	30791753	30931696	ENSG00000254959	INMT-FAM188B
22	17082777	17179632	ENSG00000100181	TPTEP1
20	42354804	42355638	ENSG00000124196	GTSF1L
8	134048973	134115298	ENSG00000155926	SLA
4	71494461	71552533	ENSG00000132464	ENAM
19	55281263	55295774	ENSG00000125498	KIR2DL1
17	17942606	17971718	ENSG00000141034	GID4
1	156495197	156542396	ENSG00000183856	IQGAP3
2	242792033	242801060	ENSG00000188389	PDCD1
20	42543504	42698256	ENSG00000124191	TOX2
8	82352561	82359758	ENSG00000147588	PMP2
19	17359985	17393595	ENSG00000130307	USHBP1
HSCHR6_MHC_MCF	32949846	32971961	ENSG00000239463	HLA-DMA
5	61808070	61808309	ENSG00000268942	CKS1B
19	55344131	55360024	ENSG00000221957	KIR2DS4
3	48955221	48956818	ENSG00000221883	ARIH2OS
19	4890449	4902879	ENSG00000205784	ARRDC5
3	38206580	38296979	ENSG00000172939	OXSR1
11	57480077	57559058	ENSG00000254462	TMX2-CTNND1
17	7283853	7293093	ENSG00000174292	TNK1
11	92085262	92629618	ENSG00000165323	FAT3
2	242811752	242815975	ENSG00000188011	CXXC11
5	61874562	61877275	ENSG00000186105	LRRC70
8	82370576	82373814	ENSG00000205186	FABP9
2	242836136	242844702	ENSG00000216921	AC131097.4
9	125026882	125085743	ENSG00000148187	MRRF
22	17097060	17098004	ENSG00000267338	KB-7G2.9
22	17126585	17127471	ENSG00000249288	SLC25A15P5
2	197569	202605	ENSG00000227061	AC079779.7
22	17134782	17140518	ENSG00000249263	PARP4P3
2	286419	301515	ENSG00000228643	AC079779.4
22	17134956	17160374	ENSG00000189295	ANKRD62P1-PARP4P3
22	17151980	17160383	ENSG00000259271	ANKRD62P1
17	77765931	77775482	ENSG00000141570	CBX8
1	17655507	17676070	ENSG00000269468	AC004824.2
22	17156906	17175538	ENSG00000273244	KB-7G2.8
22	17170993	17185367	ENSG00000241717	VWFP1
4	71521258	71547534	ENSG00000132465	IGJ
22	17227759	17229535	ENSG00000235343	AC005301.8
22	17308364	17310225	ENSG00000229027	HSFY1P1
7	131808091	132333447	ENSG00000221866	PLXNA4
22	17318412	17318556	ENSG00000234121	GPM6BP3
22	17336694	17337052	ENSG00000237835	AC007064.22
22	17338509	17341608	ENSG00000220248	ZNF402P
1	17733256	17766220	ENSG00000179051	RCC2
5	180649499	180662809	ENSG00000146063	TRIM41
17	41322498	41363708	ENSG00000188554	NBR1
4	103806205	103940896	ENSG00000164037	SLC9B1
19	4969125	5153606	ENSG00000127663	KDM4B
7	30811033	30932002	ENSG00000106125	FAM188B
8	82390654	82395498	ENSG00000170323	FABP4
3	57741177	57914895	ENSG00000163681	SLMAP
11	92702886	92718232	ENSG00000134640	MTNR1B
8	82437216	82443613	ENSG00000197416	FABP12
3	48956254	49023815	ENSG00000177479	ARIH2
1	40306723	40349183	ENSG00000043514	TRIT1
6	31321649	31324965	ENSG00000234745	HLA-B
2	305111	314367	ENSG00000235779	AC079779.5
4	71554196	71556267	ENSG00000132467	UTP3
14	24759804	24769039	ENSG00000157379	DHRS1
11	92877341	92931130	ENSG00000180773	SLC36A4
6	134309835	134373774	ENSG00000146411	SLC2A12
14	92788925	92962596	ENSG00000140090	SLC24A4
9	125132824	125157982	ENSG00000095303	PTGS1
X	152953554	152962048	ENSG00000130821	SLC6A8
1	114239453	114302111	ENSG00000116793	PHTF1
7	30893010	30965131	ENSG00000240583	AQP1
17	17991200	18011285	ENSG00000108591	DRG2
5	63256183	63258334	ENSG00000178394	HTR1A
16	66836778	66907159	ENSG00000159593	NAE1
15	89787180	89860492	ENSG00000140525	FANCI
7	30893010	30963427	ENSG00000250424	AQP1
7	70597155	71178585	ENSG00000185274	WBSCR17
9	125148344	125148928	ENSG00000269738	AL162424.1
7	96110938	96339203	ENSG00000127922	SHFM1
9	125239220	125240235	ENSG00000136834	OR1J1
9	125273081	125274022	ENSG00000197233	OR1J2
8	134203282	134242587	ENSG00000104415	WISP1
9	125281420	125282361	ENSG00000239590	OR1J4
9	125288637	125289572	ENSG00000171505	OR1N1
7	30978284	31032869	ENSG00000106128	GHRHR
9	125315391	125316493	ENSG00000171501	OR1N2
1	156549519	156556562	ENSG00000187862	TTC24
9	125329778	125330838	ENSG00000171496	OR1L8
4	71569921	71673032	ENSG00000018189	RUFY3
9	125376948	125378026	ENSG00000165202	OR1Q1
10	101088856	101154087	ENSG00000119946	CNNM1
14	55738021	55828636	ENSG00000178974	FBXO34
9	125390858	125391852	ENSG00000171484	OR1B1
17	2206677	2228554	ENSG00000167720	SRR
7	132333553	132413528	ENSG00000183470	AC009365.3
11	134201768	134248235	ENSG00000149328	GLB1L2
9	125423845	125424927	ENSG00000173679	OR1L1
9	125437315	125438432	ENSG00000171481	OR1L3
14	55833110	55878576	ENSG00000126775	ATG14
1	114304454	114355098	ENSG00000081019	RSBN1
9	125486269	125487204	ENSG00000136939	OR1L4
9	125512019	125513062	ENSG00000171459	OR1L6
7	132469629	132766848	ENSG00000106554	CHCHD3
1	17866330	18024369	ENSG00000074964	ARHGEF10L
9	125551150	125552237	ENSG00000148215	OR5C1
14	24769068	24778330	ENSG00000196943	NOP9
4	103941025	104006986	ENSG00000164038	SLC9B2
9	125560668	125590910	ENSG00000136940	PDCL
6	134490384	134639250	ENSG00000118515	SGK1
7	71244476	71912136	ENSG00000183166	CALN1
3	127872297	128127485	ENSG00000132394	EEFSEC
9	125562370	125563395	ENSG00000165204	OR1K1
5	63461671	63668696	ENSG00000164197	RNF180
20	42740335	42816218	ENSG00000149596	JPH2
3	38307303	38319806	ENSG00000172940	SLC22A13
11	134248398	134281812	ENSG00000109956	B3GAT1
3	128181282	128186091	ENSG00000179407	DNAJB8
14	55880259	55923444	ENSG00000182521	TBPL2
1	156561554	156564091	ENSG00000163382	APOA1BP
14	75120140	75179818	ENSG00000119682	AREL1
20	42825136	42839431	ENSG00000132823	OSER1
11	134855246	134856693	ENSG00000268936	AP003062.1
11	75780	76143	ENSG00000253826	RP11-304M2.1
17	77806955	77813228	ENSG00000141582	CBX4
11	86649	87586	ENSG00000224777	OR4F2P
11	121279	125784	ENSG00000254468	RP11-304M2.6
11	123312	126123	ENSG00000270921	CICP23
3	128198270	128212028	ENSG00000179348	GATA2
11	127115	139612	ENSG00000230724	LINC01001
14	24774302	24780636	ENSG00000136305	CIDEB
11	129279	186136	ENSG00000255229	RP11-304M2.3
11	152999	153102	ENSG00000222225	RNU6-447P
11	203485	204363	ENSG00000232495	AC069287.1
5	63802084	63908139	ENSG00000186479	RGS7BP
7	103112231	103629963	ENSG00000189056	RELN
11	203623	205470	ENSG00000254559	RP11-304M2.5
11	287305	288987	ENSG00000255026	RP11-326C3.2
11	303856	304144	ENSG00000255533	RP11-326C3.4
20	42875887	42909013	ENSG00000124194	GDAP1L1
11	310139	311141	ENSG00000254910	RP11-326C3.7
11	318640	325631	ENSG00000251661	RP11-326C3.11
11	321991	322426	ENSG00000255089	RP11-326C3.10
11	322186	322727	ENSG00000270105	RP11-326C3.14
11	325703	326294	ENSG00000270030	RP11-326C3.13
19	17378159	17392058	ENSG00000105393	BABAM1
11	327171	330122	ENSG00000255328	RP11-326C3.12
7	96110938	96132835	ENSG00000197851	C7orf76
11	333192	333688	ENSG00000270972	RP11-326C3.15
11	440406	440693	ENSG00000243562	RN7SL838P
11	462930	463899	ENSG00000255237	RP13-317D12.3
11	528907	529659	ENSG00000254739	RP13-46H24.1
3	38323785	38360066	ENSG00000144671	SLC22A14
11	93063137	93171653	ENSG00000165325	CCDC67
11	557595	560107	ENSG00000254815	RP11-496I9.1
7	96634860	96640351	ENSG00000006377	DLX6
19	5158506	5340814	ENSG00000105426	PTPRS
11	565660	568457	ENSG00000247095	MIR210HG
20	42931478	42939809	ENSG00000197296	FITM2
2	317912	342118	ENSG00000233684	AC079779.6
2	388412	416885	ENSG00000236856	AC105393.1
20	42965626	42979875	ENSG00000101074	R3HDML
2	421057	422303	ENSG00000226277	AC105393.2
14	105939299	105946499	ENSG00000182809	CRIP2
2	490944	492655	ENSG00000223985	AC093326.1
2	545805	546667	ENSG00000225942	AC093326.2
2	558204	578145	ENSG00000233633	AC093326.3
2	677186	697371	ENSG00000233296	AC092159.2
8	82570196	82598928	ENSG00000133731	IMPA1
1	40361098	40367928	ENSG00000116990	MYCL
2	692083	693235	ENSG00000233970	AC092159.3
14	24774940	24781259	ENSG00000213906	LTB4R2
17	77906142	78009647	ENSG00000167291	TBC1D16
9	125606835	125667620	ENSG00000056586	RC3H2
11	93211638	93276674	ENSG00000166002	SMCO4
11	568089	568198	ENSG00000199038	MIR210
11	665910	678391	ENSG00000255158	RP11-754B17.1
11	708564	727047	ENSG00000269915	AP006621.9
11	780117	780755	ENSG00000177236	AP006621.1
11	781645	782105	ENSG00000255142	AP006621.6
11	811681	811814	ENSG00000199785	SNORA52
11	823634	832883	ENSG00000255108	AP006621.8
11	856880	859795	ENSG00000250397	RP11-1391J7.1
16	66878282	66888056	ENSG00000168748	CA7
12	24964295	25102393	ENSG00000060982	BCAT1
3	107879659	107941417	ENSG00000114446	IFT57
1	114356433	114414381	ENSG00000134242	PTPN22
10	101156627	101190381	ENSG00000120053	GOT1
16	66912492	66929657	ENSG00000172840	PDP2
20	42984340	43061485	ENSG00000101076	HNF4A
3	38388251	38462839	ENSG00000093217	XYLB
9	125670335	125675609	ENSG00000186130	ZBTB6
8	134249414	134314265	ENSG00000104419	NDRG1
19	17378227	17393775	ENSG00000269307	CTD-2278I10.6
5	63986135	64013917	ENSG00000145642	FAM159B
1	156564279	156571288	ENSG00000160818	GPATCH4
X	117861535	117928502	ENSG00000131724	IL13RA1
16	22177618	22203075	ENSG00000183921	SDR42E2
7	96649704	96654409	ENSG00000105880	DLX5
1	40420802	40435638	ENSG00000168389	MFSD2A
17	7293046	7307416	ENSG00000187838	TMEM256-PLSCR3
16	22217603	22298554	ENSG00000103319	EEF2K
20	43080624	43093984	ENSG00000168746	C20orf62
2	143848931	144525921	ENSG00000075884	ARHGAP15
17	2225797	2240801	ENSG00000167721	TSR1
7	132937829	133751342	ENSG00000131558	EXOC4
11	93394805	93463522	ENSG00000166004	KIAA1731
5	180663909	180675096	ENSG00000204628	GNB2L1
19	17392454	17398455	ENSG00000160117	ANKLE1
8	82605842	82608409	ENSG00000253598	SLC10A5
7	96745902	96811075	ENSG00000196636	ACN9
14	24778161	24781252	ENSG00000272658	LTB4R2
11	948421	948524	ENSG00000222561	RNU6-1025P
11	951295	951364	ENSG00000264671	AP006477.1
11	1049880	1055284	ENSG00000254872	RP13-870H17.3
11	1263491	1270906	ENSG00000255177	RP11-532E4.2
11	1330999	1331937	ENSG00000255153	TOLLIP-AS1
5	64013971	64064512	ENSG00000153006	SREK1IP1
1	114420790	114430169	ENSG00000188761	BCL2L15
7	97361220	97369784	ENSG00000006128	TAC1
14	24780656	24787242	ENSG00000213903	LTB4R
11	1592583	1620414	ENSG00000233930	KRTAP5-AS1
1	18081808	18153558	ENSG00000117148	ACTL8
11	1683814	1684573	ENSG00000231487	AP006285.7
15	89859534	89878092	ENSG00000140521	POLG
11	1686827	1689086	ENSG00000205866	FAM99A
11	1687097	1689085	ENSG00000256528	AP006285.1
11	1704499	1706859	ENSG00000205865	FAM99B
11	1709527	1710286	ENSG00000227306	AP006285.6
10	101292690	101296278	ENSG00000119919	NKX2-3
11	1781578	1783716	ENSG00000235027	AC068580.6
11	1784239	1784979	ENSG00000229512	AC068580.5
11	1785161	1785255	ENSG00000265587	AC068580.1
11	1798160	1799618	ENSG00000230834	AC068580.7
11	1813783	1814100	ENSG00000230980	RPL36AP39
11	1824119	1825325	ENSG00000230080	AC139143.2
1	18434240	18704977	ENSG00000117154	IGSF21
12	53900472	54019763	ENSG00000267281	RP11-793H13.10
11	1880694	1880766	ENSG00000264493	MIR4298
11	1885407	1887897	ENSG00000249086	AC051649.12
11	1923877	1929145	ENSG00000229671	LINC01150
11	1941339	1941488	ENSG00000252187	AC051649.1
11	2004467	2011150	ENSG00000226416	MRPL23-AS1
11	2012326	2014699	ENSG00000232987	AC051649.6
12	53900474	53901422	ENSG00000139574	NPFF
X	152965947	152990152	ENSG00000185825	BCAP31
2	724966	731224	ENSG00000227713	AC116609.1
3	128290843	128294929	ENSG00000198685	C3orf27
2	739588	740164	ENSG00000272342	RP13-539J13.1
2	741977	749856	ENSG00000231173	AC116609.3
2	742488	747767	ENSG00000223751	AC116609.2
1	18807424	18812478	ENSG00000179023	KLHDC7A
2	779837	864112	ENSG00000237667	LINC01115
2	895902	901137	ENSG00000228799	AC113607.2
3	108015376	108097132	ENSG00000114455	HHLA2
2	906612	916810	ENSG00000234796	AC113607.3
2	945320	945960	ENSG00000235688	AC116614.1
2	1054819	1064027	ENSG00000235403	AC114808.3
2	1153996	1156110	ENSG00000236665	AC114808.2
2	1344816	1350340	ENSG00000233553	AC108462.1
2	1550437	1623885	ENSG00000228613	AC144450.1
2	1576326	1584083	ENSG00000231482	AC141930.2
2	1624282	1629191	ENSG00000203635	AC144450.2
11	2016406	2022700	ENSG00000130600	H19
1	156589086	156595517	ENSG00000132702	HAPLN2
7	31092076	31151089	ENSG00000078549	ADCYAP1R1
2	1828184	1832439	ENSG00000232057	AC093390.1
2	2323004	2330882	ENSG00000225619	MYT1L-AS1
20	43104526	43123244	ENSG00000124120	TTPAL
2	2645761	2660402	ENSG00000234929	AC018685.1
2	2733680	2734729	ENSG00000227364	AC018685.2
1	18957500	19075360	ENSG00000009709	PAX7
2	2838036	2842163	ENSG00000237720	AC011995.1
2	2874330	2875003	ENSG00000228391	AC011995.3
16	22308730	22346424	ENSG00000058600	POLR3E
2	2898820	3129798	ENSG00000234423	AC019118.2
2	3020991	3021102	ENSG00000263570	AC074264.1
2	3079444	3079544	ENSG00000238722	snoU13
2	3135353	3149551	ENSG00000236760	AC019118.3
2	3160527	3161568	ENSG00000226649	AC019118.4
2	3302112	3305236	ENSG00000224885	TSSC1-IT1
11	2150351	2151194	ENSG00000240801	AC132217.4
2	3485013	3486180	ENSG00000225234	TRAPPC12-AS1
11	2155364	2155439	ENSG00000207805	MIR483
17	78010435	78074412	ENSG00000141519	CCDC40
2	3500727	3501199	ENSG00000271868	RP11-1293J14.1
2	3523046	3526968	ENSG00000235078	AC142528.1
11	2161731	2169894	ENSG00000099869	IGF2-AS
2	3579403	3584463	ENSG00000242282	AC108488.4
11	2194293	2194368	ENSG00000265258	MIR4686
11	2342948	2343057	ENSG00000207308	RNU6-878P
14	56025790	56168244	ENSG00000126777	KTN1
1	19166093	19186176	ENSG00000179002	TAS1R2
2	3606082	3609324	ENSG00000234171	RNASEH1-AS1
16	66942025	66952887	ENSG00000166589	CDH16
1	114437370	114447823	ENSG00000134262	AP4B1
8	82613569	82645138	ENSG00000104231	ZFAND1
2	3628160	3628322	ENSG00000252531	SNORA73
2	3650987	3651832	ENSG00000237370	AC010907.2
1	19175767	19247615	ENSG00000255275	RP13-279N23.2
2	3665138	3665347	ENSG00000188765	TMSB4XP2
2	3735611	3736571	ENSG00000232718	GAPDHP48
4	104000592	104021040	ENSG00000164039	BDH2
2	3750175	3751743	ENSG00000224661	AC010907.5
2	3891774	3895001	ENSG00000227363	AC019172.2
20	43124862	43150750	ENSG00000132824	SERINC3
10	14560556	14816896	ENSG00000065809	FAM107B
12	48541571	48574996	ENSG00000177981	ASB8
12	53901640	54020199	ENSG00000170653	ATF7
2	4005245	4021660	ENSG00000237401	AC107070.1
2	4077271	4077549	ENSG00000264071	RN7SL531P
2	4184234	4188321	ENSG00000229550	AC012445.1
2	4276018	4276108	ENSG00000215960	AC068292.1
2	4561794	4562646	ENSG00000231821	NPM1P48
2	4675812	4703805	ENSG00000231532	AC022311.1
2	4874591	4874674	ENSG00000252238	SNORA31
2	4992867	4992973	ENSG00000207192	RNU6-649P
2	5453873	5454267	ENSG00000228585	AC073143.1
2	5689912	5696163	ENSG00000232835	AC107057.1
2	5742637	5831620	ENSG00000224128	AC107057.2
17	2240792	2284352	ENSG00000141258	SGSM2
2	5758459	5831250	ENSG00000230090	AC108025.2
17	7293053	7307416	ENSG00000262481	C17orf61-PLSCR3
10	101370282	101380366	ENSG00000155287	SLC25A28
5	180681417	180688119	ENSG00000183718	TRIM52
19	17402940	17421045	ENSG00000127220	ABHD8
2	5836352	5848227	ENSG00000242540	AC010729.1
2	5866581	5870474	ENSG00000236106	AC010729.2
1	19197926	19229275	ENSG00000159423	ALDH4A1
20	43160426	43252888	ENSG00000168734	PKIG
2	5950773	5952728	ENSG00000237266	AC010729.3
16	22357257	22448486	ENSG00000140743	CDR2
2	6072819	6141407	ENSG00000232044	LINC01105
X	152990323	153010216	ENSG00000101986	ABCD1
5	180682720	180684578	ENSG00000268397	AC008443.1
1	114447763	114456708	ENSG00000118655	DCLRE1B
3	128338817	128399918	ENSG00000163902	RPN1
5	180794269	180795263	ENSG00000230178	OR4F3
19	5455426	5456867	ENSG00000105428	ZNRF4
19	17403418	17417652	ENSG00000130312	MRPL34
5	58313	59030	ENSG00000250020	RP11-811I15.1
3	108099216	108248169	ENSG00000144821	MYH15
5	92266	139978	ENSG00000249430	CTD-2231H16.1
5	144202	144312	ENSG00000199540	Y_RNA
5	195893	196456	ENSG00000261434	CTD-2083E4.7
2	6453086	6465778	ENSG00000234275	AC017053.1
5	64064757	64314590	ENSG00000153015	CWC27
5	214013	217394	ENSG00000260774	CTD-2083E4.4
2	6506142	6515554	ENSG00000227007	AC105253.1
5	269973	271631	ENSG00000248925	CTD-2083E4.6
2	6636009	6636930	ENSG00000231610	AC021021.1
5	288948	290436	ENSG00000250848	CTD-2083E4.5
2	6636135	6643938	ENSG00000226488	AC021021.2
5	403846	404661	ENSG00000214278	CTD-2228K2.2
16	66955582	66959547	ENSG00000166592	RRAD
14	24787555	24804299	ENSG00000129467	ADCY4
17	7306294	7307456	ENSG00000205544	TMEM256
19	5587010	5624057	ENSG00000130254	SAFB2
15	89998680	90039844	ENSG00000140519	RHCG
2	6755722	6790667	ENSG00000236172	hsa-mir-7515
3	128444965	128533639	ENSG00000075785	RAB7A
19	17420327	17434110	ENSG00000130311	DDA1
1	156611182	156629324	ENSG00000132692	BCAN
7	72023729	72298777	ENSG00000254184	TYW1B
6	31371356	31383092	ENSG00000204520	MICA
17	7308193	7323179	ENSG00000169992	NLGN2
20	43234346	43248126	ENSG00000269605	Z97053.1
11	93463114	93517557	ENSG00000166012	TAF1D
10	101419263	101465997	ENSG00000198018	ENTPD7
19	17434032	17445638	ENSG00000074855	ANO8
5	418818	419224	ENSG00000250645	CTD-2228K2.1
5	473351	480999	ENSG00000225138	CTD-2228K2.7
20	43248163	43280874	ENSG00000196839	ADA
4	71681499	71705662	ENSG00000132463	GRSF1
5	524820	526709	ENSG00000250385	RP11-310P5.2
5	535955	535997	ENSG00000264233	MIR4456
5	602735	612325	ENSG00000249650	RP11-310P5.1
5	675941	676731	ENSG00000271781	CTD-2589H19.6
5	767512	769046	ENSG00000249908	CTD-2589H19.4
5	816461	817116	ENSG00000247872	SPCS2P3
14	92980118	93155339	ENSG00000100599	RIN3
5	946430	956635	ENSG00000248949	RP11-661C8.2
5	987295	997423	ENSG00000215246	RP11-43F13.3
16	66965959	66968326	ENSG00000166595	FAM96B
5	991214	991386	ENSG00000203594	AC116351.1
5	1004302	1004392	ENSG00000221244	AC116351.2
7	31377075	31380508	ENSG00000164600	NEUROD6
5	1005154	1006738	ENSG00000272347	RP11-43F13.4
5	1063011	1063089	ENSG00000263834	MIR4635
5	1173256	1178720	ENSG00000249201	CTD-3080P12.3
6	31462658	31478901	ENSG00000204516	MICB
5	1309425	1309492	ENSG00000263670	MIR4457
5	1363697	1380182	ENSG00000250584	RP11-325I22.2
HSCHR6_MHC_COX	29809936	29810766	ENSG00000268719	AL671561.1
5	1370658	1371060	ENSG00000248951	RP11-325I22.1
1	19230775	19283180	ENSG00000169991	IFFO2
7	72349936	72421979	ENSG00000196313	POM121
16	22490442	22547842	ENSG00000243716	NPIPB5
17	7323679	7324951	ENSG00000181323	SPEM1
12	48577366	48579709	ENSG00000177875	C12orf68
12	48596081	48597170	ENSG00000172640	OR10AD1
12	48592170	48595814	ENSG00000269514	DKFZP779L1853
16	66968347	66978999	ENSG00000172831	CES2
17	7328934	7330887	ENSG00000184560	C17orf74
15	90118713	90174287	ENSG00000140534	TICRR
X	117957753	117960931	ENSG00000174460	ZCCHC12
12	48722763	48724062	ENSG00000187166	H1FNT
17	18012020	18083116	ENSG00000091536	MYO15A
7	97481430	97501854	ENSG00000070669	ASNS
7	31553704	31698334	ENSG00000180347	CCDC129
3	49027319	49044587	ENSG00000178467	P4HTM
20	43343485	43357150	ENSG00000064205	WISP2
12	48733791	48745197	ENSG00000167528	ZNF641
1	156638555	156647189	ENSG00000132688	NES
12	25055243	25057615	ENSG00000268865	AC026310.1
X	153029651	153044801	ENSG00000198753	PLXNB3
12	25146358	25150453	ENSG00000226397	C12orf77
7	72430016	72439997	ENSG00000155428	TRIM74
3	38495342	38534633	ENSG00000114739	ACVR2B
14	75158879	75179800	ENSG00000214670	AC007956.1
15	90152020	90198682	ENSG00000166813	KIF7
X	118108581	118152318	ENSG00000175556	LONRF3
11	93474757	93497915	ENSG00000182919	C11orf54
1	156669398	156675608	ENSG00000143320	CRABP2
20	43374421	43379675	ENSG00000124249	KCNK15
14	75179847	75203394	ENSG00000119616	FCF1
3	108268716	108308491	ENSG00000163507	KIAA1524
2	144695635	145090135	ENSG00000121964	GTDC1
20	43380449	43438979	ENSG00000101098	RIMS4
7	31726329	31748069	ENSG00000106341	PPP1R17
12	54026510	54071192	ENSG00000135390	ATP5G2
8	82644669	82671750	ENSG00000164695	CHMP4C
19	17445729	17453544	ENSG00000130299	GTPBP3
15	90207596	90222658	ENSG00000166819	PLIN1
3	49044495	49053386	ENSG00000178252	WDR6
1	156691683	156698591	ENSG00000143319	ISG20L2
19	5623046	5668489	ENSG00000160633	SAFB
17	7338762	7340998	ENSG00000181284	TMEM102
20	43514317	43537173	ENSG00000166913	YWHAB
1	114471814	114520426	ENSG00000163349	HIPK1
8	82711816	82755101	ENSG00000104497	SNX16
17	7341592	7348256	ENSG00000161958	FGF11
7	72459478	72464996	ENSG00000267985	AC005488.1
3	128598439	128634910	ENSG00000177646	ACAD9
10	101462315	101515891	ENSG00000119929	CUTC
15	90220995	90234014	ENSG00000166821	PEX11A
4	104026963	104119566	ENSG00000138778	CENPE
7	31790793	32338941	ENSG00000154678	PDE1C
HSCHR6_MHC_COX	29898587	29903209	ENSG00000224320	HLA-A
12	25173936	25261268	ENSG00000118308	LRMP
7	72716514	72722864	ENSG00000130305	NSUN5
7	103766788	103848495	ENSG00000164815	ORC5
16	22825498	22927659	ENSG00000122254	HS3ST2
4	71768043	71888166	ENSG00000173542	MOB1B
16	66995140	67009051	ENSG00000172828	CES3
15	90234028	90286869	ENSG00000140527	WDR93
14	105952654	105955284	ENSG00000213145	CRIP1
1	156698234	156706752	ENSG00000143303	RRNAD1
16	23072727	23160591	ENSG00000103404	USP31
12	48759919	48761738	ENSG00000269282	AC024257.1
12	48866448	48866843	ENSG00000139223	ANP32D
X	118212598	118284542	ENSG00000250423	KIAA1210
7	133812052	133949343	ENSG00000155530	LRGUK
5	64444563	64777747	ENSG00000049192	ADAMTS6
16	23194036	23228204	ENSG00000166828	SCNN1G
8	134467091	134584183	ENSG00000008513	ST3GAL1
1	114522063	114524876	ENSG00000116774	OLFML3
17	7348380	7361026	ENSG00000170175	CHRNB1
14	105953536	105958604	ENSG00000257341	CRIP1
8	85095022	85834079	ENSG00000184672	RALYL
12	6647541	6665239	ENSG00000010295	IFFO1
3	38537618	38583652	ENSG00000157036	EXOG
16	67022492	67043661	ENSG00000172824	CES4A
20	43538703	43587676	ENSG00000101104	PABPC1L
12	48876286	48890295	ENSG00000177627	C12orf54
X	118370216	118378429	ENSG00000101856	PGRMC1
16	23289552	23392620	ENSG00000168447	SCNN1B
10	101471601	101491857	ENSG00000014919	COX15
1	156707095	156711382	ENSG00000143314	MRPL24
19	17462257	17488159	ENSG00000130300	PLVAP
14	24801516	24806588	ENSG00000258973	RP11-934B9.3
1	114631913	114696541	ENSG00000134207	SYT6
4	71858255	71896631	ENSG00000156136	DCK
14	75230069	75322244	ENSG00000119596	YLPM1
6	31496494	31498009	ENSG00000204511	MCCD1
15	90291892	90294541	ENSG00000166823	MESP1
19	5674958	5691887	ENSG00000130255	RPL36
6	31497996	31514385	ENSG00000254870	ATP6V1G2-DDX39B
19	17513748	17516457	ENSG00000130303	BST2
15	90303822	90321982	ENSG00000188095	MESP2
7	72726535	72742085	ENSG00000146755	TRIM50
14	24805227	24809251	ENSG00000129465	RIPK3
X	118533023	118588441	ENSG00000077713	SLC25A43
15	90328120	90358633	ENSG00000166825	ANPEP
14	93170152	93215047	ENSG00000100600	LGMN
16	23399814	23464501	ENSG00000168434	COG7
12	54104903	54121529	ENSG00000012822	CALCOCO1
17	78075355	78093678	ENSG00000171298	GAA
19	17516531	17544533	ENSG00000141971	MVB12A
20	43570771	43589127	ENSG00000025772	TOMM34
8	135490031	135725292	ENSG00000066827	ZFAT
19	5678432	5680907	ENSG00000174917	C19orf70
12	48901137	48923680	ENSG00000197376	OR8S1
12	48961467	48963849	ENSG00000167531	LALBA
1	156711899	156736717	ENSG00000143321	HDGF
3	193853934	193856521	ENSG00000114315	HES1
3	49052921	49059726	ENSG00000178149	DALRD3
8	86019382	86058311	ENSG00000133739	LRRCC1
1	114935399	115053781	ENSG00000197323	TRIM33
16	67063019	67134961	ENSG00000067955	CBFB
20	43595115	43708600	ENSG00000101109	STK4
7	133974084	134001803	ENSG00000205060	SLC35B4
X	118602363	118605282	ENSG00000005022	SLC25A5
16	67143861	67182442	ENSG00000125149	C16orf70
7	72742167	72772634	ENSG00000077800	FKBP6
1	115110178	115124260	ENSG00000116752	BCAS2
7	72848109	72850450	ENSG00000188763	FZD9
15	90373831	90437574	ENSG00000157823	AP3S2
19	17546318	17559376	ENSG00000188051	TMEM221
19	5680615	5688533	ENSG00000167733	HSD11B1L
1	156720402	156770607	ENSG00000143294	PRCC
19	17547420	17571613	ENSG00000269035	CTD-2521M24.10
19	17566234	17571763	ENSG00000171773	NXNL1
12	49047184	49076021	ENSG00000139620	KANSL2
X	153041867	153051187	ENSG00000184343	SRPK3
7	72854728	72936608	ENSG00000009954	BAZ1B
20	43720951	43729753	ENSG00000124134	KCNS1
20	43738093	43743813	ENSG00000175121	WFDC5
1	19401000	19536770	ENSG00000127481	UBR4
19	17579578	17616977	ENSG00000130304	SLC27A1
14	105956192	105965912	ENSG00000185347	C14orf80
1	115125469	115213043	ENSG00000175984	DENND2C
15	90377540	90456114	ENSG00000250021	C15orf38-AP3S2
20	43752066	43753106	ENSG00000168703	WFDC12
16	67182008	67185117	ENSG00000237172	B3GNT9
15	90443159	90456188	ENSG00000242498	C15orf38
4	104507188	104640973	ENSG00000169836	TACR3
20	43803517	43805185	ENSG00000124102	PI3
16	67188083	67194201	ENSG00000102871	TRADD
16	23474863	23533316	ENSG00000103365	GGA2
4	105389469	105416058	ENSG00000168772	CXXC4
6	31497996	31510225	ENSG00000198563	DDX39B
20	43835638	43838413	ENSG00000124233	SEMG1
4	72053003	72437804	ENSG00000080493	SLC4A4
12	105567074	105630016	ENSG00000136044	APPL2
16	67193834	67198473	ENSG00000135722	FBXL8
3	108308529	108413693	ENSG00000198919	DZIP3
15	90544624	90625438	ENSG00000140548	ZNF710
3	128628709	128721533	ENSG00000114656	KIAA1257
20	43849941	43853099	ENSG00000124157	SEMG2
19	17622438	17632097	ENSG00000130313	PGLS
1	115215719	115238239	ENSG00000116748	AMPD1
1	156776035	156786654	ENSG00000027869	SH2D2A
16	23533335	23569052	ENSG00000103356	EARS2
7	134127102	134144036	ENSG00000085662	AKR1B1
17	7362685	7387582	ENSG00000174282	ZBTB4
17	7384721	7386383	ENSG00000259224	SLC35G6
1	115247090	115259515	ENSG00000213281	NRAS
X	118672112	118699397	ENSG00000018610	CXorf56
15	90626277	90645736	ENSG00000182054	IDH2
4	106067032	106200973	ENSG00000168769	TET2
16	23568392	23585710	ENSG00000103353	UBFD1
3	57994127	58157982	ENSG00000136068	FLNB
12	6666029	6677857	ENSG00000111641	NOP2
17	7387685	7417933	ENSG00000181222	POLR2A
3	128628717	128690173	ENSG00000187695	RP11-723O4.6
X	118708501	118718381	ENSG00000077721	UBE2A
3	128720472	128759585	ENSG00000114654	EFCC1
10	101542489	101611949	ENSG00000023839	ABCC2
3	128779610	128781249	ENSG00000169704	GP9
16	67197288	67203848	ENSG00000102878	HSF4
20	43880880	43883205	ENSG00000124107	SLPI
3	194060494	194072057	ENSG00000178772	CPN2
7	103969104	104549001	ENSG00000187416	LHFPL3
3	128806412	128841644	ENSG00000172780	RAB43
11	93517393	93547861	ENSG00000042429	MED17
17	18086392	18113268	ENSG00000091542	ALKBH5
3	194075976	194090472	ENSG00000172061	LRRC15
11	93551398	93583697	ENSG00000214376	VSTM5
8	86089460	86129387	ENSG00000133740	E2F5
17	18128901	18148189	ENSG00000131899	LLGL1
7	72950686	72972332	ENSG00000106635	BCL7B
20	43922085	43937169	ENSG00000124159	MATN4
11	93754527	93846917	ENSG00000181333	HEPHL1
3	194115550	194119995	ENSG00000178732	GP5
19	5691845	5720583	ENSG00000196365	LONP1
3	128806418	128879879	ENSG00000261796	ISY1-RAB43
14	56584532	56768244	ENSG00000139946	PELI2
11	93862094	93915138	ENSG00000110218	PANX1
7	97613996	97620481	ENSG00000135175	OCM2
X	153051221	153059978	ENSG00000067829	IDH3G
20	43935491	43945803	ENSG00000124232	RBPJL
11	94038759	94040887	ENSG00000183560	FOLR4
17	2287354	2304412	ENSG00000070444	MNT
3	128846258	128880136	ENSG00000240682	ISY1
11	94110477	94134585	ENSG00000123901	GPR83
20	43953928	43977064	ENSG00000124145	SDC4
7	97736197	97838945	ENSG00000164715	LMTK2
14	105992940	105996539	ENSG00000184986	TMEM121
12	54332535	54340328	ENSG00000123364	HOXC13
16	23592323	23607677	ENSG00000004779	NDUFAB1
20	43990577	44005438	ENSG00000204070	SYS1
7	134212344	134226160	ENSG00000198074	AKR1B10
2	145141648	145282147	ENSG00000169554	ZEB2
14	56955072	57117324	ENSG00000070269	TMEM260
14	106053226	106054732	ENSG00000211890	IGHA2
17	2308856	2415185	ENSG00000127804	METTL16
12	54348618	54352740	ENSG00000123407	HOXC12
7	104654626	104754808	ENSG00000005483	KMT2E
3	194123401	194219093	ENSG00000133657	ATP13A3
1	115259534	115301297	ENSG00000009307	CSDE1
12	54366910	54371427	ENSG00000123388	HOXC11
1	156785432	156851642	ENSG00000198400	NTRK1
16	23614488	23652631	ENSG00000083093	PALB2
7	97840739	97842291	ENSG00000180535	BHLHA15
14	106064224	106068065	ENSG00000211891	IGHE
19	17634110	17664648	ENSG00000167483	FAM129C
12	54378849	54384063	ENSG00000180818	HOXC10
11	94152895	94227074	ENSG00000020922	MRE11A
14	106090687	106092403	ENSG00000211892	IGHG4
7	134233888	134264627	ENSG00000227471	AKR1B15
16	23652713	23681195	ENSG00000166847	DCTN5
3	49057892	49060928	ENSG00000178057	NDUFAF3
15	90703836	90772911	ENSG00000185033	SEMA4B
14	24834879	24848810	ENSG00000100968	NFATC4
7	97843936	97881563	ENSG00000205356	TECPR1
16	67197288	67199718	ENSG00000265690	RP11-5A19.5
19	5720688	5778745	ENSG00000174898	CATSPERD
11	94226795	94232749	ENSG00000168876	ANKRD49
19	17666403	17693971	ENSG00000130309	COLGALT1
12	49082247	49110681	ENSG00000129315	CCNT1
7	72983262	72993121	ENSG00000106638	TBL2
20	43991840	44039250	ENSG00000254806	SYS1-DBNDD2
16	23688977	23701688	ENSG00000166851	PLK1
5	64813593	64858998	ENSG00000123219	CENPK
1	115312100	115323306	ENSG00000052723	SIKE1
20	44002526	44036529	ENSG00000124251	TP53TG5
14	75319736	75330537	ENSG00000119608	PROX2
14	93260576	93306308	ENSG00000066455	GOLGA5
1	156809855	156828810	ENSG00000027644	INSRR
16	67204057	67209643	ENSG00000140939	NOL3
11	94277006	94354587	ENSG00000134627	PIWIL4
17	41363854	41372061	ENSG00000184988	TMEM106A
19	5782971	5784776	ENSG00000212123	PRR22
12	49121218	49159569	ENSG00000257987	LINC00935
19	5784016	5785630	ENSG00000267157	CTB-54O9.9
4	106290234	106395238	ENSG00000138777	PPA2
3	49061758	49066841	ENSG00000178035	IMPDH2
20	44034697	44039250	ENSG00000244274	DBNDD2
11	94277017	94283063	ENSG00000196371	FUT4
17	7452208	7464925	ENSG00000239697	TNFSF12
17	78109013	78120982	ENSG00000141543	EIF4A3
16	67209505	67217943	ENSG00000196123	KIAA0895L
17	18148150	18162230	ENSG00000177731	FLII
15	90773207	90777279	ENSG00000185043	CIB1
19	5784843	5791249	ENSG00000141994	DUS3L
11	94439597	94609918	ENSG00000166025	AMOTL1
3	49067140	49131796	ENSG00000198218	QRICH1
7	32524951	32534895	ENSG00000106355	LSM5
1	115397424	115537991	ENSG00000198765	SYCP1
12	49159975	49182820	ENSG00000174233	ADCY6
12	25261354	25348096	ENSG00000118307	CASC1
1	156863490	156886226	ENSG00000187800	PEAR1
8	136469700	136668965	ENSG00000131773	KHDRBS3
3	108462271	108476231	ENSG00000163515	RETNLB
14	106109389	106111127	ENSG00000211893	IGHG2
12	54379629	54428672	ENSG00000273049	RP11-834C11.12
16	23701647	23724821	ENSG00000134398	ERN2
14	106173457	106175002	ENSG00000211895	IGHA1
3	108541545	108573852	ENSG00000163519	TRAT1
20	44044717	44054884	ENSG00000124155	PIGT
1	19542158	19578046	ENSG00000127463	EMC1
17	78143791	78183130	ENSG00000141527	CARD14
12	54384408	54424607	ENSG00000197757	HOXC6
1	115572415	115576941	ENSG00000134200	TSHB
17	2310279	2318731	ENSG00000205821	AC006435.1
16	23765948	23770272	ENSG00000166869	CHP2
14	93389425	93401638	ENSG00000100604	CHGA
19	5823813	5828335	ENSG00000171119	NRTN
8	139142266	139509065	ENSG00000147724	FAM135B
2	53759810	54087170	ENSG00000115239	GPR75-ASB3
1	115590632	115632121	ENSG00000134198	TSPAN2
3	128888327	128902765	ENSG00000169714	CNBP
17	2496504	2588909	ENSG00000007168	PAFAH1B1
19	17712137	17799401	ENSG00000130477	UNC13A
11	94706845	94732682	ENSG00000186280	KDM4D
15	90777040	90785315	ENSG00000183208	GDPGP1
11	94758422	94760760	ENSG00000235268	KDM4E
1	115828539	115880857	ENSG00000134259	NGF
11	94800361	94802388	ENSG00000271885	SRSF8
7	73007524	73038873	ENSG00000009950	MLXIPL
11	94822974	94865809	ENSG00000149218	ENDOD1
16	23847322	24231932	ENSG00000166501	PRKCB
15	90792762	90808199	ENSG00000213471	TTLL13
7	134331560	134364565	ENSG00000172331	BPGM
15	90792788	90815440	ENSG00000261147	RP11-697E2.6
X	153058971	153063960	ENSG00000180879	SSR4
15	90808891	90816463	ENSG00000182768	NGRN
11	94898704	94965705	ENSG00000149212	SESN3
5	64859063	64883376	ENSG00000113593	PPWD1
15	90890819	90892669	ENSG00000238244	GABARAPL3
14	106202680	106209408	ENSG00000211896	IGHG1
1	116184574	116240845	ENSG00000173218	VANGL1
1	156890442	156902886	ENSG00000160838	LRRC71
15	90895477	90909324	ENSG00000196391	ZNF774
12	54388679	54397121	ENSG00000180806	HOXC9
14	57115683	57197253	ENSG00000259133	RP11-1085N6.3
16	67218269	67224107	ENSG00000179044	EXOC3L1
14	75348594	75370448	ENSG00000119689	DLST
19	5830621	5839742	ENSG00000156413	FUT6
14	57267425	57277197	ENSG00000165588	OTX2
X	153067621	153096020	ENSG00000067840	PDZD4
3	108626639	108672742	ENSG00000138472	GUCA1C
1	116242628	116311402	ENSG00000118729	CASQ2
11	95502106	95523573	ENSG00000077458	FAM76B
17	7452416	7464918	ENSG00000248871	TNFSF12-TNFSF13
10	14861249	14880574	ENSG00000185267	CDNF
19	5842899	5851485	ENSG00000171124	FUT3
16	67226072	67232821	ENSG00000205250	E2F4
15	90931450	91045475	ENSG00000140575	IQGAP1
7	97881691	97937162	ENSG00000164713	BRI3
1	116378998	116386538	ENSG00000177551	NHLH2
19	5865837	5903798	ENSG00000130383	FUT5
17	41476327	41478505	ENSG00000175906	ARL4D
1	19578033	19586622	ENSG00000053372	MRTO4
16	24266874	24374122	ENSG00000006116	CACNG3
17	7461609	7464925	ENSG00000161955	TNFSF13
10	101635334	101769676	ENSG00000107554	DNMBP
19	5866182	5903798	ENSG00000267740	AC024592.12
1	116519119	116612675	ENSG00000163393	SLC22A15
8	139600478	139926249	ENSG00000169436	COL22A1
1	116654376	116677861	ENSG00000173212	MAB21L3
20	44074071	44077220	ENSG00000269549	AL031663.2
20	44095910	44107452	ENSG00000268111	AL031663.1
19	17830051	17845325	ENSG00000130479	MAP1S
10	14880163	14913740	ENSG00000187522	HSPA14
20	44098346	44110172	ENSG00000101443	WFDC2
7	134429003	134655479	ENSG00000122786	CALD1
11	95523129	95565857	ENSG00000166037	CEP57
20	44141101	44144264	ENSG00000101446	SPINT3
20	44162835	44168134	ENSG00000243543	WFDC6
2	148602086	148688393	ENSG00000121989	ACVR2A
17	2592680	2615957	ENSG00000132361	CLUH
12	6679249	6716642	ENSG00000111642	CHD4
12	49207577	49222724	ENSG00000167535	CACNB3
20	44165625	44176391	ENSG00000101448	EPPIN
16	24549014	24584184	ENSG00000122257	RBBP6
1	19592476	19600688	ENSG00000211454	AKR7L
14	106235439	106237742	ENSG00000211897	IGHG3
1	19609052	19615744	ENSG00000162482	AKR7A3
1	116915290	116952883	ENSG00000163399	ATP1A1
16	67233014	67237932	ENSG00000102890	ELMO3
14	106303099	106312010	ENSG00000211898	IGHD
12	54402832	54407570	ENSG00000037965	HOXC8
14	106320349	106322323	ENSG00000211899	IGHM
7	97920963	98030380	ENSG00000006453	BAIAP2L1
1	19630459	19638640	ENSG00000053371	AKR7A2
12	54410715	54449813	ENSG00000198353	HOXC4
19	5891287	5904017	ENSG00000174886	NDUFA11
14	106329408	106329468	ENSG00000211900	IGHJ6
14	106330024	106330072	ENSG00000242472	IGHJ5
12	54426637	54429142	ENSG00000172789	HOXC5
19	5904852	5914718	ENSG00000267314	AC104532.2
3	108677086	108836989	ENSG00000114487	MORC1
14	106330425	106330470	ENSG00000240041	IGHJ4
19	5904869	5910864	ENSG00000187650	VMAC
12	54447661	54449814	ENSG00000273266	HOXC4
14	106330797	106330845	ENSG00000242887	IGHJ3
1	116915890	116926718	ENSG00000269279	AL136376.1
19	5911718	5915888	ENSG00000105519	CAPS
3	38589548	38691164	ENSG00000183873	SCN5A
1	156904632	157015162	ENSG00000132694	ARHGEF11
1	117057157	117113661	ENSG00000116815	CD58
2	148687968	148779147	ENSG00000115947	ORC4
14	75370657	75390099	ENSG00000198208	RPS6KL1
12	54558529	54582778	ENSG00000123415	SMUG1
11	95566046	95658479	ENSG00000087053	MTMR2
14	93403259	93582665	ENSG00000100605	ITPK1
17	41561233	41621831	ENSG00000067596	DHX8
14	106331409	106331460	ENSG00000211904	IGHJ2
14	106331617	106331668	ENSG00000211905	IGHJ1
14	106331761	106331771	ENSG00000236597	IGHD7-27
14	106346892	106346911	ENSG00000211907	IGHD1-26
14	106347397	106347414	ENSG00000225825	IGHD6-25
14	106349761	106349780	ENSG00000211909	IGHD5-24
14	106350728	106350746	ENSG00000227196	IGHD4-23
14	106351889	106351919	ENSG00000211911	IGHD3-22
X	153126969	153174677	ENSG00000198910	L1CAM
3	49133365	49142553	ENSG00000172053	QARS
7	98246609	98259180	ENSG00000106236	NPTX2
1	117117031	117210375	ENSG00000143061	IGSF3
10	101801950	101841634	ENSG00000120054	CPN1
3	128968449	128996614	ENSG00000181789	COPG1
17	7465192	7475287	ENSG00000161956	SENP3
12	25348150	25362579	ENSG00000205707	LYRM5
1	19638820	19655794	ENSG00000040487	PQLC2
1	117236734	117249225	ENSG00000203864	C1orf137
7	32535038	33078516	ENSG00000105778	AVL9
3	109012635	109035364	ENSG00000163530	DPPA2
14	106354409	106354436	ENSG00000211912	IGHD2-21
1	117297007	117311850	ENSG00000116824	CD2
14	106357049	106357065	ENSG00000237020	IGHD1-20
14	106357557	106357577	ENSG00000211914	IGHD6-19
14	106359400	106359419	ENSG00000211915	IGHD5-18
14	106360366	106360381	ENSG00000227800	IGHD4-17
14	106361492	106361528	ENSG00000211917	IGHD3-16
14	106363815	106363845	ENSG00000211918	IGHD2-15
1	157061836	157069600	ENSG00000253831	ETV3L
7	98444111	98468394	ENSG00000166448	TMEM130
14	106366496	106366512	ENSG00000227108	IGHD1-14
3	109044988	109056419	ENSG00000121570	DPPA4
14	106367000	106367020	ENSG00000211920	IGHD6-13
14	106368507	106368529	ENSG00000211921	IGHD5-12
14	106369474	106369489	ENSG00000232543	IGHD4-11
19	5916150	5978153	ENSG00000031823	RANBP3
14	106370355	106370385	ENSG00000211923	IGHD3-10
14	106370539	106370569	ENSG00000211924	IGHD3-9
14	106373069	106373099	ENSG00000211925	IGHD2-8
14	106375766	106375782	ENSG00000237197	IGHD1-7
14	106376269	106376286	ENSG00000228131	IGHD6-6
7	32907784	32933743	ENSG00000170852	KBTBD2
14	106378116	106378135	ENSG00000211928	IGHD5-5
17	78180515	78194722	ENSG00000181523	SGSH
4	106473777	106629250	ENSG00000236699	ARHGEF38
1	117452679	117532980	ENSG00000134247	PTGFRN
12	54624724	54673886	ENSG00000094916	CBX5
12	25357723	25403870	ENSG00000133703	KRAS
14	106379081	106379096	ENSG00000233655	IGHD4-4
12	25381515	25390840	ENSG00000268076	AC087239.1
1	157090983	157108266	ENSG00000117036	ETV3
14	106380218	106380248	ENSG00000211930	IGHD3-3
1	19665267	19812066	ENSG00000077549	CAPZB
14	57670518	57735726	ENSG00000070367	EXOC5
7	104751151	105039755	ENSG00000135250	SRPK2
7	32997017	33046543	ENSG00000122642	FKBP9
12	25562241	25801513	ENSG00000152936	IFLTD1
1	117544382	117579167	ENSG00000134256	CD101
11	95709762	96076344	ENSG00000184384	MAML2
7	73082155	73086442	ENSG00000176428	VPS37D
14	93648541	93651273	ENSG00000165943	MOAP1
14	57671888	57673291	ENSG00000212928	AL391152.1
5	64885507	64921802	ENSG00000113595	TRIM23
14	93651296	93653434	ENSG00000153485	TMEM251
14	93651318	93684932	ENSG00000259066	RP11-371E8.4
11	96085933	96123087	ENSG00000149231	CCDC82
14	75408537	75422487	ENSG00000119630	PGF
14	57735627	57756797	ENSG00000053770	AP5M1
7	73095299	73097783	ENSG00000176410	DNAJC30
11	96123153	96240738	ENSG00000183340	JRKL
6	31512239	31516204	ENSG00000213760	ATP6V1G2
1	117602925	117650075	ENSG00000116830	TTF2
7	33053742	33102409	ENSG00000122643	NT5C3A
16	24741016	24838953	ENSG00000090905	TNRC6A
19	17858527	17899377	ENSG00000130475	FCHO1
4	106603784	106817143	ENSG00000138785	INTS12
10	101909851	101948091	ENSG00000107566	ERLIN1
3	194308402	194354418	ENSG00000145014	TMEM44
11	98891683	100229616	ENSG00000149972	CNTN5
7	73097355	73119491	ENSG00000071462	WBSCR22
6	31514647	31526606	ENSG00000204498	NFKBIL1
3	38738293	38835501	ENSG00000185313	SCN10A
1	117653682	117665209	ENSG00000134253	TRIM45
4	106629935	106768885	ENSG00000138780	GSTCD
1	19923477	19956314	ENSG00000173436	MINOS1
10	101948055	101989376	ENSG00000213341	CHUK
8	140613081	140715299	ENSG00000169427	KCNK9
1	19923473	19984549	ENSG00000270136	MINOS1-NBL1
1	157483167	157522310	ENSG00000143297	FCRL5
14	57857262	57882635	ENSG00000139977	NAA30
16	67241042	67260951	ENSG00000125122	LRRC29
1	117686209	117753556	ENSG00000134258	VTCN1
12	6728001	6745613	ENSG00000184574	LPAR5
16	67244251	67260930	ENSG00000237102	AC040160.1
7	98475556	98610866	ENSG00000196367	TRRAP
17	7476024	7482323	ENSG00000161960	EIF4A1
16	67261006	67263181	ENSG00000168701	TMEM208
11	100558384	100862668	ENSG00000165895	ARHGAP42
16	24857162	24922949	ENSG00000158865	SLC5A11
14	57936019	57960585	ENSG00000100557	C14orf105
3	38887260	38992052	ENSG00000168356	SCN11A
1	117910071	118071494	ENSG00000198162	MAN1A2
8	140742586	141468678	ENSG00000167632	TRAPPC9
16	67263290	67281561	ENSG00000135723	FHOD1
12	105629068	105789875	ENSG00000235162	C12orf75
1	19967048	19984945	ENSG00000158747	NBL1
5	64920543	64962060	ENSG00000113597	TRAPPC13
1	118148556	118170994	ENSG00000183508	FAM46C
7	33134409	33149013	ENSG00000164610	RP9
12	6747241	6756626	ENSG00000111644	ACRBP
1	19991780	20006055	ENSG00000158748	HTR6
11	100862811	100864663	ENSG00000170647	TMEM133
14	24867992	24888494	ENSG00000205978	NYNRIN
2	53897430	54087297	ENSG00000270898	ASB3
1	118406107	118472253	ENSG00000196505	GDAP2
16	67271586	67306093	ENSG00000135740	SLC9A5
1	20008706	20126438	ENSG00000162542	TMCO4
14	58030640	58448912	ENSG00000151812	SLC35F4
17	2680350	2941033	ENSG00000132359	RAP1GAP2
19	5993175	6199583	ENSG00000087903	RFX2
1	157543539	157567870	ENSG00000163518	FCRL4
12	106457118	106533811	ENSG00000074590	NUAK1
6	31539831	31542101	ENSG00000226979	LTA
12	49223547	49246625	ENSG00000174243	DDX23
2	53994929	54002333	ENSG00000143942	CHAC2
4	106815932	106925184	ENSG00000168743	NPNT
1	118472343	118509165	ENSG00000065183	WDR3
14	93669239	93673439	ENSG00000170270	C14orf142
11	100900355	101001255	ENSG00000082175	PGR
3	58177984	58200424	ENSG00000163687	DNASE1L3
1	20140523	20141771	ENSG00000178828	RNF186
12	6759446	6772314	ENSG00000111653	ING4
1	20209006	20239438	ENSG00000169914	OTUD3
14	93673401	93695561	ENSG00000012963	UBR7
X	153146127	153154444	ENSG00000196987	LCA10
3	58223233	58281420	ENSG00000163686	ABHD6
16	67311413	67323402	ENSG00000196155	PLEKHG4
X	153167985	153172620	ENSG00000126895	AVPR2
3	110607231	110612323	ENSG00000206532	RP11-553A10.1
8	140943416	140946190	ENSG00000250733	C8orf17
7	33168856	33645680	ENSG00000122507	BBS9
16	24930706	25026987	ENSG00000140750	ARHGAP17
17	78193498	78227299	ENSG00000181045	SLC26A11
8	141521397	141527236	ENSG00000104472	CHRAC1
11	101322295	101743293	ENSG00000137672	TRPC6
3	110788918	110994410	ENSG00000177707	PVRL3
12	26111962	26232825	ENSG00000123094	RASSF8
1	118496484	118727846	ENSG00000155761	SPAG17
2	54014181	54045956	ENSG00000068912	ERLEC1
1	20246502	20250110	ENSG00000188784	PLA2G2E
14	75469614	75476292	ENSG00000119718	EIF2B2
1	20301925	20306932	ENSG00000188257	PLA2G2A
19	17905637	17923891	ENSG00000179913	B3GNT3
14	24895738	24900160	ENSG00000139899	CBLN3
HSCHR21_2_CTG1_1	23470936	23488847	ENSG00000262510	LINC00308
HSCHR21_2_CTG1_1	23507018	23508403	ENSG00000262752	AP000705.8
HSCHR21_2_CTG1_1	23526270	23526619	ENSG00000261847	AP000705.6
HSCHR21_2_CTG1_1	23577511	23577651	ENSG00000262704	U4
7	105080108	105162714	ENSG00000091127	PUS7
19	17927321	17932383	ENSG00000248099	INSL3
HSCHR21_2_CTG1_1	23582258	23799841	ENSG00000262476	AP000705.7
1	20354672	20417683	ENSG00000127472	PLA2G5
6	31543344	31546113	ENSG00000232810	TNF
3	58291974	58310422	ENSG00000163684	RPP14
1	20438432	20446050	ENSG00000117215	PLA2G2D
14	24898492	24910540	ENSG00000100441	KHNYN
11	101761405	101787253	ENSG00000187151	ANGPTL5
1	20465819	20476879	ENSG00000158786	PLA2G2F
1	20487746	20503917	ENSG00000187980	PLA2G2C
19	17935589	17958880	ENSG00000105639	JAK3
3	111011566	111384597	ENSG00000153283	CD96
1	119425669	119532179	ENSG00000092607	TBX15
2	148778580	149275805	ENSG00000204406	MBD5
X	153172821	153200452	ENSG00000089820	ARHGAP4
11	101785746	101871789	ENSG00000110318	KIAA1377
12	49250928	49259681	ENSG00000172602	RND1
1	119573839	119683294	ENSG00000116874	WARS2
1	20512578	20522541	ENSG00000162543	UBXN10
3	39093489	39138155	ENSG00000114742	WDR48
1	157644111	157670647	ENSG00000160856	FCRL3
19	17970685	17974962	ENSG00000105640	RPL18A
10	101992055	102027437	ENSG00000095485	CWF19L1
14	93703896	93799438	ENSG00000011114	BTBD7
1	119911402	119936753	ENSG00000116882	HAO2
16	67323331	67360666	ENSG00000168676	KCTD19
6	31548302	31550299	ENSG00000227507	LTB
1	20617412	20681387	ENSG00000158816	VWA5B1
3	49145479	49158371	ENSG00000172046	USP19
1	119957554	119965658	ENSG00000203859	HSD3B2
7	105172532	105208124	ENSG00000135249	RINT1
19	17982782	18005983	ENSG00000105641	SLC5A5
17	41605212	41656988	ENSG00000175832	ETV4
14	75480467	75518235	ENSG00000119684	MLH3
14	24908972	24912111	ENSG00000100445	SDR39U1
12	49297286	49351148	ENSG00000272822	RP11-302B13.5
19	18043825	18054800	ENSG00000007080	CCDC124
11	101918174	101955291	ENSG00000137691	C11orf70
19	18062102	18110889	ENSG00000105642	KCNN1
12	49297893	49325623	ENSG00000139537	CCDC65
1	120049821	120057681	ENSG00000203857	HSD3B1
12	26272959	26278060	ENSG00000123095	BHLHE41
14	24970800	24977894	ENSG00000258744	RP11-80A15.1
1	20808884	20812713	ENSG00000162545	CAMK2N1
14	24974559	24977471	ENSG00000092009	CMA1
17	2965963	2966901	ENSG00000262628	OR1D5
1	20825943	20834654	ENSG00000090432	MUL1
17	2995352	2996290	ENSG00000184166	OR1D2
17	3029878	3030875	ENSG00000183024	OR1G1
6	31553901	31556686	ENSG00000204482	LST1
1	20878932	20881512	ENSG00000183114	FAM43B
14	25042728	25045466	ENSG00000100448	CTSG
17	3100813	3101742	ENSG00000172150	OR1A2
1	120162045	120190396	ENSG00000143067	ZNF697
19	6135258	6193112	ENSG00000130377	ACSBG2
1	20915441	20945401	ENSG00000158825	CDA
12	49315301	49320257	ENSG00000134285	FKBP11
17	3118915	3119844	ENSG00000172146	OR1A1
7	33765593	33768068	ENSG00000173862	RP11-89N17.1
14	58466453	58764857	ENSG00000139971	C14orf37
12	26274924	26452223	ENSG00000123096	SSPN
17	3181193	3182268	ENSG00000221882	OR3A2
7	33944523	34195484	ENSG00000164619	BMPER
16	67360701	67419106	ENSG00000159708	LRRC36
17	3194929	3195876	ENSG00000180090	OR3A1
17	3300398	3301704	ENSG00000180016	OR1E1
19	6212966	6279959	ENSG00000130382	MLLT1
17	3323862	3324827	ENSG00000159961	OR3A3
1	120202421	120286838	ENSG00000092621	PHGDH
17	3336164	3337135	ENSG00000127780	OR1E2
19	6306153	6333640	ENSG00000167769	ACER1
14	25075686	25078905	ENSG00000100450	GZMH
7	73113536	73134002	ENSG00000106089	STX1A
11	101981192	102104154	ENSG00000137693	YAP1
10	14920819	14946314	ENSG00000152455	SUV39H2
19	6361463	6368919	ENSG00000125656	CLPP
2	149402009	149545130	ENSG00000135999	EPC2
19	6372444	6375042	ENSG00000125652	ALKBH7
19	6375159	6379069	ENSG00000125650	PSPN
19	18111941	18124911	ENSG00000105643	ARRDC2
1	157715523	157746922	ENSG00000132704	FCRL2
1	20959948	20978004	ENSG00000158828	PINK1
17	3343313	3417146	ENSG00000141255	SPATA22
10	102033713	102046469	ENSG00000196072	BLOC1S2
1	120290619	120311528	ENSG00000134240	HMGCS2
19	6379580	6393992	ENSG00000125651	GTF2F1
12	106631655	106698057	ENSG00000136026	CKAP4
3	58303341	58303847	ENSG00000255154	RPP14
1	20978270	20988000	ENSG00000244038	DDOST
5	64920592	64926718	ENSG00000253251	CTC-534A2.2
3	39138150	39149854	ENSG00000114745	GORASP1
14	58666798	58701750	ENSG00000131966	ACTR10
5	64961755	65018862	ENSG00000197860	SGTB
19	18169805	18209754	ENSG00000096996	IL12RB1
14	93799565	94174222	ENSG00000133958	UNC79
11	102188215	102210134	ENSG00000023445	BIRC3
1	120336641	120354283	ENSG00000134193	REG4
16	25123050	25189552	ENSG00000205629	LCMT1
16	67423712	67427438	ENSG00000159713	TPPP3
1	120436156	120439118	ENSG00000134249	ADAM30
14	25100160	25103473	ENSG00000100453	GZMB
3	111311747	111314290	ENSG00000177494	ZBED2
1	20990507	21044510	ENSG00000117245	KIF17
7	34685709	34699772	ENSG00000214841	AC005493.1
19	18208603	18262502	ENSG00000099308	MAST3
3	111393523	111565294	ENSG00000240891	PLCXD2
12	106695707	106740793	ENSG00000166046	TCP11L2
7	73150424	73153197	ENSG00000106077	ABHD11
7	105205567	105241322	ENSG00000185055	EFCAB10
16	67428322	67450736	ENSG00000159714	ZDHHC1
1	120454176	120612240	ENSG00000134250	NOTCH2
19	6413359	6424805	ENSG00000088247	KHSRP
11	102217942	102249401	ENSG00000110330	BIRC2
1	157764193	157789895	ENSG00000163534	FCRL1
3	58318607	58411748	ENSG00000168297	PXK
19	18263928	18281350	ENSG00000105647	PIK3R2
7	34697851	34917944	ENSG00000187258	NPSR1
7	105245514	105517050	ENSG00000146776	ATXN7L1
16	25227052	25240261	ENSG00000103375	AQP8
16	67464555	67471456	ENSG00000176387	HSD11B2
1	21046225	21059330	ENSG00000189410	SH2D5
1	120837756	120855681	ENSG00000188610	FAM72B
3	194361517	194393206	ENSG00000041802	LSG1
16	25247322	25269252	ENSG00000155592	ZKSCAN2
11	102267063	102341115	ENSG00000152558	TMEM123
19	6426048	6433790	ENSG00000181240	SLC25A41
1	120926979	120935937	ENSG00000198019	FCGR1B
11	102337986	102369532	ENSG00000255482	RP11-315O6.2
11	102391239	102401484	ENSG00000137673	MMP7
16	25703347	26149009	ENSG00000182601	HS3ST4
16	67471917	67515140	ENSG00000159720	ATP6V0D1
12	6775643	6798738	ENSG00000126746	ZNF384
HSCHR6_MHC_COX	30007503	30067212	ENSG00000257562	AL671859.1
1	143767144	143767881	ENSG00000236334	PPIAL4G
14	25278862	25519503	ENSG00000168952	STXBP6
1	143896452	143913143	ENSG00000215784	FAM72D
12	26490342	26986131	ENSG00000123104	ITPR2
17	78234665	78372586	ENSG00000173821	RNF213
19	18263968	18288927	ENSG00000268173	PIK3R2
1	157800704	157868046	ENSG00000073754	CD5L
7	73183328	73184600	ENSG00000165215	CLDN3
19	18283972	18288927	ENSG00000216490	IFI30
7	73213872	73247014	ENSG00000189143	CLDN4
19	6436090	6465214	ENSG00000125648	SLC25A23
1	21069154	21113816	ENSG00000127483	HP1BP3
19	18303992	18307758	ENSG00000254858	MPV17L2
HSCHR6_MHC_COX	30016578	30022582	ENSG00000224859	ZNRD1
14	26912299	27066960	ENSG00000139910	NOVA1
19	18307594	18314884	ENSG00000105649	RAB3A
7	98625061	98741723	ENSG00000198742	SMURF1
16	67516474	67517716	ENSG00000159723	AGRP
14	58711549	58738730	ENSG00000100567	PSMA3
11	102447566	102496063	ENSG00000137674	MMP20
16	27214807	27233089	ENSG00000155666	KDM8
11	102552041	102554644	ENSG00000255798	RP11-817J15.3
11	102562218	102576537	ENSG00000137675	MMP27
14	75519924	75536186	ENSG00000119640	ACYP1
3	111451344	111695364	ENSG00000144824	PHLDB2
11	102582526	102597781	ENSG00000118113	MMP8
1	144146808	144224481	ENSG00000162825	NBPF8
17	3375668	3406713	ENSG00000108381	ASPA
16	27236312	27280115	ENSG00000169189	NSMCE1
14	75530873	75545126	ENSG00000119703	ZC2HC1C
12	49315767	49333446	ENSG00000255863	AC073610.5
10	102047903	102090243	ENSG00000107593	PKD2L1
3	49158547	49170551	ENSG00000172037	LAMB2
7	98771197	98805129	ENSG00000185467	KPNA7
19	6463788	6467232	ENSG00000130545	CRB3
12	49329506	49351334	ENSG00000134287	ARF3
3	39149152	39180394	ENSG00000168026	TTC21A
7	73248920	73256865	ENSG00000165171	WBSCR27
1	144339738	144521058	ENSG00000231360	AL592284.1
12	49359123	49365546	ENSG00000169884	WNT10B
1	144363462	144364246	ENSG00000255854	PPIAL4B
7	73275489	73280223	ENSG00000175877	WBSCR28
16	67552321	67580691	ENSG00000039523	FAM65A
12	106751436	106903976	ENSG00000013503	POLR3B
19	6467218	6482568	ENSG00000205744	DENND1C
5	65018023	65167553	ENSG00000123213	NLN
1	157963063	158070052	ENSG00000183853	KIRREL
17	3413796	3461289	ENSG00000167723	TRPV3
7	34968488	35077883	ENSG00000173852	DPY19L1
7	105517242	105676877	ENSG00000128536	CDHR3
16	27279526	27301813	ENSG00000245888	CTD-3203P2.2
1	158149737	158154686	ENSG00000158473	CD1D
7	35242042	35293758	ENSG00000164532	TBX20
1	158223927	158228059	ENSG00000158477	CD1A
14	29235050	29238870	ENSG00000176165	FOXG1
14	29241910	29282493	ENSG00000186960	C14orf23
1	144811744	144830413	ENSG00000168614	NBPF9
12	49372398	49375459	ENSG00000125084	WNT1
1	158259576	158263420	ENSG00000158481	CD1C
12	49388932	49393092	ENSG00000181418	DDN
2	149632819	149883273	ENSG00000168280	KIF5C
1	21132963	21503377	ENSG00000075151	EIF4G3
7	35672269	35735181	ENSG00000122557	HERPUD2
3	111697857	111712210	ENSG00000144827	ABHD10
16	27324989	27376099	ENSG00000077238	IL4R
1	158297741	158301321	ENSG00000158485	CD1B
7	98923521	98985787	ENSG00000241685	ARPC1A
14	30045687	30661104	ENSG00000184304	PRKD1
6	31556672	31560762	ENSG00000204475	NCR3
19	6494330	6502859	ENSG00000104833	TUBB4A
14	75548822	75594047	ENSG00000119638	NEK9
12	49396057	49412980	ENSG00000181929	PRKAG1
11	102641234	102651359	ENSG00000166670	MMP10
10	102106881	102124591	ENSG00000099194	SCD
11	102660651	102668891	ENSG00000196611	MMP1
19	18318771	18366229	ENSG00000105650	PDE4C
16	27413483	27462115	ENSG00000103522	IL21R
14	93813537	93814702	ENSG00000187581	COX8C
11	102706532	102714534	ENSG00000149968	MMP3
14	94184644	94254827	ENSG00000175785	PRIMA1
12	27058114	27091259	ENSG00000064102	ASUN
19	6531010	6535931	ENSG00000125657	TNFSF9
17	7482785	7485429	ENSG00000129226	CD68
11	102813724	102826463	ENSG00000137745	MMP13
7	35840542	35944917	ENSG00000122545	SEPT7
14	94385240	94395954	ENSG00000140067	FAM181A
11	102932805	102962944	ENSG00000137692	DCUN1D5
3	111717511	111732734	ENSG00000144834	TAGLN3
3	58413357	58419584	ENSG00000168291	PDHB
16	27470876	27561234	ENSG00000077235	GTF3C1
16	67596310	67673086	ENSG00000102974	CTCF
14	94400499	94443137	ENSG00000100628	ASB2
14	31028329	31089269	ENSG00000092140	G2E3
12	27091316	27119583	ENSG00000111790	FGFR1OP2
19	18367908	18385319	ENSG00000130518	KIAA1683
14	75598173	75643334	ENSG00000170348	TMED10
19	6583194	6604114	ENSG00000125726	CD70
3	39183346	39196053	ENSG00000144655	CSRNP1
19	6663148	6670599	ENSG00000125735	TNFSF14
17	7486847	7496107	ENSG00000129255	MPDU1
16	67678822	67691472	ENSG00000159753	RLTPR
7	98971872	98992424	ENSG00000130429	ARPC1B
3	39224701	39234087	ENSG00000168334	XIRP1
11	102980160	103350591	ENSG00000187240	DYNC2H1
19	6677715	6730573	ENSG00000125730	C3
3	39304985	39323226	ENSG00000168329	CX3CR1
1	158323254	158327343	ENSG00000158488	CD1E
3	111753690	111800116	ENSG00000176040	TMPRSS7
12	27126128	27167367	ENSG00000064115	TM7SF3
16	27561454	27791690	ENSG00000047578	KIAA0556
17	3468738	3539543	ENSG00000262304	SHPK
14	75705319	75735986	ENSG00000258740	RP11-293M10.1
5	65222303	65378377	ENSG00000112851	ERBB2IP
14	75745477	75748933	ENSG00000170345	FOS
7	105730949	105753022	ENSG00000008282	SYPL1
14	94405901	94410475	ENSG00000258987	RP11-131H24.4
19	6729925	6737614	ENSG00000125734	GPR108
14	94492675	94515276	ENSG00000089723	OTUB2
7	73442119	73484237	ENSG00000049540	ELN
1	21543740	21671997	ENSG00000117298	ECE1
14	94517266	94547591	ENSG00000089737	DDX24
1	158368312	158369256	ENSG00000186306	OR10T2
1	158389718	158390656	ENSG00000180708	OR10K2
10	14939358	14996431	ENSG00000152457	DCLRE1C
16	27798850	28074830	ENSG00000169181	GSG1L
17	3468738	3500392	ENSG00000196689	TRPV1
10	102222798	102243501	ENSG00000075290	WNT8B
1	158435272	158436344	ENSG00000173285	OR10K1
1	158449668	158450675	ENSG00000198965	OR10R2
1	158516918	158517895	ENSG00000197532	OR6Y1
1	21766621	21811498	ENSG00000142794	NBPF3
1	158532441	158533394	ENSG00000186440	OR6P1
14	75894419	75940814	ENSG00000140044	JDP2
12	49412758	49453557	ENSG00000167548	KMT2D
1	158548709	158549689	ENSG00000186400	OR10X1
16	28109300	28223241	ENSG00000169180	XPO6
7	98989671	99006452	ENSG00000106244	PDAP1
1	158576229	158577170	ENSG00000198967	OR10Z1
7	99006264	99017239	ENSG00000106245	BUD31
12	27175479	27219276	ENSG00000152944	MED21
7	105888731	105926772	ENSG00000105835	NAMPT
10	102246399	102289628	ENSG00000075826	SEC31B
14	75988768	76013358	ENSG00000156127	BATF
1	21835858	21904905	ENSG00000162551	ALPL
12	6802958	6809966	ENSG00000139200	PIANP
3	58477841	58488087	ENSG00000168301	KCTD6
1	158580496	158656488	ENSG00000163554	SPTA1
3	111805182	111849851	ENSG00000114529	C3orf52
19	6737936	6751537	ENSG00000125733	TRIP10
14	76044960	76129557	ENSG00000119686	FLVCR2
11	103777914	104035107	ENSG00000170962	PDGFD
14	94547628	94570192	ENSG00000165948	IFI27L1
16	28303840	28335170	ENSG00000188322	SBK1
3	194406622	194409762	ENSG00000185112	FAM43A
11	103907308	103909922	ENSG00000170967	DDI1
16	28353876	28374829	ENSG00000198156	NPIPB6
6	31582961	31584798	ENSG00000204472	AIF1
3	111839688	111852152	ENSG00000174500	GCSAM
17	41717756	41739322	ENSG00000005102	MEOX1
12	27233991	27235447	ENSG00000214700	C12orf71
11	104756445	104769397	ENSG00000204403	CASP12
16	28390900	28415200	ENSG00000205609	EIF3CL
7	106297211	106301442	ENSG00000253276	CCDC71L
17	7491496	7493488	ENSG00000129194	SOX15
1	144836157	145076186	ENSG00000178104	PDE4DIP
2	54080050	54087126	ENSG00000119737	GPR75
12	6832907	6841041	ENSG00000111652	COPS7A
16	28467693	28481868	ENSG00000233232	NPIPB7
12	27396901	27478892	ENSG00000211455	STK38L
16	28477974	28503333	ENSG00000261832	CLN3
2	149894621	150071776	ENSG00000150556	LYPD6B
7	106505723	106547590	ENSG00000105851	PIK3CG
3	58490863	58523046	ENSG00000168306	ACOX2
3	49199968	49203754	ENSG00000177352	CCDC71
1	158669369	158670486	ENSG00000196171	OR6K2
17	7494548	7518189	ENSG00000129245	FXR2
3	49209044	49213917	ENSG00000185909	KLHDC8B
14	58754751	58755865	ENSG00000268466	AL132989.1
1	158686958	158687953	ENSG00000203757	OR6K3
1	158724510	158725681	ENSG00000180433	OR6K6
12	49458468	49463808	ENSG00000167550	RHEBL1
1	158735466	158736492	ENSG00000197403	OR6N1
3	194789008	194991896	ENSG00000173950	XXYLT1
7	99014362	99063787	ENSG00000106246	PTCD1
1	158746472	158747425	ENSG00000188340	OR6N2
17	3511556	3539616	ENSG00000197417	SHPK
6	31588497	31605548	ENSG00000204469	PRRC2A
14	94571182	94583033	ENSG00000165949	IFI27
1	158801107	158819296	ENSG00000163563	MNDA
1	21922708	21995801	ENSG00000076864	RAP1GAP
14	58765103	58840605	ENSG00000032219	ARID4A
17	3539762	3564836	ENSG00000040531	CTNS
3	111859734	112013105	ENSG00000172139	SLC9C1
7	99017372	99063820	ENSG00000248919	ATP5J2-PTCD1
3	49215065	49229291	ENSG00000236980	C3orf84
2	150186499	150330662	ENSG00000187123	LYPD6
7	106685094	106802256	ENSG00000005249	PRKAR2B
12	49483204	49488602	ENSG00000139549	DHH
3	49235861	49295537	ENSG00000173421	CCDC36
7	99036545	99054994	ENSG00000160917	CPSF4
3	49297518	49298744	ENSG00000225399	RP11-3B7.1
3	49306035	49315342	ENSG00000188315	C3orf62
1	144989309	144991365	ENSG00000268172	AL590452.1
1	145209119	145291972	ENSG00000213240	NOTCH2NL
1	145209145	145319796	ENSG00000255168	RP11-458D21.5
3	49315264	49378145	ENSG00000114316	USP4
14	76099968	76421421	ENSG00000119685	TTLL5
2	54091204	54197977	ENSG00000068878	PSME4
12	49490919	49504683	ENSG00000139636	LMBR1L
1	158900586	158946844	ENSG00000163564	PYHIN1
17	78388965	78411886	ENSG00000173818	ENDOV
14	58862634	58875419	ENSG00000196860	TOMM20L
14	58875212	58894332	ENSG00000100575	TIMM9
17	7517264	7517427	ENSG00000268503	AC007421.1
2	150426148	150444330	ENSG00000168288	MMADHC
1	145289772	145370303	ENSG00000163386	NBPF10
12	6857170	6876641	ENSG00000089693	MLF2
2	151324709	151395525	ENSG00000115963	RND3
16	28477983	28506896	ENSG00000188603	CLN3
12	27485787	27576241	ENSG00000029153	ARNTL2
17	7517382	7536700	ENSG00000129214	SHBG
10	102265385	102289638	ENSG00000255339	NDUFB8
1	145413095	145417545	ENSG00000168509	HFE2
HSCHR6_MHC_COX	30024382	30028006	ENSG00000234058	PPP1R11
3	58549844	58613337	ENSG00000168309	FAM107A
10	102267203	102289757	ENSG00000166136	NDUFB8
17	3566196	3571976	ENSG00000213977	TAX1BP3
17	3566357	3599488	ENSG00000257950	P2RX5-TAX1BP3
14	58894103	59015216	ENSG00000100578	KIAA0586
1	145438469	145442635	ENSG00000117289	TXNIP
3	58619673	58652575	ENSG00000198643	FAM3D
19	6752171	6767599	ENSG00000125731	SH2D3A
17	3572109	3572962	ENSG00000127774	EMC6
7	106809406	106842974	ENSG00000105856	HBP1
17	41831099	41836156	ENSG00000167941	SOST
1	145456236	145470388	ENSG00000121851	POLR3GL
3	49394609	49396033	ENSG00000233276	GPX1
1	145470508	145475646	ENSG00000181039	ANKRD34A
14	94594116	94596590	ENSG00000119632	IFI27L2
1	145477085	145501669	ENSG00000152022	LIX1L
3	49396578	49450431	ENSG00000067560	RHOA
1	145507598	145513536	ENSG00000131795	RBM8A
3	112051194	112081659	ENSG00000091972	CD200
19	6772725	6857377	ENSG00000141968	VAV1
17	41843489	41856356	ENSG00000108861	DUSP3
12	6874682	6880116	ENSG00000159335	PTMS
1	145516252	145523730	ENSG00000131779	PEX11B
17	3575493	3599698	ENSG00000083454	P2RX5
12	6881678	6887621	ENSG00000089692	LAG3
3	49449639	49453908	ENSG00000145022	TCTA
12	6896024	6929974	ENSG00000010610	CD4
7	99040552	99040747	ENSG00000214314	AC073063.1
1	158969758	159024945	ENSG00000163565	IFI16
14	94612465	94746072	ENSG00000119698	PPP4R4
19	6887577	6940470	ENSG00000174837	EMR1
7	99046098	99063954	ENSG00000241468	ATP5J2
3	194995465	195163807	ENSG00000114331	ACAP2
3	112182815	112218408	ENSG00000186265	BTLA
19	7011514	7013338	ENSG00000204752	AC025278.1
19	7030589	7033022	ENSG00000237247	MBD3L5
19	7037759	7040190	ENSG00000205718	MBD3L4
1	145524891	145543868	ENSG00000143127	ITGA10
19	7049332	7051746	ENSG00000230522	MBD3L2
19	7056220	7058651	ENSG00000182315	MBD3L3
19	7069455	7087979	ENSG00000130544	ZNF557
7	106842000	107204959	ENSG00000164597	COG5
3	49454211	49460186	ENSG00000145020	AMT
3	58703092	59035810	ENSG00000163689	C3orf67
17	7529552	7531194	ENSG00000141504	SAT2
17	41857803	41864980	ENSG00000231256	C17orf105
1	145549230	145568526	ENSG00000198483	ANKRD35
19	7112266	7294045	ENSG00000171105	INSR
12	27619743	27655118	ENSG00000165935	SMCO2
1	159032274	159116886	ENSG00000163568	AIM2
14	59100685	59115039	ENSG00000165617	DACT1
7	99070464	99101273	ENSG00000198556	ZNF789
HSCHR6_MHC_COX	30027939	30033560	ENSG00000227171	RNF39
3	112251356	112280893	ENSG00000144848	ATG3
16	28505970	28510291	ENSG00000184730	APOBR
6	31606805	31620482	ENSG00000204463	BAG6
12	6930711	6939136	ENSG00000250510	GPR162
16	28510683	28523372	ENSG00000197272	IL27
16	28548606	28550495	ENSG00000176046	NUPR1
1	145575233	145586546	ENSG00000131788	PIAS3
14	94749650	94759608	ENSG00000140093	SERPINA10
16	28565236	28603111	ENSG00000176476	CCDC101
14	94770585	94789731	ENSG00000170099	SERPINA6
19	7413848	7448271	ENSG00000263264	CTB-133G6.1
17	7549945	7561086	ENSG00000129244	ATP1B2
1	159141399	159173103	ENSG00000162706	CADM3
16	28603264	28608430	ENSG00000197165	SULT1A2
14	59655364	59838123	ENSG00000100592	DAAM1
1	145586115	145589439	ENSG00000186364	NUDT17
17	41878167	41910538	ENSG00000161647	MPP3
19	7445850	7535131	ENSG00000268861	CTD-2207O23.3
19	7459999	7537363	ENSG00000104880	ARHGEF18
1	145592605	145611025	ENSG00000186141	POLR3C
14	94843084	94857030	ENSG00000197249	SERPINA1
12	6937572	6949018	ENSG00000110811	LEPREL2
5	65435799	65479443	ENSG00000153914	SREK1
1	159173097	159176290	ENSG00000213088	DARC
1	145611036	145696218	ENSG00000121848	RNF115
16	28616903	28634946	ENSG00000196502	SULT1A1
17	78440948	78451643	ENSG00000171246	NPTX1
3	49460379	49466759	ENSG00000145029	NICN1
2	151857734	151905288	ENSG00000222031	AC023469.1
HSCHR6_MHC_COX	30060592	30070807	ENSG00000226402	TRIM31
2	152104454	152118393	ENSG00000184898	RBM43
1	145695798	145715614	ENSG00000117281	CD160
19	7541761	7562335	ENSG00000104883	PEX11G
12	27676364	27848497	ENSG00000110841	PPFIBP1
1	159259504	159278014	ENSG00000179639	FCER1A
19	7557862	7573336	ENSG00000198723	C19orf45
7	73497263	73536855	ENSG00000106683	LIMK1
19	7571938	7584508	ENSG00000267952	CTD-2207O23.12
1	159283460	159284449	ENSG00000196266	OR10J3
19	7580178	7585912	ENSG00000198816	ZNF358
16	28648975	28670003	ENSG00000255524	NPIPB8
1	145726918	145764074	ENSG00000174827	PDZK1
1	159401994	159402928	ENSG00000249730	OR10J4
17	7565097	7590856	ENSG00000141510	TP53
12	106889736	107168696	ENSG00000257545	RP11-144F15.1
14	76116134	76127532	ENSG00000133935	C14orf1
1	159409512	159410600	ENSG00000196184	OR10J1
19	7587512	7598895	ENSG00000090674	MCOLN1
17	78518619	78940171	ENSG00000141564	RPTOR
1	159504793	159505842	ENSG00000184155	OR10J5
7	99084142	99097947	ENSG00000160908	ZNF394
1	159557615	159558655	ENSG00000132703	APCS
3	195241221	195270209	ENSG00000184203	PPP1R2
3	49506146	49573048	ENSG00000173402	DAG1
14	76368479	76550928	ENSG00000119650	IFT43
7	107110463	107116098	ENSG00000172209	GPR22
14	59895740	59932060	ENSG00000181619	GPR135
7	107203929	107218906	ENSG00000105865	DUS4L
14	59927081	59951148	ENSG00000126790	L3HYPDH
7	99102274	99132323	ENSG00000196652	ZKSCAN5
1	159682079	159684379	ENSG00000132693	CRP
10	102288829	102319755	ENSG00000166135	HIF1AN
3	59735036	61237133	ENSG00000189283	FHIT
12	49521565	49525180	ENSG00000123416	TUBA1B
7	99143931	99156159	ENSG00000221909	FAM200A
14	59951161	59972128	ENSG00000050130	JKAMP
16	28699879	28747051	ENSG00000184110	EIF3C
1	159750722	159752333	ENSG00000158716	DUSP23
2	152126979	152146571	ENSG00000123609	NMI
3	112280556	112304424	ENSG00000138459	SLC35A5
1	145764411	145827103	ENSG00000117262	GPR89A
17	3617922	3704537	ENSG00000083457	ITGAE
12	6949118	6956557	ENSG00000111664	GNB3
19	7598481	7604945	ENSG00000268614	CTD-2207O23.10
7	107220422	107269615	ENSG00000075790	BCAP29
10	102495360	102589698	ENSG00000075891	PAX2
7	73588575	73611431	ENSG00000106682	EIF4H
1	159770301	159786041	ENSG00000181036	FCRL6
7	99156029	99174076	ENSG00000197343	ZNF655
1	145883868	145924373	ENSG00000196644	GPR89C
3	49591922	49708978	ENSG00000164061	BSN
14	76424442	76449334	ENSG00000119699	TGFB3
12	106976685	107156581	ENSG00000111783	RFX4
3	59957215	59957583	ENSG00000269415	NPCDR1
1	159796540	159807039	ENSG00000158714	SLAMF8
19	7598890	7626650	ENSG00000032444	PNPLA6
3	49711435	49721396	ENSG00000164062	APEH
3	61547243	62283288	ENSG00000144724	PTPRG
12	49578579	49583107	ENSG00000167552	TUBA1A
1	159804264	159825137	ENSG00000188004	C1orf204
16	28763108	28784128	ENSG00000196993	NPIPB9
1	159824106	159832447	ENSG00000243284	VSIG8
3	112323407	112368377	ENSG00000091986	CCDC80
14	76618259	76720685	ENSG00000089916	GPATCH2L
1	146032647	146082765	ENSG00000152042	NBPF11
7	73613982	73644161	ENSG00000086730	LAT2
14	94908801	94919127	ENSG00000186910	SERPINA11
17	3627211	3630067	ENSG00000177602	GSG2
3	195295573	195311076	ENSG00000189058	APOD
17	3714460	3749545	ENSG00000074356	C17orf85
1	159827690	159842843	ENSG00000256029	RP11-190A12.7
14	94929054	94946026	ENSG00000170054	SERPINA9
12	27849428	27850566	ENSG00000174236	REP15
14	59971257	60043549	ENSG00000151838	CCDC175
12	27863706	27909228	ENSG00000061794	MRPS35
3	112534556	112565703	ENSG00000206531	CD200R1L
7	99156291	99205433	ENSG00000272647	GS1-259H13.10
12	6953957	6961230	ENSG00000111665	CDCA3
7	107301080	107358254	ENSG00000091137	SLC26A4
17	41924516	41940997	ENSG00000161649	CD300LG
1	159842154	159869953	ENSG00000213085	CCDC19
14	94953611	94984181	ENSG00000165953	SERPINA12
5	65892176	66465423	ENSG00000069020	MAST4
14	95027428	95036250	ENSG00000100665	SERPINA4
14	60062694	60337684	ENSG00000139970	RTN1
HSCHR6_MHC_COX	30093815	30106445	ENSG00000228001	TRIM40
16	28834356	28848558	ENSG00000168488	ATXN2L
1	146373546	146467744	ENSG00000186275	NBPF12
17	7589389	7606820	ENSG00000141499	WRAP53
1	159879884	159880159	ENSG00000269620	AL590560.1
12	6961292	6975796	ENSG00000111667	USP5
3	112640056	112693969	ENSG00000163606	CD200R1
3	195447753	195467994	ENSG00000176945	MUC20
2	152214106	152236560	ENSG00000123610	TNFAIP6
19	7660788	7683190	ENSG00000076826	CAMSAP3
1	146626685	146644129	ENSG00000131791	PRKAB2
14	95027779	95059457	ENSG00000188488	SERPINA5
19	7684411	7694451	ENSG00000076924	XAB2
3	49721380	49726934	ENSG00000173531	MST1
1	159887897	159895522	ENSG00000158710	TAGLN2
16	28853732	28857729	ENSG00000178952	TUFM
12	49582519	49667114	ENSG00000167553	TUBA1C
HSCHR6_MHC_COX	30109655	30118642	ENSG00000237192	TRIM10
19	7694623	7696842	ENSG00000229833	PET100
7	107384142	107402112	ENSG00000105879	CBLL1
1	146646930	146714700	ENSG00000131781	FMO5
7	73645829	73668774	ENSG00000049541	RFC2
12	49687035	49692465	ENSG00000135406	PRPH
10	15001438	15030049	ENSG00000197889	MEIG1
1	159896829	159915386	ENSG00000085552	IGSF9
3	112709765	112733907	ENSG00000163607	GTPBP8
12	6976283	6980112	ENSG00000111669	TPI1
17	7608520	7614696	ENSG00000108947	EFNB3
1	159921282	159924044	ENSG00000162723	SLAMF9
7	107405912	107443670	ENSG00000091138	SLC26A3
1	159997462	160001783	ENSG00000143315	PIGM
1	160007257	160040038	ENSG00000177807	KCNJ10
2	152266397	152364527	ENSG00000080345	RIF1
14	95058395	95090983	ENSG00000273259	RP11-986E7.7
1	160051360	160060353	ENSG00000162728	KCNJ9
14	60386431	60530277	ENSG00000131951	LRRC9
1	146714291	146767443	ENSG00000131778	CHD1L
1	160061130	160068733	ENSG00000162729	IGSF8
7	73703805	73820273	ENSG00000106665	CLIP2
17	41952725	41987068	ENSG00000108852	MPP2
17	7620672	7737062	ENSG00000183914	DNAH2
14	60558629	60635851	ENSG00000126773	PCNXL4
10	102672326	102724893	ENSG00000119906	FAM178A
1	147013182	147098017	ENSG00000116128	BCL9
17	78965398	78983317	ENSG00000176108	CHMP6
14	95078714	95090392	ENSG00000196136	SERPINA3
1	147101453	147142618	ENSG00000162836	ACP6
10	102729215	102747272	ENSG00000055950	MRPL43
3	49726932	49758962	ENSG00000164068	RNF123
1	147228332	147245484	ENSG00000143140	GJA5
3	112721287	112738708	ENSG00000163608	C3orf17
1	160085549	160113381	ENSG00000018625	ATP1A2
1	147374946	147381393	ENSG00000121634	GJA8
17	78977135	78978932	ENSG00000175911	AC127496.1
1	147400506	147465753	ENSG00000188092	GPR89B
10	15074226	15115851	ENSG00000152463	OLAH
12	49717019	49725514	ENSG00000135451	TROAP
12	6980099	6998522	ENSG00000111671	SPSB2
7	73868120	74016931	ENSG00000006704	GTF2IRD1
7	107531415	107572175	ENSG00000091140	DLD
1	147574428	147634886	ENSG00000203836	NBPF24
14	95234553	95236562	ENSG00000133937	GSC
1	147631967	147632428	ENSG00000269647	BX842679.1
1	147954635	147955419	ENSG00000255963	PPIAL4A
17	79008948	79091232	ENSG00000175866	BAIAP2
12	6982733	7023407	ENSG00000010626	LRRC23
1	160121360	160156767	ENSG00000132681	ATP1A4
14	60610838	60636574	ENSG00000100612	DHRS7
1	148003642	148025863	ENSG00000122497	NBPF14
6	31620193	31625987	ENSG00000204444	APOM
12	7022909	7032861	ENSG00000111674	ENO2
14	95552565	95624347	ENSG00000100697	DICER1
1	148201752	148202536	ENSG00000256374	PPIAL4D
5	66478103	66492627	ENSG00000134061	CD180
1	160160285	160171676	ENSG00000143318	CASQ1
12	49726200	49730971	ENSG00000186897	C1QL4
17	7743222	7758114	ENSG00000132510	KDM6B
1	160175127	160185166	ENSG00000162734	PEA15
12	49740700	49751309	ENSG00000178401	DNAJC22
1	148250249	148347506	ENSG00000203832	NBPF20
7	74071994	74175026	ENSG00000077809	GTF2I
12	49760367	49921205	ENSG00000123352	SPATS2
7	107564244	107643700	ENSG00000091136	LAMB1
14	60712470	60765805	ENSG00000100614	PPM1A
12	7033626	7051484	ENSG00000111676	ATN1
14	60863187	60982261	ENSG00000179008	C14orf39
3	112929850	113006303	ENSG00000144857	BOC
12	7052141	7055166	ENSG00000111678	C12orf57
1	160185505	160254920	ENSG00000132716	DCAF8
17	7758383	7759417	ENSG00000167874	TMEM88
17	7760003	7788556	ENSG00000183011	LSMD1
17	7761064	7765600	ENSG00000182224	CYB5D1
12	7055631	7070479	ENSG00000111679	PTPN6
14	60975669	60979568	ENSG00000184302	SIX6
14	61110133	61124977	ENSG00000126778	SIX1
14	61176246	61191066	ENSG00000100625	SIX4
14	61201460	61436671	ENSG00000020426	MNAT1
3	49754267	49761349	ENSG00000176020	AMIGO3
14	61438169	61448076	ENSG00000126814	TRMT5
3	49754277	49761384	ENSG00000173540	GMPPB
14	61447832	61550451	ENSG00000139974	SLC38A6
1	160187254	160254920	ENSG00000258465	DCAF8
3	49761727	49823975	ENSG00000176095	IP6K1
1	160246602	160256138	ENSG00000162735	PEX19
7	74188309	74203659	ENSG00000158517	NCF1
2	152341850	152591001	ENSG00000183091	NEB
12	7074490	7079988	ENSG00000215021	PHB2
3	49828165	49837268	ENSG00000187492	CDHR4
1	160259063	160313190	ENSG00000122218	COPA
14	61654277	62017694	ENSG00000027075	PRKCH
6	31626075	31628549	ENSG00000204439	C6orf47
5	67485704	67494235	ENSG00000253787	RP11-404L6.2
3	49840687	49842463	ENSG00000185614	FAM212A
3	49842640	49851379	ENSG00000182179	UBA7
10	102729275	102745628	ENSG00000095539	SEMA4G
7	74210483	74267847	ENSG00000196275	GTF2IRD2
3	49866034	49894007	ENSG00000183763	TRAIP
3	195473636	195539148	ENSG00000145113	MUC4
12	7085348	7125814	ENSG00000111684	LPCAT3
5	67511548	67597649	ENSG00000145675	PIK3R1
14	61744088	61748558	ENSG00000182107	TMEM30B
14	61995846	62124682	ENSG00000258989	RP11-47I22.4
14	62037258	62125414	ENSG00000232774	RP11-47I22.3
7	74379083	74438803	ENSG00000183086	GATSL1
6	31629006	31634060	ENSG00000204438	GPANK1
14	62162231	62214976	ENSG00000100644	HIF1A
6	31633013	31638120	ENSG00000204435	CSNK2B
7	74441226	74490064	ENSG00000174374	WBSCR16
10	102747124	102754158	ENSG00000107815	C10orf2
1	160313062	160328742	ENSG00000162736	NCSTN
3	49895421	49907655	ENSG00000164076	CAMKV
HSCHR6_MHC_COX	30120906	30130396	ENSG00000227147	TRIM15
12	7096351	7178336	ENSG00000182326	C1S
1	160336857	160342638	ENSG00000171786	NHLH1
10	15119522	15130775	ENSG00000176244	ACBD7
1	160370376	160398468	ENSG00000162738	VANGL2
2	54197975	54532437	ENSG00000170634	ACYP2
7	74508364	74565623	ENSG00000174428	GTF2IRD2B
10	15137384	15139318	ENSG00000176236	C10orf111
1	160454820	160493052	ENSG00000162739	SLAMF6
14	62229075	62263146	ENSG00000023608	SNAPC1
10	15139179	15181817	ENSG00000152464	RPP38
3	49924435	49941299	ENSG00000164078	MST1R
14	62453803	62568431	ENSG00000139973	SYT16
HSCHR6_MHC_COX	30142137	30171100	ENSG00000230230	TRIM26
1	160510885	160549306	ENSG00000066294	CD84
14	63173287	63568755	ENSG00000140015	KCNH5
12	7187513	7245203	ENSG00000159403	C1R
7	74807499	74867509	ENSG00000198750	GATSL2
7	74999908	75005425	ENSG00000268891	AC006014.1
7	75024337	75040279	ENSG00000178809	TRIM73
14	63670832	63759937	ENSG00000126785	RHOJ
3	49941278	49954370	ENSG00000228008	CTD-2330K9.3
1	160577890	160617085	ENSG00000117090	SLAMF1
7	75046066	75115548	ENSG00000135213	POM121C
12	107168373	107283090	ENSG00000111785	RIC8B
1	160648536	160681641	ENSG00000117091	CD48
3	49946302	49967606	ENSG00000164077	MON1A
2	54480315	54483409	ENSG00000178021	TSPYL6
14	63838075	64010092	ENSG00000154001	PPP2R5E
12	7242183	7261869	ENSG00000139178	C1RL
2	54557171	54610879	ENSG00000177994	C2orf73
1	160709037	160724611	ENSG00000026751	SLAMF7
3	49977440	50137478	ENSG00000004534	RBM6
10	15144583	15210692	ENSG00000152465	NMT2
7	75162621	75368280	ENSG00000127946	HIP1
12	7276280	7281538	ENSG00000139194	RBP5
12	7282294	7311541	ENSG00000139182	CLSTN3
1	160765864	160798051	ENSG00000122224	LY9
2	54683422	54896812	ENSG00000115306	SPTBN1
17	41994576	41995326	ENSG00000267496	FAM215A
17	42015731	42016327	ENSG00000261514	RP11-527L4.2
17	42018172	42019836	ENSG00000108849	PPY
1	160799950	160832692	ENSG00000122223	CD244
1	160846329	160854960	ENSG00000179914	ITLN1
HSCHR6_MHC_COX	30284058	30304393	ENSG00000224994	TRIM39
1	160914815	160924589	ENSG00000158764	ITLN2
1	160965001	160991138	ENSG00000158769	F11R
1	160967747	161008752	ENSG00000270149	RP11-544M22.13
12	107349497	107372556	ENSG00000151135	C12orf23
17	42030106	42081837	ENSG00000131096	PYY
17	42081914	42086431	ENSG00000161653	NAGS
1	161007421	161008780	ENSG00000215845	TSTD1
17	42088556	42101314	ENSG00000091947	TMEM101
12	107371069	107380944	ENSG00000120832	MTERFD3
1	161009041	161015767	ENSG00000158773	USF1
10	15253642	15413061	ENSG00000148468	FAM171A1
1	161016736	161039760	ENSG00000186517	ARHGAP30
12	107385142	107487607	ENSG00000008405	CRY1
1	161035655	161035943	ENSG00000268154	AL591806.1
17	42112003	42144987	ENSG00000161654	LSM12
1	161040785	161059389	ENSG00000143217	PVRL4
10	15555948	15762124	ENSG00000077943	ITGA8
1	161068151	161070136	ENSG00000162755	KLHDC9
1	161070346	161087901	ENSG00000143256	PFDN2
HSCHR6_MHC_COX	30302714	30304467	ENSG00000241863	RPP21
1	161087876	161095235	ENSG00000158793	NIT1
17	42148103	42153709	ENSG00000141349	G6PC3
2	54950636	55199157	ENSG00000214595	EML6
1	161090764	161102478	ENSG00000158796	DEDD
1	161122566	161128646	ENSG00000143222	UFC1
1	161129240	161135513	ENSG00000143258	USP21
12	107712190	108053419	ENSG00000151136	BTBD11
1	161136200	161147803	ENSG00000143224	PPOX
1	161141100	161147287	ENSG00000158850	B4GALT3
1	161154098	161168846	ENSG00000158859	ADAMTS4
17	42154114	42201070	ENSG00000108840	HDAC5
1	161166894	161184185	ENSG00000158864	NDUFS2
1	161185024	161190489	ENSG00000158869	FCER1G
1	161190160	161192296	ENSG00000268387	AL590714.1
HSCHR6_MHC_COX	30447104	30451842	ENSG00000233904	HLA-E
1	161192082	161193421	ENSG00000158874	APOA2
1	161195793	161200408	ENSG00000158882	TOMM40L
10	15820169	15902519	ENSG00000148481	FAM188A
3	195590235	195638816	ENSG00000061938	TNK2
1	161199456	161208092	ENSG00000143257	NR1I3
1	161228517	161255240	ENSG00000248485	PCP4L1
1	161274525	161279762	ENSG00000158887	MPZ
1	161284047	161332984	ENSG00000143252	SDHC
1	161334521	161337664	ENSG00000188931	C1orf192
1	161475220	161493803	ENSG00000143226	FCGR2A
1	161494036	161496681	ENSG00000173110	HSPA6
2	55199325	55339757	ENSG00000115310	RTN4
1	161511549	161600917	ENSG00000203747	FCGR3A
HSCHR6_MHC_COX	30460850	30464750	ENSG00000258333	AL662822.15
HSCHR6_MHC_COX	30498998	30514796	ENSG00000235986	GNL1
1	161551101	161648444	ENSG00000072694	FCGR2B
1	161551129	161575452	ENSG00000244682	FCGR2C
1	161592986	161601753	ENSG00000162747	FCGR3B
12	108079509	108106944	ENSG00000136045	PWP1
10	16478942	16555736	ENSG00000165983	PTER
17	42219274	42239844	ENSG00000125319	C17orf53
1	161676762	161684142	ENSG00000132185	FCRLA
1	161691353	161697933	ENSG00000162746	FCRLB
1	161719548	161727028	ENSG00000081721	DUSP12
3	195754054	195809060	ENSG00000072274	TFRC
1	161736084	161933860	ENSG00000118217	ATF6
10	16555742	16564004	ENSG00000165985	C1QL3
12	108126643	108155049	ENSG00000110851	PRDM4
1	161952982	161993644	ENSG00000162745	OLFML2B
10	16632610	16859527	ENSG00000148484	RSU1
1	162039564	162353321	ENSG00000198929	NOS1AP
17	42247815	42256451	ENSG00000161664	ASB16
1	162335197	162351905	ENSG00000254706	RP11-565P22.6
1	162336698	162356600	ENSG00000239887	C1orf226
1	162342993	162346660	ENSG00000171722	C1orf111
HSCHR6_MHC_COX	30514508	30521345	ENSG00000228186	PRR3
1	162365056	162381928	ENSG00000198574	SH2D1B
1	162467041	162499419	ENSG00000152332	UHMK1
1	162531323	162569627	ENSG00000117143	UAP1
17	42264338	42269099	ENSG00000168591	TMUB2
12	108168162	108170421	ENSG00000187855	ASCL4
1	162601163	162757190	ENSG00000162733	DDR2
12	108523248	108644314	ENSG00000075035	WSCD2
1	162760492	162782607	ENSG00000132196	HSD17B7
HSCHR6_MHC_COX	30529000	30554805	ENSG00000236149	ABCF1
1	162794248	162838605	ENSG00000185860	C1orf110
1	163038565	163046592	ENSG00000117152	RGS4
1	163080911	163291577	ENSG00000143248	RGS5
2	55401927	55459699	ENSG00000162994	CLHC1
1	163236366	163325554	ENSG00000143228	NUF2
10	16865963	17171830	ENSG00000107611	CUBN
1	164524821	164868533	ENSG00000185630	PBX1
17	42269173	42277481	ENSG00000087152	ATXN7L3
1	165171104	165325952	ENSG00000162761	LMX1A
1	165370159	165414433	ENSG00000143171	RXRG
1	165513244	165533198	ENSG00000162763	LRRC52
12	108681821	108733118	ENSG00000174600	CMKLR1
1	165600098	165631033	ENSG00000143198	MGST3
1	165631453	165668100	ENSG00000143149	ALDH9A1
3	195924320	195938308	ENSG00000163958	ZDHHC19
12	108908962	108919614	ENSG00000198855	FICD
1	165696032	165796992	ENSG00000143183	TMCO1
3	195938358	195970049	ENSG00000163959	SLC51A
1	165796768	165880855	ENSG00000143179	UCK2
1	166026674	166136206	ENSG00000188859	FAM78B
1	166026679	166028709	ENSG00000267884	AL626787.1
1	166808681	166825581	ENSG00000143157	POGK
1	166825747	166845564	ENSG00000152382	TADA1
12	108916357	108955176	ENSG00000075856	SART3
1	166882443	166944719	ENSG00000143195	ILDR2
2	55459039	55462989	ENSG00000143947	RPS27A
1	166958346	166991451	ENSG00000143194	MAEL
1	167022073	167059868	ENSG00000143167	GPA33
1	167063282	167098402	ENSG00000198842	DUSP27
17	42282401	42298994	ENSG00000108312	UBTF
1	167190066	167396582	ENSG00000143190	POU2F1
1	167399877	167487847	ENSG00000198821	CD247
1	167498914	167523004	ENSG00000143162	CREG1
10	17184253	17244053	ENSG00000107614	TRDMT1
1	167599330	167675486	ENSG00000198771	RCSD1
1	167690429	167761156	ENSG00000197965	MPZL1
3	195941093	196014828	ENSG00000161217	PCYT1A
1	167778625	167883453	ENSG00000143199	ADCY10
1	167885967	167906278	ENSG00000143158	MPC2
2	55463731	55496483	ENSG00000085760	MTIF2
HSCHR6_MHC_COX	30558026	30576238	ENSG00000230995	PPP1R10
3	195975101	196045093	ENSG00000272741	RP11-447L10.1
1	167905021	168045081	ENSG00000143164	DCAF6
3	196018090	196045170	ENSG00000213123	TCTEX1D2
3	196042953	196065244	ENSG00000273331	TM4SF19
1	168053997	168106821	ENSG00000143147	GPR161
1	168148171	168169950	ENSG00000143155	TIPRL
1	168195176	168222263	ENSG00000213064	SFT2D2
1	168250278	168283664	ENSG00000143178	TBX19
1	168510003	168513235	ENSG00000143185	XCL2
1	168545711	168551315	ENSG00000143184	XCL1
1	168664697	168698502	ENSG00000143196	DPT
1	169074935	169101960	ENSG00000143153	ATP1B1
1	169101769	169337205	ENSG00000143156	NME7
1	169337208	169365778	ENSG00000117475	BLZF1
1	169364108	169429907	ENSG00000117477	CCDC181
1	169433147	169455241	ENSG00000117479	SLC19A2
1	169483404	169555826	ENSG00000198734	F5
2	55514978	55647057	ENSG00000115355	CCDC88A
1	169558087	169599431	ENSG00000174175	SELP
1	169631245	169823221	ENSG00000000460	C1orf112
3	196046213	196065374	ENSG00000145107	TM4SF19
1	169659808	169680839	ENSG00000188404	SELL
12	108956358	108963160	ENSG00000136003	ISCU
HSCHR6_MHC_COX	30575335	30584021	ENSG00000227420	MRPS18B
1	169691781	169733846	ENSG00000007908	SELE
3	196074533	196159345	ENSG00000163960	UBXN7
1	169761670	169764107	ENSG00000171806	METTL18
17	42325753	42345509	ENSG00000004939	SLC4A1
1	169818772	169863408	ENSG00000000457	SCYL3
1	169890467	170054349	ENSG00000075945	KIFAP3
1	170115142	170136931	ENSG00000203740	METTL11B
1	170501270	170522587	ENSG00000120370	GORAB
1	170631869	170708560	ENSG00000116132	PRRX1
1	170904612	171033906	ENSG00000117501	MROH9
HSCHR6_MHC_COX	30584468	30604447	ENSG00000223752	ATAT1
1	171060018	171086959	ENSG00000007933	FMO3
1	171106879	171130707	ENSG00000117507	FMO6P
1	171154347	171181822	ENSG00000094963	FMO2
12	108983622	108992096	ENSG00000183160	TMEM119
1	171217638	171255117	ENSG00000010932	FMO1
1	171283347	171311223	ENSG00000076258	FMO4
10	17270258	17279592	ENSG00000026025	VIM
1	171454651	171562650	ENSG00000117523	PRRC2C
3	196195654	196230639	ENSG00000163961	RNF168
1	171604557	171621823	ENSG00000034971	MYOC
12	109015686	109027735	ENSG00000110876	SELPLG
1	171669300	171711387	ENSG00000117533	VAMP4
1	171750788	171783163	ENSG00000010165	METTL13
12	109038885	109125372	ENSG00000110880	CORO1C
1	171810621	172387606	ENSG00000197959	DNM3
3	196233748	196242237	ENSG00000214097	SMCO1
17	42325758	42327236	ENSG00000214921	AC003102.1
17	42335297	42355825	ENSG00000268413	AC003043.1
1	172339329	172413230	ENSG00000135845	PIGC
17	42385781	42396039	ENSG00000108309	RUNDC3A
1	172389828	172437971	ENSG00000180999	C1orf105
3	196281056	196295545	ENSG00000185798	WDR53
3	196295482	196315930	ENSG00000174013	FBXO45
3	196366557	196388875	ENSG00000174004	NRROS
3	196366646	196462878	ENSG00000163964	PIGX
1	172501489	172580971	ENSG00000094975	SUCO
1	172628154	172636014	ENSG00000117560	FASLG
1	173009100	173020103	ENSG00000120337	TNFSF18
1	173152873	173176452	ENSG00000117586	TNFSF4
1	173446405	173457946	ENSG00000117592	PRDX6
1	173469603	173572233	ENSG00000162753	SLC9C2
1	173578700	173639001	ENSG00000183831	ANKRD45
17	42396993	42402238	ENSG00000013306	SLC25A39
1	173684080	173755840	ENSG00000076321	KLHL20
1	173768688	173793858	ENSG00000120334	CENPL
3	196433148	196439164	ENSG00000174007	CEP19
1	173793641	173827684	ENSG00000117593	DARS2
3	196466728	196559518	ENSG00000180370	PAK2
1	173837220	173872687	ENSG00000185278	ZBTB37
1	173872947	173886516	ENSG00000117601	SERPINC1
12	109176466	109251366	ENSG00000084112	SSH1
1	173900352	173991435	ENSG00000135870	RC3H1
3	196594727	196661585	ENSG00000119231	SENP5
10	17360382	17496329	ENSG00000148488	ST8SIA6
HSCHR6_MHC_COX	30604663	30610825	ENSG00000233641	C6orf136
3	196662273	196669468	ENSG00000114503	NCBP2
1	174128548	174964445	ENSG00000152061	RABGAP1L
10	17631958	17659376	ENSG00000165996	PTPLA
1	174417212	174418683	ENSG00000203737	GPR52
1	174968300	174980851	ENSG00000116161	CACYBP
1	174979925	174992561	ENSG00000120333	MRPS14
1	175036994	175117202	ENSG00000120332	TNN
1	175126123	175162135	ENSG00000235750	KIAA0040
2	55746740	55773015	ENSG00000163001	CCDC104
1	175284330	175712906	ENSG00000116147	TNR
10	17686124	17757913	ENSG00000136738	STAM
1	175913967	176176629	ENSG00000143207	RFWD2
12	109252708	109294819	ENSG00000110887	DAO
1	176432307	176814735	ENSG00000116183	PAPPA2
HSCHR6_MHC_COX	30610735	30630683	ENSG00000233561	DHX16
3	196673214	196695931	ENSG00000119227	PIGZ
1	176826438	177134109	ENSG00000152092	ASTN1
17	42422614	42430470	ENSG00000030582	GRN
1	177140633	177251558	ENSG00000198797	BRINP2
3	196715492	196756687	ENSG00000163975	MFI2
1	177893091	177953438	ENSG00000120341	SEC16B
2	55774428	55846015	ENSG00000138041	SMEK2
12	109304658	109459045	ENSG00000166111	SVOP
10	17794251	17842867	ENSG00000148483	TMEM236
1	178062864	178448644	ENSG00000075391	RASAL2
1	178482212	178517734	ENSG00000240021	TEX35
1	178511887	178518024	ENSG00000213057	C1orf220
1	178511950	178517579	ENSG00000184909	C1ORF220
1	178694300	178889238	ENSG00000116191	RALGPS2
1	178818840	178840187	ENSG00000116194	ANGPTL1
1	178994939	179045697	ENSG00000116199	FAM20B
1	179050512	179067158	ENSG00000186283	TOR3A
3	196769431	197026171	ENSG00000075711	DLG1
1	179068462	179198819	ENSG00000143322	ABL2
1	179262925	179327815	ENSG00000057252	SOAT1
10	17851362	17953178	ENSG00000183748	MRC1L1
1	179334855	179523870	ENSG00000162779	AXDND1
1	179443716	179457805	ENSG00000269064	AL160286.1
12	109460894	109525831	ENSG00000135093	USP30
1	179519674	179545087	ENSG00000116218	NPHS2
HSCHR6_MHC_COX	30634035	30645541	ENSG00000231247	PPP1R18
1	179560748	179660407	ENSG00000162782	TDRD5
1	179712298	179785333	ENSG00000143340	FAM163A
HSCHR6_MHC_COX	30645693	30649066	ENSG00000235773	NRM
1	179809102	179846938	ENSG00000169905	TOR1AIP2
17	42430583	42441243	ENSG00000161682	FAM171A2
1	179851177	179894135	ENSG00000143337	TOR1AIP1
2	55861400	55921045	ENSG00000138035	PNPT1
1	179923873	180084015	ENSG00000135837	CEP350
12	109525996	109531436	ENSG00000189046	ALKBH2
1	180123969	180173165	ENSG00000116260	QSOX1
1	180199421	180249380	ENSG00000121454	LHX4
17	42449548	42466873	ENSG00000005961	ITGA2B
1	180244515	180472089	ENSG00000135847	ACBD6
10	18041218	18089855	ENSG00000184040	TMEM236
1	180601140	180859387	ENSG00000143324	XPR1
12	109535379	109548797	ENSG00000076248	UNG
1	180882290	180920750	ENSG00000135835	KIAA1614
1	180941695	180949868	ENSG00000234237	AL162431.1
1	180941861	180992047	ENSG00000135823	STX6
1	181003067	181031074	ENSG00000153029	MR1
1	181057638	181059977	ENSG00000162783	IER5
HSCHR6_MHC_COX	30657449	30675531	ENSG00000224587	MDC1
10	18098352	18200091	ENSG00000120586	MRC1
12	109554400	109706031	ENSG00000076555	ACACB
1	181382238	181777219	ENSG00000198216	CACNA1E
1	182023705	182030847	ENSG00000179930	ZNF648
2	56093102	56151274	ENSG00000115380	EFEMP1
1	182350839	182361341	ENSG00000135821	GLUL
1	182367252	182369751	ENSG00000203730	TEDDM1
17	42472652	42580798	ENSG00000186566	GPATCH8
10	18240768	18332221	ENSG00000148482	SLC39A12
1	182419256	182529734	ENSG00000121446	RGSL1
1	182542769	182558391	ENSG00000135828	RNASEL
1	182567758	182573543	ENSG00000143333	RGS16
HSCHR6_MHC_COX	30677842	30683067	ENSG00000227739	TUBB
1	182615239	182653711	ENSG00000135824	RGS8
1	182758428	182799519	ENSG00000135838	NPL
17	42634925	42636907	ENSG00000180340	FZD2
1	182808504	182856886	ENSG00000135829	DHX9
1	182869000	182922660	ENSG00000157060	SHCBP1L
1	182992595	183114727	ENSG00000135862	LAMC1
10	18429606	18830798	ENSG00000165995	CACNB2
1	183155373	183214035	ENSG00000058085	LAMC2
1	183217372	183387737	ENSG00000157064	NMNAT2
17	42733762	42767676	ENSG00000180336	C17orf104
3	197236654	197300194	ENSG00000161267	BDH1
2	56411258	56613308	ENSG00000055813	CCDC85A
1	183441351	183567381	ENSG00000116698	SMG7
2	58134786	58387055	ENSG00000028116	VRK2
17	42750437	42767147	ENSG00000180329	CCDC43
1	183524698	183560011	ENSG00000116701	NCF2
17	42785976	42829632	ENSG00000161692	DBF4B
1	183592401	183604892	ENSG00000162704	ARPC5
1	183605220	183897665	ENSG00000143344	RGL1
1	183615541	183622451	ENSG00000173627	APOBEC4
3	197398264	197476598	ENSG00000145016	KIAA0226
1	183898796	184006863	ENSG00000198756	COLGALT2
1	184020811	184043346	ENSG00000198860	TSEN15
1	184356192	184598154	ENSG00000116667	C1orf21
12	109715784	109747025	ENSG00000139445	FOXN4
1	184659365	184724047	ENSG00000116406	EDEM3
12	109785708	109893328	ENSG00000174527	MYO1H
1	184759858	184943682	ENSG00000135842	FAM129A
1	185014496	185071740	ENSG00000121481	RNF2
2	58386378	58468507	ENSG00000115392	FANCL
1	185087220	185126204	ENSG00000121486	TRMT1L
1	185126212	185260897	ENSG00000116668	SWT1
3	197464050	197514467	ENSG00000122068	FYTTD1
1	185265520	185286461	ENSG00000116679	IVNS1ABP
HSCHR6_MHC_COX	30685348	30700375	ENSG00000232280	FLOT1
1	185703683	186160085	ENSG00000143341	HMCN1
17	42836399	42859214	ENSG00000073670	ADAM11
1	186265405	186283694	ENSG00000116690	PRG4
1	186280784	186344825	ENSG00000047410	TPR
12	109886461	109915349	ENSG00000110906	KCTD10
10	18834490	18940551	ENSG00000241058	NSUN6
1	186344890	186390510	ENSG00000157181	C1orf27
1	186364123	186365908	ENSG00000268662	AL596220.1
1	186369704	186370587	ENSG00000262180	OCLM
1	186412698	186430254	ENSG00000116703	PDC
1	186640923	186649559	ENSG00000073756	PTGS2
3	197518097	197615307	ENSG00000186001	LRCH3
1	186798085	186958113	ENSG00000116711	PLA2G4A
1	190066792	190446759	ENSG00000162670	BRINP3
1	192127587	192154945	ENSG00000150681	RGS18
2	60678302	60780702	ENSG00000119866	BCL11A
1	192286122	192336415	ENSG00000253148	RGS21
1	192544857	192549161	ENSG00000090104	RGS1
10	18931405	18944123	ENSG00000271786	RP11-139J15.7
10	18948334	18970568	ENSG00000165997	ARL5B
1	192605275	192629390	ENSG00000127074	RGS13
17	42875816	42908184	ENSG00000182963	GJC1
1	192778169	192781403	ENSG00000116741	RGS2
10	19492779	20079330	ENSG00000204740	MALRD1
1	192981380	193029237	ENSG00000116750	UCHL5
12	109915207	109974507	ENSG00000151148	UBE3B
1	193028552	193060907	ENSG00000116747	TROVE2
17	42923721	42927848	ENSG00000131097	HIGD1B
HSCHR6_MHC_COX	30700841	30702196	ENSG00000237155	IER3
1	193065598	193075244	ENSG00000023572	GLRX2
1	193091147	193223031	ENSG00000134371	CDC73
1	193148175	193155784	ENSG00000162630	B3GALT2
17	42927311	42977030	ENSG00000108883	EFTUD2
1	196194909	196578355	ENSG00000162687	KCNT2
10	20105168	20578785	ENSG00000120594	PLXDC2
1	196621008	196716634	ENSG00000000971	CFH
1	196743925	196763203	ENSG00000116785	CFHR3
1	196788887	196801319	ENSG00000244414	CFHR1
1	196788898	196928356	ENSG00000080910	CFHR2
1	196819371	196888102	ENSG00000134365	CFHR4
1	196946667	196978804	ENSG00000134389	CFHR5
1	197008321	197036397	ENSG00000143278	F13B
HSCHR6_MHC_COX	30838646	30857829	ENSG00000137332	DDR1
1	197053258	197115824	ENSG00000066279	ASPM
2	60983365	61029220	ENSG00000115421	PAPOLG
1	197122810	197169672	ENSG00000177888	ZBTB41
3	197615946	197687013	ENSG00000114473	IQCG
10	21068902	21463116	ENSG00000078114	NEBL
1	197170592	197447585	ENSG00000134376	CRB1
3	197676858	197683481	ENSG00000182899	RPL35A
1	197473878	197744826	ENSG00000213047	DENND1B
2	61108656	61158745	ENSG00000162924	REL
1	197871777	197876497	ENSG00000203724	C1orf53
1	197881037	197904608	ENSG00000143355	LHX9
3	197687071	197770591	ENSG00000185621	LMLN
1	198126093	198291550	ENSG00000151414	NEK7
1	198492352	198510075	ENSG00000151418	ATP6V1G3
2	61167357	61245394	ENSG00000162927	PUS10
17	42976510	42982758	ENSG00000167131	CCDC103
12	109991542	110011679	ENSG00000139428	MMAB
10	21414692	21435488	ENSG00000204683	C10orf113
1	198607801	198726545	ENSG00000081237	PTPRC
10	21781587	21786191	ENSG00000204682	CASC10
10	21802407	21814611	ENSG00000180592	SKIDA1
17	42977135	42982758	ENSG00000214447	FAM187A
1	199996730	200146552	ENSG00000116833	NR5A2
1	200374068	200379184	ENSG00000162702	ZNF281
10	21823094	22032559	ENSG00000078403	MLLT10
1	200520628	200589862	ENSG00000118193	KIF14
1	200593024	200639097	ENSG00000118197	DDX59
17	42982376	42994305	ENSG00000131095	GFAP
1	200708686	200829832	ENSG00000118200	CAMSAP2
1	200842083	200843306	ENSG00000170128	GPR25
1	200860176	200884863	ENSG00000163362	C1orf106
HSCHR6_MHC_COX	30865832	30871754	ENSG00000236895	GTF2H4
1	200938520	200992828	ENSG00000116852	KIF21B
3	65431	66175	ENSG00000223587	AY269186.1
3	95031	96029	ENSG00000224918	AY269186.2
3	237441	239024	ENSG00000224318	CHL1-AS2
3	324372	324475	ENSG00000252017	RNU6-1194P
3	350397	351005	ENSG00000231660	RPS8P6
3	405053	427478	ENSG00000234661	CHL1-AS1
2	61244360	61279125	ENSG00000162928	PEX13
3	577914	887698	ENSG00000224957	AC090044.1
3	659472	659997	ENSG00000238075	AC087431.1
3	898807	899774	ENSG00000224239	AC090044.2
3	1049819	1054618	ENSG00000235158	AC087430.1
3	1107266	1107559	ENSG00000244169	RN7SL120P
3	1435857	1436132	ENSG00000232563	AC026214.2
3	1637461	1637929	ENSG00000184423	AC090043.1
1	201008642	201081694	ENSG00000081248	CACNA1S
1	201083081	201096312	ENSG00000232237	ASCL5
12	110011060	110035067	ENSG00000110921	MVK
1	201103900	201140702	ENSG00000116857	TMEM9
3	1771754	1772158	ENSG00000214074	RPL23AP39
3	1947335	1947809	ENSG00000214073	RPL21P17
2	61293006	61391960	ENSG00000162929	KIAA1841
1	201159953	201198080	ENSG00000163395	IGFN1
3	2004065	2029154	ENSG00000225044	RP11-204C23.1
3	2130617	2130895	ENSG00000223040	RN7SKP144
3	2152093	2185925	ENSG00000227588	CNTN4-AS2
3	2403942	2404422	ENSG00000230398	AC026882.1
3	3026915	3027259	ENSG00000225310	DNAJC19P4
3	3080717	3102829	ENSG00000237990	CNTN4-AS1
3	3144597	3144699	ENSG00000253049	SNORA43
3	3194626	3195119	ENSG00000271870	RP11-97C16.1
3	3292371	3668980	ENSG00000223727	AC026188.1
3	3688140	3688262	ENSG00000223036	AC024158.1
3	4023665	4025979	ENSG00000229241	PNPT1P1
3	4456264	4456644	ENSG00000234325	MRPS10P2
3	4532575	4534847	ENSG00000231249	ITPR1-AS1
3	4790876	4793274	ENSG00000235947	EGOT
3	4920283	4920386	ENSG00000239126	snoU13
3	4938493	5021646	ENSG00000235831	BHLHE40-AS1
3	5110361	5110729	ENSG00000230182	RNF10P1
3	5121897	5126114	ENSG00000224082	UBTFL8
1	201252580	201302121	ENSG00000081277	PKP1
HSCHR6_MHC_COX	30865890	30883959	ENSG00000236178	VARSL
1	201328136	201346890	ENSG00000118194	TNNT2
1	201342372	201368736	ENSG00000159166	LAD1
1	201373625	201398994	ENSG00000159173	TNNI1
17	43002077	43025082	ENSG00000186185	KIF18B
1	201434620	201438365	ENSG00000174307	PHLDA3
3	5127863	5127964	ENSG00000207283	Y_RNA
3	5141312	5141546	ENSG00000237566	AC090955.5
3	5198590	5229014	ENSG00000233912	AC026202.3
3	5291862	5291940	ENSG00000265180	MIR4790
3	5294613	5294908	ENSG00000241227	RN7SL553P
3	5297220	5298446	ENSG00000230944	AC026202.5
3	6004529	6165807	ENSG00000229642	AC027119.1
10	22045466	22292698	ENSG00000136770	DNAJC1
3	6190171	6407572	ENSG00000226022	AC026167.1
3	6249956	6250258	ENSG00000232958	AC091069.1
3	6532166	6777816	ENSG00000189229	AC069277.2
12	110152033	110208312	ENSG00000139438	FAM222A
3	6673376	6847136	ENSG00000226258	GRM7-AS3
1	201452658	201478584	ENSG00000159176	CSRP1
2	61372243	61391964	ENSG00000237651	C2orf74
2	61404553	61418338	ENSG00000173209	AHSA2
17	43037061	43045439	ENSG00000131094	C1QL1
1	201592013	201592738	ENSG00000269690	AC096677.1
12	110220890	110271212	ENSG00000111199	TRPV4
1	201592411	201796102	ENSG00000134369	NAV1
17	43100708	43138473	ENSG00000172992	DCAKD
3	6734006	6734775	ENSG00000223719	AC024162.2
3	6814724	6815030	ENSG00000236152	MRPS36P1
3	6934319	6935709	ENSG00000237665	GRM7-AS2
3	7561428	7602020	ENSG00000236202	GRM7-AS1
3	7648577	7649584	ENSG00000270207	RP11-157E16.1
3	7994492	8653610	ENSG00000227110	LMCD1-AS1
3	8048164	8048248	ENSG00000266293	AC069276.1
1	201798269	201853422	ENSG00000198700	IPO9
17	43128978	43186384	ENSG00000136448	NMT1
1	201857808	201861434	ENSG00000198892	SHISA4
3	8121009	8154611	ENSG00000228351	AC018832.1
3	8406215	8406334	ENSG00000253081	RNU4ATAC17P
3	8406393	8408078	ENSG00000231401	AC023481.1
3	8613468	8615561	ENSG00000237697	LINC00312
3	8615412	8634810	ENSG00000224884	AC034187.2
3	8729829	8730845	ENSG00000215160	OR7E122P
3	8737000	8737076	ENSG00000265330	AC034187.4
3	8737735	8737803	ENSG00000264097	AC034187.1
3	8737863	8737942	ENSG00000266275	AC034187.5
3	8741697	8741784	ENSG00000265169	AC034187.3
10	22497743	22498950	ENSG00000223601	EBLN1
1	201865580	201915715	ENSG00000163431	LMOD1
3	8812877	8812973	ENSG00000266778	hsa-mir-548ba
3	8973179	8973316	ENSG00000199815	SNORA43
3	9055807	9057663	ENSG00000224808	SRGAP3-AS1
1	201924619	201939789	ENSG00000134375	TIMM17A
10	22604903	22609235	ENSG00000148444	COMMD3
1	201951500	201975275	ENSG00000176393	RNPEP
3	9234177	9236137	ENSG00000228723	SRGAP3-AS2
1	201977073	201986316	ENSG00000163435	ELF3
2	61414598	61697904	ENSG00000115464	USP34
1	202091986	202102720	ENSG00000170075	GPR37L1
1	202102532	202113869	ENSG00000143862	ARL8A
3	9258579	9259771	ENSG00000227929	SRGAP3-AS3
3	9298443	9299191	ENSG00000235830	SRGAP3-AS4
3	9334272	9404987	ENSG00000254485	RP11-380O24.1
3	9390071	9390952	ENSG00000214041	PGAM1P4
1	202116141	202130716	ENSG00000143851	PTPN7
3	9391373	9440263	ENSG00000206573	SETD5-AS1
3	9467941	9468034	ENSG00000266001	AC018506.1
3	9540045	9541253	ENSG00000269975	RP11-58B17.2
3	9642432	9644412	ENSG00000235338	DUSP5P2
3	9854446	9854781	ENSG00000269886	RP11-266J6.2
3	9960735	9960837	ENSG00000212327	RNU6-882P
3	9977390	9977942	ENSG00000269894	RP11-1020A11.1
3	9989088	9996471	ENSG00000230082	PRRT3-AS1
3	10000401	10004223	ENSG00000269982	RP11-1020A11.2
3	10028577	10048674	ENSG00000180385	EMC3-AS1
17	43186335	43210721	ENSG00000161714	PLCD3
1	202163029	202288909	ENSG00000133067	LGR6
3	10042331	10042624	ENSG00000232901	CYCSP10
3	10048102	10052893	ENSG00000206567	AC022007.5
12	110288748	110318293	ENSG00000139433	GLTP
1	202300785	202311108	ENSG00000077152	UBE2T
10	22605317	22618471	ENSG00000269897	COMMD3-BMI1
3	10055932	10068049	ENSG00000186162	CIDECP
3	10079236	10079339	ENSG00000201182	RNU6-670P
3	10099657	10099971	ENSG00000229217	CYCSP11
3	10175069	10175172	ENSG00000238642	snoU13
3	10182834	10182931	ENSG00000238345	snoU13
3	10258896	10259003	ENSG00000222348	RNU6-814P
3	10326103	10327430	ENSG00000231177	LINC00852
10	22610140	22620413	ENSG00000168283	BMI1
3	10327438	10335133	ENSG00000240288	GHRLOS
1	202317827	202561834	ENSG00000077157	PPP1R12B
12	110338069	110421646	ENSG00000139437	TCHP
3	10371913	10371969	ENSG00000264534	MIR378B
3	10436173	10436246	ENSG00000216135	MIR885
3	10523647	10523709	ENSG00000239167	AC090841.1
3	10607939	10612059	ENSG00000236999	ATP2B2-IT1
3	10667706	10668492	ENSG00000224771	ATP2B2-IT2
1	202559724	202679545	ENSG00000143858	SYT2
17	43209967	43221548	ENSG00000181513	ACBD4
1	202696526	202778598	ENSG00000117139	KDM5B
3	10801169	10805877	ENSG00000226567	LINC00606
3	10809149	10813403	ENSG00000230599	AC018495.3
3	11047784	11060910	ENSG00000232287	SLC6A1-AS1
3	11275942	11276268	ENSG00000213964	CHCHD4P4
3	11332092	11332349	ENSG00000226621	AC083855.5
3	11529774	11529947	ENSG00000235240	AC026185.1
3	11570962	11571229	ENSG00000270531	RP11-169K17.2
3	11648658	11652222	ENSG00000271716	RP11-169K17.4
3	11653076	11653671	ENSG00000272483	RP11-169K17.3
3	11761930	11766453	ENSG00000244030	AC090939.1
3	11901148	11932646	ENSG00000230342	FANCD2P2
HSCHR6_MHC_COX	30888849	30889671	ENSG00000224246	SFTA2
3	11920304	11920603	ENSG00000224263	CYCSP12
3	11941485	11942719	ENSG00000225275	NUP210P2
3	11948001	11953787	ENSG00000231897	MARK2P14
3	11951108	11952239	ENSG00000251038	AC090958.5
3	11994264	11994559	ENSG00000263988	RN7SL147P
1	202789394	202796353	ENSG00000184774	RP11-480I12.4
1	202848085	202858263	ENSG00000183155	RABIF
3	12045876	12232900	ENSG00000157152	SYN2
1	202860228	202897764	ENSG00000117153	KLHL12
1	202909951	202927700	ENSG00000159346	ADIPOR1
1	202930997	202936408	ENSG00000159348	CYB5R1
1	202976514	202993976	ENSG00000163444	TMEM183A
12	110367607	110434194	ENSG00000139436	GIT2
HSCHR6_MHC_COX	30908600	30911697	ENSG00000232308	DPCR1
HSCHR6_MHC_COX	30941181	30947386	ENSG00000234137	C6orf205
HSCHR6_MHC_COX	30964485	30993378	ENSG00000257972	AL663093.2
HSCHR6_MHC_COX	31028109	31031915	ENSG00000257147	AL663093.1
HSCHR6_MHC_COX	31071500	31072836	ENSG00000229432	C6orf15
HSCHR6_MHC_COX	31075027	31100333	ENSG00000235487	PSORS1C1
10	22634399	22743153	ENSG00000077327	SPAG6
HSCHR6_MHC_COX	31075367	31080724	ENSG00000137197	CDSN
HSCHR6_MHC_COX	31097829	31099645	ENSG00000224544	PSORS1C2
17	43224684	43229468	ENSG00000186834	HEXIM1
17	43238067	43247407	ENSG00000168517	HEXIM2
3	12111695	12112860	ENSG00000226642	ACTG1P12
HSCHR6_MHC_COX	31102772	31118543	ENSG00000234114	CCHCR1
3	12112538	12112621	ENSG00000265870	AC026166.1
3	12206799	12207142	ENSG00000233026	AC026166.2
3	12299300	12299959	ENSG00000236062	GSTM5P1
3	12369502	12369773	ENSG00000225026	AC091492.2
3	12543122	12543203	ENSG00000251777	RNU6-404P
3	12552594	12552712	ENSG00000200114	RNA5SP123
3	12556205	12556306	ENSG00000251774	RNU6-377P
3	12674233	12674333	ENSG00000239140	snoU13
3	12715198	12715382	ENSG00000233252	CRIP1P1
17	43298811	43324687	ENSG00000184922	FMNL1
3	12828892	12830170	ENSG00000213943	KRT18P17
3	12873718	12874227	ENSG00000272263	RP11-767C1.2
3	12881811	12881949	ENSG00000207496	SNORA7A
3	12892158	12892359	ENSG00000250939	AC034198.7
3	12919021	12926710	ENSG00000232746	RP11-767C1.1
3	13094467	13094622	ENSG00000231362	RP11-715I4.1
3	13501794	13501898	ENSG00000238138	AC027124.3
3	13501924	13502389	ENSG00000223398	AC027124.2
3	13518482	13521553	ENSG00000244502	HDAC11-AS1
3	13692196	13788132	ENSG00000224514	LINC00620
3	13759417	13759507	ENSG00000265457	AC093611.2
3	13779558	13779629	ENSG00000238827	AC093611.1
3	13968310	13969275	ENSG00000233121	VN1R20P
3	13974553	13978977	ENSG00000250439	FGD5P1
3	14130607	14131371	ENSG00000224752	VN1R21P
3	14186223	14189784	ENSG00000228242	AC093495.4
10	22823778	23003484	ENSG00000150867	PIP4K2A
3	14313873	14345345	ENSG00000255021	RP11-536I6.2
3	14389951	14394068	ENSG00000251576	RP11-536I6.1
3	14436148	14436257	ENSG00000199609	RNA5SP124
3	14530619	14583588	ENSG00000144596	GRIP2
2	61704984	61765761	ENSG00000082898	XPO1
HG1007_PATCH	243062007	243062204	ENSG00000262743	CICP10
HG1007_PATCH	243064438	243064620	ENSG00000261859	AC134873.1
HG1007_PATCH	243117332	243117785	ENSG00000271453	ABC7-43041300I9.1
HG348_PATCH	94822976	94865811	ENSG00000262523	ENDOD1
HG871_PATCH	4934796	5025475	ENSG00000266592	AKR1C1
HG871_PATCH	5046902	5047034	ENSG00000264466	U8
HG871_PATCH	5090055	5090173	ENSG00000263495	U8
HG871_PATCH	5135600	5135735	ENSG00000265721	U8
HG871_PATCH	5238076	5238165	ENSG00000265431	U8
HG14_PATCH	57552873	57553602	ENSG00000271668	RP11-1324A7.2
HG962_PATCH	70866135	70866572	ENSG00000265385	AL353608.2
HG962_PATCH	70922309	70923361	ENSG00000264996	RP11-561O23.7
HG299_PATCH	118935973	118936387	ENSG00000272336	RP11-110I1.14
HG299_PATCH	118938084	118938408	ENSG00000272208	RP11-110I1.13
HG1308_PATCH	130125883	130126024	ENSG00000273005	RP11-2E11.10
HG1308_PATCH	130135952	130136045	ENSG00000263487	MIR335
HG1308_PATCH	130266449	130266567	ENSG00000264035	RNA5SP246
HG1308_PATCH	130600118	130603315	ENSG00000273491	RP11-138A9.2
HG1308_PATCH	130605414	130773830	ENSG00000265177	LINC-PINT
HG1308_PATCH	130217801	130218782	ENSG00000272014	ABBA01057584.1
HG299_PATCH	118955575	118964258	ENSG00000261883	HMBS
HG243_PATCH	145464395	145464879	ENSG00000272357	GS1-393G12.14
HG736_PATCH	56870561	56872546	ENSG00000263064	AC118758.1
HG736_PATCH	56881183	56883671	ENSG00000268248	AC118758.5
HG736_PATCH	56884715	56885557	ENSG00000269764	AC118758.7
HG736_PATCH	56886601	56887395	ENSG00000268843	AC118758.6
HG736_PATCH	56888439	56889377	ENSG00000268025	AC118758.3
HG736_PATCH	56890421	56894804	ENSG00000268187	AC118758.4
HG1211_PATCH	46222648	46288409	ENSG00000265551	FAM21C
HG736_PATCH	56897122	56900285	ENSG00000273246	AC118758.8
HG1211_PATCH	46308096	46308392	ENSG00000270256	RP11-175I17.6
HG1211_PATCH	46310876	46313036	ENSG00000264282	FAM25E
HG75_PATCH	34443570	34504870	ENSG00000267377	CTB-91J4.1
HG1211_PATCH	46321042	46349323	ENSG00000264842	AGAP4
HG75_PATCH	34488982	34490296	ENSG00000266986	RP11-428O23.1
HG75_PATCH	34552622	34554183	ENSG00000267536	AC131056.5
HG75_PATCH	34962056	34962685	ENSG00000267602	CTB-75G16.3
HG1211_PATCH	46349541	46411619	ENSG00000264889	RP11-175I17.2
HG1211_PATCH	46351755	46351870	ENSG00000264291	RNA5SP310
HG1211_PATCH	46435970	46436302	ENSG00000264217	RP11-592B15.6
HG1211_PATCH	46467922	46484300	ENSG00000265354	TIMM23B
HG1211_PATCH	46480058	46480258	ENSG00000265733	SNORA74
HG998_1_PATCH	139141824	139143051	ENSG00000262705	CR392000.1
HG7_PATCH	141559618	141559669	ENSG00000266214	AC073647.2
HG281_PATCH	49872181	49884080	ENSG00000260295	RP11-163O19.1
HG281_PATCH	49875632	49880954	ENSG00000260169	RP11-163O19.11
HG1211_PATCH	46500536	46526162	ENSG00000266412	NCOA4
HG1032_PATCH	190901057	190901762	ENSG00000270851	AF146191.8
HG414_PATCH	76839307	76926281	ENSG00000261910	MYO7A
HG183_PATCH	62224587	62340661	ENSG00000263185	TEX2
HG183_PATCH	62619655	62739428	ENSG00000262909	SMURF2
HG183_PATCH	62650189	62650441	ENSG00000271812	RP11-87N3.6
HG1293_PATCH	206072825	206087470	ENSG00000264606	CTSE
HG1293_PATCH	206143800	206143885	ENSG00000265183	SNORD60
HG1293_PATCH	206238621	206240807	ENSG00000265640	RP11-38J22.1
HG1293_PATCH	206396888	206396999	ENSG00000265448	RP11-421E17.4
HG1293_PATCH	206442425	206445160	ENSG00000264611	SRGAP2-AS1
HG1293_PATCH	206698210	206699183	ENSG00000264375	RP11-343H5.6
HG1293_PATCH	206699097	206747980	ENSG00000265184	DYRK3
HG1293_PATCH	206745524	206745596	ENSG00000263695	SNORD112
HG1293_PATCH	206748505	206797844	ENSG00000266641	MAPKAPK2
HG1293_PATCH	206759398	206759830	ENSG00000264533	RP11-343H5.4
HG1293_PATCH	206811541	206811653	ENSG00000241541	Y_RNA
HG1322_PATCH	29730998	29731132	ENSG00000270950	XXbac-BPG170G13.31
HG1322_PATCH	29770729	29771525	ENSG00000263668	RPL7AP7
HG1322_PATCH	29780097	29780228	ENSG00000266810	MICG
HG1322_PATCH	29858199	29859330	ENSG00000264100	HLA-T
HG1322_PATCH	29868164	29868530	ENSG00000264683	DDX39BP1
HG1322_PATCH	29869403	29870265	ENSG00000266519	MCCD1P1
HG1322_PATCH	29887572	29888562	ENSG00000270063	HCG4B
HG1322_PATCH	29888048	29890825	ENSG00000266161	HLA-K
HG1322_PATCH	29893936	29894121	ENSG00000264487	HLA-U
HG1322_PATCH	29901734	29902726	ENSG00000265088	HCG4P5
HG1322_PATCH	29916221	29918195	ENSG00000263992	HLA-W
HG1322_PATCH	29759097	29769948	ENSG00000264325	CR925767.1
HG1322_PATCH	29794491	29798554	ENSG00000264751	HLA-G
HG115_PATCH	101804400	101804617	ENSG00000263282	AC005086.8
HG115_PATCH	101805576	101806076	ENSG00000262398	AC005086.6
HG280_PATCH	57327727	57578372	ENSG00000262840	DNAH12
HG115_PATCH	101830099	101830319	ENSG00000260297	AC005086.5
HG115_PATCH	101831879	101832108	ENSG00000262935	AC005086.7
HG1322_PATCH	29849263	29852708	ENSG00000266796	CT009496.1
HG115_PATCH	101993749	101995253	ENSG00000272624	AC091390.2
HG989_PATCH	31902192	31902614	ENSG00000269100	AC114494.2
HG1304_PATCH	112517642	112517748	ENSG00000266735	RNU6-1226P
HG1322_PATCH	29902129	29909270	ENSG00000265434	HLA-ABC
HG305_PATCH	102813725	102826464	ENSG00000262325	MMP13
HG1304_PATCH	112557295	112671296	ENSG00000266888	RP11-506B6.6
HG873_PATCH	15009217	15010240	ENSG00000262844	RP11-7O20.4
HG185_PATCH	40194484	40194986	ENSG00000270046	CTD-2132N18.4
HG185_PATCH	40196965	40199369	ENSG00000267718	CTD-2132N18.2
HG388_HG400_PATCH	111886030	111886847	ENSG00000263010	RP11-708L7.6
HG388_HG400_PATCH	111907350	111907586	ENSG00000270353	RP11-708L7.9
HG388_HG400_PATCH	111944809	111955873	ENSG00000262506	C11orf57
HG729_PATCH	8646044	8647599	ENSG00000268161	AC130469.2
HG729_PATCH	8695555	8703533	ENSG00000268376	CTD-2586B10.1
HG729_PATCH	8843549	8843745	ENSG00000269880	CTD-2557P19.4
HG729_PATCH	8874588	8897212	ENSG00000262124	ZNF558
HG729_PATCH	8836096	8838684	ENSG00000262330	AC012616.1
HG325_PATCH	50277054	50277416	ENSG00000262341	U73169.2
HG27_PATCH	26597180	26600278	ENSG00000268612	ABT1
HG27_PATCH	26612131	26613337	ENSG00000271281	RP11-457M11.6
HG27_PATCH	26630782	26632007	ENSG00000268998	VN1R14P
HG27_PATCH	26634611	26637008	ENSG00000269264	RP11-457M11.2
HG27_PATCH	26636518	26659980	ENSG00000267894	ZNF322
HG27_PATCH	26686469	26688192	ENSG00000267814	RP11-457M11.5
HG1211_PATCH	46528753	46541772	ENSG00000263639	MSMB
HG1211_PATCH	46555796	46556144	ENSG00000264852	RP11-481A12.2
HG1211_PATCH	46558698	46559168	ENSG00000264586	RP11-109G10.2
HG1211_PATCH	46604943	46627108	ENSG00000264204	AGAP7
HG1211_PATCH	46694725	46698084	ENSG00000264221	RP11-292F22.5
HG1211_PATCH	46718591	46719863	ENSG00000263471	AHCYP1
HG1211_PATCH	46729423	46769005	ENSG00000263482	ANTXRLP1
HG1211_PATCH	46780296	46781445	ENSG00000263673	RP11-292F22.7
HG1211_PATCH	46832672	46848689	ENSG00000266301	CTGLF8P
HG1211_PATCH	47039422	47050978	ENSG00000262722	GPRIN2
HG1211_PATCH	47073665	47089621	ENSG00000263480	SYT15
HG1211_PATCH	47078230	47093593	ENSG00000263939	RP11-38L15.3
HG1211_PATCH	47093366	47107602	ENSG00000266253	RP11-38L15.2
HG1211_PATCH	47105922	47147473	ENSG00000264651	FAM35BP
HG1211_PATCH	47127835	47130920	ENSG00000272340	RP11-38L15.8
HG1211_PATCH	47130359	47130914	ENSG00000266880	RHEBP1
HG1211_PATCH	47144396	47144679	ENSG00000266585	RN7SL248P
HG1211_PATCH	47236044	47246689	ENSG00000264404	RP11-508M1.7
HG1211_PATCH	47253537	47254648	ENSG00000265854	CTSLP3
HG1211_PATCH	47254541	47282319	ENSG00000265366	GLUD1P2
HG1211_PATCH	47270683	47271629	ENSG00000265424	DUSP8P1
HG1211_PATCH	47283838	47333708	ENSG00000265124	BMS1P5
HG1211_PATCH	47302906	47303021	ENSG00000264664	RNA5SP314
HG1211_PATCH	47366306	47390774	ENSG00000265397	FRMPD2P1
HG1257_PATCH	72138047	72138146	ENSG00000264821	AC091738.1
HG1257_PATCH	72162874	72162949	ENSG00000264427	MIR4650-2
HG1257_PATCH	72187850	72188054	ENSG00000271506	RP11-535E8.2
HG1257_PATCH	72287855	72288128	ENSG00000266147	RN7SL377P
HG1257_PATCH	72294382	72302287	ENSG00000262295	SBDSP1
HG1257_PATCH	72306396	72306684	ENSG00000263191	RN7SL625P
HG1257_PATCH	72327714	72335467	ENSG00000261894	SPDYE7P
HG1257_PATCH	72344322	72416397	ENSG00000262122	POM121
HG1257_PATCH	72389375	72390082	ENSG00000273072	RP11-313P13.5
HG271_PATCH	79374516	79374578	ENSG00000265426	MIR4740
HG271_PATCH	79424904	79424988	ENSG00000266303	MIR3186
HG271_PATCH	79502196	79510930	ENSG00000266662	FSCN2
HG1257_PATCH	72412538	72419747	ENSG00000262696	NSUN5P2
HG1257_PATCH	72424442	72434423	ENSG00000262421	TRIM74
HG1257_PATCH	72434653	72470879	ENSG00000263067	STAG3L3
HG1257_PATCH	72434771	72436684	ENSG00000262863	AC005488.11
HG1257_PATCH	72448318	72448418	ENSG00000262709	Y_RNA
HG1257_PATCH	72453906	72459424	ENSG00000269406	AC211476.1
HG1257_PATCH	72470498	72606602	ENSG00000268956	RP11-313P13.3
HG1257_PATCH	72476101	72476202	ENSG00000262574	Y_RNA
HG1257_PATCH	72484688	72550995	ENSG00000262461	SPDYE8P
HG1257_PATCH	72502343	72565663	ENSG00000262060	RP11-313P13.4
HG1257_PATCH	72560314	72560415	ENSG00000269634	Y_RNA
HG1211_PATCH	47406844	47497936	ENSG00000264832	PTPN20B
HG1257_PATCH	72619902	72670574	ENSG00000261948	RP11-396K3.1
HG1257_PATCH	72652926	72653693	ENSG00000263213	PHBP5
HG1257_PATCH	72685533	72700902	ENSG00000262984	NCF1B
HG1257_PATCH	72758454	72767456	ENSG00000261952	POM121B
HG1211_PATCH	47795834	47808995	ENSG00000266524	GDF10
HG1257_PATCH	72767474	72773824	ENSG00000262589	NSUN5
HG1211_PATCH	47817957	47821718	ENSG00000263761	GDF2
HG1211_PATCH	47843819	47853323	ENSG00000265203	RBP3
HG1211_PATCH	47847188	47847286	ENSG00000265383	AL731561.1
HG1257_PATCH	72777496	72793039	ENSG00000262964	TRIM50
HG1257_PATCH	72779064	72780170	ENSG00000262374	RP11-483G21.3
HG1211_PATCH	47860944	47879786	ENSG00000265763	ZNF488
HG1211_PATCH	47876210	47876884	ENSG00000266298	RP11-463P17.3
HG1211_PATCH	47902613	47910022	ENSG00000263703	RP11-463P17.1
HG1257_PATCH	72793121	72823582	ENSG00000262532	FKBP6
HG1257_PATCH	72804051	72804157	ENSG00000262901	RNU6-1080P
HG1257_PATCH	72868745	72868846	ENSG00000262013	Y_RNA
HG1257_PATCH	72898736	72901077	ENSG00000263254	FZD9
HG1211_PATCH	47955610	47979557	ENSG00000265190	ANXA8
HG1257_PATCH	72905355	72987235	ENSG00000262694	BAZ1B
HG1257_PATCH	72972165	72972231	ENSG00000262123	RNU6-1198P
HG1211_PATCH	47955611	47979531	ENSG00000263801	AL591684.2
HG1211_PATCH	47972596	47985476	ENSG00000270156	RP11-301J7.8
HG1211_PATCH	47979905	47980204	ENSG00000271545	RP11-301J7.9
HG1211_PATCH	47982667	47987141	ENSG00000264883	FAM25G
HG1211_PATCH	47997302	48045198	ENSG00000264561	AGAP9
HG1257_PATCH	73001313	73022959	ENSG00000263151	BCL7B
HG1211_PATCH	48027800	48027915	ENSG00000266787	RNA5SP313
HG1211_PATCH	48035554	48047394	ENSG00000263605	BMS1P6
HG1211_PATCH	48059000	48065145	ENSG00000265630	GLUD1P6
HG1211_PATCH	48059704	48061463	ENSG00000264436	DUSP8P2
HG1211_PATCH	48076662	48077769	ENSG00000266217	CTSLP2
HG1211_PATCH	48185155	48226140	ENSG00000265578	FAM35DP
HG1211_PATCH	48187892	48188175	ENSG00000266165	RN7SL453P
HG1211_PATCH	48201651	48202250	ENSG00000266034	RHEBP2
HG1211_PATCH	48405841	48414013	ENSG00000264199	FAM25C
HG1211_PATCH	48424102	48445940	ENSG00000265018	CTGLF12P
HG1211_PATCH	48454691	48454806	ENSG00000263484	RNA5SP315
HG1211_PATCH	48462448	48474245	ENSG00000270025	BMS1P7
HG1211_PATCH	46864535	46868997	ENSG00000273225	AC244230.3
HG1211_PATCH	46871075	46887229	ENSG00000264230	AC244230.1
HG1211_PATCH	46956547	46961329	ENSG00000266170	AC244230.2
HG1211_PATCH	48332968	48337753	ENSG00000264717	NPY4R
HG1257_PATCH	73033889	73043748	ENSG00000263049	TBL2
HG1257_PATCH	73058151	73089500	ENSG00000262077	MLXIPL
HG1257_PATCH	72039493	72293191	ENSG00000272618	AC091738.3
HG1500_PATCH	137029561	137029686	ENSG00000268972	RNU6ATAC
HG1500_PATCH	137033891	137034462	ENSG00000273298	LL09NC01-139C3.1
HG971_PATCH	99497378	99649053	ENSG00000269862	RP11-654A16.3
HG971_PATCH	99511459	99551024	ENSG00000269733	PGPEP1L
HG971_PATCH	99672061	99675035	ENSG00000269174	RP11-6O2.4
HG971_PATCH	99679552	99794452	ENSG00000269714	TTC23
HG971_PATCH	99682546	99688599	ENSG00000268741	RP11-6O2.3
HG971_PATCH	99648309	99678794	ENSG00000269283	AC036108.1
HG1479_PATCH	133787054	133812430	ENSG00000269277	PPP2R2D
HG1502_PATCH	132815705	132902448	ENSG00000269797	GPR107
HG1501_PATCH	137198748	137200214	ENSG00000269262	RP11-145E17.2
HG1501_PATCH	137221915	137345402	ENSG00000269571	RXRA
HG1502_PATCH	132902889	132906498	ENSG00000267806	AL360004.2
HG1146_PATCH	43759014	43759454	ENSG00000267930	RPS26P8
HG1146_PATCH	43765668	43767139	ENSG00000268284	RP11-707O23.5
HG1146_PATCH	43781090	43782161	ENSG00000268986	AC225613.8
HG1502_PATCH	132934857	132999583	ENSG00000268733	NCS1
HG865_PATCH	70323382	70323697	ENSG00000268290	AP001271.3
HG865_PATCH	70477199	70481595	ENSG00000268837	SHANK2-AS1
HG865_PATCH	70492270	70493667	ENSG00000269863	SHANK2-AS2
HG865_PATCH	70551272	70551374	ENSG00000269137	Y_RNA
HG865_PATCH	70708895	70711220	ENSG00000269211	SHANK2-AS3
HG865_PATCH	70718375	70718473	ENSG00000269325	MIR3664
HG1208_PATCH	57769642	57791162	ENSG00000268329	KATNB1
HG865_PATCH	70313961	71048647	ENSG00000268430	SHANK2
HG1208_PATCH	57792129	57896965	ENSG00000269180	KIFC3
HG1208_PATCH	57864448	57864554	ENSG00000269214	RNU6-20P
HG1208_PATCH	57847692	57850839	ENSG00000270675	AC092118.1
HG1502_PATCH	133046882	133340606	ENSG00000269324	HMCN2
HG1257_PATCH	73132782	73137069	ENSG00000262018	VPS37D
HG1257_PATCH	73145926	73148410	ENSG00000261940	DNAJC30
HG1257_PATCH	73147982	73170118	ENSG00000262030	WBSCR22
HG1257_PATCH	73164163	73184629	ENSG00000263024	STX1A
HG1257_PATCH	73176274	73176354	ENSG00000266280	MIR4284
HG1257_PATCH	73197528	73197828	ENSG00000262387	RN7SL265P
HG1257_PATCH	73199995	73201011	ENSG00000261908	LINC00035
HG1257_PATCH	73201051	73203824	ENSG00000262947	ABHD11
HG1257_PATCH	73233955	73235227	ENSG00000262073	CLDN3
HG1257_PATCH	73264499	73297641	ENSG00000262988	CLDN4
HG1257_PATCH	73299547	73307492	ENSG00000262499	WBSCR27
HG1257_PATCH	73326116	73330850	ENSG00000262459	WBSCR28
HG1257_PATCH	73450949	73453724	ENSG00000262981	RP11-731K22.1
HG1257_PATCH	73492746	73534864	ENSG00000262184	ELN
HG1257_PATCH	73524533	73527241	ENSG00000262058	CTB-51J22.1
HG1257_PATCH	73547890	73587482	ENSG00000262063	LIMK1
HG1257_PATCH	73639202	73662058	ENSG00000263344	EIF4H
HG1257_PATCH	73656155	73656251	ENSG00000263190	MIR590
HG1257_PATCH	73664609	73694788	ENSG00000262128	LAT2
HG1257_PATCH	73696456	73719401	ENSG00000261911	RFC2
HG1257_PATCH	73723483	73723573	ENSG00000262047	RNU6-1070P
HG1257_PATCH	73754432	73870900	ENSG00000263226	CLIP2
HG1257_PATCH	73918747	74067561	ENSG00000261920	GTF2IRD1
HG1257_PATCH	73952385	73952497	ENSG00000261918	RNA5SP233
HG1257_PATCH	74036304	74036381	ENSG00000263294	AC004851.2
HG1257_PATCH	74071870	74072256	ENSG00000273401	RP5-1186P10.2
HG1257_PATCH	74238919	74254272	ENSG00000261919	NCF1
HG1257_PATCH	74360773	74360874	ENSG00000268855	Y_RNA
HG1257_PATCH	74429911	74430016	ENSG00000262388	AC138783.13
HG1257_PATCH	74621596	74637001	ENSG00000262960	NCF1C
HG1257_PATCH	74668898	74669562	ENSG00000262648	PHBP15
HG1257_PATCH	74697885	74698881	ENSG00000263081	AC004878.8
HG1257_PATCH	74762947	74763048	ENSG00000267828	Y_RNA
HG1257_PATCH	74790916	74791017	ENSG00000268250	Y_RNA
HG1257_PATCH	74818842	74818943	ENSG00000268978	Y_RNA
HG1257_PATCH	74835589	74841107	ENSG00000268330	AC211486.1
HG1257_PATCH	74846595	74846695	ENSG00000262779	Y_RNA
HG1257_PATCH	74856912	74860391	ENSG00000261875	AC006014.8
HG1257_PATCH	74860020	74875953	ENSG00000262895	TRIM73
HG1257_PATCH	74875279	74881744	ENSG00000263044	NSUN5P1
HG1257_PATCH	74939664	74951065	ENSG00000262760	AC006014.7
HG1257_PATCH	74959038	74969261	ENSG00000262834	AC018720.10
HG1257_PATCH	74967887	74993105	ENSG00000261876	PMS2P3
HG1257_PATCH	74977982	74978083	ENSG00000267932	Y_RNA
HG1257_PATCH	74998257	75203919	ENSG00000263334	HIP1
HG1257_PATCH	75045600	75045862	ENSG00000264942	RN7SL642P
HG1257_PATCH	75234490	75254853	ENSG00000262029	CCL26
HG1257_PATCH	75276622	75288313	ENSG00000262306	CCL24
HG1257_PATCH	75300620	75301098	ENSG00000263104	AC005102.1
HG1257_PATCH	75307559	75353883	ENSG00000262744	RHBDD2
HG1257_PATCH	75364157	75451812	ENSG00000262569	POR
HG1257_PATCH	75380154	75380226	ENSG00000265726	MIR4651
HG1257_PATCH	75387712	75388400	ENSG00000262650	RPL7L1P3
HG1257_PATCH	75408739	75408873	ENSG00000262432	SNORA14A
HG1257_PATCH	75451794	75459616	ENSG00000262309	TMEM120A
HG1257_PATCH	75461295	75512961	ENSG00000262263	STYXL1
HG1257_PATCH	75513008	75532465	ENSG00000262847	MDH2
HG1257_PATCH	75536426	75539920	ENSG00000263227	AC005077.14
HG1257_PATCH	75552401	75552504	ENSG00000261953	RNU6-863P
HG1257_PATCH	75555388	75573736	ENSG00000262876	AC005077.12
HG1257_PATCH	75573391	75573720	ENSG00000262270	AC005077.9
HG1257_PATCH	75577755	75577853	ENSG00000262064	snoU13
HG1257_PATCH	75577983	75578357	ENSG00000261851	AC005077.8
HG1257_PATCH	75582682	75597144	ENSG00000262711	AC005077.7
HG1257_PATCH	75638690	75642162	ENSG00000262751	AC005077.5
HG1257_PATCH	75666855	75752244	ENSG00000262321	SRRM3
HG1257_PATCH	75753747	75754010	ENSG00000265234	RN7SL212P
HG1257_PATCH	74122661	74225649	ENSG00000263001	GTF2I
HG1257_PATCH	74507134	74538820	ENSG00000263008	WBSCR16
HG1257_PATCH	74557549	74611888	ENSG00000273150	AC245150.1
HG1257_PATCH	74883570	74906074	ENSG00000272391	AC211429.1
HG1486_PATCH	16680767	16687245	ENSG00000269731	LA16c-13E4.3
HG1486_PATCH	16699848	16713306	ENSG00000268486	FP885535.1
HG497_PATCH	51195376	51239737	ENSG00000267966	RPL23AP82
HG497_PATCH	51205929	51222091	ENSG00000269671	RABL2B
HG506_HG507_HG1000_PATCH	61038553	61051026	ENSG00000261345	GATA5
HG506_HG507_HG1000_PATCH	61052926	61053650	ENSG00000272470	RP13-379O24.3
HG506_HG507_HG1000_PATCH	61088965	61091152	ENSG00000262780	RP13-379O24.2
HG1435_PATCH	45589997	45590933	ENSG00000268420	RP6-99M1.1
HG1435_PATCH	45604456	45629519	ENSG00000270080	RP6-99M1.2
HG1435_PATCH	45605402	45605511	ENSG00000269317	MIR221
HG1435_PATCH	45606260	45606369	ENSG00000268666	MIR222
HG1435_PATCH	45624017	45624544	ENSG00000270089	RP6-99M1.3
HG1423_PATCH	36229213	36229752	ENSG00000267928	HMGB1P16
HG1435_PATCH	45752157	45752224	ENSG00000268513	SNORD77
HG1435_PATCH	45772363	45773116	ENSG00000269029	RP5-1158E12.2
HG1435_PATCH	45772512	45776285	ENSG00000269675	RP5-1158E12.1
HG506_HG507_HG1000_PATCH	61119399	61126582	ENSG00000259988	C20orf166-AS1
HG1488_PATCH	16904970	16908163	ENSG00000268183	ABCD1P4
HG1423_PATCH	36246735	36403433	ENSG00000268212	CXorf30
HG1487_PATCH	16095340	16096419	ENSG00000269856	LA16c-4G1.3
HG1487_PATCH	16109235	16109355	ENSG00000268753	LA16c-4G1.4
HG1487_PATCH	16117432	16118009	ENSG00000267949	LA16c-4G1.5
HG1423_PATCH	36383743	36458409	ENSG00000272999	RP11-87M18.2
HG506_HG507_HG1000_PATCH	61125509	61145820	ENSG00000272032	C20orf166
HG1423_PATCH	36392910	36393300	ENSG00000269453	RPS15AP40
HG1423_PATCH	36595513	36595608	ENSG00000269351	AC233287.1
HG1423_PATCH	36738035	36738338	ENSG00000268258	RP11-492O8.1
HG506_HG507_HG1000_PATCH	61129359	61129435	ENSG00000261850	MIR1-1
HG1423_PATCH	36976030	36976256	ENSG00000269062	BX842568.1
HG506_HG507_HG1000_PATCH	61139968	61140069	ENSG00000265022	MIR133A2
HG506_HG507_HG1000_PATCH	61147727	61148440	ENSG00000259927	RPL7P3
HG506_HG507_HG1000_PATCH	61150646	61152563	ENSG00000263273	WI2-87327B8.1
HG506_HG507_HG1000_PATCH	61208737	61210560	ENSG00000260888	RP13-30A9.1
HG1423_PATCH	36980313	36981542	ENSG00000268867	BX842568.2
HG506_HG507_HG1000_PATCH	61208828	61210918	ENSG00000260775	RP13-30A9.2
HG1423_PATCH	37003640	37004210	ENSG00000268502	BX842568.4
HG1423_PATCH	37026476	37029783	ENSG00000269230	FAM47C
HG1423_PATCH	37061140	37061694	ENSG00000268451	FTH1P18
HG1423_PATCH	37095968	37096518	ENSG00000269664	RP11-31H15.2
HG1146_PATCH	43929900	43930001	ENSG00000269854	Y_RNA
HG1146_PATCH	44069223	44074616	ENSG00000269687	RP11-995C19.2
HG1146_PATCH	44102810	44103090	ENSG00000268150	RN7SL199P
HG1146_PATCH	43846595	43847666	ENSG00000267803	AC244161.1
HG1146_PATCH	43907914	43908327	ENSG00000269703	AC244163.2
HG1146_PATCH	43920023	43920169	ENSG00000269525	AC244163.1
HG1146_PATCH	43954674	43955041	ENSG00000269314	AC139677.9
HG1146_PATCH	44039070	44041322	ENSG00000269513	AC139677.11
HG1146_PATCH	44054525	44055596	ENSG00000267945	AC139677.8
HG1424_PATCH	37151230	37152289	ENSG00000269348	MOB1AP2
HG1424_PATCH	37209337	37317357	ENSG00000268431	PRRG1
HG144_PATCH	34894258	35116559	ENSG00000269562	DLGAP4
HG1424_PATCH	37209392	38547737	ENSG00000269550	TM4SF2
HG1424_PATCH	37301585	37302130	ENSG00000268169	RP11-357K9.2
HG1424_PATCH	37352083	37352610	ENSG00000267902	FTH1P19
HG1424_PATCH	37365372	37365922	ENSG00000269704	FTH1P27
HG1146_PATCH	44077977	44115835	ENSG00000269394	AC139677.10
HG1424_PATCH	37401139	37405324	ENSG00000268437	FAM47DP
HG1424_PATCH	37431631	37544525	ENSG00000269670	LANCL3
HG329_PATCH	19136089	19137796	ENSG00000267876	GSC2
HG1424_PATCH	37545821	37592192	ENSG00000269380	XK
HG329_PATCH	19158908	19160352	ENSG00000268587	AC004463.6
HG1433_PATCH	49967364	50094910	ENSG00000269438	CCNB3
HG329_PATCH	19163095	19166343	ENSG00000268928	SLC25A1
HG1424_PATCH	37640073	37673523	ENSG00000268765	CYBB
HG1424_PATCH	37479778	37487256	ENSG00000272185	AC233297.1
HG329_PATCH	19225956	19226252	ENSG00000269212	AC000081.2
HG1433_PATCH	50334647	50557302	ENSG00000268668	SHROOM4
HG329_PATCH	19237386	19237479	ENSG00000268890	SNORA15
HG329_PATCH	19245033	19246319	ENSG00000268638	KRT18P62
HG1433_PATCH	50388118	50388209	ENSG00000269735	AL121865.2
HG1433_PATCH	50392641	50392740	ENSG00000269712	RNU6-935P
HG1433_PATCH	50648438	50648866	ENSG00000269426	H3F3AP5
HG1433_PATCH	50653784	50659607	ENSG00000269479	BMP15
HG1433_PATCH	50674114	50674548	ENSG00000269669	HMGB1P15
HG1433_PATCH	50773422	50774357	ENSG00000267836	RP11-104D21.1
HG1433_PATCH	50825818	50834228	ENSG00000268011	RP11-104D21.2
HG1433_PATCH	50838844	50914400	ENSG00000269413	RP11-104D21.3
HG1433_PATCH	50905864	50906677	ENSG00000269644	RP13-346H10.2
HG1433_PATCH	51075231	51080525	ENSG00000269003	NUDT10
HG1433_PATCH	51099944	51139462	ENSG00000268939	RP11-348F1.3
HG1433_PATCH	51139511	51208661	ENSG00000268966	RP11-348F1.2
HG1433_PATCH	51149915	51151835	ENSG00000269448	CXorf67
HG1433_PATCH	51233011	51239596	ENSG00000269203	NUDT11
HG329_PATCH	19318211	19435214	ENSG00000268569	HIRA
HG1433_PATCH	51245090	51254005	ENSG00000269141	RP11-56H2.2
HG1433_PATCH	51361109	51361594	ENSG00000269607	CENPVP3
HG1433_PATCH	51453791	51455131	ENSG00000268077	CENPVP1
HG1433_PATCH	51486385	51489228	ENSG00000268273	GSPT2
HG329_PATCH	19338881	19435745	ENSG00000269301	C22orf39
HG1433_PATCH	51546007	51645357	ENSG00000268018	MAGED1
HG329_PATCH	19166989	19279229	ENSG00000269216	CLTCL1
HG1433_PATCH	51599968	51601066	ENSG00000268910	RP11-22B10.3
HG1433_PATCH	51613706	51613809	ENSG00000268405	RNU6-504P
HG1433_PATCH	51646338	51646850	ENSG00000269088	RP11-234P3.2
HG1433_PATCH	51664864	51665499	ENSG00000269362	IPO7P1
HG1433_PATCH	51666552	51666740	ENSG00000268585	RP11-234P3.4
HG1433_PATCH	51722223	51723012	ENSG00000269527	TPMTP3
HG1433_PATCH	51793860	51797255	ENSG00000268113	RP11-114H20.1
HG1433_PATCH	51804827	51812272	ENSG00000268682	MAGED4B
HG1433_PATCH	50111880	50213722	ENSG00000267972	DGKK
HG1437_PATCH	62518717	62519143	ENSG00000268023	CBX1P1
HG1437_PATCH	62562697	62780541	ENSG00000268042	RP11-357C3.3
HG1437_PATCH	62566698	62570814	ENSG00000268762	SPIN4
HG1437_PATCH	62569116	62571648	ENSG00000268755	SPIN4-AS1
HG1437_PATCH	62854437	63005016	ENSG00000268229	ARHGEF9
HG1437_PATCH	62889666	62890972	ENSG00000268443	ARHGEF9-IT1
HG1437_PATCH	62986345	62986870	ENSG00000267975	BTF3P8
HG1437_PATCH	63005472	63005557	ENSG00000269724	MIR1468
HG1438_PATCH	71549366	71792953	ENSG00000268498	HDAC8
HG1438_PATCH	71596829	71597019	ENSG00000268304	RNU2-68P
HG1438_PATCH	71798664	71934169	ENSG00000268579	PHKA1
HG1438_PATCH	71880320	71880569	ENSG00000268086	RP1-172N19.3
HG1438_PATCH	71908800	71932198	ENSG00000269878	PHKA1-AS1
HG1438_PATCH	71945973	71946187	ENSG00000269689	U3
HG1438_PATCH	71947827	71948671	ENSG00000268356	RP1-172N19.4
HG1438_PATCH	71960556	71960719	ENSG00000269245	RNU1-112P
HG1438_PATCH	71996859	72068652	ENSG00000268159	DMRTC1B
HG1438_PATCH	71997458	71998947	ENSG00000270004	FAM226A
HG1438_PATCH	72001715	72002510	ENSG00000268994	RP1-172N19.1
HG1438_PATCH	72027275	72028060	ENSG00000268143	RP11-69A21.2
HG1433_PATCH	51806347	51806474	ENSG00000268369	SNORA11E
HG1438_PATCH	72218238	72222706	ENSG00000269401	RP11-493K23.1
HG1433_PATCH	52112030	52118680	ENSG00000269076	XAGE2B
HG1433_PATCH	52125053	52128614	ENSG00000268347	CTD-2267G17.2
HG1433_PATCH	52191587	52194138	ENSG00000268572	RP11-204I15.1
HG1438_PATCH	72223363	72225562	ENSG00000267891	PABPC1L2B
HG1433_PATCH	52228046	52228916	ENSG00000268905	RBM22P10
HG1433_PATCH	52238668	52243812	ENSG00000269805	XAGE1A
HG1438_PATCH	72091875	72097714	ENSG00000269502	DMRTC1
HG1433_PATCH	52252903	52253164	ENSG00000268934	RBM22P7
HG1433_PATCH	52255077	52263803	ENSG00000262401	XAGE1B
HG1433_PATCH	52269974	52270838	ENSG00000268071	RBM22P6
HG1433_PATCH	52288151	52290695	ENSG00000268054	RP13-34L8.7
HG1433_PATCH	52304769	52305301	ENSG00000268776	RP13-34L8.8
HG1433_PATCH	52326989	52329312	ENSG00000269726	RP11-552J9.1
HG1433_PATCH	52341494	52346289	ENSG00000269530	SSXP4
HG1433_PATCH	52349532	52354758	ENSG00000269544	SSXP1
HG1433_PATCH	52355656	52356523	ENSG00000269780	RP11-552J9.6
HG1433_PATCH	52365935	52376948	ENSG00000267833	SSX8
HG1433_PATCH	52387090	52397900	ENSG00000267995	SSX7
HG1433_PATCH	52398207	52400254	ENSG00000268448	RP11-552J9.9
HG1433_PATCH	52408231	52408347	ENSG00000269252	RNA5SP504
HG1433_PATCH	52415718	52420051	ENSG00000268534	SSXP5
HG1433_PATCH	52430363	52430633	ENSG00000268775	RP11-552J9.11
HG1433_PATCH	52439896	52450189	ENSG00000267864	SSX2
HG1433_PATCH	52450602	52452933	ENSG00000268114	RP11-552J9.15
HG1433_PATCH	52465319	52465525	ENSG00000269868	RP11-552J9.14
HG1433_PATCH	52513808	52514078	ENSG00000269281	RP13-77O11.7
HG1433_PATCH	52524452	52528786	ENSG00000268494	RP13-77O11.8
HG1433_PATCH	52539144	52541101	ENSG00000268792	SPANXN5
HG1433_PATCH	52544400	52544529	ENSG00000269128	RP13-77O11.12
HG1433_PATCH	52555204	52561301	ENSG00000269249	XAGE5
HG1433_PATCH	52567267	52572267	ENSG00000268247	RP13-77O11.11
HG1433_PATCH	52575704	52576899	ENSG00000269819	EIF4A2P4
HG1433_PATCH	52605528	52611068	ENSG00000269052	XAGE3
HG1433_PATCH	52792091	52823615	ENSG00000268476	GPR173
HG1433_PATCH	52808053	52808548	ENSG00000270278	RP1-290F12.3
HG1433_PATCH	52825367	52831540	ENSG00000268269	TSPYL2
HG1433_PATCH	52836710	52837858	ENSG00000269762	RP11-236P24.3
HG1433_PATCH	52837145	52910014	ENSG00000268406	LINC01155
HG1433_PATCH	52856018	52856274	ENSG00000269239	RP11-236P24.1
HG1433_PATCH	52873481	52873541	ENSG00000269098	RNU7-37P
HG1433_PATCH	52885832	52886913	ENSG00000272242	ACTG1P10
HG1433_PATCH	52886034	52886117	ENSG00000269643	AL139396.2
HG1433_PATCH	52907391	52907557	ENSG00000267944	RP11-258C19.4
HG1433_PATCH	52912097	52913914	ENSG00000271073	RP11-258C19.7
HG1433_PATCH	52934321	52968422	ENSG00000269816	KDM5C
HG1433_PATCH	52955408	52957679	ENSG00000269462	KDM5C-IT1
HG1433_PATCH	52975876	53064324	ENSG00000268372	IQSEC2
HG1433_PATCH	53065990	53066822	ENSG00000269164	RP6-29D12.4
HG1433_PATCH	53067562	53067674	ENSG00000269734	Y_RNA
HG1433_PATCH	53080783	53080973	ENSG00000269024	RP6-29D12.3
HG1433_PATCH	53083986	53084505	ENSG00000269844	RP6-29D12.2
HG1433_PATCH	53117149	53165728	ENSG00000269384	SMC1A
HG1433_PATCH	53165690	53174111	ENSG00000269265	RIBC1
HG1433_PATCH	53174258	53177373	ENSG00000268188	HSD17B10
HG1433_PATCH	53175722	53176032	ENSG00000268435	RP3-339A18.6
HG1433_PATCH	53199273	53200029	ENSG00000268780	RP3-339A18.3
HG1433_PATCH	53205209	53205310	ENSG00000268244	VTRNA3-1P
HG1433_PATCH	53229672	53229771	ENSG00000269233	AC233728.1
HG1433_PATCH	53299223	53299341	ENSG00000269370	MIR98
HG1433_PATCH	53300192	53300274	ENSG00000268251	MIRLET7F2
HG1433_PATCH	53502026	53502204	ENSG00000269004	RP11-272G22.1
HG1433_PATCH	53511986	53512219	ENSG00000268319	RP11-272G22.2
HG1433_PATCH	53550776	53551623	ENSG00000268692	RP11-272G22.3
HG1433_PATCH	53568887	53569309	ENSG00000268726	RP13-444K19.1
HG1433_PATCH	53652054	53652161	ENSG00000267897	RNA5SP505
HG1433_PATCH	53679676	53791958	ENSG00000268312	PHF8
HG1433_PATCH	53807845	53807966	ENSG00000269160	U3
HG1433_PATCH	53811324	53926281	ENSG00000268158	FAM120C
HG1433_PATCH	53890372	53890659	ENSG00000268270	RP11-161N3.3
HG1433_PATCH	53935823	54101642	ENSG00000269511	WNK3
HG1433_PATCH	53966324	53967062	ENSG00000268806	RPL7AP71
HG1433_PATCH	54086546	54086652	ENSG00000269143	RNU6-434P
HG1433_PATCH	51927823	51935266	ENSG00000269710	AC245177.1
HG1433_PATCH	51942840	51946226	ENSG00000272246	AC245177.2
HG1433_PATCH	52494231	52504536	ENSG00000268447	SSX2
HG1433_PATCH	52640400	52651556	ENSG00000268134	FAM156A
HG1433_PATCH	52690258	52701414	ENSG00000268350	FAM156A
HG1433_PATCH	53275144	53429752	ENSG00000268980	HUWE1
HG1434_PATCH	112765709	112766221	ENSG00000268918	RP5-1170D6.1
HG1434_PATCH	112859527	113181445	ENSG00000269674	RP5-964N17.1
HG1434_PATCH	113125817	113126894	ENSG00000271703	QTRT1P1
HG1434_PATCH	113187414	113187626	ENSG00000268305	U3
HG1434_PATCH	113193144	113193309	ENSG00000269756	RNU1-57P
HG1434_PATCH	113219570	113219860	ENSG00000269508	RN7SL93P
HG1434_PATCH	113260260	113260329	ENSG00000268911	SNORD30
HG1439_PATCH	100580392	100580498	ENSG00000269229	RNU6-934P
HG1439_PATCH	100592713	100593277	ENSG00000267832	NANOGNBP3
HG1439_PATCH	100594905	100595922	ENSG00000268820	RPL21P132
HG1439_PATCH	100600649	100604184	ENSG00000268249	TIMM8A
HG1439_PATCH	100604435	100641183	ENSG00000268897	BTK
HG1439_PATCH	100645812	100651105	ENSG00000269315	RPL36A
HG1439_PATCH	100645999	100667285	ENSG00000269719	RPL36A-HNRNPH2
HG1439_PATCH	100652791	100662913	ENSG00000268815	GLA
HG1439_PATCH	100663283	100669121	ENSG00000268642	HNRNPH2
HG1439_PATCH	100673275	100788446	ENSG00000268722	ARMCX4
HG1439_PATCH	100682381	100682483	ENSG00000268415	AL035422.2
HG1439_PATCH	100698695	100699091	ENSG00000267817	RP1-164F3.8
HG1439_PATCH	100792472	100794263	ENSG00000268633	RP3-514P16.1
HG1439_PATCH	100805518	100809687	ENSG00000269801	ARMCX1
HG1439_PATCH	100852497	100853658	ENSG00000268935	RP4-545K15.3
HG1439_PATCH	100870107	100872988	ENSG00000268213	ARMCX6
HG1439_PATCH	100877784	100882830	ENSG00000269173	ARMCX3
HG1439_PATCH	100877970	100879151	ENSG00000268497	ARMCX3-AS1
HG1439_PATCH	100882855	100883505	ENSG00000267853	RP4-545K15.5
HG1440_PATCH	101395448	101397942	ENSG00000268377	TCEAL6
HG1439_PATCH	100888993	100889099	ENSG00000269258	RNU6-30P
HG1440_PATCH	101408680	101411029	ENSG00000269503	BEX5
HG1440_PATCH	101428072	101439993	ENSG00000269817	TCP11X3P
HG1440_PATCH	101680400	101683046	ENSG00000268294	RP11-353J17.3
HG1440_PATCH	101768648	101771756	ENSG00000268368	TMSB15A
HG1440_PATCH	101470273	101481763	ENSG00000268235	AC234791.1
HG1439_PATCH	100910268	100914878	ENSG00000268151	ARMCX2
HG1439_PATCH	100938767	100939436	ENSG00000268198	GHc-602D8.2
HG1440_PATCH	101502072	101581691	ENSG00000269405	NXF2
HG1439_PATCH	100946567	100946672	ENSG00000269341	RNU6-587P
HG1440_PATCH	101615368	101694980	ENSG00000269437	NXF2
HG1425_PATCH	75249730	75250165	ENSG00000267866	RP3-481A17.1
HG1425_PATCH	75392771	75398039	ENSG00000269056	PBDC1
HG1440_PATCH	101715291	101726784	ENSG00000268029	TCP11X2
HG1425_PATCH	75442472	75442932	ENSG00000268539	RP11-322A17.1
HG1425_PATCH	75464803	75464909	ENSG00000269204	RNU6-867P
HG1425_PATCH	75554676	75555680	ENSG00000268019	LDHBP2
HG1425_PATCH	75647488	75651186	ENSG00000269654	MAGEE1
HG1425_PATCH	75874844	75874962	ENSG00000269593	RNA5SP508
HG1425_PATCH	75875333	75876394	ENSG00000267862	RP1-279N11.1
HG1425_PATCH	76225239	76225336	ENSG00000269677	MIR325
HG1425_PATCH	76286544	76286662	ENSG00000269616	RNA5SP509
HG1425_PATCH	76594047	76601154	ENSG00000268005	BX682235.1
HG1441_PATCH	103159251	103159683	ENSG00000268558	RP11-370B6.1
HG1441_PATCH	103165234	103166281	ENSG00000269822	LL0XNC01-116E7.1
HG1441_PATCH	103183028	103183946	ENSG00000269065	LL0XNC01-116E7.4
HG1441_PATCH	103216738	103217220	ENSG00000269625	DPPA3P1
HG1441_PATCH	103230754	103231249	ENSG00000267820	LL0XNC01-240C2.1
HG1441_PATCH	103266076	103268616	ENSG00000268381	H2BFWT
HG375_PATCH	103810996	105011820	ENSG00000269512	IL1RAPL2
HG375_PATCH	104463614	104465356	ENSG00000268629	TEX13A
HG1441_PATCH	103268626	103297383	ENSG00000269685	H2BFM
HG1441_PATCH	103367060	103370771	ENSG00000268176	ZCCHC18
HG1441_PATCH	103421549	103450831	ENSG00000268570	FAM199X
HG1441_PATCH	103504967	103509862	ENSG00000268259	ESX1
HG1438_PATCH	72297126	72299362	ENSG00000268574	PABPC1L2A
HG1438_PATCH	72300017	72304485	ENSG00000268881	RP11-493K23.4
HG1438_PATCH	72345887	72347930	ENSG00000268035	NAP1L6
HG1441_PATCH	103217580	103221224	ENSG00000268667	TMSB15B
HG1441_PATCH	103327497	103331141	ENSG00000269226	TMSB15B
HG1441_PATCH	103331501	103331983	ENSG00000269518	AC234783.1
HG1441_PATCH	103354144	103411956	ENSG00000269743	SLC25A53
HG1462_PATCH	113625458	113625625	ENSG00000269092	CTD-2230M5.1
HG1462_PATCH	113625605	113626424	ENSG00000271556	CTD-2230M5.3
HG1462_PATCH	113627144	113627726	ENSG00000268796	SSU72P1
HG1462_PATCH	113820548	114146531	ENSG00000269075	HTR2C
HG1462_PATCH	113826090	113826405	ENSG00000269461	RPL36AP53
HG1462_PATCH	113867267	113867394	ENSG00000269368	SNORA35
HG1462_PATCH	113872730	113872836	ENSG00000268634	AC233299.1
HG1462_PATCH	113875905	113875989	ENSG00000269740	MIR764
HG1462_PATCH	113888014	113888093	ENSG00000268450	MIR1912
HG1462_PATCH	113951703	113951814	ENSG00000268137	MIR1298
HG1462_PATCH	113999654	113999733	ENSG00000269213	MIR1911
HG1462_PATCH	114011298	114013245	ENSG00000268607	HSPA8P7
HG1462_PATCH	114059924	114060034	ENSG00000268661	MIR448
HG1462_PATCH	114136829	114137044	ENSG00000271212	RP11-810O3.2
HG1462_PATCH	114240445	114256447	ENSG00000268456	IL13RA2
HG1462_PATCH	114268897	114269003	ENSG00000268131	RNU6-648P
HG1462_PATCH	114300406	114301264	ENSG00000268045	RP6-204F4.2
HG1462_PATCH	114305707	114306316	ENSG00000268715	YAP1P2
HG1462_PATCH	114347092	114470542	ENSG00000268417	LRCH2
HG1462_PATCH	114362786	114362914	ENSG00000269023	SNORA35
HG1462_PATCH	114375500	114375593	ENSG00000268180	Y_RNA
HG1462_PATCH	114425870	114429338	ENSG00000269572	RBMXL3
HG1462_PATCH	114434902	114435219	ENSG00000268014	RPL36P18
HG1462_PATCH	114526197	114544026	ENSG00000267900	LUZP4
HG1462_PATCH	114691203	114691664	ENSG00000271069	RP5-878I13.2
HG1462_PATCH	114754652	114799201	ENSG00000272184	RP1-93I3.1
HG1462_PATCH	114782107	114782187	ENSG00000268145	SNORA64
HG1462_PATCH	114797644	114887331	ENSG00000268767	PLS3
HG1462_PATCH	114896183	114896492	ENSG00000271132	RP1-241P17.7
HG1462_PATCH	114901365	114902603	ENSG00000268727	ASS1P5
HG1462_PATCH	114939281	114940590	ENSG00000271915	EEF1GP5
HG1458_PATCH	142372763	142604589	ENSG00000269247	GS1-256O22.5
HG1458_PATCH	142431762	142432371	ENSG00000269299	PGBD4P6
HG1458_PATCH	142520828	142521744	ENSG00000267967	MTND1P33
HG1458_PATCH	142522303	142523066	ENSG00000269864	RP5-1189K21.2
HG1458_PATCH	142533994	142534123	ENSG00000267851	AC239395.1
HG1458_PATCH	142596521	142605261	ENSG00000268490	SPANXN3
HG1458_PATCH	142764939	142766148	ENSG00000268526	HNRNPH1P2
HG1458_PATCH	142845523	142915919	ENSG00000269268	RP3-526F5.2
HG1458_PATCH	142894177	142894519	ENSG00000269569	RP11-29O6.2
HG1458_PATCH	143396620	143396866	ENSG00000268718	RP1-169P22.2
HG1458_PATCH	143396918	143397479	ENSG00000267921	RRM2P4
HG1458_PATCH	142715914	142722992	ENSG00000269158	SLITRK4
HG1458_PATCH	142799741	142809209	ENSG00000268988	SPANXN2
HG1490_PATCH	115803778	115814271	ENSG00000268363	RP11-232D9.2
HG1490_PATCH	115822838	115824153	ENSG00000268703	RP11-232D9.4
HG1490_PATCH	115826878	115828156	ENSG00000269070	RP11-232D9.3
HG1490_PATCH	115882498	115882845	ENSG00000269080	RP11-232D9.1
HG1463_PATCH	114957297	114959383	ENSG00000268770	RP1-241P17.1
HG1463_PATCH	115033604	115085422	ENSG00000267996	RP11-761E20.1
HG1463_PATCH	115108801	115109100	ENSG00000268127	RN7SL712P
HG1463_PATCH	115159816	115160751	ENSG00000269183	AKR1B1P8
HG1463_PATCH	115223254	115224763	ENSG00000268389	API5P1
HG1463_PATCH	115287055	115291305	ENSG00000269602	AGTR2
HG1463_PATCH	115517181	115517286	ENSG00000269582	RNU6-154P
HG1463_PATCH	115578015	115579336	ENSG00000269010	CT83
HG1463_PATCH	115552912	115575288	ENSG00000268104	SLC6A14
HG1287_PATCH	144126020	144126129	ENSG00000252830	RNA5SP59
HG1287_PATCH	144135691	144138791	ENSG00000264145	DRD5P2
HG1287_PATCH	144185602	144186927	ENSG00000265030	RP11-763B22.6
HG1287_PATCH	144228060	144228125	ENSG00000270758	AC239859.1
HG1287_PATCH	144228183	144259249	ENSG00000263534	RP11-744H18.1
HG1287_PATCH	144281631	144322056	ENSG00000266797	NBPF23
HG1443_HG1444_PATCH	134193715	134257982	ENSG00000268559	RP11-85L21.4
HG1442_PATCH	119144681	119149507	ENSG00000269286	GS1-421I3.2
HG1443_HG1444_PATCH	134209166	134210627	ENSG00000268511	NCLP2
HG1442_PATCH	119170199	119280817	ENSG00000268748	RP4-755D9.1
HG1443_HG1444_PATCH	134229058	134232664	ENSG00000269631	LINC00087
HG1442_PATCH	119205846	119211705	ENSG00000267960	RHOXF2B
HG1443_HG1444_PATCH	134252985	134254556	ENSG00000269263	LINC00633
HG1443_HG1444_PATCH	134253087	134253195	ENSG00000269184	AC234771.3
HG1443_HG1444_PATCH	134257269	134257634	ENSG00000268824	RP11-85L21.6
HG1442_PATCH	119243016	119249900	ENSG00000268349	RHOXF1
HG1443_HG1444_PATCH	134257270	134257630	ENSG00000269156	AC234771.2
HG1443_HG1444_PATCH	134269179	134269800	ENSG00000268514	RP11-85L21.5
HG1442_PATCH	119251605	119253663	ENSG00000269105	GS1-421I3.4
HG1442_PATCH	119292524	119298002	ENSG00000268919	RHOXF2
HG1442_PATCH	119336024	119336711	ENSG00000268542	RP3-525N14.2
HG1443_HG1444_PATCH	134290566	134305428	ENSG00000268695	CT55
HG1442_PATCH	119344424	119346643	ENSG00000269500	EEF1A1P30
HG1443_HG1444_PATCH	134314285	134328709	ENSG00000268848	RP13-565O16.2
HG1442_PATCH	119384715	119392361	ENSG00000269603	ZBTB33
HG1443_HG1444_PATCH	134335761	134349262	ENSG00000268600	RP13-210D15.1
HG1443_HG1444_PATCH	134340591	134340676	ENSG00000267962	AC234771.1
HG1443_HG1444_PATCH	134370823	134371378	ENSG00000269833	RP13-210D15.6
HG1443_HG1444_PATCH	134382950	134478116	ENSG00000269162	ZNF75D
HG1443_HG1444_PATCH	134386606	134387613	ENSG00000269442	RP13-210D15.4
HG1442_PATCH	119392613	119445519	ENSG00000268760	TMEM255A
HG1443_HG1444_PATCH	134478825	134497181	ENSG00000269327	ZNF449
HG1443_HG1444_PATCH	134530458	134531793	ENSG00000269536	RP11-265D19.6
HG1443_HG1444_PATCH	134555972	134562103	ENSG00000268419	LINC00086
HG1443_HG1444_PATCH	134562197	134562314	ENSG00000269260	RNA5SP515
HG1443_HG1444_PATCH	134566989	134572663	ENSG00000267899	CROCCP1
HG1443_HG1444_PATCH	134598358	134599513	ENSG00000271476	RP11-265D19.7
HG1443_HG1444_PATCH	134654112	134654703	ENSG00000268002	DDX26B-AS1
HG1442_PATCH	119407090	119407489	ENSG00000268370	RP11-45J1.1
HG1443_HG1444_PATCH	134654688	134716539	ENSG00000268630	DDX26B
HG1443_HG1444_PATCH	134702596	134702695	ENSG00000268880	AL391380.2
HG1443_HG1444_PATCH	134717680	134719189	ENSG00000268345	RP11-432N13.2
HG1443_HG1444_PATCH	134732956	134749460	ENSG00000269251	RP11-432N13.3
HG1443_HG1444_PATCH	134807620	134820180	ENSG00000268825	RP11-432N13.4
HG1443_HG1444_PATCH	134864762	134866226	ENSG00000268449	RP13-36C9.4
HG1443_HG1444_PATCH	134885148	134886612	ENSG00000268233	RP13-36C9.5
HG1443_HG1444_PATCH	134893822	134971309	ENSG00000269096	CT45A3
HG1443_HG1444_PATCH	135023245	135047090	ENSG00000269820	SAGE1
HG1443_HG1444_PATCH	135076507	135081168	ENSG00000269017	RP11-97N5.2
HG1443_HG1444_PATCH	135096099	135108092	ENSG00000269231	MMGT1
HG1443_HG1444_PATCH	135119468	135181293	ENSG00000269036	SLC9A6
HG1443_HG1444_PATCH	135211873	135212660	ENSG00000268807	GAPDHP67
HG1443_HG1444_PATCH	135231864	135232377	ENSG00000268893	RP11-274K13.5
HG1443_HG1444_PATCH	134847482	134857255	ENSG00000268940	CT45A1
HG1443_HG1444_PATCH	134928421	134984823	ENSG00000271449	AC240441.2
HG1443_HG1444_PATCH	134962963	135019384	ENSG00000269586	CT45A5
HG1443_HG1444_PATCH	134997808	135002098	ENSG00000270946	AC240441.1
HG1453_PATCH	140008337	140008384	ENSG00000268676	MIR320D2
HG1453_PATCH	140013903	140079613	ENSG00000269658	RP11-298A8.2
HG1453_PATCH	140084756	140085871	ENSG00000269853	SPANXB1
HG1453_PATCH	140200195	140200301	ENSG00000269617	RNU6-3P
HG1453_PATCH	140220643	140221339	ENSG00000267856	RP3-507I15.1
HG1453_PATCH	140255400	140255753	ENSG00000269060	RP3-507I15.2
HG1453_PATCH	140257914	140259290	ENSG00000268691	LDOC1
HG1453_PATCH	140323628	140324661	ENSG00000269309	SPANXC
HG1453_PATCH	140343284	140346378	ENSG00000268245	RBMX2P2
HG1453_PATCH	140462988	140463272	ENSG00000269108	GS1-164F24.1
HG1453_PATCH	140665839	140667176	ENSG00000269063	SPANXA1
HG1453_PATCH	140671600	140672937	ENSG00000268239	SPANXA2
HG1453_PATCH	140708029	140708898	ENSG00000269485	RP1-171K16.5
HG1453_PATCH	140779576	140780904	ENSG00000269838	SPANXD
HG1462_PATCH	114940282	114940337	ENSG00000269218	AC005000.3
HG1462_PATCH	114954800	114955819	ENSG00000269390	RP1-241P17.4
HG1462_PATCH	114955250	114955835	ENSG00000269566	AC005000.4
HG1287_PATCH	144306409	144306942	ENSG00000265581	PFN1P12
HG1287_PATCH	144338465	144338630	ENSG00000266322	RNU1-114P
HG1287_PATCH	144385871	144386034	ENSG00000270860	RNVU1-17
HG1287_PATCH	144406925	144407059	ENSG00000265021	RNU1-92P
HG1287_PATCH	144415822	144415985	ENSG00000271684	RNVU1-18
HG1287_PATCH	144422481	144424319	ENSG00000265963	RP11-403I13.5
HG1287_PATCH	144431295	144457279	ENSG00000263446	RP11-403I13.4
HG1287_PATCH	144452955	144455498	ENSG00000265475	RP11-403I13.6
HG1287_PATCH	144470791	144471086	ENSG00000270979	RP11-403I13.10
HG1287_PATCH	144476425	144478755	ENSG00000266480	LINC00869
HG1287_PATCH	144477957	144478102	ENSG00000263379	RNU1-143P
HG1287_PATCH	144479231	144483523	ENSG00000263590	RP11-403I13.8
HG1287_PATCH	144515182	144515273	ENSG00000270626	AC239798.1
HG1287_PATCH	144532512	144532919	ENSG00000265066	RP5-998N21.3
HG1287_PATCH	144561586	144591065	ENSG00000264363	HIST2H2BB
HG1287_PATCH	144564146	144571491	ENSG00000264088	RP5-998N21.4
HG1287_PATCH	144590716	144592379	ENSG00000272785	RP5-998N21.10
HG1287_PATCH	144591902	144621191	ENSG00000264140	RP5-998N21.7
HG1287_PATCH	144591970	144592381	ENSG00000265232	HIST2H3PS2
HG1287_PATCH	144616409	144616797	ENSG00000266434	RP5-998N21.8
HG1287_PATCH	144999835	145000416	ENSG00000263771	NKAIN1P1
HG1287_PATCH	145010684	145011001	ENSG00000265897	RP11-763B22.7
HG1287_PATCH	145087484	145087770	ENSG00000271112	RP11-666A1.7
HG1287_PATCH	145098991	145099155	ENSG00000265044	RNVU1-15
HG1287_PATCH	145104538	145105671	ENSG00000263398	RP11-666A1.5
HG1287_PATCH	145105093	145105605	ENSG00000266639	RP11-666A1.3
HG1287_PATCH	145107801	145148089	ENSG00000266338	NBPF15
HG1287_PATCH	145129021	145129419	ENSG00000264033	PFN1P7
HG1287_PATCH	145158950	145161205	ENSG00000264805	RP11-666A1.4
HG1287_PATCH	145601107	145781943	ENSG00000265797	SRGAP2B
HG1287_PATCH	145603585	145606317	ENSG00000265886	RP11-289H16.1
HG1287_PATCH	145651440	145651550	ENSG00000270206	RP3-365I19.2
HG1287_PATCH	145782415	145799107	ENSG00000264416	FAM72D
HG1287_PATCH	145818577	145818668	ENSG00000270519	AC241585.2
HG1287_PATCH	145919250	145919953	ENSG00000265937	RP11-289I10.2
HG1287_PATCH	145927830	145928614	ENSG00000270913	PPIAL4D
HG1287_PATCH	145956019	145956305	ENSG00000270363	RP11-289I10.3
HG1287_PATCH	145967531	145967694	ENSG00000268065	RNVU1-14
HG1287_PATCH	145973025	145974170	ENSG00000265318	RP11-89F3.2
HG1287_PATCH	146094187	146094588	ENSG00000271372	PFN1P3
HG1287_PATCH	146117942	146118108	ENSG00000270384	RNU1-137P
HG1287_PATCH	146152032	146152195	ENSG00000270722	RNVU1-7
HG1287_PATCH	146288361	146294273	ENSG00000264111	WI2-925H4.1
HG1287_PATCH	146294375	146357063	ENSG00000264337	GPR89A
HG1287_PATCH	146357400	146394563	ENSG00000265111	PDZK1
HG1287_PATCH	146510503	146528920	ENSG00000264806	POLR3C
HG1287_PATCH	146532044	146535368	ENSG00000266054	NUDT17
HG1287_PATCH	146534937	146546251	ENSG00000263461	PIAS3
HG1287_PATCH	146552975	146572260	ENSG00000263773	ANKRD35
HG1287_PATCH	146577623	146596604	ENSG00000264162	ITGA10
HG1287_PATCH	146579262	146579898	ENSG00000266474	RP11-315I20.3
HG1287_PATCH	146597765	146605252	ENSG00000265832	PEX11B
HG1287_PATCH	146613005	146645521	ENSG00000264665	RP11-315I20.1
HG1287_PATCH	146703883	146708333	ENSG00000265970	HFE2
HG1287_PATCH	146738496	146738659	ENSG00000270840	RNVU1-6
HG1287_PATCH	146975011	146975111	ENSG00000266790	RNU6-1071P
HG1287_PATCH	147561736	147600709	ENSG00000265348	HYDIN2
HG1287_PATCH	147643532	147644074	ENSG00000268094	PFN1P8
HG1287_PATCH	147688346	147690033	ENSG00000263387	RP4-704D21.2
HG1287_PATCH	147705751	147810940	ENSG00000264639	NBPF13P
HG1287_PATCH	147737232	147738896	ENSG00000266845	RP11-325P15.1
HG1287_PATCH	147766161	147766285	ENSG00000263451	RNVU1-8
HG1287_PATCH	147768753	147769993	ENSG00000263915	RP11-325P15.2
HG1287_PATCH	147841521	147858965	ENSG00000266198	PRKAB2
HG1287_PATCH	147859186	147897983	ENSG00000265360	RP11-337C18.8
HG1287_PATCH	147859601	147939074	ENSG00000272778	RP11-337C18.10
HG1287_PATCH	147862017	147864155	ENSG00000272535	RP11-337C18.9
HG1287_PATCH	147864528	147866042	ENSG00000265196	PDIA3P1
HG1287_PATCH	147889691	147891347	ENSG00000263665	CCT8P1
HG1287_PATCH	147909969	147910763	ENSG00000264117	RP11-337C18.7
HG1287_PATCH	147929056	147982177	ENSG00000264980	CHD1L
HG1287_PATCH	148005525	148006639	ENSG00000264481	RP11-337C18.4
HG1287_PATCH	148105465	148106298	ENSG00000264154	OR13Z1P
HG1287_PATCH	148106614	148106715	ENSG00000265914	Y_RNA
HG1287_PATCH	148131994	148132548	ENSG00000271719	OR13Z2P
HG1287_PATCH	144561208	144569993	ENSG00000265531	FCGR1C
HG1287_PATCH	144641706	144658404	ENSG00000263513	FAM72C
HG1287_PATCH	144661157	144754876	ENSG00000270872	SRGAP2D
HG1287_PATCH	145059290	145060074	ENSG00000271567	AC246785.1
HG1287_PATCH	145279283	145280067	ENSG00000270339	AC253578.1
HG1287_PATCH	145375927	145377287	ENSG00000273296	FP700107.1
HG1287_PATCH	145852607	145856510	ENSG00000272419	AC241585.3
HG1287_PATCH	145901266	145902353	ENSG00000264863	AC241585.1
HG1287_PATCH	145976421	146277520	ENSG00000271254	NBPF10
HG1287_PATCH	146260284	146274466	ENSG00000272150	AC239860.1
HG1287_PATCH	146414640	146425703	ENSG00000266249	CD160
HG1287_PATCH	146432834	146510487	ENSG00000265491	RNF115
HG1287_PATCH	146607983	146613951	ENSG00000265241	RBM8A
HG1287_PATCH	146619839	146644434	ENSG00000271601	AC243547.1
HG1287_PATCH	146645856	146650997	ENSG00000272031	ANKRD34A
HG1287_PATCH	146651118	146665263	ENSG00000266741	POLR3GL
HG1287_PATCH	146678960	146682902	ENSG00000265972	TXNIP
HG1287_PATCH	146752733	146831219	ENSG00000271425	AC239799.1
HG1287_PATCH	146838681	146915449	ENSG00000264343	NOTCH2NL
HG1287_PATCH	146984419	146985587	ENSG00000271121	AC243756.2
HG1287_PATCH	147030421	147031205	ENSG00000271001	AC243756.1
HG1287_PATCH	147429220	147460378	ENSG00000272427	AC241929.1
HG1287_PATCH	147646386	147682613	ENSG00000268043	AC244394.1
HG1287_PATCH	147872674	147912053	ENSG00000266748	FMO5
HG1287_PATCH	147950795	147971812	ENSG00000272252	AC242426.1
HG1287_PATCH	148168653	148169043	ENSG00000271928	OR13Z3P
HG1287_PATCH	148227827	148312631	ENSG00000266095	BCL9
HG1287_PATCH	148384209	148385750	ENSG00000266723	RP11-533N14.3
HG1287_PATCH	148464005	148475368	ENSG00000263549	RP11-433J22.3
HG1287_PATCH	148527377	148528774	ENSG00000264011	RP11-314N2.2
HG1287_PATCH	148589235	148595681	ENSG00000264499	GJA8
HG1287_PATCH	148614808	148679936	ENSG00000264776	GPR89B
HG1287_PATCH	148680277	148698514	ENSG00000266084	RP6-74O6.2
HG1287_PATCH	148680716	148696007	ENSG00000265609	PDZK1P2
HG1287_PATCH	148698214	148698643	ENSG00000272965	XXyac-YX155B6.7
HG1287_PATCH	148700832	148700998	ENSG00000270582	RNU1-129P
HG1287_PATCH	148725168	148725331	ENSG00000271345	RNVU1-9
HG1287_PATCH	148815912	148816313	ENSG00000270738	PFN1P4
HG1287_PATCH	148832809	148835981	ENSG00000263366	ABHD17AP1
HG1287_PATCH	148846103	148846564	ENSG00000267846	AC239803.1
HG1287_PATCH	148880131	148880253	ENSG00000243644	RNA5SP58
HG1287_PATCH	148920716	148920750	ENSG00000265449	RP11-301M17.2
HG1287_PATCH	148932584	148933100	ENSG00000266681	RP11-301M17.1
HG1287_PATCH	148949891	148950047	ENSG00000265297	RNU1-120P
HG1287_PATCH	148958299	148967164	ENSG00000265468	RP11-495P10.6
HG1287_PATCH	148974416	148975366	ENSG00000263469	RP11-495P10.9
HG1287_PATCH	148977305	148982274	ENSG00000264360	RP11-495P10.8
HG1287_PATCH	148981595	148983971	ENSG00000264430	RP11-495P10.5
HG1287_PATCH	148982207	148983686	ENSG00000265925	RP11-495P10.7
HG1287_PATCH	149004098	149004428	ENSG00000266842	RP11-495P10.4
HG1287_PATCH	149015414	149031051	ENSG00000265765	RP11-495P10.3
HG1287_PATCH	149016686	149016809	ENSG00000266011	Y_RNA
HG1287_PATCH	149021027	149021177	ENSG00000266686	RNU1-122P
HG1287_PATCH	149044660	149045101	ENSG00000273251	RP6-74O6.6
HG1287_PATCH	149048785	149048948	ENSG00000270834	RNVU1-10
HG1287_PATCH	149072244	149072378	ENSG00000263844	RNU1-135P
HG1287_PATCH	149074905	149075066	ENSG00000263374	RNVU1-11
HG1287_PATCH	149089130	149089290	ENSG00000264252	RNVU1-12
HG1287_PATCH	149101612	149115776	ENSG00000266773	RP11-495P10.1
HG1287_PATCH	149121520	149123341	ENSG00000265464	RP11-495P10.10
HG1287_PATCH	149482212	149482740	ENSG00000270746	RP4-725K1.1
HG1287_PATCH	149525898	149526147	ENSG00000265862	RN7SKP88
HG1287_PATCH	149579542	149581598	ENSG00000264992	AC239802.1
HG1287_PATCH	149626154	149626232	ENSG00000242576	RNU2-38P
HG1287_PATCH	149692724	149695942	ENSG00000264601	RP4-791M13.5
HG1287_PATCH	149693492	149693557	ENSG00000271636	AC239802.2
HG1287_PATCH	149705086	149712684	ENSG00000266874	RP4-791M13.4
HG1287_PATCH	149734991	149737688	ENSG00000264532	RP4-791M13.3
HG1287_PATCH	149884411	149887505	ENSG00000266350	WI2-1896O14.1
HG1287_PATCH	149950667	149951231	ENSG00000273134	RP11-326G21.1
HG1287_PATCH	150323181	150323344	ENSG00000270483	RNVU1-5
HG1287_PATCH	150423724	150423815	ENSG00000270867	AC243772.1
HG1287_PATCH	150440716	150441125	ENSG00000266394	RP11-196G18.1
HG1287_PATCH	150469086	150478933	ENSG00000266332	FCGR1A
HG1287_PATCH	150469104	150498788	ENSG00000263376	HIST2H2BF
HG1287_PATCH	150469292	150498172	ENSG00000265922	RP11-196G18.21
HG1287_PATCH	150472074	150479435	ENSG00000266386	RP11-196G18.3
HG1287_PATCH	150499686	150500096	ENSG00000265133	HIST2H3D
HG1287_PATCH	150525953	150527608	ENSG00000270827	HIST2H3C
HG1287_PATCH	150529456	150529948	ENSG00000269861	HIST2H2BD
HG1287_PATCH	150530913	150535439	ENSG00000263736	RP11-196G18.22
HG1287_PATCH	150532231	150532901	ENSG00000273147	RP11-196G18.24
HG1287_PATCH	150536608	150537187	ENSG00000269488	HIST2H2BC
HG1287_PATCH	150537491	150538039	ENSG00000266225	HIST2H2AA4
HG1287_PATCH	150539034	150540689	ENSG00000270263	HIST2H3A
HG1287_PATCH	150547686	150548919	ENSG00000266131	RP11-196G18.23
HG1287_PATCH	150570875	150573097	ENSG00000264719	HIST2H2BE
HG1287_PATCH	150573390	150573826	ENSG00000263521	HIST2H2AC
HG1287_PATCH	150573884	150574331	ENSG00000263965	HIST2H2AB
HG1287_PATCH	150574305	150587213	ENSG00000265570	BOLA1
HG1287_PATCH	150589733	150604297	ENSG00000265307	SV2A
HG1287_PATCH	150609732	150614759	ENSG00000263977	SF3B4
HG1287_PATCH	150615066	150623313	ENSG00000264524	MTMR11
HG1287_PATCH	150740279	150741449	ENSG00000264738	RP11-458I7.1
HG1287_PATCH	150898047	150898338	ENSG00000266444	RN7SL480P
HG1287_PATCH	150923382	150923571	ENSG00000266883	RNU2-17P
HG1287_PATCH	150948109	150948212	ENSG00000263486	snoU13
HG1287_PATCH	150951819	150955995	ENSG00000266334	APH1A
HG1287_PATCH	150954615	150967331	ENSG00000266177	C1orf54
HG1287_PATCH	150968958	150973508	ENSG00000266764	C1orf51
HG1287_PATCH	151007891	151039610	ENSG00000265228	PRPF3
HG1287_PATCH	151049506	151162981	ENSG00000266562	RPRD2
HG1287_PATCH	148333781	148356927	ENSG00000265277	ACP6
HG1287_PATCH	148443603	148445686	ENSG00000265107	GJA5
HG1287_PATCH	148788461	148838605	ENSG00000263956	NBPF11
HG1287_PATCH	149145229	149146286	ENSG00000263962	AC245100.1
HG1287_PATCH	149169083	149169742	ENSG00000263464	PPIAL4G
HG1287_PATCH	149219394	149282305	ENSG00000270629	AC239811.2
HG1287_PATCH	149283884	149366178	ENSG00000268576	AC239811.1
HG1287_PATCH	149435202	149436370	ENSG00000270650	AC245389.1
HG1287_PATCH	149575878	149719430	ENSG00000264708	PDE4DIP
HG1287_PATCH	149740448	149768726	ENSG00000269713	NBPF10
HG1287_PATCH	150092791	150154445	ENSG00000264983	NOTCH2NL
HG1287_PATCH	150162303	150242670	ENSG00000271383	AC242842.2
HG1287_PATCH	150270238	150271022	ENSG00000270537	AC242842.1
HG1287_PATCH	150388743	150392131	ENSG00000272058	AC243772.2
HG1287_PATCH	150519072	150519467	ENSG00000270882	HIST1H4A
HG1287_PATCH	150528636	150529113	ENSG00000272196	HIST2H2AA3
HG1287_PATCH	150547179	150547574	ENSG00000270276	HIST1H4A
HG1287_PATCH	150626747	150697152	ENSG00000264522	OTUD7B
HG1287_PATCH	150753700	150831742	ENSG00000264082	VPS45
HG1287_PATCH	150836333	150846010	ENSG00000272207	PLEKHO1
HG1287_PATCH	150906790	150922509	ENSG00000265346	ANP32E
HG1287_PATCH	150944189	150951476	ENSG00000264654	CA14
HG1287_PATCH	150980264	150994799	ENSG00000266472	AC242988.1
HG1592_PATCH	105766900	105864484	ENSG00000271374	PACS2
HG1592_PATCH	105840955	105841308	ENSG00000270357	RPS20P33
HG1592_PATCH	105861979	105862477	ENSG00000270943	AL928654.2
HG1592_PATCH	105864916	105916443	ENSG00000270616	TEX22
HG1592_PATCH	105883221	105886076	ENSG00000270266	RP11-521B24.3
HG1592_PATCH	105886159	105937066	ENSG00000270410	MTA1
HG1592_PATCH	105934130	105936954	ENSG00000271451	RP11-521B24.5
HG1592_PATCH	105939299	105946499	ENSG00000270931	CRIP2
HG1592_PATCH	105952654	105955284	ENSG00000270784	CRIP1
HG1592_PATCH	105953536	105958604	ENSG00000271325	CRIP1
HG1592_PATCH	105956192	105965912	ENSG00000270288	C14orf80
HG1592_PATCH	105992940	105996539	ENSG00000271694	TMEM121
HG1592_PATCH	106003198	106003576	ENSG00000270545	ATP5G1P1
HG1592_PATCH	106012947	106016031	ENSG00000270707	ELK2BP
HG1592_PATCH	106053226	106054732	ENSG00000270464	IGHA2
HG1592_PATCH	106056273	106056350	ENSG00000271055	AL928742.3
HG1592_PATCH	106057407	106057466	ENSG00000271512	AL928742.4
HG1592_PATCH	106064028	106066546	ENSG00000270944	AL928742.12
HG1592_PATCH	106064224	106068065	ENSG00000270340	IGHE
HG1592_PATCH	106067809	106071694	ENSG00000270283	RP11-731F5.1
HG1592_PATCH	106090687	106092403	ENSG00000270498	IGHG4
HG1592_PATCH	106109389	106111127	ENSG00000270895	IGHG2
HG1592_PATCH	106110833	106115394	ENSG00000270651	RP11-731F5.2
HG1592_PATCH	106130970	106136180	ENSG00000271411	IGHGP
HG1592_PATCH	106138645	106139651	ENSG00000270737	ELK2AP
HG1592_PATCH	106170301	106170939	ENSG00000270203	AL928768.3
HG1592_PATCH	106173457	106175002	ENSG00000271189	IGHA1
HG1592_PATCH	106178260	106178329	ENSG00000270221	AL901608.2
HG1592_PATCH	106185955	106188864	ENSG00000270715	IGHEP1
HG1592_PATCH	106202680	106209408	ENSG00000271292	IGHG1
HG1592_PATCH	106235439	106237742	ENSG00000270355	IGHG3
HG1592_PATCH	106251842	106252168	ENSG00000271282	RP11-417P24.1
HG1592_PATCH	106303102	106312014	ENSG00000271438	IGHD
HG1592_PATCH	106320581	106322555	ENSG00000271541	IGHM
HG1592_PATCH	106323850	106323909	ENSG00000271388	hsa-mir-4539
HG1592_PATCH	106323910	106323969	ENSG00000271528	AC246787.4
HG1592_PATCH	106324080	106324139	ENSG00000271087	AC246787.3
HG1592_PATCH	106324502	106324579	ENSG00000270844	hsa-mir-4538
HG1592_PATCH	106324672	106324749	ENSG00000270752	AC246787.1
HG1592_PATCH	106324891	106324960	ENSG00000270952	AC246787.2
HG1592_PATCH	106325821	106325890	ENSG00000270310	hsa-mir-4537
HG1592_PATCH	106329535	106329595	ENSG00000271008	IGHJ6
HG1592_PATCH	106329753	106329802	ENSG00000271258	IGHJ3P
HG1592_PATCH	106330151	106330199	ENSG00000270662	IGHJ5
HG1592_PATCH	106330552	106330597	ENSG00000270564	IGHJ4
HG1592_PATCH	106330924	106330972	ENSG00000270396	IGHJ3
HG1592_PATCH	106331130	106331189	ENSG00000270345	IGHJ2P
HG1592_PATCH	106331536	106331587	ENSG00000271169	IGHJ2
HG1592_PATCH	106331744	106331795	ENSG00000271323	IGHJ1
HG1592_PATCH	106331888	106331898	ENSG00000271391	IGHD7-27
HG1592_PATCH	106331961	106332015	ENSG00000270940	IGHJ1P
HG1592_PATCH	106347371	106347390	ENSG00000270454	IGHD1-26
HG1592_PATCH	106347876	106347893	ENSG00000270963	IGHD6-25
HG1592_PATCH	106350240	106350259	ENSG00000271622	IGHD5-24
HG1592_PATCH	106351207	106351225	ENSG00000270805	IGHD4-23
HG1592_PATCH	106352368	106352398	ENSG00000271393	IGHD3-22
HG1592_PATCH	106354888	106354915	ENSG00000271444	IGHD2-21
HG1592_PATCH	106356421	106362914	ENSG00000270967	AL122127.25
HG1592_PATCH	106357528	106357544	ENSG00000270473	IGHD1-20
HG1592_PATCH	106358036	106358056	ENSG00000270622	IGHD6-19
HG1592_PATCH	106359879	106359898	ENSG00000271534	IGHD5-18
HG1592_PATCH	106360845	106360860	ENSG00000270643	IGHD4-17
HG1592_PATCH	106361971	106362007	ENSG00000270796	IGHD3-16
HG1592_PATCH	106364294	106364324	ENSG00000270888	IGHD2-15
HG1592_PATCH	106366975	106366991	ENSG00000270686	IGHD1-14
HG1592_PATCH	106367479	106367499	ENSG00000271634	IGHD6-13
HG1592_PATCH	106368986	106369008	ENSG00000271688	IGHD5-12
HG1592_PATCH	106369953	106369968	ENSG00000270418	IGHD4-11
HG1592_PATCH	106370834	106370864	ENSG00000271312	IGHD3-10
HG1592_PATCH	106371018	106371048	ENSG00000270899	IGHD3-9
HG1592_PATCH	106373548	106373578	ENSG00000271144	IGHD2-8
HG1592_PATCH	106376244	106376260	ENSG00000270608	IGHD1-7
HG1592_PATCH	106376747	106376764	ENSG00000271371	IGHD6-6
HG1592_PATCH	106378594	106378613	ENSG00000270311	IGHD5-5
HG1592_PATCH	106379559	106379574	ENSG00000271276	IGHD4-4
HG1592_PATCH	106380696	106380726	ENSG00000271031	IGHD3-3
HG1592_PATCH	106383163	106383193	ENSG00000271571	IGHD2-2
HG1592_PATCH	106385839	106385855	ENSG00000271432	IGHD1-1
HG1592_PATCH	106406093	106406590	ENSG00000270703	IGHV6-1
HG1592_PATCH	106411547	106411726	ENSG00000271577	IGHVII-1-1
HG1592_PATCH	106444857	106445483	ENSG00000270224	AB019441.29
HG1592_PATCH	106452921	106453420	ENSG00000270452	IGHV1-2
HG1592_PATCH	106467871	106468161	ENSG00000270636	IGHVIII-2-1
HG1592_PATCH	106471434	106471911	ENSG00000271535	IGHV1-3
HG1592_PATCH	106504240	106504702	ENSG00000271062	IGHV2-5
HG1592_PATCH	106506003	106506101	ENSG00000270600	IGHVIII-5-1
HG1592_PATCH	106511937	106512197	ENSG00000270877	IGHVIII-5-2
HG1592_PATCH	106521886	106522335	ENSG00000270609	IGHV3-6
HG1592_PATCH	106528488	106529020	ENSG00000270398	IGHV3-7
HG1592_PATCH	106582974	106583541	ENSG00000271648	IGHV3-11
HG1592_PATCH	106586544	106586810	ENSG00000270417	IGHVIII-11-1
HG1592_PATCH	106588757	106589046	ENSG00000271574	IGHV1-12
HG1592_PATCH	106595879	106596409	ENSG00000270676	IGHV3-13
HG1592_PATCH	106608624	106608914	ENSG00000270873	IGHVIII-13-1
HG1592_PATCH	106612228	106612468	ENSG00000271274	IGHV1-14
HG1592_PATCH	106619961	106620500	ENSG00000271058	IGHV3-15
HG1592_PATCH	106629920	106630139	ENSG00000271497	IGHVII-15-1
HG1592_PATCH	106631542	106632067	ENSG00000270214	IGHV3-16
HG1592_PATCH	106640679	106641097	ENSG00000270373	IGHV1-17
HG1592_PATCH	106436075	106438606	ENSG00000271968	AC246787.5
HG1079_PATCH	54544079	54567207	ENSG00000273421	VSTM1
HG1079_PATCH	54597922	54605946	ENSG00000271658	OSCAR
HG1079_PATCH	54573201	54584619	ENSG00000270825	AC012314.3
HG1592_PATCH	106651238	106651731	ENSG00000271261	IGHV1-18
HG1592_PATCH	106663037	106663327	ENSG00000270566	IGHV3-19
HG1592_PATCH	106672940	106674908	ENSG00000271191	AB019440.50
HG1592_PATCH	106673115	106673223	ENSG00000271106	AC247036.1
HG1592_PATCH	106677275	106677790	ENSG00000270774	IGHV3-20
HG1592_PATCH	106701401	106701931	ENSG00000270642	IGHV3-21
HG1592_PATCH	106724099	106724560	ENSG00000270925	IGHV3-22
HG1592_PATCH	106729699	106729963	ENSG00000270428	IGHVII-22-1
HG1592_PATCH	106731025	106731052	ENSG00000271446	IGHVIII-22-2
HG1592_PATCH	106734945	106735477	ENSG00000271562	IGHV3-23
HG1592_PATCH	106742885	106743380	ENSG00000271689	IGHV1-24
HG1592_PATCH	106753148	106753994	ENSG00000271403	HOMER2P2
HG1592_PATCH	106755366	106755816	ENSG00000270596	IGHV3-25
HG1592_PATCH	106759905	106760145	ENSG00000271193	IGHVIII-25-1
HG1592_PATCH	106767733	106768199	ENSG00000270298	IGHV2-26
HG1592_PATCH	106775754	106776003	ENSG00000270649	IGHVIII-26-1
HG1592_PATCH	106780988	106781312	ENSG00000271221	IGHVII-26-2
HG1592_PATCH	106784160	106784573	ENSG00000270819	IGHV7-27
HG1592_PATCH	106790593	106791097	ENSG00000271493	IGHV4-28
HG1592_PATCH	106797453	106797889	ENSG00000270474	IGHV3-29
HG1592_PATCH	106801419	106801950	ENSG00000270550	IGHV3-30
HG1592_PATCH	106809061	106809292	ENSG00000271539	IGHVII-30-1
HG1592_PATCH	106810732	106811170	ENSG00000271050	IGHV3-30-2
HG1592_PATCH	106815622	106816129	ENSG00000270295	IGHV4-31
HG1592_PATCH	106821009	106821045	ENSG00000270468	IGHVII-31-1
HG1592_PATCH	106822502	106822928	ENSG00000270439	IGHV3-32
HG1592_PATCH	106826130	106826661	ENSG00000270565	IGHV3-33
HG1592_PATCH	106833722	106834001	ENSG00000271520	IGHVII-33-1
HG1592_PATCH	106835444	106835883	ENSG00000271176	IGHV3-33-2
HG1592_PATCH	106840000	106840482	ENSG00000271023	IGHV4-34
HG1592_PATCH	106843637	106844070	ENSG00000270958	IGHV7-34-1
HG1592_PATCH	106855729	106856195	ENSG00000270635	IGHV3-35
HG1592_PATCH	106859111	106859568	ENSG00000270227	IGHV3-36
HG1592_PATCH	106863013	106863451	ENSG00000270341	IGHV3-37
HG1592_PATCH	106876830	106877358	ENSG00000271186	IGHV3-38
HG1592_PATCH	106884362	106884415	ENSG00000270250	IGHVIII-38-1
HG1592_PATCH	106888048	106888555	ENSG00000271083	IGHV4-39
HG1592_PATCH	106891702	106891900	ENSG00000271592	IGHV7-40
HG1592_PATCH	106902752	106902892	ENSG00000271004	AB019438.66
HG1592_PATCH	106907287	106907344	ENSG00000270465	IGHVII-40-1
HG1592_PATCH	106926429	106927392	ENSG00000270559	HOMER2P1
HG1592_PATCH	106929595	106929895	ENSG00000270529	IGHV3-42
HG1592_PATCH	106936601	106937137	ENSG00000270315	IGHV3-43
HG1592_PATCH	106944557	106944730	ENSG00000270197	IGHVIII-44
HG1592_PATCH	106955682	106956093	ENSG00000271295	IGHVIV-44-1
HG1592_PATCH	106960471	106960720	ENSG00000270613	IGHVII-44-2
HG1592_PATCH	106973335	106973828	ENSG00000270644	IGHV1-45
HG1592_PATCH	106977454	106978193	ENSG00000271224	IGHV1-46
HG1592_PATCH	106982155	106982191	ENSG00000270309	IGHVII-46-1
HG1592_PATCH	106984919	106985364	ENSG00000270572	IGHV3-47
HG1592_PATCH	106997478	106997808	ENSG00000270476	IGHVIII-47-1
HG1592_PATCH	107004149	107004681	ENSG00000270597	IGHV3-48
HG1592_PATCH	107023275	107023814	ENSG00000270786	IGHV3-49
HG1592_PATCH	107030712	107030935	ENSG00000271300	IGHVII-49-1
HG1592_PATCH	107032454	107032892	ENSG00000270939	IGHV3-50
HG1592_PATCH	107045081	107045573	ENSG00000271531	IGHV5-51
HG1592_PATCH	107049843	107050144	ENSG00000270208	IGHVIII-51-1
HG1592_PATCH	107051055	107051313	ENSG00000270463	IGHVII-51-2
HG1592_PATCH	107052713	107053163	ENSG00000271448	IGHV3-52
HG1592_PATCH	107059015	107059684	ENSG00000271089	IGHV3-53
HG1592_PATCH	107066007	107066261	ENSG00000271692	IGHVII-53-1
HG1592_PATCH	107072438	107072888	ENSG00000271504	IGHV4-55
HG1592_PATCH	107076099	107076533	ENSG00000271294	IGHV7-56
HG1592_PATCH	107085231	107085510	ENSG00000270841	IGHV3-57
HG1592_PATCH	107088696	107089192	ENSG00000271080	IGHV1-58
HG1592_PATCH	107092129	107094162	ENSG00000270668	IGHV4-59
HG1592_PATCH	107097534	107097990	ENSG00000270684	IGHV3-60
HG1592_PATCH	107103009	107103123	ENSG00000199654	RNA5SP389
HG1592_PATCH	107104055	107104310	ENSG00000271416	IGHVII-60-1
HG1592_PATCH	107105458	107105994	ENSG00000270358	IGHV4-61
HG1592_PATCH	107109479	107109922	ENSG00000270284	IGHV3-62
HG1592_PATCH	107116888	107117122	ENSG00000271575	IGHVII-62-1
HG1592_PATCH	107118574	107119018	ENSG00000270436	IGHV3-63
HG1592_PATCH	107124062	107124595	ENSG00000271450	IGHV3-64
HG1592_PATCH	107132429	107132869	ENSG00000270489	IGHV3-65
HG1592_PATCH	107138134	107138381	ENSG00000270291	IGHVII-65-1
HG1592_PATCH	107141354	107141881	ENSG00000270881	IGHV3-66
HG1592_PATCH	107146940	107147379	ENSG00000271289	IGHV1-67
HG1592_PATCH	107149732	107150687	ENSG00000271422	SLC20A1P1
HG1592_PATCH	107152854	107152899	ENSG00000271082	IGHVII-67-1
HG1592_PATCH	107153450	107153537	ENSG00000271331	IGHVIII-67-2
HG1592_PATCH	107158994	107159225	ENSG00000270201	IGHVIII-67-3
HG1592_PATCH	107161439	107161734	ENSG00000271548	IGHVIII-67-4
HG1592_PATCH	107170189	107170483	ENSG00000270530	IGHV1-68
HG1592_PATCH	107181021	107181518	ENSG00000271469	IGHV1-69
HG1592_PATCH	107189912	107190430	ENSG00000270376	IGHV2-70
HG1592_PATCH	107241494	107241955	ENSG00000271060	IGHV3-71
HG1592_PATCH	107257031	107257570	ENSG00000271695	IGHV3-72
HG1592_PATCH	107269031	107269570	ENSG00000270724	IGHV3-73
HG1592_PATCH	107276779	107277468	ENSG00000270305	IGHV3-74
HG1592_PATCH	107287511	107287751	ENSG00000270717	IGHVII-74-1
HG1592_PATCH	107290024	107290484	ENSG00000270215	IGHV3-75
HG1592_PATCH	107294206	107294500	ENSG00000270551	IGHV3-76
HG1592_PATCH	107298104	107298389	ENSG00000270693	IGHVIII-76-1
HG1592_PATCH	107317222	107317336	ENSG00000271319	hsa-mir-5195
HG1592_PATCH	107317460	107317754	ENSG00000270254	IGHV5-78
HG1592_PATCH	106955103	106961852	ENSG00000270816	AC244452.1
HG29_PATCH	46464753	46618490	ENSG00000271342	SLC9A7
HG29_PATCH	46696375	46741793	ENSG00000271091	RP2
HG29_PATCH	46746852	46759138	ENSG00000270459	CXorf31
HG29_PATCH	46937811	46952748	ENSG00000270349	RGN
HG29_PATCH	46946941	46947047	ENSG00000270253	RNU6-1189P
HG29_PATCH	46992106	46992261	ENSG00000271665	RNU12-2P
HG29_PATCH	47001651	47004939	ENSG00000270272	NDUFB11
HG1436_HG1432_PATCH	47636226	47638096	ENSG00000268921	RP3-393P12.1
HG1436_HG1432_PATCH	47657325	47664188	ENSG00000268625	WASF4P
HG1436_HG1432_PATCH	47696301	47861960	ENSG00000269594	ZNF81
HG1436_HG1432_PATCH	47700362	47701101	ENSG00000269123	RPL7P57
HG29_PATCH	47004304	47046248	ENSG00000271352	RBM10
HG29_PATCH	47016073	47017634	ENSG00000270803	CTD-2522E6.4
HG29_PATCH	47050296	47074563	ENSG00000271310	UBA1
HG29_PATCH	47064356	47065300	ENSG00000271674	INE1
HG29_PATCH	47077295	47089432	ENSG00000270633	CDK16
HG29_PATCH	46771868	46920676	ENSG00000271363	PHF16
HG1079_PATCH	54605982	54612511	ENSG00000271016	NDUFA3
HG1079_PATCH	54610267	54618929	ENSG00000271203	TFPT
HG1079_PATCH	54618711	54634963	ENSG00000271442	PRPF31
HG1079_PATCH	54622765	54628597	ENSG00000271135	AC012314.8
HG1079_PATCH	54658415	54663136	ENSG00000271542	LENG1
HG1079_PATCH	54676667	54693136	ENSG00000271019	MBOAT7
HG1079_PATCH	54693192	54696984	ENSG00000270502	TSEN34
HG1079_PATCH	54702708	54703225	ENSG00000271038	AC012314.20
HG1079_PATCH	54703996	54752257	ENSG00000271572	RPS9
HG1079_PATCH	54712346	54712672	ENSG00000270267	AC012314.19
HG1079_PATCH	54719532	54746007	ENSG00000270216	LILRB3
HG1079_PATCH	54727777	54728135	ENSG00000271125	CTB-83J4.1
HG1079_PATCH	54732290	54733467	ENSG00000270592	AC010492.2
HG1079_PATCH	54749355	54750576	ENSG00000270471	AC010492.4
HG1079_PATCH	54767205	54767313	ENSG00000271561	RNU6-1307P
HG1079_PATCH	54771258	54772296	ENSG00000270908	AC098789.1
HG1079_PATCH	54771259	54772299	ENSG00000271246	AC010492.5
HG1079_PATCH	54777075	54784438	ENSG00000271481	LILRB2
HG1079_PATCH	54785363	54785434	ENSG00000271012	MIR4752
HG1079_PATCH	54797303	54797620	ENSG00000270785	AC010518.3
HG1079_PATCH	54801359	54802068	ENSG00000271489	AC008984.5
HG1079_PATCH	54805012	54809280	ENSG00000271126	AC008984.7
HG1079_PATCH	54823458	54824466	ENSG00000270338	VN1R104P
HG1079_PATCH	54831526	54834688	ENSG00000271229	AC008984.6
HG1079_PATCH	54836439	54842404	ENSG00000270366	LILRA4
HG1079_PATCH	54882743	54883214	ENSG00000271037	AC008746.10
HG1079_PATCH	54933908	54937952	ENSG00000271669	AC008746.3
HG1079_PATCH	54937437	54937919	ENSG00000270630	CTD-2587H19.2
HG1079_PATCH	54941264	54941600	ENSG00000270595	CTD-2587H19.3
HG1079_PATCH	54941919	54942434	ENSG00000271103	AC008746.12
HG1079_PATCH	54948067	54952299	ENSG00000271637	LENG8-AS1
HG1079_PATCH	54950084	54950301	ENSG00000270238	AC008746.5
HG1079_PATCH	54968280	54976518	ENSG00000270365	CDC42EP5
HG1079_PATCH	55001133	55013941	ENSG00000271116	LAIR2
HG1079_PATCH	55024977	55025285	ENSG00000271030	AC008746.9
HG1079_PATCH	55055224	55055510	ENSG00000270687	AC009892.2
HG1079_PATCH	55076174	55090814	ENSG00000270501	LILRA2
HG1079_PATCH	55077133	55140782	ENSG00000270756	LILRB1
HG1079_PATCH	55092695	55093541	ENSG00000270219	CTB-83J4.2
HG1079_PATCH	55096836	55105344	ENSG00000271188	LILRA1
HG1079_PATCH	55111124	55111630	ENSG00000270217	AC009892.5
HG1079_PATCH	55132646	55132717	ENSG00000271640	AC245036.1
HG1079_PATCH	55138976	55142146	ENSG00000271107	AC009892.10
HG1079_PATCH	55147143	55173613	ENSG00000271326	LILRB4
HG1079_PATCH	55151198	55152107	ENSG00000271487	VN1R105P
HG1079_PATCH	55155339	55155484	ENSG00000271247	AC009892.9
HG1079_PATCH	55174485	55175845	ENSG00000270534	AC011515.2
HG1079_PATCH	55199858	55204159	ENSG00000270319	LILRP1
HG1079_PATCH	55207206	55207489	ENSG00000270247	AC098784.1
HG1079_PATCH	55209485	55209554	ENSG00000271619	AC243962.1
HG1079_PATCH	55211170	55216707	ENSG00000271516	LILRP2
HG1079_PATCH	55227718	55370248	ENSG00000271039	KIR3DL1
HG1436_HG1432_PATCH	47695352	47696192	ENSG00000269824	AL022578.1
HG1079_PATCH	55227733	55239790	ENSG00000271124	KIR3DL3
HG1079_PATCH	55227750	55301540	ENSG00000271139	CTB-61M7.1
HG1079_PATCH	55227751	55317772	ENSG00000271713	KIR2DL4
HG1079_PATCH	55241769	55287579	ENSG00000270787	KIR2DL3
HG1079_PATCH	55258277	55270625	ENSG00000270645	KIR2DP1
HG1079_PATCH	55273065	55287577	ENSG00000270186	KIR2DL1
HG1079_PATCH	55289610	55293573	ENSG00000270481	KIR3DP1
HG1079_PATCH	55335931	55351824	ENSG00000269642	KIR2DS4
HG1079_PATCH	55353698	55370462	ENSG00000271613	KIR3DL2
HG1079_PATCH	55372194	55372300	ENSG00000271059	RNU6-222P
HG1079_PATCH	55377503	55393727	ENSG00000271210	FCAR
HG1079_PATCH	55393928	55394675	ENSG00000271067	CTB-61M7.2
HG1079_PATCH	55409405	55419395	ENSG00000271000	NCR1
HG1079_PATCH	55426764	55469567	ENSG00000270884	NLRP7
HG1079_PATCH	55454889	55455848	ENSG00000271007	CTC-550B14.8
HG1079_PATCH	55456385	55504397	ENSG00000270370	NLRP2
HG1079_PATCH	55477072	55477672	ENSG00000271279	CTC-550B14.1
HG1079_PATCH	55509448	55551341	ENSG00000270594	CTC-550B14.7
HG1079_PATCH	55516960	55541519	ENSG00000270886	GP6
HG1079_PATCH	55530848	55557183	ENSG00000271206	CTC-550B14.6
HG1079_PATCH	55542363	55574546	ENSG00000270998	RDH13
HG1079_PATCH	55575275	55591178	ENSG00000270836	EPS8L1
HG1079_PATCH	54640974	54658961	ENSG00000270262	CNOT3
HG1079_PATCH	54663352	54676504	ENSG00000270942	AC245052.2
HG1079_PATCH	54753663	54760558	ENSG00000270848	AC245052.1
HG1079_PATCH	54810571	54816336	ENSG00000262610	LILRA5
HG1079_PATCH	54856880	54868368	ENSG00000270671	AC245884.2
HG1079_PATCH	54918685	54940126	ENSG00000270420	AC245884.1
HG1079_PATCH	54952141	54965270	ENSG00000270985	AC245884.3
HG1079_PATCH	55036045	55046986	ENSG00000270220	KIR3DX1
HG1436_HG1432_PATCH	47834250	47863377	ENSG00000269334	ZNF182
HG1436_HG1432_PATCH	47842755	47931057	ENSG00000269649	ZNF630
HG1436_HG1432_PATCH	47863735	47869128	ENSG00000268260	SPACA5
HG1436_HG1432_PATCH	47941166	47941269	ENSG00000267933	snoU13
HG1436_HG1432_PATCH	47967381	47980085	ENSG00000269673	SSX6
HG1436_HG1432_PATCH	47990056	47992012	ENSG00000268393	SPACA5B
HG1436_HG1432_PATCH	47995057	47995558	ENSG00000268082	RP11-38O23.3
HG1436_HG1432_PATCH	48013267	48015340	ENSG00000269287	RP11-38O23.4
HG1436_HG1432_PATCH	48013379	48013473	ENSG00000268263	RNU6-707P
HG1436_HG1432_PATCH	48015766	48025749	ENSG00000269632	SSXP3
HG1436_HG1432_PATCH	48037130	48037422	ENSG00000268092	RP11-38O23.7
HG1436_HG1432_PATCH	48045619	48056162	ENSG00000268256	SSX5
HG1436_HG1432_PATCH	48056620	48058830	ENSG00000267999	RP11-552E4.2
HG1436_HG1432_PATCH	48065657	48065773	ENSG00000268610	RNA5SP503
HG1436_HG1432_PATCH	48072190	48077409	ENSG00000269567	RP11-552E4.3
HG1436_HG1432_PATCH	48088232	48088358	ENSG00000268962	RP11-552E4.4
HG1436_HG1432_PATCH	48104293	48105144	ENSG00000268118	RP11-552E4.5
HG1436_HG1432_PATCH	48114716	48126843	ENSG00000268546	SSX1
HG1436_HG1432_PATCH	48134303	48134446	ENSG00000269561	RP11-344N17.2
HG1436_HG1432_PATCH	48136103	48136977	ENSG00000268124	RP11-344N17.3
HG1436_HG1432_PATCH	48138822	48141191	ENSG00000269683	RP11-344N17.11
HG1436_HG1432_PATCH	48156215	48165578	ENSG00000269306	SSX9
HG1436_HG1432_PATCH	48166168	48168454	ENSG00000268022	RP11-344N17.6
HG1436_HG1432_PATCH	48181748	48186082	ENSG00000268793	SSXP9
HG1436_HG1432_PATCH	48193074	48193838	ENSG00000268952	RP11-344N17.8
HG1436_HG1432_PATCH	48196298	48196568	ENSG00000270603	RP11-344N17.15
HG1436_HG1432_PATCH	48205827	48216106	ENSG00000269122	SSX3
HG1436_HG1432_PATCH	48216524	48218894	ENSG00000268917	RP11-344N17.9
HG1436_HG1432_PATCH	48231304	48231494	ENSG00000269144	RP11-344N17.13
HG1436_HG1432_PATCH	48282741	48282867	ENSG00000268611	AF196972.10
HG1436_HG1432_PATCH	48292600	48301018	ENSG00000268197	AF196972.3
HG1436_HG1432_PATCH	48306292	48308278	ENSG00000267887	AF196972.4
HG1436_HG1432_PATCH	48335552	48345763	ENSG00000269875	FTSJ1
HG1436_HG1432_PATCH	48365922	48368237	ENSG00000269090	AF196972.9
HG1436_HG1432_PATCH	48368361	48380213	ENSG00000268138	PORCN
HG1436_HG1432_PATCH	48380557	48388115	ENSG00000268394	EBP
HG1436_HG1432_PATCH	48398856	48422008	ENSG00000269499	TBC1D25
HG1436_HG1432_PATCH	48421101	48421200	ENSG00000268073	snoU13
HG1436_HG1432_PATCH	48432493	48434286	ENSG00000268786	AC115618.2
HG1436_HG1432_PATCH	48433848	48438465	ENSG00000268489	RBM3
HG1436_HG1432_PATCH	48439173	48440556	ENSG00000268619	RP11-1148L6.5
HG1436_HG1432_PATCH	48442492	48442738	ENSG00000268771	MRPL32P1
HG1436_HG1432_PATCH	48449441	48464592	ENSG00000267843	WDR13
HG1436_HG1432_PATCH	48495564	48496534	ENSG00000268487	VN1R110P
HG1436_HG1432_PATCH	48535995	48550826	ENSG00000267912	WAS
HG1436_HG1432_PATCH	48554953	48568411	ENSG00000268740	SUV39H1
HG1436_HG1432_PATCH	48558362	48596562	ENSG00000269626	AF196970.3
HG1436_HG1432_PATCH	48583854	48583960	ENSG00000269454	RNU6-1056P
HG1436_HG1432_PATCH	48621149	48633047	ENSG00000268712	GLOD5
HG1436_HG1432_PATCH	48635392	48636369	ENSG00000268937	AC115617.2
HG1436_HG1432_PATCH	48636364	48636470	ENSG00000269152	RNU6-29P
HG1436_HG1432_PATCH	48645953	48653708	ENSG00000267841	GATA1
HG1436_HG1432_PATCH	48660776	48684381	ENSG00000269101	HDAC6
HG1436_HG1432_PATCH	48688272	48689537	ENSG00000268426	ERAS
HG1436_HG1432_PATCH	48752846	48757542	ENSG00000267823	TIMM17B
HG1436_HG1432_PATCH	48757311	48762542	ENSG00000268142	PQBP1
HG1436_HG1432_PATCH	48762581	48771357	ENSG00000267929	SLC35A2
HG1436_HG1432_PATCH	48772581	48778423	ENSG00000267878	PIM2
HG1436_HG1432_PATCH	48781427	48817785	ENSG00000267983	OTUD5
HG1436_HG1432_PATCH	48799391	48800207	ENSG00000268418	AC233300.1
HG1436_HG1432_PATCH	48818578	48818681	ENSG00000268033	RNU6-722P
HG1436_HG1432_PATCH	48820777	48830968	ENSG00000267829	KCND1
HG1436_HG1432_PATCH	48866958	48867265	ENSG00000269491	RN7SL139P
HG1436_HG1432_PATCH	48888130	48902885	ENSG00000269748	TFE3
HG1436_HG1432_PATCH	48931125	48960569	ENSG00000269698	WDR45
HG1436_HG1432_PATCH	48931125	48939286	ENSG00000269389	AF196779.12
HG1436_HG1432_PATCH	48941427	48941564	ENSG00000268840	RNU4-52P
HG1436_HG1432_PATCH	48972795	48983200	ENSG00000268675	GPKOW
HG1436_HG1432_PATCH	49012050	49012341	ENSG00000269470	RN7SL262P
HG1436_HG1432_PATCH	49031325	49034638	ENSG00000269034	PLP2
HG1436_HG1432_PATCH	49047215	49059658	ENSG00000268353	SYP
HG1436_HG1432_PATCH	49058365	49061853	ENSG00000268382	SYP-AS1
HG1436_HG1432_PATCH	49062641	49062727	ENSG00000268253	AC232271.1
HG1436_HG1432_PATCH	49064462	49092770	ENSG00000269057	CACNA1F
HG1436_HG1432_PATCH	49093355	49093900	ENSG00000267997	HSPB1P2
HG1436_HG1432_PATCH	49094866	49109925	ENSG00000268501	CCDC22
HG1436_HG1432_PATCH	49109835	49124225	ENSG00000269002	FOXP3
HG1436_HG1432_PATCH	49129242	49160849	ENSG00000269870	PPP1R3F
HG1436_HG1432_PATCH	49132453	49135167	ENSG00000270129	LL0XNC01-7P3.1
HG1436_HG1432_PATCH	49163068	49179243	ENSG00000269030	GAGE10
HG1436_HG1432_PATCH	49181456	49188783	ENSG00000269149	GAGE12J
HG1436_HG1432_PATCH	49339268	49339384	ENSG00000268524	GAGE12B
HG1436_HG1432_PATCH	49341610	49348937	ENSG00000270290	GAGE12C
HG1436_HG1432_PATCH	49351166	49358493	ENSG00000271641	GAGE12D
HG1436_HG1432_PATCH	49360732	49368048	ENSG00000268016	GAGE12E
HG1436_HG1432_PATCH	49370275	49377604	ENSG00000270928	GAGE12F
HG1436_HG1432_PATCH	49379833	49387153	ENSG00000271467	GAGE12G
HG1436_HG1432_PATCH	49389382	49396700	ENSG00000271354	GAGE12H
HG1436_HG1432_PATCH	49398928	49406226	ENSG00000269016	GAGE2A
HG1436_HG1432_PATCH	49408424	49417935	ENSG00000269663	GAGE1
HG1436_HG1432_PATCH	49441899	49442748	ENSG00000268004	VDAC1P2
HG1436_HG1432_PATCH	49474243	49478079	ENSG00000268185	SALL1P1
HG1436_HG1432_PATCH	48242915	48252742	ENSG00000268009	SSX4
HG1436_HG1432_PATCH	48261481	48271309	ENSG00000269791	SSX4
HG1436_HG1432_PATCH	48317944	48329576	ENSG00000269587	SLC38A5
HG1436_HG1432_PATCH	48690493	48695033	ENSG00000268646	PCSK1N
HG1436_HG1432_PATCH	48836322	48861663	ENSG00000268679	AC233294.1
HG1436_HG1432_PATCH	48912971	48927863	ENSG00000272067	CCDC120
HG1436_HG1432_PATCH	49022242	49026896	ENSG00000269313	AC231657.1
HG1436_HG1432_PATCH	49034953	49045768	ENSG00000268139	PRICKLE3
HG357_PATCH	107143410	107147869	ENSG00000272421	RP1-60O19.2
HG357_PATCH	107165327	107235416	ENSG00000271735	RP1-60O19.1
HG1426_PATCH	76715111	76718232	ENSG00000268853	FGF16
HG357_PATCH	107186823	107186929	ENSG00000272528	RNU6-117P
HG357_PATCH	107232000	107232095	ENSG00000271764	MIR587
HG1292_PATCH	120619239	120619714	ENSG00000273379	RP11-114O18.1
HG1292_PATCH	120669597	120669697	ENSG00000264656	RNU6-465P
HG357_PATCH	107476078	107499217	ENSG00000271867	C6orf203
HG1292_PATCH	121629975	121638933	ENSG00000263850	FCGR1B
HG357_PATCH	107513057	107563144	ENSG00000271753	BEND3
HG357_PATCH	107580946	107581045	ENSG00000272013	RNU6-1299P
HG1292_PATCH	121630151	121659299	ENSG00000265834	RP11-439A17.10
HG1426_PATCH	76765832	77047170	ENSG00000268946	ATRX
HG1292_PATCH	121632912	121640278	ENSG00000265497	RP11-439A17.9
HG1292_PATCH	121650833	121659880	ENSG00000265540	HIST2H2BA
HG1292_PATCH	121660749	121689449	ENSG00000266116	RP11-439A17.4
HG357_PATCH	107600432	107907439	ENSG00000272309	PDSS2
HG357_PATCH	107379652	107379921	ENSG00000272101	FO393434.1
HG357_PATCH	107417708	107422630	ENSG00000272398	CD24
HG1426_PATCH	76988821	76989034	ENSG00000269744	FABP5P15
HG1426_PATCH	77087318	77156547	ENSG00000269639	MAGT1
HG1426_PATCH	77098243	77098349	ENSG00000268385	RNU6-854P
HG1426_PATCH	77146331	77146584	ENSG00000269702	RN7SL460P
HG1426_PATCH	77160392	77168327	ENSG00000269083	COX7B
HG1292_PATCH	120477737	120612326	ENSG00000266766	AL512503.1
HG1426_PATCH	77171651	77311349	ENSG00000269395	ATP7A
HG1292_PATCH	120698575	120719144	ENSG00000265808	SEC22B
HG1292_PATCH	120823868	120825921	ENSG00000272089	AC244669.1
HG1292_PATCH	120975013	120976326	ENSG00000270392	AC241952.1
HG1426_PATCH	77171695	77225844	ENSG00000269803	RP5-1000K24.2
HG1426_PATCH	77228915	77230592	ENSG00000269135	PGAM4
HG1292_PATCH	120978974	121010467	ENSG00000270231	NBPF10
HG1292_PATCH	121157717	121159770	ENSG00000272497	AC247039.1
HG1292_PATCH	121266731	121346462	ENSG00000273429	AC253572.2
HG1292_PATCH	121356529	121384104	ENSG00000273136	AC253572.1
HG1426_PATCH	77326142	77390250	ENSG00000269666	PGK1
HG1292_PATCH	121432369	121433153	ENSG00000263353	PPIAL4A
HG1292_PATCH	121455774	121456861	ENSG00000263560	AC241377.1
HG1426_PATCH	77390702	77400660	ENSG00000269257	TAF9B
HG1426_PATCH	77426650	77433376	ENSG00000269346	FNDC3CP
HG1074_PATCH	51026325	51130715	ENSG00000271910	PARG
HG1074_PATCH	51117659	51117988	ENSG00000272151	RP11-526K21.2
HG1074_PATCH	51162260	51162460	ENSG00000271790	SNORA74
HG50_PATCH	92316566	92334585	ENSG00000272222	RP11-316P17.2
HG1472_PATCH	3816936	3833789	ENSG00000268811	LINC01134
HG1074_PATCH	51180809	51190099	ENSG00000272331	LINC00843
HG50_PATCH	92414610	92436668	ENSG00000272073	RP5-1050E16.2
HG50_PATCH	92416642	92417976	ENSG00000272363	RP5-1050E16.1
HG1074_PATCH	51187711	51187826	ENSG00000272074	RNA5SP317
HG1074_PATCH	51196364	51218545	ENSG00000271962	AGAP6
HG944_PATCH	54036874	54043735	ENSG00000272290	RP5-1010E17.2
HG944_PATCH	54039549	54084752	ENSG00000272038	RP5-1010E17.1
HG1074_PATCH	51229228	51275849	ENSG00000272245	RP11-324H6.5
HG1074_PATCH	51233181	51235409	ENSG00000272228	SLC9A3P3
HG953_PATCH	70674412	70781325	ENSG00000272517	TGFA
HG953_PATCH	70682662	70682756	ENSG00000271873	AC017084.2
HG953_PATCH	70694517	70695627	ENSG00000272026	TGFA-IT1
HG1074_PATCH	51275934	51341555	ENSG00000272064	FAM21A
HG1436_HG1432_PATCH	49496849	49505392	ENSG00000269840	PAGE1
HG1436_HG1432_PATCH	49638659	49643372	ENSG00000268090	PAGE4
HG1436_HG1432_PATCH	49686123	49688640	ENSG00000268868	USP27X-AS1
HG1436_HG1432_PATCH	49721019	49721761	ENSG00000268425	AF238380.8
HG1436_HG1432_PATCH	49732014	49908634	ENSG00000269240	CLCN5
HG1436_HG1432_PATCH	49754735	49754841	ENSG00000268787	RNU6-421P
HG1436_HG1432_PATCH	49812547	49812637	ENSG00000268057	MIR532
HG1436_HG1432_PATCH	49812902	49812987	ENSG00000269568	MIR188
HG1436_HG1432_PATCH	49816055	49816137	ENSG00000268795	AC231645.1
HG1436_HG1432_PATCH	49817830	49817913	ENSG00000271104	MIR500A
HG1436_HG1432_PATCH	49818363	49818427	ENSG00000268596	MIR362
HG1436_HG1432_PATCH	49819121	49819204	ENSG00000270245	MIR501
HG1436_HG1432_PATCH	49820070	49820148	ENSG00000269310	MIR500B
HG1436_HG1432_PATCH	49822640	49822736	ENSG00000269033	MIR660
HG1436_HG1432_PATCH	49823997	49824082	ENSG00000271891	MIR502
HG1436_HG1432_PATCH	49965558	49965770	ENSG00000268481	PYY3
HG1436_HG1432_PATCH	49980596	49980696	ENSG00000269039	Y_RNA
HG1436_HG1432_PATCH	50000162	50010412	ENSG00000269285	AKAP4
HG1436_HG1432_PATCH	50012112	50159099	ENSG00000268264	CCNB3
HG953_PATCH	70834750	70995357	ENSG00000271760	ADD2
HG953_PATCH	70914274	70918956	ENSG00000272169	AC007395.3
HG953_PATCH	71004442	71017775	ENSG00000272503	FIGLA
HG953_PATCH	71030289	71030558	ENSG00000272433	HMGN2P21
HG953_PATCH	71035775	71047732	ENSG00000272352	CLEC4F
HG953_PATCH	71037930	71038606	ENSG00000272095	AC007395.4
HG953_PATCH	71057347	71062953	ENSG00000272210	CD207
HG953_PATCH	71115002	71117090	ENSG00000272526	LINC01143
HG953_PATCH	71127721	71160577	ENSG00000271772	VAX2
HG953_PATCH	71157471	71157546	ENSG00000272353	snoU13
HG953_PATCH	71163013	71192537	ENSG00000271809	ATP6V1B1
HG953_PATCH	71166449	71222467	ENSG00000271961	AC007040.11
HG953_PATCH	71168948	71175741	ENSG00000272423	AC007040.7
HG953_PATCH	71183030	71183365	ENSG00000272111	TCEB1P21
HG953_PATCH	71192702	71192996	ENSG00000272348	RN7SL160P
HG953_PATCH	71205511	71212627	ENSG00000271799	ANKRD53
HG953_PATCH	71213069	71222076	ENSG00000272125	TEX261
HG953_PATCH	71221574	71229885	ENSG00000272318	AC007040.6
HG953_PATCH	71229662	71291874	ENSG00000271718	AC007040.8
HG953_PATCH	71239462	71239538	ENSG00000272257	AC007040.5
HG953_PATCH	71240220	71240288	ENSG00000272492	AC007040.9
HG953_PATCH	71244155	71244240	ENSG00000272105	AC007040.4
HG953_PATCH	71256159	71257024	ENSG00000271942	OR7E91P
HG174_HG254_PATCH	65125	65233	ENSG00000273187	AC253576.2
HG174_HG254_PATCH	105959	107114	ENSG00000273260	Z95704.3
HG174_HG254_PATCH	136461	136568	ENSG00000272826	AC253576.1
HG174_HG254_PATCH	201409	205009	ENSG00000272867	RP11-1365D11.1
HG174_HG254_PATCH	212610	255985	ENSG00000273422	ZNF876P
HG174_HG254_PATCH	224215	224323	ENSG00000272730	AC079140.2
HG174_HG254_PATCH	268982	269531	ENSG00000272557	RP11-478C6.6
HG174_HG254_PATCH	269866	270175	ENSG00000273465	RP11-478C6.5
HG174_HG254_PATCH	270675	305321	ENSG00000272889	ZNF732
HG174_HG254_PATCH	336258	336786	ENSG00000273278	RP11-478C6.1
HG174_HG254_PATCH	337814	384864	ENSG00000272957	ZNF141
HG174_HG254_PATCH	338097	338583	ENSG00000272978	RP11-478C6.2
HG174_HG254_PATCH	342821	342962	ENSG00000272637	RP11-478C6.4
HG174_HG254_PATCH	350157	350252	ENSG00000273334	MIR571
HG174_HG254_PATCH	393534	393658	ENSG00000272570	RP11-2H3.2
HG174_HG254_PATCH	409809	409915	ENSG00000273371	AC092574.4
HG174_HG254_PATCH	416118	416537	ENSG00000272747	RP11-2H3.6
HG174_HG254_PATCH	425435	474129	ENSG00000273195	ABCA11P
HG174_HG254_PATCH	425815	499156	ENSG00000272580	ZNF721
HG174_HG254_PATCH	467528	467636	ENSG00000272665	AC092574.3
HG1292_PATCH	121660818	121661233	ENSG00000265723	HIST2H3DP1
HG1292_PATCH	121684674	121685061	ENSG00000264335	RP11-439A17.5
HG1082_HG167_PATCH	140165876	140391929	ENSG00000273078	PCDHA1
HG1292_PATCH	121710269	121728190	ENSG00000264820	FAM72B
HG1082_HG167_PATCH	140174444	140391929	ENSG00000273201	PCDHA2
HG1292_PATCH	121727603	121730136	ENSG00000265389	RP11-439A17.7
HG1082_HG167_PATCH	140180783	140391929	ENSG00000272818	PCDHA3
HG1292_PATCH	121902779	121941429	ENSG00000266833	RP11-343N15.1
HG1082_HG167_PATCH	140186659	140391929	ENSG00000272756	PCDHA4
HG1292_PATCH	121907886	121930711	ENSG00000266659	SRGAP2C
HG1292_PATCH	121934018	121935343	ENSG00000270026	RP11-343N15.5
HG1082_HG167_PATCH	140201222	140391929	ENSG00000273146	PCDHA5
HG1292_PATCH	121939377	122005752	ENSG00000265792	AL592494.5
HG1292_PATCH	121955342	121971897	ENSG00000266056	RP11-343N15.2
HG1292_PATCH	122037002	122053006	ENSG00000264214	RP11-344P13.4
HG1292_PATCH	122044967	122046514	ENSG00000264938	RP11-344P13.3
HG1292_PATCH	122060989	122061452	ENSG00000273043	RP11-344P13.6
HG1292_PATCH	122061968	122111416	ENSG00000265305	EMBP1
HG1082_HG167_PATCH	140207563	140391929	ENSG00000273256	PCDHA6
HG1292_PATCH	122116569	122123147	ENSG00000265952	RP11-344P13.1
HG957_PATCH	53190025	53226733	ENSG00000273482	PRKCD
HG1082_HG167_PATCH	140213969	140391929	ENSG00000272615	PCDHA7
HG1082_HG167_PATCH	140220907	140391929	ENSG00000273263	PCDHA8
HG1082_HG167_PATCH	140227048	140391929	ENSG00000272794	PCDHA9
HG1082_HG167_PATCH	140235595	140391929	ENSG00000272935	PCDHA10
HG174_HG254_PATCH	499200	540196	ENSG00000272607	PIGG
HG1082_HG167_PATCH	140240341	140243224	ENSG00000273029	AC005609.3
HG1082_HG167_PATCH	140240860	140243104	ENSG00000273332	PCDHA14
HG1082_HG167_PATCH	140248689	140391929	ENSG00000273220	PCDHA11
HG957_PATCH	53243969	53244062	ENSG00000273277	AC097015.2
HG193_PATCH	157610520	157644735	ENSG00000272547	TMEM242
HG193_PATCH	157612445	157612533	ENSG00000273021	snoU13
HG193_PATCH	157620179	157621260	ENSG00000273475	LDHAL6FP
HG193_PATCH	157645098	157645611	ENSG00000272819	RP5-933K21.3
HG193_PATCH	157687124	157688057	ENSG00000273206	RP5-933K21.2
HG1082_HG167_PATCH	140255058	140391929	ENSG00000273317	PCDHA12
HG1082_HG167_PATCH	140261793	140391929	ENSG00000272974	PCDHA13
HG1082_HG167_PATCH	140306302	140391929	ENSG00000272550	PCDHAC1
HG174_HG254_PATCH	53333	162774	ENSG00000272602	ZNF595
HG1082_HG167_PATCH	140345820	140391936	ENSG00000272548	PCDHAC2
HG174_HG254_PATCH	124084	125541	ENSG00000273324	AC253576.3
HG1082_HG167_PATCH	140430979	140433512	ENSG00000272731	PCDHB1
HG1082_HG167_PATCH	140474228	140476963	ENSG00000260225	PCDHB2
HG1082_HG167_PATCH	140479830	140481795	ENSG00000273390	AC005754.7
HG1082_HG167_PATCH	140480235	140483407	ENSG00000272585	PCDHB3
HG957_PATCH	53258723	53290068	ENSG00000272687	TKT
HG1082_HG167_PATCH	140498265	140500350	ENSG00000272737	AC005754.8
HG1082_HG167_PATCH	140501584	140505204	ENSG00000272633	PCDHB4
HG1082_HG167_PATCH	140514803	140517706	ENSG00000273383	PCDHB5
HG1082_HG167_PATCH	140529687	140532872	ENSG00000273392	PCDHB6
HG1082_HG167_PATCH	140535581	140538643	ENSG00000273039	PCDHB17
HG1082_HG167_PATCH	140552247	140555961	ENSG00000272845	PCDHB7
HG1082_HG167_PATCH	140557375	140560085	ENSG00000273227	PCDHB8
HG1082_HG167_PATCH	140566904	140571123	ENSG00000272587	PCDHB9
HG1082_HG167_PATCH	140571954	140575227	ENSG00000268060	PCDHB10
HG1082_HG167_PATCH	140579195	140582630	ENSG00000262565	PCDHB11
HG957_PATCH	53317212	53317315	ENSG00000273042	snoU13
HG1082_HG167_PATCH	140588282	140591709	ENSG00000272903	PCDHB12
HG957_PATCH	53322887	53323140	ENSG00000273346	RN7SL821P
HG957_PATCH	53367076	53367144	ENSG00000273241	SNORD38
HG1082_HG167_PATCH	140593522	140597006	ENSG00000273357	PCDHB13
HG957_PATCH	53421729	53421852	ENSG00000273480	SNORA26
HG1082_HG167_PATCH	140602944	140605871	ENSG00000273310	PCDHB14
HG1082_HG167_PATCH	140613951	140617114	ENSG00000273067	PCDHB18
HG1082_HG167_PATCH	140619535	140621881	ENSG00000273468	PCDHB19P
HG957_PATCH	53317443	53381643	ENSG00000272886	AC112218.1
HG1082_HG167_PATCH	140625164	140627816	ENSG00000272641	PCDHB15
HG1082_HG167_PATCH	140682214	140683630	ENSG00000272653	SLC25A2
HG1082_HG167_PATCH	140560984	140565803	ENSG00000272674	AC244517.1
HG444_PATCH	64990542	65019657	ENSG00000272725	RP11-667F9.1
HG444_PATCH	65081990	65084127	ENSG00000272959	RP13-157F18.2
HG444_PATCH	65216055	65228267	ENSG00000273140	CCT6P1
HG444_PATCH	65220439	65220572	ENSG00000272956	SNORA22
HG444_PATCH	65224965	65225099	ENSG00000272605	SNORA15
HG444_PATCH	65238533	65266980	ENSG00000273161	RP11-479O9.2
HG444_PATCH	65279585	65279688	ENSG00000273034	RNU6-912P
HG444_PATCH	65018675	65020372	ENSG00000272693	AC104057.2
HG1699_PATCH	48173167	48648898	ENSG00000272972	SPIDR
HG444_PATCH	65112080	65235723	ENSG00000273425	AC073107.1
HG444_PATCH	65112777	65183566	ENSG00000273024	INTS4L2
HG122_PATCH	118230300	118269926	ENSG00000268110	UBE4A
HG122_PATCH	118267810	118272610	ENSG00000269381	RP11-770J1.5
HG122_PATCH	118271869	118302211	ENSG00000268551	ATP5L
HG122_PATCH	118286692	118287236	ENSG00000270027	RP11-770J1.7
HG122_PATCH	118301123	118301419	ENSG00000268254	RN7SL86P
HG122_PATCH	118303836	118305921	ENSG00000267955	RP11-770J1.4
HG417_PATCH	95168	95255	ENSG00000269234	AC108004.1
HG417_PATCH	96017	121634	ENSG00000268429	DOC2B
HG418_PATCH	143751669	143764085	ENSG00000262150	PSCA
HG122_PATCH	118307205	118397539	ENSG00000267910	KMT2A
HG417_PATCH	123822	131585	ENSG00000267805	AC108004.2
HG418_PATCH	143781472	143786488	ENSG00000262378	LY6K
HG418_PATCH	143783613	143808334	ENSG00000262916	CTD-2292P10.4
HG418_PATCH	143808564	143818288	ENSG00000263194	THEM6
HG418_PATCH	143808644	143809051	ENSG00000262232	CTD-2292P10.2
HG418_PATCH	143738821	143751344	ENSG00000262023	JH8
HG122_PATCH	118382626	118401809	ENSG00000268515	RP11-770J1.3
HG417_PATCH	152500	326252	ENSG00000268693	RPH3AL
HG122_PATCH	118398187	118401912	ENSG00000269115	TTC36
HG417_PATCH	261390	262451	ENSG00000267917	RP11-1260E13.1
HG417_PATCH	271203	273486	ENSG00000268586	RP11-1260E13.4
HG417_PATCH	292636	297579	ENSG00000268306	RP11-1260E13.2
HG417_PATCH	294735	296880	ENSG00000268346	RP11-1260E13.3
HG417_PATCH	868	3903	ENSG00000273089	AC240565.2
HG417_PATCH	77571	79067	ENSG00000268320	AC240565.1
HG979_PATCH	117579602	117580247	ENSG00000273410	RP11-169K19.1
HG344_PATCH	6896024	6929974	ENSG00000268779	CD4
HG979_PATCH	116853124	117708745	ENSG00000272811	ATRNL1
HG122_PATCH	118401756	118417995	ENSG00000269319	TMEM25
HG344_PATCH	6930711	6939136	ENSG00000269830	GPR162
HG344_PATCH	6937572	6949018	ENSG00000268828	LEPREL2
HG122_PATCH	118415243	118443685	ENSG00000269278	IFT46
HG122_PATCH	118431405	118432295	ENSG00000269627	RPL5P30
HG344_PATCH	6949118	6956557	ENSG00000268195	GNB3
HG122_PATCH	118443105	118473748	ENSG00000269382	ARCN1
HG122_PATCH	118464703	118464808	ENSG00000268599	RNU6-1157P
HG122_PATCH	118507335	118508812	ENSG00000268378	AP002954.3
HG122_PATCH	118558754	118561315	ENSG00000268766	AP002954.6
HG122_PATCH	118573057	118573162	ENSG00000268664	RNU6-376P
HG122_PATCH	118575322	118620979	ENSG00000268331	AP002954.4
HG122_PATCH	118620040	118661864	ENSG00000269612	DDX6
HG344_PATCH	6953957	6961230	ENSG00000268136	CDCA3
HG122_PATCH	118477213	118528753	ENSG00000267867	PHLDB1
HG987_PATCH	21279509	21323179	ENSG00000261309	KCNJ12
HG344_PATCH	6961292	6975796	ENSG00000268462	USP5
HG385_PATCH	33905065	34053436	ENSG00000270478	AP2B1
HG987_PATCH	21348145	21348751	ENSG00000264096	PDLIM1P2
HG987_PATCH	21359825	21363527	ENSG00000263799	RP11-728E14.3
HG987_PATCH	21360746	21362301	ENSG00000265310	RP11-728E14.2
HG987_PATCH	21407870	21408371	ENSG00000261142	RPL21P120
HG987_PATCH	21422826	21424581	ENSG00000264492	RP11-822E23.7
HG987_PATCH	21428102	21477770	ENSG00000259857	C17orf51
HG987_PATCH	21435789	21477829	ENSG00000272847	RP11-822E23.8
HG987_PATCH	21436286	21446098	ENSG00000263836	RP11-822E23.2
HG987_PATCH	21455821	21456023	ENSG00000263867	RP11-822E23.3
HG987_PATCH	21469881	21477829	ENSG00000273441	RP11-822E23.6
HG987_PATCH	21477082	21477385	ENSG00000265620	RP11-822E23.4
HG122_PATCH	118528947	118550387	ENSG00000268021	TREH
HG987_PATCH	21481130	21481217	ENSG00000264516	AC233702.1
HG987_PATCH	21496106	21497492	ENSG00000265153	RP11-822E23.5
HG987_PATCH	21536037	21544675	ENSG00000260157	NCOR1P2
HG987_PATCH	21559155	21560945	ENSG00000260839	AC144838.3
HG987_PATCH	21752643	21752811	ENSG00000264795	AC144838.2
HG987_PATCH	21606053	21607836	ENSG00000260458	KCNJ12
HG344_PATCH	6976283	6980112	ENSG00000268548	TPI1
HG385_PATCH	34046907	34047461	ENSG00000271510	RPL17P42
HG344_PATCH	6980099	6998522	ENSG00000268190	SPSB2
HG344_PATCH	6982553	6993905	ENSG00000267877	RPL13P5
HG344_PATCH	6982733	7023407	ENSG00000268135	LRRC23
HG344_PATCH	6993846	6994950	ENSG00000269361	DSTNP2
HG344_PATCH	7022909	7032861	ENSG00000269528	ENO2
HG344_PATCH	7033626	7051484	ENSG00000268872	ATN1
HG344_PATCH	7052141	7055166	ENSG00000268123	C12orf57
HG344_PATCH	7052671	7053767	ENSG00000272322	U47924.31
HG344_PATCH	7052979	7053041	ENSG00000269269	RNU7-1
HG1591_PATCH	22176022	22191945	ENSG00000272740	RP11-285M22.3
HG1591_PATCH	22192161	22192940	ENSG00000273094	RP11-285M22.1
HG1591_PATCH	22192652	22194158	ENSG00000272753	RP11-285M22.2
HG1591_PATCH	22203742	22205012	ENSG00000272890	RP11-846F4.11
HG344_PATCH	7055631	7070479	ENSG00000268954	PTPN6
HG344_PATCH	7072409	7073610	ENSG00000269851	U47924.27
HG344_PATCH	7072862	7072929	ENSG00000268594	MIR200C
HG344_PATCH	7073260	7073354	ENSG00000268031	MIR141
HG344_PATCH	7074112	7074545	ENSG00000272522	U47924.29
HG344_PATCH	7074490	7079988	ENSG00000269079	PHB2
HG1595_PATCH	121746048	121837699	ENSG00000272204	ANAPC5
HG344_PATCH	7076500	7076769	ENSG00000267818	SCARNA12
HG344_PATCH	7087684	7089104	ENSG00000272187	U47924.30
HG344_PATCH	7097422	7180195	ENSG00000269882	C1S
HG344_PATCH	7141271	7141561	ENSG00000268048	RP3-461F17.1
HG344_PATCH	7150319	7150804	ENSG00000269322	RP3-461F17.2
HG344_PATCH	7079944	7085166	ENSG00000268439	EMG1
HG344_PATCH	7085348	7127701	ENSG00000268829	LPCAT3
HG1595_PATCH	121829765	121837662	ENSG00000271866	RP11-711D18.2
HG1595_PATCH	121837844	121868389	ENSG00000271829	RNF34
HG1595_PATCH	121866900	122018818	ENSG00000272358	KDM2B
HG1595_PATCH	122018595	122031307	ENSG00000271720	RP13-941N14.1
HG1595_PATCH	122042705	122042815	ENSG00000272044	RNU6-1004P
HG1595_PATCH	122064353	122080481	ENSG00000272171	ORAI1
HG1595_PATCH	122088922	122110435	ENSG00000271801	MORN3
HG730_PATCH	20188803	20237885	ENSG00000261352	ZNF90
HG730_PATCH	20235248	20236293	ENSG00000261503	CTC-260E6.2
HG730_PATCH	20236186	20432114	ENSG00000267017	CTC-260E6.6
HG730_PATCH	20242703	20262717	ENSG00000267584	CTC-260E6.9
HG730_PATCH	20247742	20248042	ENSG00000271479	CTC-260E6.11
HG1350_HG959_PATCH	41937223	41946622	ENSG00000272997	ATP5SL
HG730_PATCH	20278037	20311299	ENSG00000263255	ZNF486
HG730_PATCH	20285822	20287872	ENSG00000267256	CTC-260E6.8
HG730_PATCH	20317653	20317763	ENSG00000267464	CTC-260E6.7
HG730_PATCH	20332678	20333272	ENSG00000270407	CTC-260E6.10
HG730_PATCH	20359861	20361104	ENSG00000268236	AC078899.4
HG730_PATCH	20368529	20370227	ENSG00000261228	AC078899.1
HG730_PATCH	20378626	20379200	ENSG00000268507	AC078899.2
HG730_PATCH	20405898	20414603	ENSG00000267947	AC078899.3
HG730_PATCH	20413399	20413481	ENSG00000264053	AC078899.7
HG730_PATCH	20434801	20435377	ENSG00000270536	CTC-575C13.2
HG1350_HG959_PATCH	41949063	41950670	ENSG00000273205	C19orf69
HG730_PATCH	20462311	20462888	ENSG00000271445	CTC-575C13.1
HG730_PATCH	20473327	20473432	ENSG00000262288	AC078899.6
HG730_PATCH	20510081	20510163	ENSG00000262269	MIR1270-1
HG730_PATCH	20527323	20527878	ENSG00000268399	CTC-513N18.5
HG1350_HG959_PATCH	41960074	42006554	ENSG00000273152	AC011526.1
HG730_PATCH	20543361	20639424	ENSG00000268504	CTC-513N18.6
HG730_PATCH	20554024	20554534	ENSG00000269284	CTC-513N18.3
HG1350_HG959_PATCH	42012057	42012803	ENSG00000273479	AC005795.1
HG1350_HG959_PATCH	42026948	42027894	ENSG00000273280	PLEKHA3P1
HG1350_HG959_PATCH	42037111	42038079	ENSG00000273405	AC006129.1
HG385_PATCH	34058668	34070540	ENSG00000270885	RASL10B
HG730_PATCH	20646634	20676618	ENSG00000262578	ZNF737
HG1350_HG959_PATCH	42041088	42042809	ENSG00000273435	AC006129.4
HG1350_HG959_PATCH	42051097	42061367	ENSG00000272938	AC006129.2
HG730_PATCH	20664601	20772392	ENSG00000272924	CTC-513N18.7
HG385_PATCH	34071530	34079897	ENSG00000270765	GAS2L2
HG730_PATCH	20693893	20694456	ENSG00000267956	VN1R78P
HG1350_HG959_PATCH	42105640	42111889	ENSG00000272816	CEACAMP3
HG730_PATCH	20722368	20726198	ENSG00000269818	CTD-2332E11.2
HG385_PATCH	34084218	34085344	ENSG00000271392	RP1-161P9.5
HG1350_HG959_PATCH	42111246	42111576	ENSG00000273166	DNAJC19P2
HG730_PATCH	20730870	20772405	ENSG00000262249	ZNF626
HG385_PATCH	34087916	34092098	ENSG00000270806	C17orf50
HG1350_HG959_PATCH	42124876	42132979	ENSG00000272708	CEACAM4
HG385_PATCH	34135508	34135916	ENSG00000270829	AC015849.12
HG1350_HG959_PATCH	42144474	42144804	ENSG00000273168	DNAJC19P3
HG1350_HG959_PATCH	42145564	42146507	ENSG00000273101	AC005626.3
HG1350_HG959_PATCH	42158581	42158868	ENSG00000272878	AC005794.1
HG1350_HG959_PATCH	42179212	42212881	ENSG00000272684	CEACAM7
HG1350_HG959_PATCH	42214490	42235703	ENSG00000272743	CEACAM5
HG385_PATCH	34136474	34191634	ENSG00000270647	TAF15
HG1350_HG959_PATCH	42214517	42267187	ENSG00000273020	CEA
HG1350_HG959_PATCH	42256882	42278113	ENSG00000272939	CEACAM6
HG1350_HG959_PATCH	42263803	42292798	ENSG00000272552	AC011513.4
HG1350_HG959_PATCH	42302342	42317458	ENSG00000272611	CEACAM3
HG385_PATCH	34143736	34157312	ENSG00000270871	AC015849.19
HG385_PATCH	34145418	34150732	ENSG00000270894	AC015849.13
HG1350_HG959_PATCH	42335597	42336843	ENSG00000272616	HNRNPA1P52
HG237_PATCH	45917775	46131461	ENSG00000272728	TSPEAR
HG237_PATCH	45926690	45935738	ENSG00000273337	TSPEAR-AS1
HG237_PATCH	45937099	45945835	ENSG00000272929	C21orf90
HG1350_HG959_PATCH	42350648	42358238	ENSG00000273436	DMRTC2
HG237_PATCH	45958864	45960078	ENSG00000273229	KRTAP10-1
HG237_PATCH	45970240	45971388	ENSG00000273157	KRTAP10-2
HG385_PATCH	34181970	34195910	ENSG00000270379	C17orf66
HG237_PATCH	45977673	45978643	ENSG00000273054	KRTAP10-3
HG237_PATCH	45993612	45994993	ENSG00000273351	KRTAP10-4
HG237_PATCH	45999338	46000487	ENSG00000273322	KRTAP10-5
HG237_PATCH	46011151	46012388	ENSG00000272961	KRTAP10-6
HG237_PATCH	46031962	46032837	ENSG00000272651	KRTAP10-8
HG237_PATCH	46047006	46048260	ENSG00000272586	KRTAP10-9
HG1350_HG959_PATCH	42365823	42378831	ENSG00000272852	RPS19
HG237_PATCH	46057239	46058336	ENSG00000272704	KRTAP10-10
HG237_PATCH	46066297	46067530	ENSG00000273412	KRTAP10-11
HG237_PATCH	46074096	46074542	ENSG00000272951	KRTAP12-4
HG237_PATCH	46077815	46078224	ENSG00000273114	KRTAP12-3
HG385_PATCH	34188112	34188585	ENSG00000271268	AC015849.14
HG237_PATCH	46086072	46086810	ENSG00000272766	KRTAP12-2
HG385_PATCH	34195986	34212882	ENSG00000270240	AC015849.2
HG1350_HG959_PATCH	42383025	42387277	ENSG00000272985	CD79A
HG385_PATCH	34198510	34207812	ENSG00000271503	CCL5
HG385_PATCH	34216577	34216823	ENSG00000271394	RN7SKP274
HG1350_HG959_PATCH	42414424	42416002	ENSG00000273158	CTD-2575K13.6
HG385_PATCH	34220726	34238042	ENSG00000270977	AC015849.16
HG385_PATCH	34239654	34245029	ENSG00000271013	LRRC37A9P
HG237_PATCH	46020480	46022049	ENSG00000272804	AP001067.1
HG1350_HG959_PATCH	42462586	42465295	ENSG00000272881	RABAC1
HG385_PATCH	34245085	34257792	ENSG00000270517	RDM1
HG745_PATCH	36337717	36421858	ENSG00000261674	RP11-1407O15.2
HG745_PATCH	36387075	36387176	ENSG00000262537	Y_RNA
HG1350_HG959_PATCH	42472487	42503402	ENSG00000272584	ATP1A3
HG745_PATCH	36452989	36479101	ENSG00000259980	MRPL45
HG385_PATCH	34092876	34122655	ENSG00000271447	MMP28
HG745_PATCH	36481413	36499730	ENSG00000260825	GPR179
HG745_PATCH	36508111	36556020	ENSG00000261413	SOCS7
HG745_PATCH	36566043	36566303	ENSG00000265004	RN7SL458P
HG1350_HG959_PATCH	42504226	42575403	ENSG00000272706	GRIK5
HG1350_HG959_PATCH	42082084	42092748	ENSG00000272876	AC243960.1
HG745_PATCH	36584663	36668629	ENSG00000260374	ARHGAP23
HG1350_HG959_PATCH	42342979	42350578	ENSG00000273111	LYPD4
HG1350_HG959_PATCH	42389105	42413350	ENSG00000272879	ARHGEF1
HG745_PATCH	36606639	36608689	ENSG00000260960	AC124789.1
HG745_PATCH	36686252	36762184	ENSG00000262199	SRCIN1
HG1459_PATCH	143922495	143923378	ENSG00000268914	HNRNPCP10
HG1459_PATCH	144138825	144139154	ENSG00000269045	RN7SKP189
HG1459_PATCH	144258299	144258611	ENSG00000269876	CYCSP44
HG1459_PATCH	144314646	144315336	ENSG00000269548	RP11-143G3.1
HG1459_PATCH	144328545	144337829	ENSG00000269436	SPANXN1
HG1459_PATCH	144711933	144714090	ENSG00000268459	RP13-150K15.1
HG1459_PATCH	144849810	144850057	ENSG00000270984	GS1-115M3.4
HG1459_PATCH	144899547	144907557	ENSG00000268737	SLITRK2
HG1459_PATCH	144909125	144911565	ENSG00000268210	TMEM257
HG1459_PATCH	145072582	145072652	ENSG00000269333	AL445258.2
HG1459_PATCH	145074468	145074540	ENSG00000269472	hsa-mir-892c
HG1459_PATCH	145075990	145076066	ENSG00000269241	MIR890
HG1459_PATCH	145076499	145076575	ENSG00000269497	MIR888
HG1459_PATCH	145078384	145078458	ENSG00000269661	MIR892A
HG1459_PATCH	145078913	145078989	ENSG00000267971	MIR892B
HG1459_PATCH	145082768	145082846	ENSG00000267953	MIR891B
HG1459_PATCH	145109509	145109587	ENSG00000269224	MIR891A
HG1459_PATCH	145509171	145509287	ENSG00000268454	RNA5SP517
HG1459_PATCH	145619250	145619763	ENSG00000268547	RP11-183K14.1
HG1459_PATCH	145635443	145637480	ENSG00000269447	ELL2P4
HG1459_PATCH	145701312	145702299	ENSG00000268008	RP1-203P18.1
HG1459_PATCH	145891499	145892124	ENSG00000268684	CXorf51B
HG1459_PATCH	145895821	145896441	ENSG00000268774	CXorf51A
HG1459_PATCH	146036790	146036924	ENSG00000268152	RP1-73A14.1
HG1459_PATCH	146045891	146046200	ENSG00000271501	RP1-73A14.2
HG1459_PATCH	146271419	146271502	ENSG00000268097	MIR513C
HG1459_PATCH	146280759	146280842	ENSG00000268749	MIR513B
HG1459_PATCH	146295178	146295306	ENSG00000269628	MIR513A1
HG1459_PATCH	146307541	146307667	ENSG00000269532	MIR513A2
HG1459_PATCH	146312435	146312558	ENSG00000268915	MIR506
HG1459_PATCH	146312699	146312792	ENSG00000268102	MIR507
HG1459_PATCH	146318628	146318742	ENSG00000268128	MIR508
HG1459_PATCH	146331866	146331945	ENSG00000267936	MIR514B
HG1459_PATCH	146340475	146340565	ENSG00000269250	MIR509-2
HG1459_PATCH	146341367	146341441	ENSG00000268283	MIR509-3
HG1459_PATCH	146342247	146342340	ENSG00000268561	MIR509-1
HG1459_PATCH	146354050	146354123	ENSG00000268522	MIR510
HG1459_PATCH	146360962	146361059	ENSG00000268224	MIR514A1
HG1459_PATCH	146363658	146363745	ENSG00000268106	MIR514A2
HG1459_PATCH	146366356	146366443	ENSG00000269195	MIR514A3
HG1459_PATCH	146673327	146673624	ENSG00000269344	RP3-433G13.1
HG1459_PATCH	146882720	146883017	ENSG00000269551	RP11-434J24.2
HG1459_PATCH	146894448	146894689	ENSG00000271517	RP11-434J24.3
HG1459_PATCH	146908994	146909099	ENSG00000269477	RNU6-382P
HG1459_PATCH	146981893	146983174	ENSG00000269705	L29074.3
HG1459_PATCH	146991146	146993532	ENSG00000268817	FMR1-AS1
HG1459_PATCH	146993666	147032842	ENSG00000268103	FMR1
HG1459_PATCH	147028658	147029300	ENSG00000268323	FMR1-IT1
HG1459_PATCH	147063046	147108384	ENSG00000268827	FMR1NB
HG1459_PATCH	147089817	147089932	ENSG00000268491	5S_rRNA
HG1459_PATCH	147133950	147134463	ENSG00000269777	FTH1P8
HG1459_PATCH	147279731	147280595	ENSG00000269493	U40455.1
HG1459_PATCH	147546425	147547145	ENSG00000269142	RPL7L1P11
HG1459_PATCH	147579830	147582332	ENSG00000268325	AC002368.4
HG1459_PATCH	147582336	148082384	ENSG00000269754	AFF2
HG1459_PATCH	147628596	147629115	ENSG00000268961	AFF2-IT1
HG1459_PATCH	147903885	147904169	ENSG00000269718	RN7SKP267
HG1459_PATCH	148138437	148138887	ENSG00000269659	AC002523.1
HG1459_PATCH	148393954	148394036	ENSG00000269414	AC231656.2
HG1459_PATCH	148412623	148412683	ENSG00000267826	RNU7-98P
HG1459_PATCH	148558712	148615657	ENSG00000267816	IDS
HG1459_PATCH	148564265	148615657	ENSG00000269041	IDS
HG1459_PATCH	148593231	148607986	ENSG00000269254	AF011889.2
HG1459_PATCH	148606723	148607765	ENSG00000268608	IDSP1
HG480_HG481_PATCH	950956	955100	ENSG00000260856	RP11-309M23.1
HG480_HG481_PATCH	969238	970836	ENSG00000261370	RPL14P5
HG1459_PATCH	148622077	148632232	ENSG00000268314	CXorf40A
HG1459_PATCH	148629932	148631557	ENSG00000268168	RP5-937E21.8
HG1459_PATCH	148663377	148669190	ENSG00000267978	MAGEA9
HG1459_PATCH	148730896	148731846	ENSG00000268523	RP5-937E21.1
HG1459_PATCH	148769950	148798988	ENSG00000268709	MAGEA11
HG1459_PATCH	148839519	148839617	ENSG00000268115	RP5-1014O16.9
HG1459_PATCH	148839743	148840017	ENSG00000269398	RP5-1014O16.1
HG1459_PATCH	148842501	148842596	ENSG00000268645	RP5-1014O16.10
HG1459_PATCH	148850619	148853090	ENSG00000268010	TMEM185AP1
HG1459_PATCH	148855790	148858589	ENSG00000268122	HSFX1
HG1459_PATCH	148863652	148869459	ENSG00000268337	MAGEA9B
HG1459_PATCH	148889936	148890877	ENSG00000268096	MAGEA7P
HG1459_PATCH	148898892	148899366	ENSG00000268694	DUTP4
HG1459_PATCH	148960558	148962792	ENSG00000269701	MAGEA8-AS1
HG1459_PATCH	148962863	148967557	ENSG00000268422	MAGEA8
HG1459_PATCH	149011249	149020533	ENSG00000268871	CXorf40B
HG1459_PATCH	149011384	149012420	ENSG00000268099	XX-FW81066F1.2
HG1459_PATCH	149020350	149306302	ENSG00000269312	LINC00894
HG1459_PATCH	149196100	149198242	ENSG00000269557	RP11-49C9.2
HG1459_PATCH	149309726	149309805	ENSG00000269684	MIR2114
HG1459_PATCH	149312793	149314618	ENSG00000268999	XRCC6P2
HG1459_PATCH	149443144	149595900	ENSG00000269849	MAMLD1
HG1459_PATCH	149571254	149571340	ENSG00000268428	AC235953.1
HG237_PATCH	46095751	46097969	ENSG00000273169	IMMTP1
HG237_PATCH	46101457	46102044	ENSG00000272863	KRTAP12-1
HG1459_PATCH	149650341	149755044	ENSG00000269031	MTM1
HG237_PATCH	46117053	46117925	ENSG00000272594	KRTAP10-12
HG237_PATCH	46122102	46122672	ENSG00000272697	KRTAP10-13P
HG237_PATCH	46188921	46221900	ENSG00000272773	UBE2G2
HG237_PATCH	46222458	46224598	ENSG00000273393	AL773604.8
HG1459_PATCH	149774684	149846825	ENSG00000269759	MTMR1
HG1459_PATCH	149848059	149980538	ENSG00000269478	CD99L2
HG1459_PATCH	148674245	148677036	ENSG00000268738	HSFX1
HG1459_PATCH	148678279	148713446	ENSG00000269556	FAM11A
HG1497_PATCH	151851499	151852315	ENSG00000269475	RP1-14D6.2
HG1497_PATCH	151876733	151883021	ENSG00000268902	CSAG3
HG1497_PATCH	151895956	151902207	ENSG00000268920	CSAG1
HG1497_PATCH	151902251	151906141	ENSG00000269452	MAGEA12
HG1497_PATCH	151902299	151909457	ENSG00000268132	CSAG4
HG1459_PATCH	149900475	149900968	ENSG00000269219	RP11-316K19.3
HG1497_PATCH	151915289	151916234	ENSG00000269280	RP1-14D6.7
HG1459_PATCH	149983843	149983958	ENSG00000268063	U3
HG1459_PATCH	149997535	150002660	ENSG00000268850	AF003626.1
HG1459_PATCH	150037216	150037309	ENSG00000269747	RNU6-383P
HG1459_PATCH	150062231	150072497	ENSG00000269411	HMGB3
HG1459_PATCH	150075223	150075813	ENSG00000267821	RPL19P21
HG1497_PATCH	151934608	151938219	ENSG00000269114	MAGEA6
HG1497_PATCH	151995445	151999249	ENSG00000268512	CETN2
HG1497_PATCH	151999439	152038201	ENSG00000269336	NSDHL
HG1497_PATCH	152082914	152141952	ENSG00000267825	ZNF185
HG1497_PATCH	152157296	152162599	ENSG00000268644	PNMA5
HG1497_PATCH	152163708	152163967	ENSG00000268227	RN7SL190P
HG1497_PATCH	152197257	152198918	ENSG00000268933	U82671.8
HG1497_PATCH	152220622	152220885	ENSG00000268990	U82670.9
HG1497_PATCH	152240908	152243488	ENSG00000269109	PNMA6C
HG1497_PATCH	152244085	152246021	ENSG00000268883	PNMA6B
HG1497_PATCH	152486155	152489158	ENSG00000268826	LL0XNC01-16G2.1
HG1497_PATCH	152502627	152528582	ENSG00000272120	ZNF275
HG1497_PATCH	152519945	152520048	ENSG00000269874	snoU13
HG1497_PATCH	152524205	152524428	ENSG00000269297	LL0XNC01-37G1.2
HG1497_PATCH	152565435	152567321	ENSG00000269581	U82695.5
HG1497_PATCH	152572320	152572613	ENSG00000268409	RN7SL667P
HG1497_PATCH	152586794	152590101	ENSG00000269523	ZFP92
HG1497_PATCH	152592224	152594948	ENSG00000268969	U82695.10
HG1497_PATCH	152613192	152639059	ENSG00000269342	TREX2
HG1497_PATCH	152616138	152663992	ENSG00000268671	HAUS7
HG1497_PATCH	152654328	152655560	ENSG00000268274	U82695.9
HG1497_PATCH	152663411	152678026	ENSG00000269168	BGN
HG1497_PATCH	152686148	152751411	ENSG00000263148	ATP2B3
HG1497_PATCH	152767812	152772825	ENSG00000261960	RP11-66N11.8
HG1497_PATCH	152772969	152773820	ENSG00000262424	KRT18P48
HG1497_PATCH	152774989	152775360	ENSG00000262076	RP11-66N11.6
HG1497_PATCH	152779166	152781397	ENSG00000263122	RP11-66N11.7
HG1497_PATCH	152810963	152819798	ENSG00000269798	DUSP9
HG1497_PATCH	152830628	152831164	ENSG00000269328	RPL18AP16
HG1497_PATCH	152834698	152834987	ENSG00000269611	RN7SL687P
HG1497_PATCH	152838202	152857482	ENSG00000269773	PNCK
HG1497_PATCH	152856571	152865065	ENSG00000268982	SLC6A8
HG1497_PATCH	152868964	152893169	ENSG00000267977	BCAP31
HG1497_PATCH	152893340	152913233	ENSG00000268757	ABCD1
HG1497_PATCH	152904097	152934950	ENSG00000268808	U52111.14
HG1497_PATCH	152932668	152947818	ENSG00000268591	PLXNB3
HG1497_PATCH	152944884	152954204	ENSG00000268444	SRPK3
HG1497_PATCH	152954238	152962995	ENSG00000267989	IDH3G
HG1497_PATCH	152961988	152966977	ENSG00000269520	SSR4
HG1497_PATCH	152970638	152999037	ENSG00000267915	PDZD4
HG1497_PATCH	153009723	153010037	ENSG00000269672	CYCSP45
HG1497_PATCH	153024175	153024239	ENSG00000269629	SNORD36
HG1497_PATCH	153029986	153077694	ENSG00000267951	L1CAM
HG1497_PATCH	153049144	153057461	ENSG00000269655	LCA10
HG1497_PATCH	153071002	153075637	ENSG00000269623	AVPR2
HG1497_PATCH	153075838	153103469	ENSG00000268876	ARHGAP4
HG1497_PATCH	153097712	153103693	ENSG00000268281	NAA10
HG1497_PATCH	153103733	153113249	ENSG00000269198	RENBP
HG1497_PATCH	153116021	153140275	ENSG00000268768	HCFC1
HG1497_PATCH	153137793	153138555	ENSG00000267974	HCFC1-AS1
HG1497_PATCH	153140795	153151663	ENSG00000268384	TMEM187
HG1497_PATCH	153149565	153149645	ENSG00000269697	MIR3202-2
HG1497_PATCH	153178968	153188448	ENSG00000268944	IRAK1
HG1497_PATCH	153188388	153188457	ENSG00000269207	MIR718
HG1497_PATCH	153190041	153266223	ENSG00000268563	MECP2
HG1497_PATCH	153312692	153327500	ENSG00000268832	OPN1LW
HG1497_PATCH	153351086	153364610	ENSG00000268221	OPN1MW
HG1497_PATCH	153388224	153401754	ENSG00000269133	OPN1MW2
HG1497_PATCH	153464139	153498818	ENSG00000268013	TKTL1
HG1497_PATCH	153502428	153503505	ENSG00000269865	XX-FW83128A1.2
HG1497_PATCH	153516992	153543106	ENSG00000269329	FLNA
HG1497_PATCH	153547665	153549991	ENSG00000268557	EMD
HG1497_PATCH	153558423	153577636	ENSG00000268963	RPL10
HG1497_PATCH	153568749	153568883	ENSG00000268237	SNORA70
HG1497_PATCH	153569706	153580580	ENSG00000267993	DNASE1L1
HG1497_PATCH	153596659	153596917	ENSG00000269723	AC244090.2
HG1497_PATCH	153597100	153604984	ENSG00000269668	ATP6AP1
HG1497_PATCH	153605388	153611935	ENSG00000268690	GDI1
HG1497_PATCH	153612594	153619122	ENSG00000269645	FAM50A
HG1497_PATCH	153626749	153642114	ENSG00000268862	PLXNA3
HG1497_PATCH	153652185	153655138	ENSG00000269715	UBL4A
HG1497_PATCH	153655774	153659145	ENSG00000268604	SLC10A3
HG1497_PATCH	153662598	153662667	ENSG00000269441	AC244090.1
HG1497_PATCH	153664285	153664581	ENSG00000264122	RN7SL697P
HG1497_PATCH	153686308	153687099	ENSG00000269338	WI2-89031B12.1
HG1497_PATCH	153699859	153716040	ENSG00000269087	G6PD
HG1497_PATCH	151806655	151821834	ENSG00000268089	AC244102.1
HG1497_PATCH	151867224	151870818	ENSG00000268196	MAGEA3
HG1497_PATCH	151883064	151887057	ENSG00000269081	MAGEA2
HG1497_PATCH	151918357	151922350	ENSG00000268606	MAGEA2
HG1497_PATCH	151927690	151928694	ENSG00000268916	CSAG2
HG1497_PATCH	152225502	152227744	ENSG00000268624	AC243428.1
HG1497_PATCH	152347756	152352350	ENSG00000269790	MAGEA1
HG1497_PATCH	152756399	152767649	ENSG00000262919	FAM58A
HG1497_PATCH	153426025	153439479	ENSG00000269433	OPN1MW
HG1497_PATCH	153580024	153590188	ENSG00000268904	TAZ
HG1497_PATCH	153645369	153647725	ENSG00000269007	LAGE3
HG1497_PATCH	153673487	153684710	ENSG00000268160	FAM3A
HSCHR5_3_CTG1	29114554	29115847	ENSG00000271165	RP11-42L13.3
HSCHR18_1_CTG2_1	76265165	76266410	ENSG00000266424	RP11-123I22.1
HSCHR10_1_CTG2	27547691	27577753	ENSG00000263183	ARMC4P1
HSCHR10_1_CTG2	27667586	27677481	ENSG00000262241	RP11-748L13.2
HSCHR10_1_CTG2	27679665	27681146	ENSG00000261982	RP11-748L13.6
HSCHR10_1_CTG2	27685946	27686519	ENSG00000262255	FAM210CP
HSCHR10_1_CTG2	27714367	27714591	ENSG00000263055	TRIAP1P1
HSCHR10_1_CTG2	27734416	27750597	ENSG00000262672	PTCHD3
HSCHR19_1_CTG3_1	34752615	34853664	ENSG00000262924	KIAA0355
HSCHR19_1_CTG3_1	34774456	34776522	ENSG00000272165	AC010614.1
HSCHR19_3_CTG3	22313127	22313291	ENSG00000269013	RP11-157B13.1
HSCHR19_3_CTG3	22323334	22323919	ENSG00000268641	RP11-157B13.3
HSCHR19_3_CTG3	22357568	22357993	ENSG00000267822	VN1R85P
HSCHR19_3_CTG3	22385922	22386797	ENSG00000269498	RP11-157B13.6
HSCHR19_3_CTG3	22434263	22436356	ENSG00000268571	RP11-157B13.7
HSCHR19_3_CTG3	22450702	22452344	ENSG00000268315	RP11-157B13.8
HSCHR19_3_CTG3	22477417	22508185	ENSG00000262918	ZNF729
HSCHR19_3_CTG3	22489986	22490877	ENSG00000271273	RP11-157B13.9
HSCHR16_1_CTG3_1	55822855	55840290	ENSG00000262617	AC020766.1
HSCHR18_2_CTG2	65243275	65250716	ENSG00000265742	CTD-2541J13.2
HSCHR18_2_CTG2	65253232	65636305	ENSG00000263496	RP11-638L3.1
HSCHR17_2_CTG4	68308972	68371110	ENSG00000267386	CTD-2378E21.1
HSCHR2_1_CTG1	36587925	36588290	ENSG00000262949	RP11-490M8.1
HSCHR17_3_CTG4	75265441	75289601	ENSG00000265120	RP11-285E9.6
HSCHR6_1_CTG5	80143789	80144323	ENSG00000262455	RP1-232L24.4
HSCHR17_3_CTG4	75271884	75272480	ENSG00000263837	RP11-285E9.5
HSCHR1_1_CTG31	153762078	153763786	ENSG00000269823	AL513523.1
HSCHR9_1_CTG35	72051359	72051832	ENSG00000263299	RP11-548B3.3
HSCHR9_1_CTG35	72095578	72117625	ENSG00000261926	RP11-470P21.2
HSCHR15_1_CTG4	28560798	28561102	ENSG00000263340	RPL41P2
HSCHR15_1_CTG4	28591635	28591792	ENSG00000262504	RP11-536P16.2
HSCHR15_1_CTG4	28802678	28806543	ENSG00000262821	RP11-536P16.4
HSCHR15_1_CTG4	28810338	28818145	ENSG00000261957	RP11-578F21.4
HSCHR15_1_CTG4	28821752	28821918	ENSG00000262824	RP11-483E23.7
HSCHR15_1_CTG4	28831785	28836166	ENSG00000262364	RP11-665A22.1
HSCHR5_1_CTG1	68645774	68646283	ENSG00000270303	RP11-1113N2.4
HSCHR5_1_CTG1	69437078	69439126	ENSG00000273339	AC138827.2
HSCHR19_1_CTG3	20929729	20938056	ENSG00000268899	CTD-2626G11.2
HSCHR19_1_CTG3	20941246	20941758	ENSG00000268386	VN1R79P
HSCHR19_1_CTG3	20967402	20967958	ENSG00000269111	CTD-2626G11.3
HSCHR19_1_CTG3	21161484	21172432	ENSG00000268958	CTD-2542C24.8
HSCHR19_1_CTG3	21215137	21215263	ENSG00000271285	CTD-2542C24.9
HSCHR19LRC_COX1_CTG1	54544079	54567207	ENSG00000272759	VSTM1
HSCHR19LRC_COX1_CTG1	54573149	54584634	ENSG00000273215	TARM1
HSCHR10_1_CTG5	45682910	45693771	ENSG00000262093	AL512324.1
HSCHR19LRC_COX1_CTG1	54597933	54606000	ENSG00000272919	OSCAR
HSCHR18_1_CTG1_1	47828560	47839965	ENSG00000267738	RP11-1030E3.1
HSCHR18_1_CTG1_1	48093680	48265426	ENSG00000262673	MAPK4
HSCHR12_2_CTG2	11187087	11187275	ENSG00000268763	AC018630.2
HSCHR19LRC_COX1_CTG1	54606036	54612564	ENSG00000273453	NDUFA3
HSCHR19LRC_COX1_CTG1	54610320	54619055	ENSG00000272560	TFPT
HSCHR19LRC_COX1_CTG1	54618837	54635140	ENSG00000273469	PRPF31
HSCHR17_3_CTG4	75288273	75508300	ENSG00000261843	SEPT9
HSCHR19LRC_COX1_CTG1	54622891	54628722	ENSG00000272806	AC012314.8
HG1497_PATCH	153749394	153750466	ENSG00000273041	ATF4P2
HG1497_PATCH	153753611	153755284	ENSG00000268651	CTAG1A
HG1497_PATCH	153774326	153774418	ENSG00000268609	AF277315.19
HG1497_PATCH	153790896	153791968	ENSG00000273022	ATF4P1
HG1497_PATCH	153820440	153822047	ENSG00000269592	CTAG2
HG1497_PATCH	153823014	153823793	ENSG00000269455	AF277315.13
HG1497_PATCH	153827258	153828150	ENSG00000269769	OR3B1P
HG1497_PATCH	153843720	153920051	ENSG00000268699	GAB3
HG1497_PATCH	153931224	153946157	ENSG00000268226	DKC1
HG1497_PATCH	153936996	153937127	ENSG00000268261	SNORA36A
HG1497_PATCH	153943466	153943594	ENSG00000268874	SNORA56
HG1497_PATCH	153947152	153989475	ENSG00000269326	MPP1
HG1497_PATCH	153985567	153985869	ENSG00000268017	HMGN1P37
HG1497_PATCH	153991816	154003130	ENSG00000268084	SMIM9
HG1497_PATCH	154004256	154195408	ENSG00000269261	F8
HG1497_PATCH	154053510	154054026	ENSG00000273208	H2AFB1
HG1497_PATCH	154054828	154056528	ENSG00000272623	F8A1
HG1497_PATCH	154055828	154055926	ENSG00000272830	MIR1184-1
HG1497_PATCH	154066029	154066560	ENSG00000269059	CTD-2183H9.7
HG1497_PATCH	154077353	154087571	ENSG00000267860	EEF1A1P31
HG1497_PATCH	154088046	154088650	ENSG00000268300	CTD-2183H9.3
HG1497_PATCH	154194448	154228771	ENSG00000268109	FUNDC2
HG1497_PATCH	154230090	154316405	ENSG00000268700	MTCP1
HG1497_PATCH	154230090	154239830	ENSG00000269618	CMC4
HG1497_PATCH	154239888	154291542	ENSG00000269884	BRCC3
HG1497_PATCH	154305579	154324971	ENSG00000269126	RP11-143H17.1
HG1497_PATCH	154365475	154408285	ENSG00000268440	VBP1
HG1497_PATCH	154381389	154382106	ENSG00000268648	RP13-228J13.9
HG1497_PATCH	154426709	154433057	ENSG00000268359	RAB39B
HG1497_PATCH	154444679	154503125	ENSG00000268943	CLIC2
HG1497_PATCH	154458828	154459821	ENSG00000268246	RP13-228J13.6
HG1497_PATCH	154460637	154461900	ENSG00000268924	RP13-228J13.8
HG1497_PATCH	154478715	154478958	ENSG00000269860	RP13-228J13.10
HG1497_PATCH	154549247	154549763	ENSG00000273440	H2AFB2
HG1497_PATCH	154550568	154552268	ENSG00000272591	F8A2
HG1497_PATCH	154551568	154551666	ENSG00000272671	MIR1184-2
HG1497_PATCH	154625383	154627083	ENSG00000273207	F8A3
HG1497_PATCH	154625985	154626083	ENSG00000273438	MIR1184-2
HG1497_PATCH	154627887	154628403	ENSG00000272571	H2AFB3
HG1497_PATCH	154634438	154780084	ENSG00000269492	TMLHE-AS1
HG1497_PATCH	154636754	154655514	ENSG00000269166	RP11-218L14.4
HG1497_PATCH	154658583	154838412	ENSG00000267946	TMLHE
HG1497_PATCH	153715815	153733513	ENSG00000269335	IKBKG
HG1497_PATCH	153739716	153740423	ENSG00000272976	FAM223B
HG1497_PATCH	153786077	153787739	ENSG00000269187	CTAG1A
HG1497_PATCH	153800943	153801650	ENSG00000272681	FAM223B
HSCHR19LRC_COX2_CTG1	54544079	54567207	ENSG00000273242	VSTM1
HSCHR19LRC_COX2_CTG1	54573149	54584634	ENSG00000273418	TARM1
HSCHR19LRC_COX2_CTG1	54597933	54606000	ENSG00000272833	OSCAR
HSCHR19LRC_COX2_CTG1	54606036	54612564	ENSG00000272553	NDUFA3
HSCHR19LRC_COX2_CTG1	54610320	54619055	ENSG00000273031	TFPT
HSCHR19LRC_COX1_CTG1	54658898	54663619	ENSG00000262174	LENG1
HSCHR19LRC_COX1_CTG1	54677072	54693566	ENSG00000261917	MBOAT7
HSCHR19LRC_COX1_CTG1	54693622	54697413	ENSG00000262716	TSEN34
HSCHR19LRC_COX2_CTG1	54618837	54635140	ENSG00000273462	PRPF31
HSCHR19LRC_COX1_CTG1	54703140	54703657	ENSG00000262798	AC012314.20
HSCHR19LRC_COX2_CTG1	54622891	54628722	ENSG00000272698	AC012314.8
HSCHR19LRC_COX1_CTG1	54704428	54752625	ENSG00000263076	RPS9
HSCHR19LRC_COX1_CTG1	54712778	54713104	ENSG00000262426	AC012314.19
HSCHR19LRC_COX2_CTG1	54641444	54659419	ENSG00000272883	CNOT3
HSCHR19LRC_COX2_CTG1	54658899	54663620	ENSG00000273182	LENG1
HSCHR19LRC_COX1_CTG1	54719965	54746384	ENSG00000262044	LILRB3
HSCHR19LRC_COX2_CTG1	54663846	54676944	ENSG00000272757	TMC4
HSCHR19LRC_COX1_CTG1	54720555	54746431	ENSG00000262642	LILRA6
HSCHR19LRC_COX1_CTG1	54728210	54728568	ENSG00000267888	CTB-83J4.1
HSCHR19LRC_COX1_CTG1	54732724	54733901	ENSG00000262646	AC010492.2
HSCHR19LRC_COX2_CTG1	54677107	54693733	ENSG00000273316	MBOAT7
HSCHR19LRC_COX1_CTG1	54749723	54750944	ENSG00000261979	AC010492.4
HSCHR19LRC_COX1_CTG1	54771630	54772670	ENSG00000262913	AC098789.1
HSCHR19LRC_COX1_CTG1	54771631	54772673	ENSG00000261890	AC010492.5
HSCHR19LRC_COX1_CTG1	54797675	54797992	ENSG00000262941	AC010518.3
HSCHR19LRC_COX1_CTG1	54799626	54809724	ENSG00000261935	LILRA3
HSCHR19LRC_COX2_CTG1	54693789	54697585	ENSG00000273053	TSEN34
HSCHR19LRC_COX2_CTG1	54697731	54698394	ENSG00000273364	CTD-3093M3.1
HSCHR19LRC_COX2_CTG1	54703321	54703838	ENSG00000272775	AC012314.20
HSCHR19LRC_COX1_CTG1	54808486	54809195	ENSG00000262192	AC008984.5
HSCHR19LRC_COX1_CTG1	54812075	54816341	ENSG00000263153	AC008984.7
HSCHR19LRC_COX2_CTG1	54712960	54713286	ENSG00000273231	AC012314.19
HSCHR19LRC_COX2_CTG1	54797554	54797871	ENSG00000262266	AC010518.3
HSCHR19LRC_COX1_CTG1	54817385	54823441	ENSG00000262800	LILRA5
HSCHR19LRC_COX1_CTG1	54830508	54831516	ENSG00000262631	VN1R104P
HSCHR19LRC_COX2_CTG1	54799506	54809605	ENSG00000261937	LILRA3
HSCHR19LRC_COX2_CTG1	54808367	54809076	ENSG00000262100	AC008984.5
HSCHR19LRC_COX2_CTG1	54811988	54816264	ENSG00000263112	AC008984.7
HSCHR19LRC_COX2_CTG1	54830436	54831444	ENSG00000262300	VN1R104P
HSCHR19LRC_COX2_CTG1	54838504	54841666	ENSG00000261988	AC008984.6
HSCHR19LRC_COX2_CTG1	54843416	54849383	ENSG00000262284	LILRA4
HSCHR19LRC_COX2_CTG1	54861674	54863577	ENSG00000269750	CTD-2587H19.1
HSCHR19LRC_COX1_CTG1	54850624	54872311	ENSG00000263109	TTYH1
HSCHR19LRC_COX1_CTG1	54866064	54870109	ENSG00000262530	AC008746.3
HSCHR19LRC_COX1_CTG1	54869594	54870076	ENSG00000268398	CTD-2587H19.2
HSCHR19LRC_COX1_CTG1	54880210	54884444	ENSG00000262741	LENG8-AS1
HSCHR19LRC_COX1_CTG1	54882228	54882445	ENSG00000263157	AC008746.5
HSCHR19LRC_COX1_CTG1	54900426	54908565	ENSG00000263030	CDC42EP5
HSCHR19LRC_COX1_CTG1	54932960	54945775	ENSG00000262317	LAIR2
HSCHR19LRC_COX1_CTG1	54956784	54957092	ENSG00000262460	AC008746.9
HSCHR19LRC_COX1_CTG1	54987051	54987337	ENSG00000262422	AC009892.2
HSCHR19LRC_COX1_CTG1	55008197	55022837	ENSG00000262004	LILRA2
HSCHR19LRC_COX2_CTG1	54864045	54880850	ENSG00000262936	LAIR1
HSCHR19LRC_COX2_CTG1	54889779	54890250	ENSG00000262423	AC008746.10
HSCHR19LRC_COX2_CTG1	54933099	54937062	ENSG00000261849	KIR3DP1
HSCHR19LRC_COX2_CTG1	55024581	55041367	ENSG00000262897	KIR3DL2
HSCHR19LRC_COX2_CTG1	55048402	55064587	ENSG00000262806	FCAR
HSCHR19LRC_COX1_CTG1	55009156	55072801	ENSG00000262727	LILRB1
HSCHR19LRC_COX2_CTG1	55064788	55065535	ENSG00000269778	CTB-61M7.2
HSCHR19LRC_COX1_CTG1	55024718	55025564	ENSG00000267994	CTB-83J4.2
HSCHR19LRC_COX2_CTG1	55080219	55090214	ENSG00000262182	NCR1
HSCHR19LRC_COX1_CTG1	55028859	55037367	ENSG00000262900	LILRA1
HSCHR19LRC_COX1_CTG1	55043147	55043653	ENSG00000262575	AC009892.5
HSCHR19LRC_COX1_CTG1	55070995	55074165	ENSG00000263216	AC009892.10
HSCHR19LRC_COX1_CTG1	55079162	55105649	ENSG00000263108	LILRB4
HSCHR19LRC_COX2_CTG1	55097598	55140400	ENSG00000263026	NLRP7
HSCHR19LRC_COX1_CTG1	55083215	55084124	ENSG00000262238	VN1R105P
HSCHR19LRC_COX1_CTG1	55087357	55087502	ENSG00000262750	AC009892.9
HSCHR19LRC_COX1_CTG1	55106521	55107881	ENSG00000262555	AC011515.2
HSCHR19LRC_COX1_CTG1	55131487	55135787	ENSG00000263251	LILRP1
HSCHR19LRC_COX1_CTG1	55138833	55139116	ENSG00000262830	AC098784.1
HSCHR19LRC_COX1_CTG1	55142797	55148024	ENSG00000262548	LILRP2
HSCHR19LRC_COX2_CTG1	55125722	55126681	ENSG00000267516	CTC-550B14.8
HSCHR19LRC_COX1_CTG1	55159054	55171068	ENSG00000262335	KIR3DL3
HSCHR19LRC_COX1_CTG1	55173047	55218870	ENSG00000261912	KIR2DL3
HSCHR19LRC_COX1_CTG1	55189570	55201916	ENSG00000263145	KIR2DP1
HSCHR19LRC_COX1_CTG1	55204359	55218868	ENSG00000263208	KIR2DL1
HSCHR19LRC_COX1_CTG1	55220901	55224864	ENSG00000262625	KIR3DP1
HSCHR19LRC_COX1_CTG1	55338425	55348425	ENSG00000263100	NCR1
HSCHR19LRC_COX2_CTG1	55127218	55175230	ENSG00000262615	NLRP2
HSCHR19LRC_COX2_CTG1	55147905	55148505	ENSG00000262706	CTC-550B14.1
HSCHR19LRC_COX1_CTG1	55355794	55398597	ENSG00000262736	NLRP7
HSCHR19LRC_COX1_CTG1	55383919	55384878	ENSG00000267186	CTC-550B14.8
HSCHR19LRC_COX1_CTG1	55385415	55433427	ENSG00000262886	NLRP2
HSCHR19LRC_COX1_CTG1	55406102	55406702	ENSG00000262363	CTC-550B14.1
HSCHR19LRC_COX1_CTG1	55438478	55480371	ENSG00000267445	CTC-550B14.7
HSCHR19LRC_COX2_CTG1	54704726	54711511	ENSG00000273135	RPS9
HSCHR19LRC_COX1_CTG1	55445990	55470549	ENSG00000262239	GP6
HSCHR19LRC_COX2_CTG1	54950192	54961268	ENSG00000268214	KIR2DL4
HSCHR19LRC_COX1_CTG1	55459878	55486213	ENSG00000267329	CTC-550B14.6
HSCHR19LRC_COX2_CTG1	54991291	55006271	ENSG00000261870	KIR2DS5
HSCHR19LRC_COX1_CTG1	55471393	55503576	ENSG00000261975	RDH13
HSCHR19LRC_COX1_CTG1	55504305	55520208	ENSG00000263295	EPS8L1
HSCHR19LRC_COX1_CTG1	54641436	54659444	ENSG00000262138	AC012314.1
HSCHR19LRC_COX1_CTG1	54663835	54676909	ENSG00000263166	CU457734.2
HSCHR19LRC_COX1_CTG1	54754031	54760926	ENSG00000262991	CU457734.1
HSCHR19LRC_COX1_CTG1	54777978	54784721	ENSG00000263222	CU457734.3
HSCHR19LRC_COX1_CTG1	54884286	54897417	ENSG00000263054	CU467002.2
HSCHR19LRC_COX1_CTG1	54897491	54898993	ENSG00000262887	CU467002.1
HSCHR19LRC_COX1_CTG1	54967787	54979072	ENSG00000262582	CU234142.1
HSCHR19LRC_LRC_I_CTG1	54544079	54567207	ENSG00000272649	VSTM1
HSCHR19LRC_LRC_I_CTG1	54573149	54584634	ENSG00000273276	TARM1
HSCHR19LRC_LRC_I_CTG1	54597933	54606000	ENSG00000273239	OSCAR
HSCHR19LRC_LRC_I_CTG1	54606036	54612564	ENSG00000273052	NDUFA3
HSCHR19LRC_LRC_I_CTG1	54610320	54619055	ENSG00000273430	TFPT
HSCHR19LRC_LRC_I_CTG1	54618837	54635140	ENSG00000273376	PRPF31
HSCHR19LRC_LRC_I_CTG1	54622891	54628722	ENSG00000273070	AC012314.8
HSCHR19LRC_LRC_I_CTG1	54641444	54659419	ENSG00000273202	CNOT3
HSCHR19LRC_LRC_I_CTG1	54658899	54663620	ENSG00000273292	LENG1
HSCHR19LRC_LRC_T_CTG1	54544079	54567207	ENSG00000272898	VSTM1
HSCHR19LRC_LRC_I_CTG1	54663846	54676944	ENSG00000273347	TMC4
HSCHR19LRC_LRC_S_CTG1	54544079	54567207	ENSG00000273460	VSTM1
HSCHR19LRC_LRC_T_CTG1	54573149	54584634	ENSG00000272875	TARM1
HSCHR19LRC_LRC_S_CTG1	54573149	54584634	ENSG00000273358	TARM1
HSCHR19LRC_LRC_T_CTG1	54597933	54606000	ENSG00000272891	OSCAR
HSCHR19LRC_LRC_S_CTG1	54597933	54606000	ENSG00000273268	OSCAR
HSCHR19LRC_LRC_I_CTG1	54677107	54693733	ENSG00000273130	MBOAT7
HSCHR19LRC_LRC_T_CTG1	54606036	54612564	ENSG00000273427	NDUFA3
HSCHR19LRC_LRC_T_CTG1	54610320	54619055	ENSG00000273417	TFPT
HSCHR19LRC_LRC_S_CTG1	54606036	54612564	ENSG00000273095	NDUFA3
HSCHR19LRC_LRC_I_CTG1	54693789	54697585	ENSG00000272739	TSEN34
HSCHR19LRC_LRC_S_CTG1	54610320	54619055	ENSG00000272680	TFPT
HSCHR19LRC_LRC_I_CTG1	54697731	54698394	ENSG00000273304	CTD-3093M3.1
HSCHR19LRC_LRC_I_CTG1	54703321	54703838	ENSG00000272850	AC012314.20
HSCHR19LRC_LRC_I_CTG1	54712960	54713286	ENSG00000272738	AC012314.19
HSCHR19LRC_LRC_T_CTG1	54618837	54635140	ENSG00000273060	PRPF31
HSCHR19LRC_LRC_I_CTG1	55341441	55357334	ENSG00000262161	KIR2DS4
HSCHR19LRC_LRC_I_CTG1	55415012	55425012	ENSG00000262680	NCR1
HSCHR19LRC_LRC_T_CTG1	54622891	54628722	ENSG00000272928	AC012314.8
HSCHR19LRC_LRC_S_CTG1	54618837	54635140	ENSG00000272964	PRPF31
HSCHR19LRC_LRC_S_CTG1	54622891	54628722	ENSG00000272608	AC012314.8
HSCHR19LRC_LRC_T_CTG1	54641444	54659419	ENSG00000273159	CNOT3
HSCHR19LRC_LRC_I_CTG1	55432381	55475184	ENSG00000262690	NLRP7
HSCHR19LRC_LRC_I_CTG1	55460506	55461465	ENSG00000267572	CTC-550B14.8
HSCHR19LRC_LRC_T_CTG1	54658899	54663620	ENSG00000273315	LENG1
HSCHR19LRC_LRC_S_CTG1	54641444	54659419	ENSG00000273459	CNOT3
HSCHR19LRC_LRC_T_CTG1	54663846	54676944	ENSG00000272946	TMC4
HSCHR19LRC_LRC_S_CTG1	54658899	54663620	ENSG00000272726	LENG1
HSCHR19LRC_LRC_J_CTG1	54544079	54567207	ENSG00000273414	VSTM1
HSCHR19LRC_LRC_I_CTG1	55462002	55510014	ENSG00000262329	NLRP2
HSCHR19LRC_LRC_S_CTG1	54663846	54676944	ENSG00000272621	TMC4
HSCHR19LRC_LRC_T_CTG1	54677107	54693733	ENSG00000273470	MBOAT7
HSCHR19LRC_LRC_I_CTG1	55482689	55483289	ENSG00000262416	CTC-550B14.1
HSCHR19LRC_LRC_I_CTG1	55515065	55556958	ENSG00000267622	CTC-550B14.7
HSCHR19LRC_LRC_T_CTG1	54693789	54697585	ENSG00000272561	TSEN34
HSCHR19LRC_LRC_T_CTG1	54697731	54698394	ENSG00000272683	CTD-3093M3.1
HSCHR19LRC_LRC_I_CTG1	55522577	55547136	ENSG00000261961	GP6
HSCHR19LRC_LRC_S_CTG1	54677107	54693733	ENSG00000273446	MBOAT7
HSCHR19LRC_LRC_I_CTG1	55536465	55562800	ENSG00000267739	CTC-550B14.6
HSCHR19LRC_LRC_I_CTG1	55547980	55580163	ENSG00000262348	RDH13
HSCHR19LRC_LRC_S_CTG1	54693789	54697585	ENSG00000272705	TSEN34
HSCHR19LRC_LRC_S_CTG1	54697731	54698394	ENSG00000273282	CTD-3093M3.1
HSCHR19LRC_LRC_S_CTG1	54703321	54703838	ENSG00000273163	AC012314.20
HSCHR19LRC_LRC_S_CTG1	54712960	54713286	ENSG00000272577	AC012314.19
HSCHR19LRC_LRC_S_CTG1	55361247	55378033	ENSG00000262007	KIR3DL2
HSCHR19LRC_LRC_I_CTG1	55580892	55596795	ENSG00000262287	EPS8L1
HSCHR19LRC_LRC_S_CTG1	55417098	55427098	ENSG00000262661	NCR1
HSCHR19LRC_LRC_J_CTG1	54573149	54584634	ENSG00000273103	TARM1
HSCHR19LRC_LRC_I_CTG1	54704726	54711511	ENSG00000272943	RPS9
HSCHR19LRC_LRC_I_CTG1	55250100	55264425	ENSG00000263233	KIR2DS2
HSCHR19LRC_LRC_S_CTG1	55434467	55477270	ENSG00000262457	NLRP7
HSCHR19LRC_LRC_S_CTG1	55462592	55463551	ENSG00000267126	CTC-550B14.8
HSCHR19LRC_LRC_S_CTG1	55464088	55512100	ENSG00000262811	NLRP2
HSCHR19LRC_LRC_S_CTG1	55484775	55485375	ENSG00000262382	CTC-550B14.1
HSCHR19LRC_LRC_S_CTG1	55517151	55559044	ENSG00000267468	CTC-550B14.7
HSCHR19LRC_LRC_S_CTG1	55524663	55549222	ENSG00000262131	GP6
HSCHR19LRC_LRC_S_CTG1	55538551	55564886	ENSG00000267362	CTC-550B14.6
HSCHR19LRC_LRC_J_CTG1	54597933	54606000	ENSG00000273222	OSCAR
HSCHR19LRC_LRC_S_CTG1	55550066	55582249	ENSG00000262163	RDH13
HSCHR19LRC_LRC_S_CTG1	55582978	55598881	ENSG00000262467	EPS8L1
HSCHR19LRC_LRC_S_CTG1	54704726	54711511	ENSG00000273467	RPS9
HSCHR19LRC_LRC_J_CTG1	54606036	54612564	ENSG00000273178	NDUFA3
HSCHR19LRC_LRC_J_CTG1	54610320	54619055	ENSG00000273458	TFPT
HSCHR19LRC_LRC_J_CTG1	54618837	54635140	ENSG00000272932	PRPF31
HSCHR19LRC_LRC_J_CTG1	54622891	54628722	ENSG00000272648	AC012314.8
HSCHR19LRC_LRC_J_CTG1	54641444	54659419	ENSG00000273223	CNOT3
HSCHR19LRC_LRC_J_CTG1	54658899	54663620	ENSG00000273128	LENG1
HSCHR19LRC_LRC_J_CTG1	54663846	54676944	ENSG00000272723	TMC4
HSCHR19LRC_LRC_J_CTG1	54677107	54693733	ENSG00000273057	MBOAT7
HSCHR19LRC_LRC_J_CTG1	54693789	54697585	ENSG00000273490	TSEN34
HSCHR19LRC_LRC_J_CTG1	54697731	54698394	ENSG00000272893	CTD-3093M3.1
HSCHR19LRC_LRC_J_CTG1	54703321	54703838	ENSG00000273386	AC012314.20
HSCHR19LRC_LRC_J_CTG1	54712960	54713286	ENSG00000273016	AC012314.19
HSCHR19LRC_LRC_J_CTG1	55342150	55354167	ENSG00000262439	KIR3DL3
HSCHR19LRC_LRC_J_CTG1	55442549	55452549	ENSG00000262923	NCR1
HSCHR19LRC_LRC_J_CTG1	55459918	55502721	ENSG00000263168	NLRP7
HSCHR19LRC_LRC_J_CTG1	55488043	55489002	ENSG00000267050	CTC-550B14.8
HSCHR19LRC_LRC_J_CTG1	55489539	55537551	ENSG00000262175	NLRP2
HSCHR19LRC_LRC_J_CTG1	55510226	55510826	ENSG00000262436	CTC-550B14.1
HSCHR19LRC_LRC_J_CTG1	55542602	55584495	ENSG00000267514	CTC-550B14.7
HSCHR19LRC_LRC_J_CTG1	55550114	55574673	ENSG00000262867	GP6
HSCHR19LRC_LRC_J_CTG1	55564002	55590337	ENSG00000267608	CTC-550B14.6
HSCHR19LRC_LRC_J_CTG1	55575517	55607700	ENSG00000262110	RDH13
HSCHR19LRC_LRC_J_CTG1	55608429	55624332	ENSG00000262835	EPS8L1
HSCHR19LRC_LRC_J_CTG1	54704726	54711511	ENSG00000273385	RPS9
HSCHR19LRC_COX2_CTG1	55180281	55222174	ENSG00000267434	CTC-550B14.7
HSCHR19LRC_COX2_CTG1	55187793	55212352	ENSG00000262069	GP6
HSCHR19LRC_COX2_CTG1	55201681	55228016	ENSG00000267485	CTC-550B14.6
HSCHR19LRC_COX2_CTG1	55213196	55245379	ENSG00000262982	RDH13
HSCHR19LRC_COX2_CTG1	55246108	55262011	ENSG00000262092	EPS8L1
HSCHR19LRC_PGF1_CTG1	54544079	54567207	ENSG00000272598	VSTM1
HSCHR19LRC_PGF1_CTG1	54573149	54584634	ENSG00000272749	TARM1
HSCHR19LRC_PGF1_CTG1	54597933	54606000	ENSG00000273380	OSCAR
HSCHR19LRC_PGF1_CTG1	54606036	54612564	ENSG00000273126	NDUFA3
HSCHR19LRC_PGF1_CTG1	54610320	54619055	ENSG00000272722	TFPT
HSCHR19LRC_PGF1_CTG1	54618837	54635140	ENSG00000273109	PRPF31
HSCHR19LRC_PGF1_CTG1	54622891	54628722	ENSG00000272771	AC012314.8
HSCHR19LRC_PGF1_CTG1	54641444	54659419	ENSG00000262369	CNOT3
HSCHR19LRC_PGF1_CTG1	54658899	54663620	ENSG00000262168	LENG1
HSCHR19LRC_PGF1_CTG1	54677078	54693733	ENSG00000262053	MBOAT7
HSCHR19LRC_PGF1_CTG1	54693789	54697580	ENSG00000262868	TSEN34
HSCHR19LRC_PGF1_CTG1	54703312	54703829	ENSG00000263174	AC012314.20
HSCHR19LRC_PGF1_CTG1	54704601	54752858	ENSG00000263332	RPS9
HSCHR19LRC_PGF1_CTG1	54712963	54713289	ENSG00000263202	AC012314.19
HSCHR19LRC_PGF1_CTG1	54720151	54746602	ENSG00000262087	LILRB3
HSCHR19LRC_LRC_T_CTG1	54703321	54703838	ENSG00000272581	AC012314.20
HSCHR19LRC_LRC_T_CTG1	54712960	54713286	ENSG00000273354	AC012314.19
HSCHR19LRC_LRC_T_CTG1	55236243	55248260	ENSG00000262289	KIR3DL3
HSCHR19LRC_LRC_T_CTG1	55266745	55279093	ENSG00000262463	KIR2DP1
HSCHR19LRC_LRC_T_CTG1	55297897	55314683	ENSG00000261930	KIR3DL2
HSCHR19LRC_PGF1_CTG1	54720741	54746649	ENSG00000262320	LILRA6
HSCHR19LRC_PGF1_CTG1	54728400	54728758	ENSG00000268989	CTB-83J4.1
HSCHR19LRC_PGF1_CTG1	54732907	54734088	ENSG00000261950	AC010492.2
HSCHR19LRC_PGF1_CTG1	54749956	54751177	ENSG00000263224	AC010492.4
HSCHR19LRC_PGF1_CTG1	54771873	54772913	ENSG00000262849	AC098789.1
HSCHR19LRC_PGF1_CTG1	54771874	54772916	ENSG00000262219	AC010492.5
HSCHR19LRC_PGF1_CTG1	54813028	54813499	ENSG00000262105	AC008746.10
HSCHR19LRC_LRC_T_CTG1	55353391	55363391	ENSG00000262832	NCR1
HSCHR19LRC_PGF1_CTG1	54848800	54870475	ENSG00000262236	TTYH1
HSCHR19LRC_LRC_T_CTG1	55370760	55413563	ENSG00000263068	NLRP7
HSCHR19LRC_LRC_T_CTG1	55398885	55399844	ENSG00000267351	CTC-550B14.8
HSCHR19LRC_PGF1_CTG1	54864227	54868273	ENSG00000262614	AC008746.3
HSCHR19LRC_PGF1_CTG1	54867758	54868240	ENSG00000268479	CTD-2587H19.2
HSCHR19LRC_PGF1_CTG1	54871587	54871923	ENSG00000268577	CTD-2587H19.3
HSCHR19LRC_PGF1_CTG1	54872242	54872757	ENSG00000269768	AC008746.12
HSCHR19LRC_PGF1_CTG1	54878387	54882618	ENSG00000262451	LENG8-AS1
HSCHR19LRC_PGF1_CTG1	54880404	54880621	ENSG00000263003	AC008746.5
HSCHR19LRC_LRC_T_CTG1	55400381	55448393	ENSG00000262929	NLRP2
HSCHR19LRC_PGF1_CTG1	54882460	54895612	ENSG00000262602	LENG8
HSCHR19LRC_PGF2_CTG1	54544079	54567207	ENSG00000273349	VSTM1
HSCHR19LRC_PGF1_CTG1	54895376	54897289	ENSG00000261906	LENG9
HSCHR19LRC_LRC_T_CTG1	55421068	55421668	ENSG00000262386	CTC-550B14.1
HSCHR19LRC_PGF1_CTG1	54898605	54906806	ENSG00000261931	CDC42EP5
HSCHR19LRC_LRC_T_CTG1	55453444	55495337	ENSG00000267367	CTC-550B14.7
HSCHR19LRC_PGF1_CTG1	54931486	54944292	ENSG00000262216	LAIR2
HSCHR19LRC_PGF2_CTG1	54573149	54584634	ENSG00000272838	TARM1
HSCHR19LRC_PGF1_CTG1	54955335	54955643	ENSG00000263262	AC008746.9
HSCHR19LRC_PGF1_CTG1	54985567	54985853	ENSG00000262586	AC009892.2
HSCHR19LRC_LRC_T_CTG1	55460956	55485515	ENSG00000263239	GP6
HSCHR19LRC_PGF2_CTG1	54597933	54606000	ENSG00000273074	OSCAR
HSCHR19LRC_PGF1_CTG1	55006691	55021331	ENSG00000262754	LILRA2
HSCHR19LRC_LRC_T_CTG1	55474844	55501179	ENSG00000267357	CTC-550B14.6
HSCHR19LRC_LRC_T_CTG1	55486359	55518542	ENSG00000262207	RDH13
HSCHR19LRC_PGF2_CTG1	54606036	54612564	ENSG00000273426	NDUFA3
HSCHR19LRC_PGF2_CTG1	54610320	54619055	ENSG00000273037	TFPT
HSCHR19LRC_LRC_T_CTG1	55519271	55535174	ENSG00000262225	EPS8L1
HSCHR19LRC_LRC_T_CTG1	54704726	54711511	ENSG00000272643	RPS9
HSCHR19LRC_PGF2_CTG1	54618837	54635140	ENSG00000273224	PRPF31
HSCHR19LRC_PGF1_CTG1	55007650	55071293	ENSG00000262985	LILRB1
HSCHR19LRC_PGF2_CTG1	54622891	54628722	ENSG00000272596	AC012314.8
HSCHR19LRC_PGF1_CTG1	55023212	55024058	ENSG00000268506	CTB-83J4.2
HSCHR19LRC_PGF1_CTG1	55027353	55035861	ENSG00000262462	LILRA1
HSCHR19LRC_PGF1_CTG1	55041643	55042149	ENSG00000263149	AC009892.5
HSCHR19LRC_PGF1_CTG1	55069487	55072658	ENSG00000262143	AC009892.10
HSCHR19LRC_PGF2_CTG1	54641444	54659419	ENSG00000273273	CNOT3
HSCHR19LRC_PGF1_CTG1	55077655	55104128	ENSG00000263061	LILRB4
HSCHR19LRC_PGF2_CTG1	54658899	54663620	ENSG00000272996	LENG1
HSCHR19LRC_PGF1_CTG1	55081710	55082619	ENSG00000262220	VN1R105P
HSCHR19LRC_PGF1_CTG1	55085852	55085997	ENSG00000263025	AC009892.9
HSCHR19LRC_PGF1_CTG1	55105000	55106360	ENSG00000262854	AC011515.2
HSCHR19LRC_PGF1_CTG1	55130120	55134419	ENSG00000263221	LILRP1
HSCHR19LRC_PGF1_CTG1	55137465	55137748	ENSG00000262437	AC098784.1
HSCHR19LRC_PGF1_CTG1	55141428	55146730	ENSG00000263066	LILRP2
HSCHR19LRC_PGF2_CTG1	54663846	54676944	ENSG00000273099	TMC4
HSCHR19LRC_PGF1_CTG1	55157745	55300255	ENSG00000261860	KIR3DL1
HSCHR19LRC_PGF2_CTG1	54677107	54693733	ENSG00000272809	MBOAT7
HSCHR19LRC_PGF1_CTG1	55157760	55169775	ENSG00000262763	KIR3DL3
HSCHR19LRC_PGF1_CTG1	55157777	55231506	ENSG00000262638	CTB-61M7.1
HSCHR19LRC_PGF1_CTG1	55171751	55217545	ENSG00000263027	KIR2DL3
HSCHR19LRC_PGF2_CTG1	54693789	54697585	ENSG00000273235	TSEN34
HSCHR19LRC_PGF1_CTG1	55188244	55200592	ENSG00000263260	KIR2DP1
HSCHR19LRC_PGF1_CTG1	55203032	55217543	ENSG00000262556	KIR2DL1
HSCHR19LRC_PGF1_CTG1	55219576	55223539	ENSG00000264945	KIR3DP1
HSCHR19LRC_PGF1_CTG1	55283720	55300469	ENSG00000263184	KIR3DL2
HSCHR19LRC_PGF1_CTG1	55307510	55323724	ENSG00000262827	FCAR
HSCHR19LRC_PGF1_CTG1	55323925	55324672	ENSG00000267925	CTB-61M7.2
HSCHR19LRC_PGF1_CTG1	55339394	55349377	ENSG00000262717	NCR1
HSCHR19LRC_PGF1_CTG1	55384879	55385838	ENSG00000266982	CTC-550B14.8
HSCHR19LRC_PGF1_CTG1	55405459	55406059	ENSG00000263173	CTC-550B14.1
HSCHR19LRC_PGF1_CTG1	55437862	55479755	ENSG00000267525	CTC-550B14.7
HSCHR19LRC_PGF1_CTG1	55445374	55469933	ENSG00000262797	GP6
HSCHR19LRC_PGF1_CTG1	55459262	55485597	ENSG00000267540	CTC-550B14.6
HSCHR19LRC_PGF1_CTG1	55470777	55502960	ENSG00000263258	RDH13
HSCHR19LRC_PGF1_CTG1	55503689	55519592	ENSG00000262878	EPS8L1
HSCHR19LRC_PGF1_CTG1	54663836	54676915	ENSG00000269159	CU151838.2
HSCHR19LRC_PGF1_CTG1	54754264	54761159	ENSG00000268037	CU151838.1
HSCHR19LRC_PGF1_CTG1	54787290	54804060	ENSG00000267923	LAIR1
HSCHR19LRC_PGF1_CTG1	54966403	54977336	ENSG00000268064	KIR3DX1
HSCHR19LRC_PGF1_CTG1	55236659	55247769	ENSG00000267854	KIR2DL4
HSCHR19LRC_PGF1_CTG1	55356752	55397872	ENSG00000269459	CU151839.1
HSCHR17_1_CTG1	4961	5048	ENSG00000272925	AC108004.4
HSCHR17_1_CTG1	5810	31427	ENSG00000272670	DOC2B
HSCHR22_2_CTG1	42470255	42475445	ENSG00000273378	FAM109B
HSCHR22_2_CTG1	42475695	42480288	ENSG00000272835	SMDT1
HSCHR22_2_CTG1	42481529	42486959	ENSG00000273397	NDUFA6
HSCHR22_2_CTG1	42485634	42486032	ENSG00000272820	RP1-257I20.14
HSCHR22_2_CTG1	42503769	42504957	ENSG00000273194	OLA1P1
HSCHR22_2_CTG1	42528532	42528987	ENSG00000272284	RP4-669P10.19
HSCHR22_2_CTG1	42532424	42548066	ENSG00000271903	RP4-669P10.16
HSCHR22_2_CTG1	42534642	42539049	ENSG00000272000	CYP2D6
HSCHR22_2_CTG1	42522487	42526867	ENSG00000272532	CYP2D6
HG151_NOVEL_TEST	56467862	56468779	ENSG00000261958	OR9G1
HG151_NOVEL_TEST	56514866	56515012	ENSG00000261991	RP11-100N3.2
HG151_NOVEL_TEST	56518729	56519646	ENSG00000262268	OR9G3P
HG151_NOVEL_TEST	56521377	56522361	ENSG00000262647	OR9G4
HG151_NOVEL_TEST	56529573	56530452	ENSG00000262675	OR9G2P
HG151_NOVEL_TEST	56553811	56554756	ENSG00000262438	OR5G1P
HG151_NOVEL_TEST	56568756	56569515	ENSG00000262939	OR5G4P
HG151_NOVEL_TEST	56580406	56598258	ENSG00000262535	OR5G5P
HG151_NOVEL_TEST	56598126	56599054	ENSG00000263129	OR5G3
HG151_NOVEL_TEST	56627028	56656628	ENSG00000263059	AP000479.1
HG151_NOVEL_TEST	56478942	56479859	ENSG00000262191	OR9G9
HSCHR19_2_CTG3	21901803	21902472	ENSG00000268200	RP11-420K14.3
HSCHR19_2_CTG3	21912082	21912316	ENSG00000268374	VN1R84P
HSCHR19_2_CTG3	21961053	21986141	ENSG00000269132	RP11-420K14.8
HSCHR19_2_CTG3	21992761	21993547	ENSG00000268291	RP11-420K14.7
HSCHR19_2_CTG3	21997231	22044406	ENSG00000262928	ZNF43
HSCHR22_1_CTG1	42470255	42475445	ENSG00000273121	FAM109B
HSCHR22_1_CTG1	42475695	42480288	ENSG00000272901	SMDT1
HG142_HG150_NOVEL_TEST	55972601	55973101	ENSG00000262373	RP11-444K7.8
HG142_HG150_NOVEL_TEST	55978334	55979298	ENSG00000263150	OR8J2
HG142_HG150_NOVEL_TEST	55999490	56000737	ENSG00000262851	OR5T2
HSCHR22_1_CTG1	42481529	42486959	ENSG00000272765	NDUFA6
HSCHR22_1_CTG1	42485634	42486032	ENSG00000272802	RP1-257I20.14
HG142_HG150_NOVEL_TEST	56019676	56020698	ENSG00000261897	OR5T3
HSCHR22_1_CTG1	42503769	42504957	ENSG00000272813	OLA1P1
HSCHR22_1_CTG1	42520285	42523779	ENSG00000262303	RP4-669P10.16
HG142_HG150_NOVEL_TEST	56043029	56044146	ENSG00000262784	OR5T1
HG142_HG150_NOVEL_TEST	56057529	56058566	ENSG00000262611	OR8H1
HG142_HG150_NOVEL_TEST	56064017	56064947	ENSG00000262544	OR8I1P
HG142_HG150_NOVEL_TEST	56085783	56086721	ENSG00000262755	OR8K3
HG142_HG150_NOVEL_TEST	56098823	56099964	ENSG00000262162	FAM8A2P
HG142_HG150_NOVEL_TEST	56102618	56103544	ENSG00000263209	OR8K2P
HG142_HG150_NOVEL_TEST	56113421	56114507	ENSG00000263328	OR8K1
HG142_HG150_NOVEL_TEST	56124804	56125697	ENSG00000262285	RPL5P29
HG142_HG150_NOVEL_TEST	56127691	56128764	ENSG00000262796	OR8J1
HG142_HG150_NOVEL_TEST	56156717	56157671	ENSG00000262550	OR8L1P
HSCHR22_1_CTG1	42524055	42528427	ENSG00000263181	CYP2D7P
HSCHR7_1_CTG6	141250989	141355044	ENSG00000262327	AGK
HSCHR2_2_CTG12	149632819	149889353	ENSG00000262907	KIF5C
HG142_HG150_NOVEL_TEST	56143101	56152270	ENSG00000262315	OR8U9
HSCHR7_1_CTG6	141352181	141356610	ENSG00000262671	RP5-894A10.2
HSCHR7_1_CTG6	141356528	141401956	ENSG00000262599	KIAA1147
HSCHR7_1_CTG6	141362722	141363646	ENSG00000270042	RP5-894A10.6
HSCHR7_1_CTG6	141410146	141444154	ENSG00000261994	WEE2-AS1
HSCHR7_1_CTG6	141414161	141437079	ENSG00000263042	WEE2
HSCHR22_1_CTG1	42533738	42538854	ENSG00000262055	CYP2D8P
HSCHR3_1_CTG1	11831916	11888393	ENSG00000264369	TAMM41
HSCHR7_1_CTG6	141444129	141493730	ENSG00000262771	SSBP1
HSCHR22_1_CTG1	42543863	42727524	ENSG00000262024	TCF20
HSCHR3_1_CTG1	11996185	11996480	ENSG00000266381	RN7SL147P
HSCHR19LRC_PGF2_CTG1	54697731	54698394	ENSG00000273411	CTD-3093M3.1
HSCHR19LRC_PGF2_CTG1	54703321	54703838	ENSG00000272926	AC012314.20
HSCHR19LRC_PGF2_CTG1	54712960	54713286	ENSG00000272673	AC012314.19
HSCHR19LRC_PGF2_CTG1	54749978	54751212	ENSG00000262414	AC010492.4
HSCHR19LRC_PGF2_CTG1	54754289	54761190	ENSG00000263021	LILRB5
HSCHR19LRC_PGF2_CTG1	54771884	54772924	ENSG00000262035	AC098789.1
HSCHR19LRC_PGF2_CTG1	54771885	54772927	ENSG00000262065	AC010492.5
HSCHR19LRC_PGF2_CTG1	54797929	54798246	ENSG00000262297	AC010518.3
HSCHR19LRC_PGF2_CTG1	54799881	54809979	ENSG00000262383	LILRA3
HSCHR19LRC_PGF2_CTG1	54808741	54809450	ENSG00000262724	AC008984.5
HSCHR19LRC_PGF2_CTG1	54812330	54816445	ENSG00000262715	AC008984.7
HSCHR19LRC_PGF2_CTG1	54830590	54831598	ENSG00000263180	VN1R104P
HSCHR19LRC_PGF2_CTG1	54838658	54841820	ENSG00000262178	AC008984.6
HSCHR19LRC_PGF2_CTG1	54843570	54849537	ENSG00000261929	LILRA4
HSCHR19LRC_PGF2_CTG1	54862230	54864133	ENSG00000268299	CTD-2587H19.1
HSCHR19LRC_PGF2_CTG1	54899259	54925749	ENSG00000262397	LILRB4
HSCHR19LRC_PGF2_CTG1	54903314	54904223	ENSG00000263092	VN1R105P
HSCHR19LRC_PGF2_CTG1	54907456	54907601	ENSG00000262645	AC009892.9
HSCHR19LRC_PGF2_CTG1	54926621	54927981	ENSG00000261998	AC011515.2
HSCHR19LRC_PGF2_CTG1	54951832	54956133	ENSG00000262604	LILRP1
HSCHR19LRC_PGF2_CTG1	54959180	54959463	ENSG00000262390	AC098784.1
HSCHR19LRC_PGF2_CTG1	54963144	54968401	ENSG00000262486	LILRP2
HSCHR19LRC_PGF2_CTG1	55147187	55157187	ENSG00000261880	NCR1
HSCHR19LRC_PGF2_CTG1	55164556	55207359	ENSG00000262009	NLRP7
HSCHR19LRC_PGF2_CTG1	55192681	55193640	ENSG00000267438	CTC-550B14.8
HSCHR19LRC_PGF2_CTG1	55194177	55242189	ENSG00000262260	NLRP2
HSCHR19LRC_PGF2_CTG1	55214864	55215464	ENSG00000262153	CTC-550B14.1
HSCHR19LRC_PGF2_CTG1	55247240	55289133	ENSG00000267700	CTC-550B14.7
HSCHR19LRC_PGF2_CTG1	55254752	55279311	ENSG00000262729	GP6
HSCHR19LRC_PGF2_CTG1	55268640	55294975	ENSG00000267494	CTC-550B14.6
HSCHR19LRC_PGF2_CTG1	55280155	55312338	ENSG00000262244	RDH13
HSCHR19LRC_PGF2_CTG1	55313067	55328970	ENSG00000262430	EPS8L1
HSCHR19LRC_PGF2_CTG1	54704726	54711511	ENSG00000272614	RPS9
HSCHR19LRC_PGF2_CTG1	54720147	54746736	ENSG00000262630	AC012314.2
HSCHR19LRC_PGF2_CTG1	54817736	54823469	ENSG00000262843	LILRA5
HSCHR19LRC_PGF2_CTG1	54864474	54875961	ENSG00000263303	LAIR1
HSCHR19LRC_PGF2_CTG1	54979403	55007752	ENSG00000262596	KIR2DS1
HSCHR19LRC_PGF2_CTG1	55009655	55024167	ENSG00000263175	KIR2DL2
HSCHR19LRC_PGF2_CTG1	55026196	55031822	ENSG00000262494	CU467816.1
HSCHR17_1_CTG1	33615	41378	ENSG00000272860	AC108004.2
HSCHR17_1_CTG1	62293	253878	ENSG00000262334	RPH3AL
HSCHR17_1_CTG1	189016	190077	ENSG00000262737	RP11-1260E13.1
HSCHR17_1_CTG1	198829	201112	ENSG00000263267	RP11-1260E13.4
HSCHR17_1_CTG1	220262	225205	ENSG00000262336	RP11-1260E13.2
HSCHR17_1_CTG1	222361	224506	ENSG00000262005	RP11-1260E13.3
